TACC:  Starting up job 10066049 
TACC:  Starting parallel tasks... 
0 Reddit_feat_L1.txt 0.000839863 0.000628272 0.000211591
1 Reddit_feat_L1.txt 0.000529867 0.000336493 0.000193374
2 Reddit_feat_L1.txt 0.000775231 0.000536058 0.000239173
3 Reddit_feat_L1.txt 0.000530624 0.000340883 0.000189741
4 Reddit_feat_L1.txt 0.000804875 0.000622141 0.000182734
5 Reddit_feat_L1.txt 0.000505398 0.000311953 0.000193445
6 Reddit_feat_L1.txt 0.000929194 0.000721785 0.000207409
7 Reddit_feat_L1.txt 0.000621778 0.000393903 0.000227875
8 Reddit_feat_L1.txt 0.00116062 0.000964618 0.000196001
9 Reddit_feat_L1.txt 0.000607143 0.000400252 0.000206891
10 Reddit_feat_L1.txt 0.000803188 0.000617273 0.000185915
11 Reddit_feat_L1.txt 0.000552265 0.000342283 0.000209982
12 Reddit_feat_L1.txt 0.000797915 0.000607899 0.000190016
13 Reddit_feat_L1.txt 0.000513448 0.000273286 0.000240162
14 Reddit_feat_L1.txt 0.000920502 0.000696247 0.000224255
15 Reddit_feat_L1.txt 0.000593601 0.000388267 0.000205334
16 Reddit_feat_L1.txt 0.0008014 0.000582472 0.000218928
17 Reddit_feat_L1.txt 0.000612432 0.000397921 0.000214511
18 Reddit_feat_L1.txt 0.000793527 0.000585888 0.000207639
19 Reddit_feat_L1.txt 0.00055586 0.000350347 0.000205513
20 Reddit_feat_L1.txt 0.000813734 0.000602056 0.000211678
21 Reddit_feat_L1.txt 0.000557301 0.000366587 0.000190714
22 Reddit_feat_L1.txt 0.000969121 0.000746355 0.000222766
23 Reddit_feat_L1.txt 0.00056526 0.000367902 0.000197358
24 Reddit_feat_L1.txt 0.000938916 0.000718329 0.000220587
25 Reddit_feat_L1.txt 0.000541584 0.000285587 0.000255997
26 Reddit_feat_L1.txt 0.000811499 0.000585391 0.000226108
27 Reddit_feat_L1.txt 0.000565972 0.000349842 0.00021613
28 Reddit_feat_L1.txt 0.000815467 0.000608989 0.000206478
29 Reddit_feat_L1.txt 0.000531626 0.000314227 0.000217399
30 Reddit_feat_L1.txt 0.000893078 0.000667515 0.000225563
31 Reddit_feat_L1.txt 0.000562164 0.000349249 0.000212915
32 Reddit_feat_L1.txt 0.000884654 0.000659359 0.000225295
33 Reddit_feat_L1.txt 0.000594005 0.000373128 0.000220877
34 Reddit_feat_L1.txt 0.000792163 0.00057125 0.000220913
35 Reddit_feat_L1.txt 0.000566548 0.000368904 0.000197644
36 Reddit_feat_L1.txt 0.00081707 0.000619289 0.000197781
37 Reddit_feat_L1.txt 0.000512044 0.00030424 0.000207804
38 Reddit_feat_L1.txt 0.000898656 0.000705323 0.000193333
39 Reddit_feat_L1.txt 0.000603166 0.000373426 0.00022974
40 Reddit_feat_L1.txt 0.00116767 0.000935031 0.000232637
41 Reddit_feat_L1.txt 0.000582554 0.000369455 0.000213099
42 Reddit_feat_L1.txt 0.000823336 0.000603799 0.000219537
43 Reddit_feat_L1.txt 0.000549263 0.000339169 0.000210094
44 Reddit_feat_L1.txt 0.000830444 0.000616707 0.000213737
45 Reddit_feat_L1.txt 0.00049889 0.000287653 0.000211237
46 Reddit_feat_L1.txt 0.000922539 0.000710178 0.000212361
47 Reddit_feat_L1.txt 0.000609655 0.000399125 0.00021053
48 Reddit_feat_L1.txt 0.000761754 0.000554388 0.000207366
49 Reddit_feat_L1.txt 0.000560255 0.000368986 0.000191269
50 Reddit_feat_L1.txt 0.000766589 0.000553928 0.000212661
51 Reddit_feat_L1.txt 0.000499275 0.000309823 0.000189452
52 Reddit_feat_L1.txt 0.000753089 0.000561138 0.000191951
53 Reddit_feat_L1.txt 0.000512323 0.000321228 0.000191095
54 Reddit_feat_L1.txt 0.000929011 0.000738274 0.000190737
55 Reddit_feat_L1.txt 0.000559599 0.000361883 0.000197716
56 Reddit_feat_L1.txt 0.000989429 0.000742877 0.000246552
57 Reddit_feat_L1.txt 0.000543898 0.000318573 0.000225325
58 Reddit_feat_L1.txt 0.000838603 0.000616256 0.000222347
59 Reddit_feat_L1.txt 0.000599398 0.000375245 0.000224153
60 Reddit_feat_L1.txt 0.000835276 0.000624861 0.000210415
61 Reddit_feat_L1.txt 0.00053424 0.000321996 0.000212244
62 Reddit_feat_L1.txt 0.000886195 0.000654236 0.000231959
63 Reddit_feat_L1.txt 0.000555717 0.00032921 0.000226507
64 Reddit_feat_L1.txt 0.00076148 0.000569438 0.000192042
65 Reddit_feat_L1.txt 0.000481622 0.000287406 0.000194216
66 Reddit_feat_L1.txt 0.000750294 0.000557255 0.000193039
67 Reddit_feat_L1.txt 0.00053295 0.000298657 0.000234293
68 Reddit_feat_L1.txt 0.000820655 0.000575602 0.000245053
69 Reddit_feat_L1.txt 0.00052348 0.000295666 0.000227814
70 Reddit_feat_L1.txt 0.000919859 0.000700472 0.000219387
71 Reddit_feat_L1.txt 0.000507125 0.000288401 0.000218724
72 Reddit_feat_L1.txt 0.00109946 0.000871823 0.000227637
73 Reddit_feat_L1.txt 0.000488588 0.000262729 0.000225859
74 Reddit_feat_L1.txt 0.000756774 0.000530383 0.000226391
75 Reddit_feat_L1.txt 0.000505656 0.000252902 0.000252754
76 Reddit_feat_L1.txt 0.000782608 0.000541698 0.00024091
77 Reddit_feat_L1.txt 0.000498352 0.000245773 0.000252579
78 Reddit_feat_L1.txt 0.000947584 0.000669017 0.000278567
79 Reddit_feat_L1.txt 0.000517076 0.000297836 0.00021924
80 Reddit_feat_L1.txt 0.000788268 0.000586587 0.000201681
81 Reddit_feat_L1.txt 0.000497373 0.000312538 0.000184835
82 Reddit_feat_L1.txt 0.000783845 0.000570295 0.00021355
83 Reddit_feat_L1.txt 0.000470717 0.000278235 0.000192482
84 Reddit_feat_L1.txt 0.000768218 0.000565676 0.000202542
85 Reddit_feat_L1.txt 0.000477579 0.000269691 0.000207888
86 Reddit_feat_L1.txt 0.000929111 0.000674139 0.000254972
87 Reddit_feat_L1.txt 0.000509549 0.000273872 0.000235677
88 Reddit_feat_L1.txt 0.000958386 0.000716405 0.000241981
89 Reddit_feat_L1.txt 0.000522699 0.000285852 0.000236847
90 Reddit_feat_L1.txt 0.000778148 0.000557757 0.000220391
91 Reddit_feat_L1.txt 0.000481058 0.000288189 0.000192869
92 Reddit_feat_L1.txt 0.000811415 0.000574511 0.000236904
93 Reddit_feat_L1.txt 0.000507663 0.000289456 0.000218207
94 Reddit_feat_L1.txt 0.000884595 0.000658968 0.000225627
95 Reddit_feat_L1.txt 0.000535201 0.000297816 0.000237385
0 Reddit_A.txt 0.00895531 0.00816749 0.000787822
1 Reddit_A.txt 0.00945312 0.00811492 0.0013382
2 Reddit_A.txt 0.0115168 0.0080562 0.00346056
3 Reddit_A.txt 0.0123412 0.00800317 0.00433798
4 Reddit_A.txt 0.0110637 0.00794661 0.00311707
5 Reddit_A.txt 0.0153353 0.00790613 0.00742919
6 Reddit_A.txt 0.0128938 0.00786073 0.00503311
7 Reddit_A.txt 0.013439 0.00779848 0.00564052
8 Reddit_A.txt 0.0133879 0.00774495 0.00564293
9 Reddit_A.txt 0.0163302 0.0077052 0.00862497
10 Reddit_A.txt 0.0117748 0.007652 0.00412276
11 Reddit_A.txt 0.0143406 0.00759913 0.00674143
12 Reddit_A.txt 0.0166193 0.00754193 0.00907742
13 Reddit_A.txt 0.0144191 0.00749809 0.00692103
14 Reddit_A.txt 0.015868 0.00745043 0.00841757
15 Reddit_A.txt 0.0169483 0.00741777 0.00953052
16 Reddit_A.txt 0.0156061 0.00737388 0.00823218
17 Reddit_A.txt 0.0156082 0.00732003 0.00828812
18 Reddit_A.txt 0.0138934 0.00726813 0.00662526
19 Reddit_A.txt 0.0152684 0.00721994 0.00804847
20 Reddit_A.txt 0.0190692 0.00715753 0.0119116
21 Reddit_A.txt 0.0154431 0.00712428 0.00831885
22 Reddit_A.txt 0.0215548 0.00707552 0.0144793
23 Reddit_A.txt 0.0177232 0.00702612 0.0106971
24 Reddit_A.txt 0.0180514 0.00698214 0.0110692
25 Reddit_A.txt 0.0185115 0.0069446 0.0115669
26 Reddit_A.txt 0.0209971 0.00692662 0.0140705
27 Reddit_A.txt 0.0219049 0.00691957 0.0149853
28 Reddit_A.txt 0.022925 0.00691772 0.0160072
29 Reddit_A.txt 0.0183505 0.00696374 0.0113868
30 Reddit_A.txt 0.0230955 0.00701572 0.0160797
31 Reddit_A.txt 0.0228374 0.00705965 0.0157777
32 Reddit_A.txt 0.0248673 0.00710057 0.0177667
33 Reddit_A.txt 0.0241444 0.00712321 0.0170212
34 Reddit_A.txt 0.0213926 0.0071662 0.0142264
35 Reddit_A.txt 0.0251903 0.00721229 0.017978
36 Reddit_A.txt 0.0255791 0.00725445 0.0183247
37 Reddit_A.txt 0.0272532 0.00730111 0.0199521
38 Reddit_A.txt 0.0301361 0.0073535 0.0227826
39 Reddit_A.txt 0.0256791 0.00738609 0.018293
40 Reddit_A.txt 0.0248422 0.00742949 0.0174127
41 Reddit_A.txt 0.0259601 0.00747674 0.0184833
42 Reddit_A.txt 0.0259339 0.00752822 0.0184056
43 Reddit_A.txt 0.028277 0.00756929 0.0207077
44 Reddit_A.txt 0.0374376 0.00761472 0.0298229
45 Reddit_A.txt 0.0281625 0.00761368 0.0205488
46 Reddit_A.txt 0.0327333 0.00757562 0.0251576
47 Reddit_A.txt 0.029258 0.00759331 0.0216646
48 Reddit_A.txt 0.038541 0.00763904 0.030902
49 Reddit_A.txt 0.0287915 0.00768275 0.0211088
50 Reddit_A.txt 0.0435501 0.0077264 0.0358237
51 Reddit_A.txt 0.0359548 0.00772305 0.0282318
52 Reddit_A.txt 0.0397103 0.00767536 0.032035
53 Reddit_A.txt 0.0357541 0.00763929 0.0281148
54 Reddit_A.txt 0.0357074 0.00766571 0.0280417
55 Reddit_A.txt 0.0405478 0.00772935 0.0328184
56 Reddit_A.txt 0.0402181 0.00777882 0.0324392
57 Reddit_A.txt 0.0380189 0.00781362 0.0302053
58 Reddit_A.txt 0.038003 0.00785723 0.0301458
59 Reddit_A.txt 0.0392399 0.00790674 0.0313331
60 Reddit_A.txt 0.0359174 0.00794371 0.0279737
61 Reddit_A.txt 0.0494746 0.00799256 0.041482
62 Reddit_A.txt 0.041178 0.00803606 0.033142
63 Reddit_A.txt 0.042493 0.00803284 0.0344602
64 Reddit_A.txt 0.0523752 0.00798651 0.0443887
65 Reddit_A.txt 0.0471121 0.00794216 0.03917
66 Reddit_A.txt 0.0491011 0.00790733 0.0411938
67 Reddit_A.txt 0.0459634 0.00794295 0.0380205
68 Reddit_A.txt 0.0441625 0.00794256 0.0362199
69 Reddit_A.txt 0.0446518 0.00792224 0.0367296
70 Reddit_A.txt 0.0515473 0.00788804 0.0436592
71 Reddit_A.txt 0.0427984 0.00785478 0.0349436
72 Reddit_A.txt 0.0427953 0.00781049 0.0349848
73 Reddit_A.txt 0.0460219 0.00777307 0.0382488
74 Reddit_A.txt 0.0499627 0.00773578 0.0422269
75 Reddit_A.txt 0.0437718 0.00771275 0.036059
76 Reddit_A.txt 0.0458133 0.00767895 0.0381344
77 Reddit_A.txt 0.0476503 0.00771686 0.0399334
78 Reddit_A.txt 0.0459389 0.00777007 0.0381689
79 Reddit_A.txt 0.0435696 0.00782335 0.0357463
80 Reddit_A.txt 0.0451005 0.00786887 0.0372316
81 Reddit_A.txt 0.0529439 0.00786787 0.045076
82 Reddit_A.txt 0.0478419 0.00786755 0.0399743
83 Reddit_A.txt 0.0596497 0.00789279 0.0517569
84 Reddit_A.txt 0.0489532 0.00790205 0.0410511
85 Reddit_A.txt 0.0548965 0.0079559 0.0469406
86 Reddit_A.txt 0.0581736 0.00800713 0.0501664
87 Reddit_A.txt 0.0463375 0.00803862 0.0382989
88 Reddit_A.txt 0.064065 0.00809233 0.0559727
89 Reddit_A.txt 0.0492212 0.00812013 0.041101
90 Reddit_A.txt 0.0544923 0.00817765 0.0463147
91 Reddit_A.txt 0.0587824 0.00821903 0.0505633
92 Reddit_A.txt 0.0589761 0.00821803 0.0507581
93 Reddit_A.txt 0.0539682 0.00821576 0.0457524
94 Reddit_A.txt 0.205516 0.00816965 0.197346
95 Reddit_A.txt 0.0599883 0.0081732 0.0518151
TACC:  Shutdown complete. Exiting. 
