TACC:  Starting up job 10066088 
TACC:  Starting parallel tasks... 
0 Reddit_feat_L2.txt 0.00817773 8.2209e-05 0.00809552
1 Reddit_feat_L2.txt 0.00622058 7.0037e-05 0.00615055
2 Reddit_feat_L2.txt 0.00417586 7.6057e-05 0.0040998
3 Reddit_feat_L2.txt 0.00321071 6.3573e-05 0.00314713
4 Reddit_feat_L2.txt 0.00299384 7.9146e-05 0.0029147
5 Reddit_feat_L2.txt 0.00269686 6.9196e-05 0.00262766
6 Reddit_feat_L2.txt 0.00207383 7.4422e-05 0.00199941
7 Reddit_feat_L2.txt 0.00223547 6.4021e-05 0.00217145
8 Reddit_feat_L2.txt 0.00208709 8.814e-05 0.00199895
9 Reddit_feat_L2.txt 0.00242843 7.632e-05 0.00235211
10 Reddit_feat_L2.txt 0.00222329 7.571e-05 0.00214758
11 Reddit_feat_L2.txt 0.00251918 6.1256e-05 0.00245792
12 Reddit_feat_L2.txt 0.00192604 8.7596e-05 0.00183844
13 Reddit_feat_L2.txt 0.00221707 6.6599e-05 0.00215047
14 Reddit_feat_L2.txt 0.00254083 7.7863e-05 0.00246297
15 Reddit_feat_L2.txt 0.00190879 6.4546e-05 0.00184424
0 Reddit_A.txt 0.0538885 0.00810632 0.0457821
1 Reddit_A.txt 0.085416 0.00778814 0.0776278
2 Reddit_A.txt 0.114994 0.00778308 0.107211
3 Reddit_A.txt 0.130206 0.00775232 0.122453
4 Reddit_A.txt 0.1685 0.0080022 0.160498
5 Reddit_A.txt 0.224615 0.00827894 0.216336
6 Reddit_A.txt 0.267124 0.00854019 0.258584
7 Reddit_A.txt 0.318203 0.00887285 0.30933
8 Reddit_A.txt 0.407059 0.00887525 0.398184
9 Reddit_A.txt 0.401115 0.00855127 0.392563
10 Reddit_A.txt 0.500366 0.00826407 0.492102
11 Reddit_A.txt 0.53122 0.00797915 0.523241
12 Reddit_A.txt 0.520654 0.00795808 0.512696
13 Reddit_A.txt 0.581048 0.0079351 0.573113
14 Reddit_A.txt 0.617871 0.00783591 0.610036
15 Reddit_A.txt 1.00085 0.00810103 0.992751
TACC:  Shutdown complete. Exiting. 
