TACC:  Starting up job 10066049 
TACC:  Starting parallel tasks... 
0 Reddit_feat_L2.txt 0.001807 0.000340853 0.00146615
1 Reddit_feat_L2.txt 0.00150062 0.00028706 0.00121356
2 Reddit_feat_L2.txt 0.00185121 0.000445022 0.00140619
3 Reddit_feat_L2.txt 0.00200234 0.00029251 0.00170983
4 Reddit_feat_L2.txt 0.00168783 0.000346031 0.0013418
5 Reddit_feat_L2.txt 0.00238295 0.000296667 0.00208629
6 Reddit_feat_L2.txt 0.0019839 0.000532788 0.00145111
7 Reddit_feat_L2.txt 0.00164227 0.000300232 0.00134204
8 Reddit_feat_L2.txt 0.000969451 0.000344225 0.000625226
9 Reddit_feat_L2.txt 0.00102095 0.000302706 0.000718243
10 Reddit_feat_L2.txt 0.00104502 0.000442688 0.000602336
11 Reddit_feat_L2.txt 0.00145633 0.000304812 0.00115152
12 Reddit_feat_L2.txt 0.00232798 0.000346963 0.00198101
13 Reddit_feat_L2.txt 0.00101179 0.000290336 0.000721451
14 Reddit_feat_L2.txt 0.00113205 0.000526542 0.000605508
15 Reddit_feat_L2.txt 0.000804458 0.00030884 0.000495618
16 Reddit_feat_L2.txt 0.00081753 0.000347896 0.000469634
17 Reddit_feat_L2.txt 0.000898204 0.000289523 0.000608681
18 Reddit_feat_L2.txt 0.000919411 0.000436529 0.000482882
19 Reddit_feat_L2.txt 0.000693966 0.000300689 0.000393277
20 Reddit_feat_L2.txt 0.000862132 0.000340615 0.000521517
21 Reddit_feat_L2.txt 0.000773017 0.000297382 0.000475635
22 Reddit_feat_L2.txt 0.00112222 0.000523262 0.00059896
23 Reddit_feat_L2.txt 0.000808361 0.000294087 0.000514274
24 Reddit_feat_L2.txt 0.000959555 0.000340888 0.000618667
25 Reddit_feat_L2.txt 0.000862373 0.00029673 0.000565643
26 Reddit_feat_L2.txt 0.000808937 0.000437497 0.00037144
27 Reddit_feat_L2.txt 0.000618122 0.000299277 0.000318845
28 Reddit_feat_L2.txt 0.000769977 0.000345039 0.000424938
29 Reddit_feat_L2.txt 0.000736313 0.000282112 0.000454201
30 Reddit_feat_L2.txt 0.000992973 0.000516214 0.000476759
31 Reddit_feat_L2.txt 0.000631667 0.000285769 0.000345898
32 Reddit_feat_L2.txt 0.000689718 0.000333846 0.000355872
33 Reddit_feat_L2.txt 0.000785247 0.000287999 0.000497248
34 Reddit_feat_L2.txt 0.000757657 0.000437618 0.000320039
35 Reddit_feat_L2.txt 0.000632141 0.00028922 0.000342921
36 Reddit_feat_L2.txt 0.000770008 0.000343606 0.000426402
37 Reddit_feat_L2.txt 0.000723331 0.000288288 0.000435043
38 Reddit_feat_L2.txt 0.00101544 0.00052615 0.000489293
39 Reddit_feat_L2.txt 0.000775178 0.000290568 0.00048461
40 Reddit_feat_L2.txt 0.000607243 0.000340128 0.000267115
41 Reddit_feat_L2.txt 0.000639206 0.000295987 0.000343219
42 Reddit_feat_L2.txt 0.000832009 0.000443778 0.000388231
43 Reddit_feat_L2.txt 0.000700415 0.000296291 0.000404124
44 Reddit_feat_L2.txt 0.000852675 0.000345756 0.000506919
45 Reddit_feat_L2.txt 0.000689025 0.000287351 0.000401674
46 Reddit_feat_L2.txt 0.00080372 0.000524748 0.000278972
47 Reddit_feat_L2.txt 0.000854503 0.000301006 0.000553497
48 Reddit_feat_L2.txt 0.000762956 0.000344064 0.000418892
49 Reddit_feat_L2.txt 0.000748811 0.000290726 0.000458085
50 Reddit_feat_L2.txt 0.000717587 0.000441954 0.000275633
51 Reddit_feat_L2.txt 0.000807396 0.000300463 0.000506933
52 Reddit_feat_L2.txt 0.000876324 0.000345301 0.000531023
53 Reddit_feat_L2.txt 0.000589101 0.00029095 0.000298151
54 Reddit_feat_L2.txt 0.000951682 0.000521075 0.000430607
55 Reddit_feat_L2.txt 0.000525862 0.000278879 0.000246983
56 Reddit_feat_L2.txt 0.000811633 0.000338102 0.000473531
57 Reddit_feat_L2.txt 0.000584332 0.000286293 0.000298039
58 Reddit_feat_L2.txt 0.000730816 0.000430443 0.000300373
59 Reddit_feat_L2.txt 0.000609042 0.000293839 0.000315203
60 Reddit_feat_L2.txt 0.000763328 0.000332443 0.000430885
61 Reddit_feat_L2.txt 0.000534115 0.000278518 0.000255597
62 Reddit_feat_L2.txt 0.000853263 0.000512411 0.000340852
63 Reddit_feat_L2.txt 0.000532909 0.000276244 0.000256665
64 Reddit_feat_L2.txt 0.000563843 0.000324318 0.000239525
65 Reddit_feat_L2.txt 0.000533384 0.000267806 0.000265578
66 Reddit_feat_L2.txt 0.000910583 0.000420561 0.000490022
67 Reddit_feat_L2.txt 0.000678825 0.000278392 0.000400433
68 Reddit_feat_L2.txt 0.000684031 0.000335356 0.000348675
69 Reddit_feat_L2.txt 0.000647483 0.00027162 0.000375863
70 Reddit_feat_L2.txt 0.000781337 0.000516264 0.000265073
71 Reddit_feat_L2.txt 0.000674996 0.000271572 0.000403424
72 Reddit_feat_L2.txt 0.000632882 0.000331791 0.000301091
73 Reddit_feat_L2.txt 0.000530591 0.000284821 0.00024577
74 Reddit_feat_L2.txt 0.000721348 0.000434415 0.000286933
75 Reddit_feat_L2.txt 0.000479764 0.000287201 0.000192563
76 Reddit_feat_L2.txt 0.000639996 0.000336409 0.000303587
77 Reddit_feat_L2.txt 0.000514286 0.000277195 0.000237091
78 Reddit_feat_L2.txt 0.000845473 0.000519986 0.000325487
79 Reddit_feat_L2.txt 0.000582799 0.000286674 0.000296125
80 Reddit_feat_L2.txt 0.000583548 0.000334131 0.000249417
81 Reddit_feat_L2.txt 0.000538482 0.000282418 0.000256064
82 Reddit_feat_L2.txt 0.000934148 0.000425797 0.000508351
83 Reddit_feat_L2.txt 0.00053884 0.00028676 0.00025208
84 Reddit_feat_L2.txt 0.000664171 0.000343248 0.000320923
85 Reddit_feat_L2.txt 0.000533554 0.000279842 0.000253712
86 Reddit_feat_L2.txt 0.000773911 0.000521232 0.000252679
87 Reddit_feat_L2.txt 0.000758062 0.000281837 0.000476225
88 Reddit_feat_L2.txt 0.000616981 0.000333904 0.000283077
89 Reddit_feat_L2.txt 0.000857037 0.000280209 0.000576828
90 Reddit_feat_L2.txt 0.000764061 0.000426404 0.000337657
91 Reddit_feat_L2.txt 0.000561188 0.000285655 0.000275533
92 Reddit_feat_L2.txt 0.000575644 0.000336444 0.0002392
93 Reddit_feat_L2.txt 0.000545468 0.000276667 0.000268801
94 Reddit_feat_L2.txt 0.000727322 0.000509905 0.000217417
95 Reddit_feat_L2.txt 0.000490168 0.000278782 0.000211386
0 Reddit_A.txt 0.0207337 0.0186632 0.00207045
1 Reddit_A.txt 0.0220047 0.0184998 0.00350489
2 Reddit_A.txt 0.0260039 0.0183425 0.00766139
3 Reddit_A.txt 0.0287811 0.0182392 0.0105419
4 Reddit_A.txt 0.0257427 0.0181178 0.00762492
5 Reddit_A.txt 0.036066 0.0180006 0.0180654
6 Reddit_A.txt 0.0305747 0.0180315 0.0125432
7 Reddit_A.txt 0.0323179 0.0181576 0.0141604
8 Reddit_A.txt 0.0300296 0.0182688 0.0117608
9 Reddit_A.txt 0.0395811 0.0183583 0.0212228
10 Reddit_A.txt 0.0284047 0.0184781 0.00992656
11 Reddit_A.txt 0.0347601 0.0186043 0.0161558
12 Reddit_A.txt 0.0412757 0.018752 0.0225237
13 Reddit_A.txt 0.035852 0.0188534 0.0169986
14 Reddit_A.txt 0.0370923 0.0189595 0.0181328
15 Reddit_A.txt 0.042106 0.0189565 0.0231495
16 Reddit_A.txt 0.0392203 0.0188479 0.0203723
17 Reddit_A.txt 0.0389758 0.0187279 0.0202479
18 Reddit_A.txt 0.0358069 0.0185675 0.0172395
19 Reddit_A.txt 0.0387876 0.0184481 0.0203395
20 Reddit_A.txt 0.0455761 0.0183302 0.0272459
21 Reddit_A.txt 0.0390516 0.0182383 0.0208133
22 Reddit_A.txt 0.0548546 0.0181153 0.0367394
23 Reddit_A.txt 0.0439731 0.0179812 0.0259919
24 Reddit_A.txt 0.0458035 0.0178851 0.0279184
25 Reddit_A.txt 0.0472401 0.0179862 0.0292539
26 Reddit_A.txt 0.0505366 0.0180926 0.032444
27 Reddit_A.txt 0.0554821 0.0180903 0.0373918
28 Reddit_A.txt 0.0572992 0.0179843 0.0393149
29 Reddit_A.txt 0.0457455 0.0180373 0.0277082
30 Reddit_A.txt 0.0595958 0.0181788 0.041417
31 Reddit_A.txt 0.0578191 0.0182791 0.03954
32 Reddit_A.txt 0.0591745 0.0183902 0.0407843
33 Reddit_A.txt 0.0618474 0.0183867 0.0434607
34 Reddit_A.txt 0.0542101 0.0182738 0.0359363
35 Reddit_A.txt 0.0619062 0.0181661 0.0437401
36 Reddit_A.txt 0.06425 0.0180153 0.0462347
37 Reddit_A.txt 0.0683397 0.0179275 0.0504122
38 Reddit_A.txt 0.0716132 0.0178346 0.0537786
39 Reddit_A.txt 0.0644738 0.0179275 0.0465463
40 Reddit_A.txt 0.0635966 0.0179755 0.0456212
41 Reddit_A.txt 0.0639151 0.0180727 0.0458424
42 Reddit_A.txt 0.0652596 0.0182183 0.0470413
43 Reddit_A.txt 0.0706552 0.0183236 0.0523316
44 Reddit_A.txt 0.0901718 0.0184401 0.0717317
45 Reddit_A.txt 0.0699202 0.0184357 0.0514844
46 Reddit_A.txt 0.0803786 0.0183193 0.0620592
47 Reddit_A.txt 0.0715515 0.0182076 0.0533439
48 Reddit_A.txt 0.0941099 0.0180654 0.0760445
49 Reddit_A.txt 0.0702593 0.0179556 0.0523037
50 Reddit_A.txt 0.102021 0.0178451 0.0841759
51 Reddit_A.txt 0.0880213 0.0177574 0.070264
52 Reddit_A.txt 0.0977053 0.017647 0.0800584
53 Reddit_A.txt 0.08747 0.0175454 0.0699246
54 Reddit_A.txt 0.087628 0.0174034 0.0702246
55 Reddit_A.txt 0.100081 0.017292 0.0827887
56 Reddit_A.txt 0.094785 0.0173994 0.0773856
57 Reddit_A.txt 0.093978 0.0173957 0.0765823
58 Reddit_A.txt 0.0931731 0.017292 0.075881
59 Reddit_A.txt 0.095984 0.0173296 0.0786544
60 Reddit_A.txt 0.0879265 0.0174344 0.0704921
61 Reddit_A.txt 0.121428 0.0175223 0.103906
62 Reddit_A.txt 0.0968842 0.0175211 0.0793631
63 Reddit_A.txt 0.103323 0.0174574 0.0858661
64 Reddit_A.txt 0.12784 0.0174012 0.110439
65 Reddit_A.txt 0.114576 0.0175057 0.0970705
66 Reddit_A.txt 0.12167 0.017643 0.104027
67 Reddit_A.txt 0.112737 0.0177253 0.0950116
68 Reddit_A.txt 0.105552 0.0177248 0.0878274
69 Reddit_A.txt 0.111344 0.0176491 0.0936949
70 Reddit_A.txt 0.127837 0.0175423 0.110295
71 Reddit_A.txt 0.105941 0.0176374 0.0883041
72 Reddit_A.txt 0.106671 0.0177715 0.088899
73 Reddit_A.txt 0.113953 0.0178845 0.0960684
74 Reddit_A.txt 0.121853 0.0179918 0.103861
75 Reddit_A.txt 0.109428 0.0179883 0.0914397
76 Reddit_A.txt 0.113536 0.0179214 0.0956141
77 Reddit_A.txt 0.115448 0.0180115 0.097437
78 Reddit_A.txt 0.117482 0.0181364 0.0993459
79 Reddit_A.txt 0.111087 0.0182195 0.0928676
80 Reddit_A.txt 0.112356 0.0182188 0.0941371
81 Reddit_A.txt 0.129841 0.0181607 0.11168
82 Reddit_A.txt 0.118894 0.0180674 0.100826
83 Reddit_A.txt 0.14605 0.0180514 0.127999
84 Reddit_A.txt 0.125436 0.0183533 0.107083
85 Reddit_A.txt 0.138968 0.0184639 0.120504
86 Reddit_A.txt 0.141407 0.0185703 0.122837
87 Reddit_A.txt 0.117472 0.0185708 0.0989014
88 Reddit_A.txt 0.158007 0.0185555 0.139452
89 Reddit_A.txt 0.122458 0.0185994 0.103859
90 Reddit_A.txt 0.136204 0.0187274 0.117477
91 Reddit_A.txt 0.149066 0.0188201 0.130246
92 Reddit_A.txt 0.147451 0.018819 0.128632
93 Reddit_A.txt 0.136094 0.0188035 0.11729
94 Reddit_A.txt 0.508535 0.0186869 0.489848
95 Reddit_A.txt 0.151291 0.0186642 0.132627
TACC:  Shutdown complete. Exiting. 
