TACC:  Starting up job 10066086 
TACC:  Starting parallel tasks... 
0 Reddit_feat_L2.txt 0.00288476 0.000199053 0.0026857
1 Reddit_feat_L2.txt 0.00307622 0.000139957 0.00293626
2 Reddit_feat_L2.txt 0.00346216 0.000202279 0.00325989
3 Reddit_feat_L2.txt 0.00296492 0.000144351 0.00282057
4 Reddit_feat_L2.txt 0.00153447 0.000203952 0.00133052
5 Reddit_feat_L2.txt 0.0018998 0.000151061 0.00174874
6 Reddit_feat_L2.txt 0.00293585 0.000202759 0.00273309
7 Reddit_feat_L2.txt 0.001141 0.000147716 0.000993288
8 Reddit_feat_L2.txt 0.00118673 0.000197835 0.000988896
9 Reddit_feat_L2.txt 0.00106916 0.000142264 0.000926895
10 Reddit_feat_L2.txt 0.00112028 0.000207416 0.000912863
11 Reddit_feat_L2.txt 0.00120602 0.000146288 0.00105973
12 Reddit_feat_L2.txt 0.00136054 0.00020537 0.00115517
13 Reddit_feat_L2.txt 0.000817758 0.000157439 0.000660319
14 Reddit_feat_L2.txt 0.00101327 0.000201138 0.000812132
15 Reddit_feat_L2.txt 0.00103277 0.000167889 0.000864881
16 Reddit_feat_L2.txt 0.000974769 0.0001948 0.000779969
17 Reddit_feat_L2.txt 0.000807731 0.0001355 0.000672231
18 Reddit_feat_L2.txt 0.00105495 0.000201905 0.000853042
19 Reddit_feat_L2.txt 0.00104754 0.000139717 0.000907824
20 Reddit_feat_L2.txt 0.000814674 0.000201361 0.000613313
21 Reddit_feat_L2.txt 0.000986835 0.000147679 0.000839156
22 Reddit_feat_L2.txt 0.00100768 0.000195658 0.000812022
23 Reddit_feat_L2.txt 0.000902242 0.000140391 0.000761851
24 Reddit_feat_L2.txt 0.00106539 0.000198152 0.000867236
25 Reddit_feat_L2.txt 0.000856643 0.000141272 0.000715371
26 Reddit_feat_L2.txt 0.000968435 0.000206846 0.000761589
27 Reddit_feat_L2.txt 0.000914521 0.000147875 0.000766646
28 Reddit_feat_L2.txt 0.000944448 0.000199838 0.00074461
29 Reddit_feat_L2.txt 0.000802929 0.000152205 0.000650724
30 Reddit_feat_L2.txt 0.000944677 0.000201361 0.000743316
31 Reddit_feat_L2.txt 0.000739151 0.000162497 0.000576654
32 Reddit_feat_L2.txt 0.000799747 0.000189003 0.000610744
33 Reddit_feat_L2.txt 0.00099284 0.000127561 0.000865279
34 Reddit_feat_L2.txt 0.000914091 0.00019665 0.000717441
35 Reddit_feat_L2.txt 0.000805581 0.000132088 0.000673493
36 Reddit_feat_L2.txt 0.000801722 0.000197797 0.000603925
37 Reddit_feat_L2.txt 0.000627203 0.000146157 0.000481046
38 Reddit_feat_L2.txt 0.000731863 0.000192285 0.000539578
39 Reddit_feat_L2.txt 0.000828683 0.000140462 0.000688221
40 Reddit_feat_L2.txt 0.000700018 0.000192902 0.000507116
41 Reddit_feat_L2.txt 0.000895114 0.000139909 0.000755205
42 Reddit_feat_L2.txt 0.000810875 0.000200036 0.000610839
43 Reddit_feat_L2.txt 0.000865795 0.000152703 0.000713092
44 Reddit_feat_L2.txt 0.00104232 0.000195055 0.000847268
45 Reddit_feat_L2.txt 0.0007811 0.000144389 0.000636711
46 Reddit_feat_L2.txt 0.000725725 0.000193336 0.000532389
47 Reddit_feat_L2.txt 0.000593848 0.00014862 0.000445228
0 Reddit_A.txt 0.0227104 0.0156886 0.00702178
1 Reddit_A.txt 0.0308891 0.0157127 0.0151764
2 Reddit_A.txt 0.0397487 0.0157937 0.023955
3 Reddit_A.txt 0.0432685 0.0159294 0.0273391
4 Reddit_A.txt 0.0452825 0.0160843 0.0291981
5 Reddit_A.txt 0.0410631 0.0160857 0.0249773
6 Reddit_A.txt 0.055598 0.015986 0.039612
7 Reddit_A.txt 0.051046 0.0161487 0.0348973
8 Reddit_A.txt 0.0538341 0.0163517 0.0374823
9 Reddit_A.txt 0.0544365 0.0166314 0.0378051
10 Reddit_A.txt 0.0584346 0.0167809 0.0416537
11 Reddit_A.txt 0.0774872 0.016788 0.0606992
12 Reddit_A.txt 0.0728286 0.0165114 0.0563172
13 Reddit_A.txt 0.0754489 0.016346 0.0591029
14 Reddit_A.txt 0.0773444 0.0161485 0.0611959
15 Reddit_A.txt 0.0943993 0.0158646 0.0785347
16 Reddit_A.txt 0.0872592 0.01569 0.0715692
17 Reddit_A.txt 0.0886387 0.0154926 0.0731461
18 Reddit_A.txt 0.106806 0.0152002 0.0916062
19 Reddit_A.txt 0.101118 0.0150306 0.0860875
20 Reddit_A.txt 0.0975412 0.0148321 0.0827092
21 Reddit_A.txt 0.107063 0.0147303 0.0923326
22 Reddit_A.txt 0.127594 0.0148872 0.112707
23 Reddit_A.txt 0.126986 0.0148897 0.112096
24 Reddit_A.txt 0.140354 0.0146086 0.125745
25 Reddit_A.txt 0.153546 0.0144516 0.139095
26 Reddit_A.txt 0.155195 0.0143219 0.140873
27 Reddit_A.txt 0.154473 0.0145652 0.139908
28 Reddit_A.txt 0.151571 0.0147274 0.136844
29 Reddit_A.txt 0.154281 0.0148136 0.139467
30 Reddit_A.txt 0.185154 0.0151043 0.17005
31 Reddit_A.txt 0.160356 0.0152492 0.145107
32 Reddit_A.txt 0.208371 0.0152494 0.193122
33 Reddit_A.txt 0.205941 0.0153864 0.190555
34 Reddit_A.txt 0.180781 0.0155425 0.165238
35 Reddit_A.txt 0.194517 0.0156927 0.178824
36 Reddit_A.txt 0.182482 0.0159445 0.166537
37 Reddit_A.txt 0.19145 0.0161044 0.175346
38 Reddit_A.txt 0.192823 0.0161054 0.176717
39 Reddit_A.txt 0.195071 0.0161717 0.178899
40 Reddit_A.txt 0.213169 0.0163478 0.196822
41 Reddit_A.txt 0.214246 0.0163584 0.197888
42 Reddit_A.txt 0.220147 0.0160884 0.204059
43 Reddit_A.txt 0.212294 0.01603 0.196264
44 Reddit_A.txt 0.23851 0.0160098 0.222501
45 Reddit_A.txt 0.242104 0.0158826 0.226221
46 Reddit_A.txt 0.241203 0.015632 0.225571
47 Reddit_A.txt 0.618734 0.0156921 0.603042
TACC:  Shutdown complete. Exiting. 
