TACC:  Starting up job 10066086 
TACC:  Starting parallel tasks... 
0 Reddit_feat_L1.txt 0.00065056 0.000253855 0.000396705
1 Reddit_feat_L1.txt 0.000597145 0.000235165 0.00036198
2 Reddit_feat_L1.txt 0.000690159 0.000331912 0.000358247
3 Reddit_feat_L1.txt 0.000661055 0.000240432 0.000420623
4 Reddit_feat_L1.txt 0.000700148 0.000321006 0.000379142
5 Reddit_feat_L1.txt 0.000646101 0.000258922 0.000387179
6 Reddit_feat_L1.txt 0.000774691 0.000368395 0.000406296
7 Reddit_feat_L1.txt 0.000650212 0.000234823 0.000415389
8 Reddit_feat_L1.txt 0.000738606 0.000306376 0.00043223
9 Reddit_feat_L1.txt 0.000648238 0.000248824 0.000399414
10 Reddit_feat_L1.txt 0.000715991 0.00033351 0.000382481
11 Reddit_feat_L1.txt 0.000635897 0.000247083 0.000388814
12 Reddit_feat_L1.txt 0.000779757 0.000334337 0.00044542
13 Reddit_feat_L1.txt 0.000648566 0.00024417 0.000404396
14 Reddit_feat_L1.txt 0.000748302 0.000349238 0.000399064
15 Reddit_feat_L1.txt 0.000670877 0.000228336 0.000442541
16 Reddit_feat_L1.txt 0.000676779 0.000246713 0.000430066
17 Reddit_feat_L1.txt 0.00064117 0.000231013 0.000410157
18 Reddit_feat_L1.txt 0.000703674 0.000327848 0.000375826
19 Reddit_feat_L1.txt 0.000615802 0.000215005 0.000400797
20 Reddit_feat_L1.txt 0.00074249 0.00031527 0.00042722
21 Reddit_feat_L1.txt 0.00067622 0.000267644 0.000408576
22 Reddit_feat_L1.txt 0.000813912 0.000374252 0.00043966
23 Reddit_feat_L1.txt 0.00067526 0.000242229 0.000433031
24 Reddit_feat_L1.txt 0.000706434 0.000306784 0.00039965
25 Reddit_feat_L1.txt 0.000655308 0.000248865 0.000406443
26 Reddit_feat_L1.txt 0.000722602 0.000335301 0.000387301
27 Reddit_feat_L1.txt 0.00062184 0.00023985 0.00038199
28 Reddit_feat_L1.txt 0.000758227 0.000307469 0.000450758
29 Reddit_feat_L1.txt 0.000657151 0.000231615 0.000425536
30 Reddit_feat_L1.txt 0.000795026 0.000343501 0.000451525
31 Reddit_feat_L1.txt 0.000648404 0.000219639 0.000428765
32 Reddit_feat_L1.txt 0.000600769 0.000231706 0.000369063
33 Reddit_feat_L1.txt 0.000575527 0.000165002 0.000410525
34 Reddit_feat_L1.txt 0.00075247 0.00026906 0.00048341
35 Reddit_feat_L1.txt 0.000617751 0.000164636 0.000453115
36 Reddit_feat_L1.txt 0.000689008 0.000262006 0.000427002
37 Reddit_feat_L1.txt 0.000647883 0.000189902 0.000457981
38 Reddit_feat_L1.txt 0.00078377 0.00030069 0.00048308
39 Reddit_feat_L1.txt 0.000654242 0.000186651 0.000467591
40 Reddit_feat_L1.txt 0.000620763 0.000253721 0.000367042
41 Reddit_feat_L1.txt 0.000568447 0.000177946 0.000390501
42 Reddit_feat_L1.txt 0.0006694 0.000290183 0.000379217
43 Reddit_feat_L1.txt 0.000641367 0.000180768 0.000460599
44 Reddit_feat_L1.txt 0.000726026 0.000271634 0.000454392
45 Reddit_feat_L1.txt 0.000576911 0.000199116 0.000377795
46 Reddit_feat_L1.txt 0.000720816 0.000286579 0.000434237
47 Reddit_feat_L1.txt 0.000633621 0.000184111 0.00044951
0 Reddit_A.txt 0.0118327 0.00872883 0.00310391
1 Reddit_A.txt 0.0145758 0.00841662 0.00615914
2 Reddit_A.txt 0.0179085 0.00803265 0.00987583
3 Reddit_A.txt 0.0195872 0.00776237 0.0118249
4 Reddit_A.txt 0.018626 0.00751069 0.0111153
5 Reddit_A.txt 0.0172853 0.00746269 0.00982257
6 Reddit_A.txt 0.0238625 0.00710158 0.0167609
7 Reddit_A.txt 0.0203159 0.00670991 0.013606
8 Reddit_A.txt 0.0213282 0.00639498 0.0149332
9 Reddit_A.txt 0.0224093 0.00604505 0.0163642
10 Reddit_A.txt 0.0218316 0.00610376 0.0157278
11 Reddit_A.txt 0.0297636 0.00610544 0.0236582
12 Reddit_A.txt 0.030271 0.0060056 0.0242654
13 Reddit_A.txt 0.028816 0.00595015 0.0228658
14 Reddit_A.txt 0.0304479 0.00587434 0.0245736
15 Reddit_A.txt 0.0380862 0.0057749 0.0323113
16 Reddit_A.txt 0.0342909 0.00570229 0.0285886
17 Reddit_A.txt 0.0349825 0.00563363 0.0293489
18 Reddit_A.txt 0.0431672 0.00602277 0.0371445
19 Reddit_A.txt 0.0419255 0.00618976 0.0357357
20 Reddit_A.txt 0.0408093 0.0067659 0.0340434
21 Reddit_A.txt 0.0449886 0.00692255 0.038066
22 Reddit_A.txt 0.0497264 0.00718632 0.0425401
23 Reddit_A.txt 0.0491955 0.00737458 0.0418209
24 Reddit_A.txt 0.0587626 0.00791237 0.0508502
25 Reddit_A.txt 0.0638781 0.00821203 0.0556661
26 Reddit_A.txt 0.0648609 0.00851101 0.0563499
27 Reddit_A.txt 0.0697349 0.00878734 0.0609475
28 Reddit_A.txt 0.0630672 0.00896456 0.0541026
29 Reddit_A.txt 0.0641822 0.00913858 0.0550436
30 Reddit_A.txt 0.0798774 0.00923418 0.0706432
31 Reddit_A.txt 0.0676762 0.00930103 0.0583751
32 Reddit_A.txt 0.0879279 0.00930208 0.0786258
33 Reddit_A.txt 0.0851881 0.00925898 0.0759291
34 Reddit_A.txt 0.075152 0.00928323 0.0658688
35 Reddit_A.txt 0.0807614 0.00960235 0.0711591
36 Reddit_A.txt 0.0820191 0.00959777 0.0724213
37 Reddit_A.txt 0.0795721 0.00976875 0.0698033
38 Reddit_A.txt 0.0820204 0.0100723 0.0719481
39 Reddit_A.txt 0.0806671 0.0100611 0.070606
40 Reddit_A.txt 0.0834192 0.00979268 0.0736265
41 Reddit_A.txt 0.0949723 0.00949685 0.0854754
42 Reddit_A.txt 0.0918109 0.00917059 0.0826403
43 Reddit_A.txt 0.0921929 0.00898822 0.0832047
44 Reddit_A.txt 0.104811 0.00904781 0.0957628
45 Reddit_A.txt 0.0969867 0.00905543 0.0879312
46 Reddit_A.txt 0.0919271 0.00902908 0.082898
47 Reddit_A.txt 0.2405 0.0087321 0.231768
TACC:  Shutdown complete. Exiting. 
