TACC:  Starting up job 10066086 
TACC:  Starting parallel tasks... 
0 Reddit_feat_L2.txt 0.00287676 0.000193915 0.00268285
1 Reddit_feat_L2.txt 0.0031009 0.000149985 0.00295091
2 Reddit_feat_L2.txt 0.00347095 0.000202586 0.00326836
3 Reddit_feat_L2.txt 0.0029216 0.00015754 0.00276406
4 Reddit_feat_L2.txt 0.00147719 0.000193901 0.00128329
5 Reddit_feat_L2.txt 0.00186039 0.000152548 0.00170784
6 Reddit_feat_L2.txt 0.00287381 0.000208952 0.00266486
7 Reddit_feat_L2.txt 0.00113291 0.000145601 0.000987309
8 Reddit_feat_L2.txt 0.00116787 0.000182349 0.000985524
9 Reddit_feat_L2.txt 0.00104641 0.000145021 0.000901388
10 Reddit_feat_L2.txt 0.00111575 0.000201184 0.000914561
11 Reddit_feat_L2.txt 0.00122568 0.000166538 0.00105914
12 Reddit_feat_L2.txt 0.00138914 0.000195407 0.00119374
13 Reddit_feat_L2.txt 0.000801543 0.000153885 0.000647658
14 Reddit_feat_L2.txt 0.000989143 0.000198214 0.000790929
15 Reddit_feat_L2.txt 0.00102977 0.00015153 0.000878244
16 Reddit_feat_L2.txt 0.000953322 0.000187342 0.00076598
17 Reddit_feat_L2.txt 0.000793543 0.000142331 0.000651212
18 Reddit_feat_L2.txt 0.00109516 0.000200822 0.000894341
19 Reddit_feat_L2.txt 0.00103323 0.000152559 0.000880667
20 Reddit_feat_L2.txt 0.000797823 0.000190426 0.000607397
21 Reddit_feat_L2.txt 0.000967797 0.000149539 0.000818258
22 Reddit_feat_L2.txt 0.00105499 0.000199322 0.000855671
23 Reddit_feat_L2.txt 0.000952569 0.000142534 0.000810035
24 Reddit_feat_L2.txt 0.00105809 0.000187939 0.000870153
25 Reddit_feat_L2.txt 0.000860205 0.000140328 0.000719877
26 Reddit_feat_L2.txt 0.000972465 0.000196645 0.00077582
27 Reddit_feat_L2.txt 0.000921955 0.000163946 0.000758009
28 Reddit_feat_L2.txt 0.000892288 0.000190573 0.000701715
29 Reddit_feat_L2.txt 0.000745214 0.000148496 0.000596718
30 Reddit_feat_L2.txt 0.000959136 0.000198097 0.000761039
31 Reddit_feat_L2.txt 0.000764468 0.000148632 0.000615836
32 Reddit_feat_L2.txt 0.000769766 0.000211413 0.000558353
33 Reddit_feat_L2.txt 0.00102812 0.00013406 0.000894055
34 Reddit_feat_L2.txt 0.000922667 0.00019165 0.000731017
35 Reddit_feat_L2.txt 0.000838135 0.000144913 0.000693222
36 Reddit_feat_L2.txt 0.000796336 0.000187763 0.000608573
37 Reddit_feat_L2.txt 0.000620139 0.000148588 0.000471551
38 Reddit_feat_L2.txt 0.000739991 0.000197389 0.000542602
39 Reddit_feat_L2.txt 0.000849171 0.00013743 0.000711741
40 Reddit_feat_L2.txt 0.000760936 0.000183032 0.000577904
41 Reddit_feat_L2.txt 0.00091253 0.000145656 0.000766874
42 Reddit_feat_L2.txt 0.000807385 0.000187247 0.000620138
43 Reddit_feat_L2.txt 0.00087153 0.000160921 0.000710609
44 Reddit_feat_L2.txt 0.00099548 0.000183545 0.000811935
45 Reddit_feat_L2.txt 0.000794224 0.000133864 0.00066036
46 Reddit_feat_L2.txt 0.000687108 0.000189714 0.000497394
47 Reddit_feat_L2.txt 0.000587229 0.000131458 0.000455771
0 Reddit_A.txt 0.0226266 0.015636 0.00699058
1 Reddit_A.txt 0.0311524 0.0153988 0.0157536
2 Reddit_A.txt 0.039544 0.0155069 0.0240371
3 Reddit_A.txt 0.0430044 0.015768 0.0272364
4 Reddit_A.txt 0.0438219 0.0159235 0.0278984
5 Reddit_A.txt 0.0402199 0.0160527 0.0241672
6 Reddit_A.txt 0.0564627 0.0163254 0.0401373
7 Reddit_A.txt 0.0506696 0.0164806 0.034189
8 Reddit_A.txt 0.0532992 0.0164817 0.0368176
9 Reddit_A.txt 0.054252 0.0162145 0.0380375
10 Reddit_A.txt 0.0539419 0.0160457 0.0378962
11 Reddit_A.txt 0.0729191 0.0158523 0.0570669
12 Reddit_A.txt 0.0719026 0.0155731 0.0563295
13 Reddit_A.txt 0.0726318 0.0154106 0.0572212
14 Reddit_A.txt 0.076075 0.0152205 0.0608545
15 Reddit_A.txt 0.0938724 0.0151571 0.0787152
16 Reddit_A.txt 0.0872914 0.0153295 0.0719619
17 Reddit_A.txt 0.0891011 0.0155386 0.0735625
18 Reddit_A.txt 0.107676 0.015817 0.0918593
19 Reddit_A.txt 0.102194 0.0159779 0.0862158
20 Reddit_A.txt 0.0992866 0.0161679 0.0831187
21 Reddit_A.txt 0.109786 0.016455 0.0933315
22 Reddit_A.txt 0.129102 0.0166061 0.112496
23 Reddit_A.txt 0.128278 0.016612 0.111666
24 Reddit_A.txt 0.141781 0.0163892 0.125391
25 Reddit_A.txt 0.162581 0.0165468 0.146034
26 Reddit_A.txt 0.164461 0.0165481 0.147913
27 Reddit_A.txt 0.162211 0.0162607 0.14595
28 Reddit_A.txt 0.153588 0.0160801 0.137508
29 Reddit_A.txt 0.155463 0.0158964 0.139567
30 Reddit_A.txt 0.181468 0.0156281 0.16584
31 Reddit_A.txt 0.160993 0.015479 0.145514
32 Reddit_A.txt 0.207424 0.0152597 0.192164
33 Reddit_A.txt 0.206181 0.0153929 0.190788
34 Reddit_A.txt 0.187384 0.0155536 0.171831
35 Reddit_A.txt 0.202655 0.0155552 0.187099
36 Reddit_A.txt 0.188904 0.0153017 0.173603
37 Reddit_A.txt 0.188352 0.0151391 0.173213
38 Reddit_A.txt 0.191269 0.0152858 0.175984
39 Reddit_A.txt 0.190871 0.0155485 0.175323
40 Reddit_A.txt 0.198986 0.0157367 0.183249
41 Reddit_A.txt 0.225575 0.0157386 0.209836
42 Reddit_A.txt 0.218205 0.0157399 0.202465
43 Reddit_A.txt 0.211479 0.0157407 0.195738
44 Reddit_A.txt 0.239078 0.015763 0.223315
45 Reddit_A.txt 0.237757 0.0157728 0.221984
46 Reddit_A.txt 0.230435 0.0156313 0.214803
47 Reddit_A.txt 0.582713 0.0156526 0.567061
TACC:  Shutdown complete. Exiting. 
