TACC:  Starting up job 10066086 
TACC:  Starting parallel tasks... 
0 Reddit_feat_L2.txt 0.00290413 0.000184317 0.00271981
1 Reddit_feat_L2.txt 0.00306438 0.000130929 0.00293345
2 Reddit_feat_L2.txt 0.00348106 0.000211066 0.00326999
3 Reddit_feat_L2.txt 0.0028805 0.000132833 0.00274766
4 Reddit_feat_L2.txt 0.00148743 0.000202394 0.00128503
5 Reddit_feat_L2.txt 0.00183205 0.000135159 0.00169689
6 Reddit_feat_L2.txt 0.00288157 0.000212768 0.0026688
7 Reddit_feat_L2.txt 0.00113327 0.000137545 0.00099573
8 Reddit_feat_L2.txt 0.00117317 0.000192831 0.000980336
9 Reddit_feat_L2.txt 0.00102961 0.00012484 0.000904769
10 Reddit_feat_L2.txt 0.00113372 0.000215072 0.000918651
11 Reddit_feat_L2.txt 0.00122255 0.000154799 0.00106775
12 Reddit_feat_L2.txt 0.00136253 0.000199347 0.00116318
13 Reddit_feat_L2.txt 0.000783147 0.000136676 0.000646471
14 Reddit_feat_L2.txt 0.00101256 0.00020976 0.000802796
15 Reddit_feat_L2.txt 0.0010203 0.000147354 0.000872946
16 Reddit_feat_L2.txt 0.000948157 0.000188307 0.00075985
17 Reddit_feat_L2.txt 0.000771282 0.000128629 0.000642653
18 Reddit_feat_L2.txt 0.00106133 0.000209251 0.000852079
19 Reddit_feat_L2.txt 0.00100288 0.000123081 0.000879796
20 Reddit_feat_L2.txt 0.000800961 0.000195472 0.000605489
21 Reddit_feat_L2.txt 0.000977699 0.000131559 0.00084614
22 Reddit_feat_L2.txt 0.00102493 0.000210333 0.000814596
23 Reddit_feat_L2.txt 0.000896406 0.000136102 0.000760304
24 Reddit_feat_L2.txt 0.00106163 0.000198721 0.000862905
25 Reddit_feat_L2.txt 0.000876169 0.000121472 0.000754697
26 Reddit_feat_L2.txt 0.00102112 0.000212358 0.000808764
27 Reddit_feat_L2.txt 0.000910597 0.000154378 0.000756219
28 Reddit_feat_L2.txt 0.000890434 0.000195218 0.000695216
29 Reddit_feat_L2.txt 0.000734859 0.000132729 0.00060213
30 Reddit_feat_L2.txt 0.00101493 0.000211504 0.00080343
31 Reddit_feat_L2.txt 0.000723112 0.00014466 0.000578452
32 Reddit_feat_L2.txt 0.000714566 0.000182883 0.000531683
33 Reddit_feat_L2.txt 0.00104944 0.000118968 0.000930476
34 Reddit_feat_L2.txt 0.000948724 0.000207206 0.000741518
35 Reddit_feat_L2.txt 0.000811068 0.00012058 0.000690488
36 Reddit_feat_L2.txt 0.000803448 0.000196089 0.000607359
37 Reddit_feat_L2.txt 0.000600635 0.000129743 0.000470892
38 Reddit_feat_L2.txt 0.000744483 0.000206518 0.000537965
39 Reddit_feat_L2.txt 0.000823215 0.000129519 0.000693696
40 Reddit_feat_L2.txt 0.000761359 0.000191858 0.000569501
41 Reddit_feat_L2.txt 0.000886354 0.000120862 0.000765492
42 Reddit_feat_L2.txt 0.000831668 0.000207265 0.000624403
43 Reddit_feat_L2.txt 0.00085434 0.000147422 0.000706918
44 Reddit_feat_L2.txt 0.00100376 0.000189632 0.000814133
45 Reddit_feat_L2.txt 0.000773942 0.000112907 0.000661035
46 Reddit_feat_L2.txt 0.000725944 0.00020193 0.000524014
47 Reddit_feat_L2.txt 0.00057282 0.00013472 0.0004381
0 Reddit_A.txt 0.0224644 0.0155408 0.00692363
1 Reddit_A.txt 0.0308838 0.0156991 0.0151847
2 Reddit_A.txt 0.0398072 0.0158835 0.0239237
3 Reddit_A.txt 0.0434587 0.0161629 0.0272958
4 Reddit_A.txt 0.0461735 0.0163208 0.0298527
5 Reddit_A.txt 0.0420185 0.0163222 0.0256963
6 Reddit_A.txt 0.0575532 0.0163835 0.0411697
7 Reddit_A.txt 0.0520023 0.0165403 0.0354619
8 Reddit_A.txt 0.0551618 0.0165403 0.0386215
9 Reddit_A.txt 0.0546711 0.0165103 0.0381608
10 Reddit_A.txt 0.0547446 0.0166726 0.0380719
11 Reddit_A.txt 0.0743078 0.0166734 0.0576344
12 Reddit_A.txt 0.0728231 0.0163952 0.0564279
13 Reddit_A.txt 0.0770286 0.0162388 0.0607898
14 Reddit_A.txt 0.0807181 0.0160418 0.0646763
15 Reddit_A.txt 0.0913572 0.0157562 0.075601
16 Reddit_A.txt 0.0880605 0.0155869 0.0724736
17 Reddit_A.txt 0.0888012 0.015402 0.0733992
18 Reddit_A.txt 0.106579 0.0151114 0.0914677
19 Reddit_A.txt 0.101031 0.0149545 0.0860769
20 Reddit_A.txt 0.0973608 0.0147583 0.0826024
21 Reddit_A.txt 0.109639 0.014695 0.0949436
22 Reddit_A.txt 0.121652 0.0148596 0.106792
23 Reddit_A.txt 0.122104 0.0150623 0.107042
24 Reddit_A.txt 0.140753 0.0153433 0.125409
25 Reddit_A.txt 0.161003 0.015499 0.145504
26 Reddit_A.txt 0.164187 0.0154999 0.148687
27 Reddit_A.txt 0.162539 0.0152279 0.147311
28 Reddit_A.txt 0.158623 0.0153173 0.143306
29 Reddit_A.txt 0.160837 0.0153192 0.145518
30 Reddit_A.txt 0.184072 0.0150911 0.168981
31 Reddit_A.txt 0.16023 0.0152452 0.144984
32 Reddit_A.txt 0.207301 0.0153249 0.191976
33 Reddit_A.txt 0.203605 0.0155222 0.188083
34 Reddit_A.txt 0.181574 0.0156784 0.165896
35 Reddit_A.txt 0.19429 0.0156797 0.17861
36 Reddit_A.txt 0.191641 0.0157495 0.175891
37 Reddit_A.txt 0.189516 0.0159076 0.173608
38 Reddit_A.txt 0.19219 0.0159101 0.17628
39 Reddit_A.txt 0.195436 0.0160196 0.179416
40 Reddit_A.txt 0.212941 0.0162079 0.196733
41 Reddit_A.txt 0.214585 0.0162182 0.198367
42 Reddit_A.txt 0.214214 0.0159356 0.198278
43 Reddit_A.txt 0.21218 0.0157918 0.196388
44 Reddit_A.txt 0.240269 0.015719 0.22455
45 Reddit_A.txt 0.234315 0.0157262 0.218589
46 Reddit_A.txt 0.2338 0.0153996 0.2184
47 Reddit_A.txt 0.585899 0.0154182 0.570481
TACC:  Shutdown complete. Exiting. 
