TACC:  Starting up job 10066088 
TACC:  Starting parallel tasks... 
0 Reddit_feat_L1.txt 0.00123814 0.000105414 0.00113273
1 Reddit_feat_L1.txt 0.00123484 9.1318e-05 0.00114352
2 Reddit_feat_L1.txt 0.00133208 9.469e-05 0.00123739
3 Reddit_feat_L1.txt 0.00125691 0.000100383 0.00115653
4 Reddit_feat_L1.txt 0.00138484 0.000100051 0.00128478
5 Reddit_feat_L1.txt 0.00138414 9.6324e-05 0.00128782
6 Reddit_feat_L1.txt 0.00134748 9.8846e-05 0.00124863
7 Reddit_feat_L1.txt 0.00136005 0.00010105 0.001259
8 Reddit_feat_L1.txt 0.00127386 0.000102349 0.00117151
9 Reddit_feat_L1.txt 0.0013838 9.1313e-05 0.00129249
10 Reddit_feat_L1.txt 0.00134021 9.2653e-05 0.00124756
11 Reddit_feat_L1.txt 0.00144151 0.000101697 0.00133981
12 Reddit_feat_L1.txt 0.00156005 0.000100021 0.00146003
13 Reddit_feat_L1.txt 0.00134611 9.885e-05 0.00124726
14 Reddit_feat_L1.txt 0.00146725 0.000102435 0.00136481
15 Reddit_feat_L1.txt 0.00137572 0.000100545 0.00127517
0 Reddit_A.txt 0.0304642 0.0117205 0.0187438
1 Reddit_A.txt 0.0420517 0.0108371 0.0312146
2 Reddit_A.txt 0.052332 0.00902333 0.0433086
3 Reddit_A.txt 0.0589392 0.00743552 0.0515037
4 Reddit_A.txt 0.0752321 0.00773708 0.067495
5 Reddit_A.txt 0.0973453 0.00776936 0.0895759
6 Reddit_A.txt 0.107711 0.00786996 0.0998409
7 Reddit_A.txt 0.134347 0.00835345 0.125994
8 Reddit_A.txt 0.170175 0.00861648 0.161559
9 Reddit_A.txt 0.181512 0.00861769 0.172894
10 Reddit_A.txt 0.210466 0.0093613 0.201105
11 Reddit_A.txt 0.213759 0.0100529 0.203707
12 Reddit_A.txt 0.212871 0.0108543 0.202016
13 Reddit_A.txt 0.287987 0.0108396 0.277147
14 Reddit_A.txt 0.247908 0.0116074 0.236301
15 Reddit_A.txt 0.430571 0.0117111 0.41886
TACC:  Shutdown complete. Exiting. 
