TACC:  Starting up job 10066086 
TACC:  Starting parallel tasks... 
0 Reddit_feat_L2.txt 0.00286081 0.000187003 0.00267381
1 Reddit_feat_L2.txt 0.00306825 0.000134759 0.00293349
2 Reddit_feat_L2.txt 0.00347005 0.000208295 0.00326175
3 Reddit_feat_L2.txt 0.00305641 0.000122102 0.00293431
4 Reddit_feat_L2.txt 0.00148412 0.000197614 0.00128651
5 Reddit_feat_L2.txt 0.00182943 0.000135218 0.00169421
6 Reddit_feat_L2.txt 0.00291762 0.000205839 0.00271178
7 Reddit_feat_L2.txt 0.00112038 0.000133976 0.000986406
8 Reddit_feat_L2.txt 0.00118845 0.000196643 0.00099181
9 Reddit_feat_L2.txt 0.0010288 0.000135006 0.000893794
10 Reddit_feat_L2.txt 0.0011304 0.000209027 0.000921373
11 Reddit_feat_L2.txt 0.00123687 0.00015744 0.00107943
12 Reddit_feat_L2.txt 0.00135326 0.000199579 0.00115368
13 Reddit_feat_L2.txt 0.000785557 0.000145784 0.000639773
14 Reddit_feat_L2.txt 0.000992536 0.000201841 0.000790695
15 Reddit_feat_L2.txt 0.00100861 0.000131863 0.000876745
16 Reddit_feat_L2.txt 0.000952467 0.000183211 0.000769256
17 Reddit_feat_L2.txt 0.000782719 0.000133255 0.000649464
18 Reddit_feat_L2.txt 0.00105864 0.000207014 0.000851627
19 Reddit_feat_L2.txt 0.000999534 0.000125672 0.000873862
20 Reddit_feat_L2.txt 0.000800043 0.000196245 0.000603798
21 Reddit_feat_L2.txt 0.000961916 0.000132605 0.000829311
22 Reddit_feat_L2.txt 0.00101947 0.000199881 0.000819592
23 Reddit_feat_L2.txt 0.000889105 0.000127798 0.000761307
24 Reddit_feat_L2.txt 0.00106386 0.000197576 0.000866288
25 Reddit_feat_L2.txt 0.000852527 0.000131214 0.000721313
26 Reddit_feat_L2.txt 0.000980201 0.00020608 0.000774121
27 Reddit_feat_L2.txt 0.000901506 0.000150567 0.000750939
28 Reddit_feat_L2.txt 0.000888625 0.0001881 0.000700525
29 Reddit_feat_L2.txt 0.000745158 0.000133403 0.000611755
30 Reddit_feat_L2.txt 0.000973211 0.000201118 0.000772093
31 Reddit_feat_L2.txt 0.000719865 0.000141712 0.000578153
32 Reddit_feat_L2.txt 0.000762775 0.000182098 0.000580677
33 Reddit_feat_L2.txt 0.00103636 0.000135914 0.000900441
34 Reddit_feat_L2.txt 0.000919823 0.000200621 0.000719202
35 Reddit_feat_L2.txt 0.000801057 0.00011908 0.000681977
36 Reddit_feat_L2.txt 0.000800229 0.00019366 0.000606569
37 Reddit_feat_L2.txt 0.000602432 0.000131565 0.000470867
38 Reddit_feat_L2.txt 0.000736483 0.000197167 0.000539316
39 Reddit_feat_L2.txt 0.000846052 0.000120713 0.000725339
40 Reddit_feat_L2.txt 0.000709969 0.000188386 0.000521583
41 Reddit_feat_L2.txt 0.000882441 0.000122467 0.000759974
42 Reddit_feat_L2.txt 0.000820731 0.000200806 0.000619925
43 Reddit_feat_L2.txt 0.000873093 0.000151399 0.000721694
44 Reddit_feat_L2.txt 0.00103828 0.000189912 0.000848368
45 Reddit_feat_L2.txt 0.000762029 0.000130872 0.000631157
46 Reddit_feat_L2.txt 0.000689092 0.000194434 0.000494658
47 Reddit_feat_L2.txt 0.000552016 0.000131997 0.000420019
0 Reddit_A.txt 0.0225567 0.0155613 0.00699535
1 Reddit_A.txt 0.0315798 0.0157205 0.0158593
2 Reddit_A.txt 0.0410728 0.0158092 0.0252637
3 Reddit_A.txt 0.0440703 0.0160865 0.0279838
4 Reddit_A.txt 0.0461085 0.0162444 0.0298641
5 Reddit_A.txt 0.0418811 0.0162446 0.0256365
6 Reddit_A.txt 0.0572261 0.0159624 0.0412638
7 Reddit_A.txt 0.0496454 0.0157864 0.0338589
8 Reddit_A.txt 0.0527838 0.015589 0.0371949
9 Reddit_A.txt 0.0533286 0.015319 0.0380096
10 Reddit_A.txt 0.0533264 0.015138 0.0381884
11 Reddit_A.txt 0.0721701 0.0150237 0.0571464
12 Reddit_A.txt 0.0713312 0.0151599 0.0561713
13 Reddit_A.txt 0.073046 0.0153159 0.05773
14 Reddit_A.txt 0.0766022 0.015395 0.0612072
15 Reddit_A.txt 0.0941593 0.0156666 0.0784927
16 Reddit_A.txt 0.0917561 0.0158342 0.0759219
17 Reddit_A.txt 0.0940877 0.0158353 0.0782523
18 Reddit_A.txt 0.10723 0.0159541 0.091276
19 Reddit_A.txt 0.102671 0.0161114 0.0865599
20 Reddit_A.txt 0.0987907 0.0161113 0.0826794
21 Reddit_A.txt 0.1109 0.0158495 0.0950501
22 Reddit_A.txt 0.123197 0.0160026 0.107195
23 Reddit_A.txt 0.122651 0.0160049 0.106646
24 Reddit_A.txt 0.140284 0.015718 0.124566
25 Reddit_A.txt 0.160302 0.0155558 0.144747
26 Reddit_A.txt 0.162534 0.0153593 0.147175
27 Reddit_A.txt 0.158678 0.015086 0.143592
28 Reddit_A.txt 0.152239 0.0151374 0.137102
29 Reddit_A.txt 0.155581 0.0152185 0.140363
30 Reddit_A.txt 0.181488 0.0154922 0.165996
31 Reddit_A.txt 0.167505 0.0156509 0.151854
32 Reddit_A.txt 0.21726 0.0156511 0.201609
33 Reddit_A.txt 0.20692 0.0157288 0.191191
34 Reddit_A.txt 0.180358 0.0158953 0.164463
35 Reddit_A.txt 0.193946 0.0158973 0.178049
36 Reddit_A.txt 0.189355 0.0156565 0.173699
37 Reddit_A.txt 0.191567 0.0155032 0.176064
38 Reddit_A.txt 0.194993 0.015376 0.179617
39 Reddit_A.txt 0.19036 0.0151034 0.175257
40 Reddit_A.txt 0.194456 0.0148888 0.179567
41 Reddit_A.txt 0.224991 0.0147003 0.21029
42 Reddit_A.txt 0.222437 0.0146447 0.207792
43 Reddit_A.txt 0.209678 0.0146449 0.195033
44 Reddit_A.txt 0.236818 0.0146732 0.222144
45 Reddit_A.txt 0.232452 0.0147019 0.21775
46 Reddit_A.txt 0.231317 0.0147926 0.216525
47 Reddit_A.txt 0.58505 0.0152819 0.569768
TACC:  Shutdown complete. Exiting. 
