TACC:  Starting up job 10066086 
TACC:  Starting parallel tasks... 
0 Reddit_feat_L1.txt 0.000618711 0.000246597 0.000372114
1 Reddit_feat_L1.txt 0.000625909 0.000260288 0.000365621
2 Reddit_feat_L1.txt 0.000709005 0.000347102 0.000361903
3 Reddit_feat_L1.txt 0.000698137 0.000263813 0.000434324
4 Reddit_feat_L1.txt 0.000696366 0.000316841 0.000379525
5 Reddit_feat_L1.txt 0.000661014 0.000272842 0.000388172
6 Reddit_feat_L1.txt 0.000738466 0.000336408 0.000402058
7 Reddit_feat_L1.txt 0.000637262 0.000241948 0.000395314
8 Reddit_feat_L1.txt 0.000735819 0.000327755 0.000408064
9 Reddit_feat_L1.txt 0.000669409 0.000269962 0.000399447
10 Reddit_feat_L1.txt 0.000711137 0.00032823 0.000382907
11 Reddit_feat_L1.txt 0.00064706 0.000258116 0.000388944
12 Reddit_feat_L1.txt 0.000776801 0.000331252 0.000445549
13 Reddit_feat_L1.txt 0.000649436 0.000245498 0.000403938
14 Reddit_feat_L1.txt 0.000725363 0.000326514 0.000398849
15 Reddit_feat_L1.txt 0.000692791 0.000257494 0.000435297
16 Reddit_feat_L1.txt 0.0006234 0.000193798 0.000429602
17 Reddit_feat_L1.txt 0.000617971 0.00020723 0.000410741
18 Reddit_feat_L1.txt 0.000716364 0.000340637 0.000375727
19 Reddit_feat_L1.txt 0.000649383 0.000248488 0.000400895
20 Reddit_feat_L1.txt 0.000729854 0.00030233 0.000427524
21 Reddit_feat_L1.txt 0.000694335 0.000270873 0.000423462
22 Reddit_feat_L1.txt 0.000748974 0.000342886 0.000406088
23 Reddit_feat_L1.txt 0.000663673 0.000249779 0.000413894
24 Reddit_feat_L1.txt 0.000738773 0.000335469 0.000403304
25 Reddit_feat_L1.txt 0.000640128 0.000262912 0.000377216
26 Reddit_feat_L1.txt 0.000687082 0.000321593 0.000365489
27 Reddit_feat_L1.txt 0.000645642 0.000258462 0.00038718
28 Reddit_feat_L1.txt 0.000786138 0.000331223 0.000454915
29 Reddit_feat_L1.txt 0.000676816 0.000246999 0.000429817
30 Reddit_feat_L1.txt 0.000707223 0.000320064 0.000387159
31 Reddit_feat_L1.txt 0.000718374 0.000292741 0.000425633
32 Reddit_feat_L1.txt 0.000589381 0.000224891 0.00036449
33 Reddit_feat_L1.txt 0.000614581 0.00020793 0.000406651
34 Reddit_feat_L1.txt 0.000756985 0.000288616 0.000468369
35 Reddit_feat_L1.txt 0.000630878 0.000189537 0.000441341
36 Reddit_feat_L1.txt 0.000675814 0.000248856 0.000426958
37 Reddit_feat_L1.txt 0.000645834 0.00018799 0.000457844
38 Reddit_feat_L1.txt 0.000740846 0.000257368 0.000483478
39 Reddit_feat_L1.txt 0.00067114 0.000203186 0.000467954
40 Reddit_feat_L1.txt 0.000614418 0.000247621 0.000366797
41 Reddit_feat_L1.txt 0.000597011 0.000206723 0.000390288
42 Reddit_feat_L1.txt 0.000643519 0.000264202 0.000379317
43 Reddit_feat_L1.txt 0.000643763 0.000184313 0.00045945
44 Reddit_feat_L1.txt 0.000696989 0.000241692 0.000455297
45 Reddit_feat_L1.txt 0.000578902 0.000201253 0.000377649
46 Reddit_feat_L1.txt 0.000694445 0.000259828 0.000434617
47 Reddit_feat_L1.txt 0.000707009 0.000257514 0.000449495
0 Reddit_A.txt 0.0104829 0.00739213 0.00309078
1 Reddit_A.txt 0.0134466 0.00712086 0.00632573
2 Reddit_A.txt 0.0170676 0.00672425 0.0103434
3 Reddit_A.txt 0.0181375 0.00631055 0.0118269
4 Reddit_A.txt 0.0172619 0.00606147 0.0112004
5 Reddit_A.txt 0.0157701 0.00604369 0.00972644
6 Reddit_A.txt 0.023384 0.00605368 0.0173303
7 Reddit_A.txt 0.020757 0.00611422 0.0146428
8 Reddit_A.txt 0.022176 0.00611381 0.0160622
9 Reddit_A.txt 0.0223952 0.00613837 0.0162569
10 Reddit_A.txt 0.0213021 0.00620057 0.0151015
11 Reddit_A.txt 0.0292124 0.00620231 0.0230101
12 Reddit_A.txt 0.0302328 0.00610005 0.0241328
13 Reddit_A.txt 0.028548 0.00603512 0.0225128
14 Reddit_A.txt 0.0304226 0.00594752 0.0244751
15 Reddit_A.txt 0.0392039 0.00584271 0.0333612
16 Reddit_A.txt 0.0338642 0.0057707 0.0280935
17 Reddit_A.txt 0.0345781 0.00579239 0.0287857
18 Reddit_A.txt 0.042879 0.00586671 0.0370123
19 Reddit_A.txt 0.0392266 0.0059281 0.0332985
20 Reddit_A.txt 0.0383694 0.00598143 0.032388
21 Reddit_A.txt 0.0457854 0.00606379 0.0397216
22 Reddit_A.txt 0.0485013 0.00627343 0.0422279
23 Reddit_A.txt 0.048973 0.00645283 0.0425201
24 Reddit_A.txt 0.0577392 0.00704552 0.0506936
25 Reddit_A.txt 0.0628565 0.00729065 0.0555659
26 Reddit_A.txt 0.062979 0.007468 0.055511
27 Reddit_A.txt 0.0686177 0.00769364 0.060924
28 Reddit_A.txt 0.064027 0.00800633 0.0560207
29 Reddit_A.txt 0.0646571 0.00831495 0.0563422
30 Reddit_A.txt 0.0775406 0.00862093 0.0689197
31 Reddit_A.txt 0.0666302 0.00890368 0.0577265
32 Reddit_A.txt 0.0863899 0.009079 0.0773109
33 Reddit_A.txt 0.0903787 0.00938253 0.0809961
34 Reddit_A.txt 0.0758087 0.00954419 0.0662645
35 Reddit_A.txt 0.0813566 0.00965487 0.0717017
36 Reddit_A.txt 0.0819728 0.00965103 0.0723218
37 Reddit_A.txt 0.0781896 0.00957147 0.0686181
38 Reddit_A.txt 0.0799939 0.00943224 0.0705617
39 Reddit_A.txt 0.0830286 0.00942021 0.0736084
40 Reddit_A.txt 0.0810982 0.00914851 0.0719497
41 Reddit_A.txt 0.0919394 0.00887507 0.0830643
42 Reddit_A.txt 0.0939077 0.00885436 0.0850534
43 Reddit_A.txt 0.0856597 0.00863159 0.0770281
44 Reddit_A.txt 0.0975637 0.00828941 0.0892743
45 Reddit_A.txt 0.095496 0.00814445 0.0873515
46 Reddit_A.txt 0.0898952 0.0077116 0.0821836
47 Reddit_A.txt 0.237252 0.00739295 0.229859
TACC:  Shutdown complete. Exiting. 
