TACC:  Starting up job 10066049 
TACC:  Starting parallel tasks... 
0 Reddit_feat_L2.txt 0.00181911 0.000364586 0.00145452
1 Reddit_feat_L2.txt 0.00144087 0.000230832 0.00121004
2 Reddit_feat_L2.txt 0.00184136 0.000446071 0.00139529
3 Reddit_feat_L2.txt 0.00193038 0.000225524 0.00170485
4 Reddit_feat_L2.txt 0.00168897 0.000357883 0.00133109
5 Reddit_feat_L2.txt 0.00230175 0.000221614 0.00208014
6 Reddit_feat_L2.txt 0.00198851 0.00052525 0.00146326
7 Reddit_feat_L2.txt 0.00156696 0.000224019 0.00134294
8 Reddit_feat_L2.txt 0.000976647 0.000353866 0.000622781
9 Reddit_feat_L2.txt 0.000938984 0.000230527 0.000708457
10 Reddit_feat_L2.txt 0.00104934 0.000449484 0.000599853
11 Reddit_feat_L2.txt 0.00137231 0.000221247 0.00115106
12 Reddit_feat_L2.txt 0.00233865 0.000353069 0.00198558
13 Reddit_feat_L2.txt 0.000939602 0.000218718 0.000720884
14 Reddit_feat_L2.txt 0.00113894 0.000535862 0.000603078
15 Reddit_feat_L2.txt 0.000727409 0.00022635 0.000501059
16 Reddit_feat_L2.txt 0.000835079 0.00037002 0.000465059
17 Reddit_feat_L2.txt 0.000829284 0.000228811 0.000600473
18 Reddit_feat_L2.txt 0.000942196 0.000444364 0.000497832
19 Reddit_feat_L2.txt 0.000626546 0.000234594 0.000391952
20 Reddit_feat_L2.txt 0.000872192 0.000351497 0.000520695
21 Reddit_feat_L2.txt 0.000711667 0.000235907 0.00047576
22 Reddit_feat_L2.txt 0.00113259 0.000528423 0.000604163
23 Reddit_feat_L2.txt 0.000761028 0.000234688 0.00052634
24 Reddit_feat_L2.txt 0.0009881 0.000365528 0.000622572
25 Reddit_feat_L2.txt 0.000788084 0.000227736 0.000560348
26 Reddit_feat_L2.txt 0.000823862 0.000457151 0.000366711
27 Reddit_feat_L2.txt 0.000545487 0.00023395 0.000311537
28 Reddit_feat_L2.txt 0.000775309 0.000353975 0.000421334
29 Reddit_feat_L2.txt 0.00068999 0.000229443 0.000460547
30 Reddit_feat_L2.txt 0.00100289 0.000534997 0.000467897
31 Reddit_feat_L2.txt 0.000579501 0.000233996 0.000345505
32 Reddit_feat_L2.txt 0.000709027 0.000358321 0.000350706
33 Reddit_feat_L2.txt 0.000718455 0.000223202 0.000495253
34 Reddit_feat_L2.txt 0.000757691 0.000439455 0.000318236
35 Reddit_feat_L2.txt 0.00056158 0.000216453 0.000345127
36 Reddit_feat_L2.txt 0.000783063 0.000347547 0.000435516
37 Reddit_feat_L2.txt 0.000647945 0.000224837 0.000423108
38 Reddit_feat_L2.txt 0.00100456 0.000523132 0.000481426
39 Reddit_feat_L2.txt 0.000701263 0.000210893 0.00049037
40 Reddit_feat_L2.txt 0.000624984 0.000359304 0.00026568
41 Reddit_feat_L2.txt 0.000565913 0.000217822 0.000348091
42 Reddit_feat_L2.txt 0.000827951 0.000439471 0.00038848
43 Reddit_feat_L2.txt 0.00061735 0.000220969 0.000396381
44 Reddit_feat_L2.txt 0.000842548 0.000345919 0.000496629
45 Reddit_feat_L2.txt 0.000609971 0.000212312 0.000397659
46 Reddit_feat_L2.txt 0.000797477 0.000528149 0.000269328
47 Reddit_feat_L2.txt 0.000764935 0.000214613 0.000550322
48 Reddit_feat_L2.txt 0.000794957 0.000362184 0.000432773
49 Reddit_feat_L2.txt 0.000677005 0.000218965 0.00045804
50 Reddit_feat_L2.txt 0.00072338 0.000445604 0.000277776
51 Reddit_feat_L2.txt 0.000733799 0.000222322 0.000511477
52 Reddit_feat_L2.txt 0.000874978 0.000339813 0.000535165
53 Reddit_feat_L2.txt 0.000521121 0.000223646 0.000297475
54 Reddit_feat_L2.txt 0.000951793 0.000533424 0.000418369
55 Reddit_feat_L2.txt 0.000478198 0.000238082 0.000240116
56 Reddit_feat_L2.txt 0.000820815 0.000356291 0.000464524
57 Reddit_feat_L2.txt 0.00052713 0.000220101 0.000307029
58 Reddit_feat_L2.txt 0.000759005 0.000447054 0.000311951
59 Reddit_feat_L2.txt 0.00054607 0.000224602 0.000321468
60 Reddit_feat_L2.txt 0.000774043 0.000346572 0.000427471
61 Reddit_feat_L2.txt 0.000493546 0.000220408 0.000273138
62 Reddit_feat_L2.txt 0.000864095 0.000526403 0.000337692
63 Reddit_feat_L2.txt 0.000498662 0.000228427 0.000270235
64 Reddit_feat_L2.txt 0.000597432 0.000354274 0.000243158
65 Reddit_feat_L2.txt 0.00049103 0.000215458 0.000275572
66 Reddit_feat_L2.txt 0.000926664 0.000437607 0.000489057
67 Reddit_feat_L2.txt 0.0006164 0.000203229 0.000413171
68 Reddit_feat_L2.txt 0.000683871 0.000335479 0.000348392
69 Reddit_feat_L2.txt 0.000604911 0.000215065 0.000389846
70 Reddit_feat_L2.txt 0.00077238 0.00051266 0.00025972
71 Reddit_feat_L2.txt 0.000612221 0.000202605 0.000409616
72 Reddit_feat_L2.txt 0.000661474 0.000373113 0.000288361
73 Reddit_feat_L2.txt 0.000510692 0.000214872 0.00029582
74 Reddit_feat_L2.txt 0.000690157 0.000424328 0.000265829
75 Reddit_feat_L2.txt 0.000416617 0.00020689 0.000209727
76 Reddit_feat_L2.txt 0.000646729 0.000338707 0.000308022
77 Reddit_feat_L2.txt 0.00046402 0.000210058 0.000253962
78 Reddit_feat_L2.txt 0.000825434 0.000514947 0.000310487
79 Reddit_feat_L2.txt 0.000508958 0.00020352 0.000305438
80 Reddit_feat_L2.txt 0.000594886 0.000344685 0.000250201
81 Reddit_feat_L2.txt 0.000466153 0.00020375 0.000262403
82 Reddit_feat_L2.txt 0.000941789 0.000438116 0.000503673
83 Reddit_feat_L2.txt 0.000465637 0.000215937 0.0002497
84 Reddit_feat_L2.txt 0.000642182 0.000334465 0.000307717
85 Reddit_feat_L2.txt 0.000466373 0.000211407 0.000254966
86 Reddit_feat_L2.txt 0.000766166 0.00052017 0.000245996
87 Reddit_feat_L2.txt 0.000696344 0.000215418 0.000480926
88 Reddit_feat_L2.txt 0.000625008 0.000344696 0.000280312
89 Reddit_feat_L2.txt 0.000790654 0.000216116 0.000574538
90 Reddit_feat_L2.txt 0.000739383 0.000424677 0.000314706
91 Reddit_feat_L2.txt 0.000479939 0.00021133 0.000268609
92 Reddit_feat_L2.txt 0.000574929 0.000348368 0.000226561
93 Reddit_feat_L2.txt 0.00048542 0.000212934 0.000272486
94 Reddit_feat_L2.txt 0.000737626 0.000519106 0.00021852
95 Reddit_feat_L2.txt 0.000431002 0.000210705 0.000220297
0 Reddit_A.txt 0.0203181 0.0182162 0.0021019
1 Reddit_A.txt 0.0216321 0.0180949 0.00353719
2 Reddit_A.txt 0.0256563 0.0179422 0.00771414
3 Reddit_A.txt 0.0284185 0.0178391 0.0105793
4 Reddit_A.txt 0.0252653 0.0177172 0.00754817
5 Reddit_A.txt 0.035887 0.0177804 0.0181066
6 Reddit_A.txt 0.0303346 0.0179186 0.012416
7 Reddit_A.txt 0.031842 0.0180285 0.0138135
8 Reddit_A.txt 0.0297435 0.0181373 0.0116062
9 Reddit_A.txt 0.0394235 0.0181354 0.0212881
10 Reddit_A.txt 0.0280377 0.0180236 0.0100141
11 Reddit_A.txt 0.0341301 0.0179112 0.0162189
12 Reddit_A.txt 0.0401429 0.0178319 0.022311
13 Reddit_A.txt 0.0347652 0.0179125 0.0168527
14 Reddit_A.txt 0.0360225 0.0179123 0.0181101
15 Reddit_A.txt 0.0411888 0.0178583 0.0233305
16 Reddit_A.txt 0.0380193 0.0177703 0.020249
17 Reddit_A.txt 0.0377637 0.017668 0.0200956
18 Reddit_A.txt 0.034687 0.0175739 0.0171131
19 Reddit_A.txt 0.0381246 0.0176748 0.0204498
20 Reddit_A.txt 0.044896 0.0177806 0.0271153
21 Reddit_A.txt 0.03832 0.0177785 0.0205415
22 Reddit_A.txt 0.0542666 0.0176706 0.036596
23 Reddit_A.txt 0.0435639 0.0175633 0.0260006
24 Reddit_A.txt 0.0451135 0.0174199 0.0276936
25 Reddit_A.txt 0.0467428 0.0175328 0.02921
26 Reddit_A.txt 0.0497267 0.0176494 0.0320773
27 Reddit_A.txt 0.0553523 0.0176473 0.0377051
28 Reddit_A.txt 0.0569506 0.0175318 0.0394188
29 Reddit_A.txt 0.0456672 0.0176197 0.0280475
30 Reddit_A.txt 0.0587003 0.0177519 0.0409484
31 Reddit_A.txt 0.0575392 0.0178594 0.0396798
32 Reddit_A.txt 0.0588526 0.0179654 0.0408873
33 Reddit_A.txt 0.0612445 0.0179619 0.0432826
34 Reddit_A.txt 0.05387 0.0178677 0.0360024
35 Reddit_A.txt 0.0615093 0.0179786 0.0435308
36 Reddit_A.txt 0.0645397 0.0181188 0.0464208
37 Reddit_A.txt 0.0684739 0.0182178 0.0502561
38 Reddit_A.txt 0.0721232 0.0183249 0.0537983
39 Reddit_A.txt 0.0649736 0.0183218 0.0466518
40 Reddit_A.txt 0.0633265 0.018211 0.0451155
41 Reddit_A.txt 0.0635977 0.0180996 0.0454981
42 Reddit_A.txt 0.0650728 0.0179628 0.04711
43 Reddit_A.txt 0.0706416 0.0179916 0.0526499
44 Reddit_A.txt 0.0897673 0.0181052 0.071662
45 Reddit_A.txt 0.0697481 0.0181008 0.0516473
46 Reddit_A.txt 0.0802946 0.017987 0.0623076
47 Reddit_A.txt 0.0709906 0.017876 0.0531146
48 Reddit_A.txt 0.0952997 0.0177388 0.0775609
49 Reddit_A.txt 0.0711496 0.0176284 0.0535212
50 Reddit_A.txt 0.1038 0.0175159 0.0862843
51 Reddit_A.txt 0.0877815 0.0174899 0.0702916
52 Reddit_A.txt 0.0978383 0.0175929 0.0802454
53 Reddit_A.txt 0.0877537 0.0177147 0.070039
54 Reddit_A.txt 0.0886624 0.017844 0.0708183
55 Reddit_A.txt 0.100944 0.0179451 0.0829988
56 Reddit_A.txt 0.0950501 0.018053 0.0769971
57 Reddit_A.txt 0.0940364 0.0180487 0.0759877
58 Reddit_A.txt 0.0939333 0.01794 0.0759933
59 Reddit_A.txt 0.0956973 0.0178313 0.077866
60 Reddit_A.txt 0.0882472 0.0177149 0.0705323
61 Reddit_A.txt 0.121676 0.0175957 0.10408
62 Reddit_A.txt 0.0972122 0.0176225 0.0795897
63 Reddit_A.txt 0.103438 0.0176229 0.0858152
64 Reddit_A.txt 0.127703 0.0175949 0.110108
65 Reddit_A.txt 0.114599 0.0176821 0.0969173
66 Reddit_A.txt 0.121968 0.0178041 0.104164
67 Reddit_A.txt 0.113303 0.0178812 0.0954217
68 Reddit_A.txt 0.105314 0.0178832 0.0874308
69 Reddit_A.txt 0.111698 0.0178232 0.093875
70 Reddit_A.txt 0.127371 0.0177328 0.109638
71 Reddit_A.txt 0.105789 0.0176927 0.0880958
72 Reddit_A.txt 0.106964 0.0177805 0.0891838
73 Reddit_A.txt 0.114256 0.0178853 0.0963705
74 Reddit_A.txt 0.122267 0.0179946 0.104272
75 Reddit_A.txt 0.1089 0.0179918 0.0909084
76 Reddit_A.txt 0.11322 0.0179032 0.0953167
77 Reddit_A.txt 0.11522 0.018003 0.0972168
78 Reddit_A.txt 0.11745 0.0181165 0.0993333
79 Reddit_A.txt 0.110723 0.0181983 0.0925247
80 Reddit_A.txt 0.111639 0.0181983 0.0934405
81 Reddit_A.txt 0.130699 0.0181412 0.112558
82 Reddit_A.txt 0.118036 0.0180442 0.0999915
83 Reddit_A.txt 0.145424 0.0180272 0.127397
84 Reddit_A.txt 0.123143 0.0181408 0.105003
85 Reddit_A.txt 0.137808 0.0182245 0.119584
86 Reddit_A.txt 0.142063 0.0182246 0.123839
87 Reddit_A.txt 0.115989 0.0181684 0.0978203
88 Reddit_A.txt 0.156516 0.0180902 0.138426
89 Reddit_A.txt 0.120674 0.0181054 0.102569
90 Reddit_A.txt 0.138352 0.0182781 0.120074
91 Reddit_A.txt 0.147867 0.018363 0.129504
92 Reddit_A.txt 0.146427 0.0183629 0.128064
93 Reddit_A.txt 0.134183 0.0183613 0.115821
94 Reddit_A.txt 0.507697 0.0182412 0.489456
95 Reddit_A.txt 0.159108 0.0182185 0.140889
TACC:  Shutdown complete. Exiting. 
