TACC:  Starting up job 10066086 
TACC:  Starting parallel tasks... 
0 Reddit_feat_L1.txt 0.000623116 0.000250817 0.000372299
1 Reddit_feat_L1.txt 0.00056325 0.000186473 0.000376777
2 Reddit_feat_L1.txt 0.000711821 0.000338178 0.000373643
3 Reddit_feat_L1.txt 0.000663821 0.000249863 0.000413958
4 Reddit_feat_L1.txt 0.00069863 0.000318643 0.000379987
5 Reddit_feat_L1.txt 0.000598971 0.000215575 0.000383396
6 Reddit_feat_L1.txt 0.000709482 0.00029037 0.000419112
7 Reddit_feat_L1.txt 0.000627329 0.000194136 0.000433193
8 Reddit_feat_L1.txt 0.000740819 0.000289938 0.000450881
9 Reddit_feat_L1.txt 0.000650183 0.000235952 0.000414231
10 Reddit_feat_L1.txt 0.000716602 0.000344885 0.000371717
11 Reddit_feat_L1.txt 0.000619555 0.000242397 0.000377158
12 Reddit_feat_L1.txt 0.000769922 0.000324424 0.000445498
13 Reddit_feat_L1.txt 0.000641175 0.000236525 0.00040465
14 Reddit_feat_L1.txt 0.000768468 0.000369705 0.000398763
15 Reddit_feat_L1.txt 0.000646003 0.000221523 0.00042448
16 Reddit_feat_L1.txt 0.00066823 0.000238127 0.000430103
17 Reddit_feat_L1.txt 0.000580702 0.000174531 0.000406171
18 Reddit_feat_L1.txt 0.000706532 0.000326953 0.000379579
19 Reddit_feat_L1.txt 0.000648498 0.000243336 0.000405162
20 Reddit_feat_L1.txt 0.000744211 0.000311497 0.000432714
21 Reddit_feat_L1.txt 0.000656397 0.000222637 0.00043376
22 Reddit_feat_L1.txt 0.000707169 0.000292132 0.000415037
23 Reddit_feat_L1.txt 0.000616292 0.000202963 0.000413329
24 Reddit_feat_L1.txt 0.000686212 0.00029606 0.000390152
25 Reddit_feat_L1.txt 0.000606498 0.000233342 0.000373156
26 Reddit_feat_L1.txt 0.000708729 0.000342957 0.000365772
27 Reddit_feat_L1.txt 0.000616014 0.000234179 0.000381835
28 Reddit_feat_L1.txt 0.000759546 0.000308791 0.000450755
29 Reddit_feat_L1.txt 0.000648379 0.000222807 0.000425572
30 Reddit_feat_L1.txt 0.000749474 0.000362437 0.000387037
31 Reddit_feat_L1.txt 0.000642938 0.000217491 0.000425447
32 Reddit_feat_L1.txt 0.0005938 0.000229493 0.000364307
33 Reddit_feat_L1.txt 0.000578822 0.000176731 0.000402091
34 Reddit_feat_L1.txt 0.000738683 0.000287142 0.000451541
35 Reddit_feat_L1.txt 0.00060784 0.000182575 0.000425265
36 Reddit_feat_L1.txt 0.000700051 0.000273102 0.000426949
37 Reddit_feat_L1.txt 0.000630724 0.000172767 0.000457957
38 Reddit_feat_L1.txt 0.00076102 0.000281841 0.000479179
39 Reddit_feat_L1.txt 0.000644881 0.000182649 0.000462232
40 Reddit_feat_L1.txt 0.000601292 0.000237934 0.000363358
41 Reddit_feat_L1.txt 0.000543966 0.000157416 0.00038655
42 Reddit_feat_L1.txt 0.000661829 0.00028638 0.000375449
43 Reddit_feat_L1.txt 0.000639126 0.00018309 0.000456036
44 Reddit_feat_L1.txt 0.000719624 0.000268585 0.000451039
45 Reddit_feat_L1.txt 0.00056111 0.000179289 0.000381821
46 Reddit_feat_L1.txt 0.000718785 0.000280342 0.000438443
47 Reddit_feat_L1.txt 0.000628769 0.000175263 0.000453506
0 Reddit_A.txt 0.0126285 0.00959078 0.00303773
1 Reddit_A.txt 0.0154143 0.00929056 0.00612372
2 Reddit_A.txt 0.0187117 0.00892587 0.00978581
3 Reddit_A.txt 0.0206073 0.00858991 0.0120174
4 Reddit_A.txt 0.0194628 0.00827975 0.011183
5 Reddit_A.txt 0.0177543 0.00794468 0.00980957
6 Reddit_A.txt 0.0249034 0.00757124 0.0173322
7 Reddit_A.txt 0.0209535 0.0072612 0.0136923
8 Reddit_A.txt 0.0218441 0.00688441 0.0149596
9 Reddit_A.txt 0.0232662 0.00646752 0.0167987
10 Reddit_A.txt 0.021578 0.00617533 0.0154027
11 Reddit_A.txt 0.0296704 0.00606713 0.0236032
12 Reddit_A.txt 0.0302651 0.00607206 0.024193
13 Reddit_A.txt 0.0288942 0.00613461 0.0227596
14 Reddit_A.txt 0.0304193 0.00613476 0.0242845
15 Reddit_A.txt 0.0400379 0.00603028 0.0340076
16 Reddit_A.txt 0.0350676 0.00600646 0.0290611
17 Reddit_A.txt 0.0351506 0.0059131 0.0292375
18 Reddit_A.txt 0.0438359 0.00646885 0.037367
19 Reddit_A.txt 0.0413759 0.00652841 0.0348475
20 Reddit_A.txt 0.0409141 0.00694806 0.0339661
21 Reddit_A.txt 0.046237 0.00703057 0.0392064
22 Reddit_A.txt 0.0500126 0.00759864 0.042414
23 Reddit_A.txt 0.0501323 0.00789377 0.0422386
24 Reddit_A.txt 0.0606098 0.008085 0.0525248
25 Reddit_A.txt 0.0633067 0.008248 0.0550587
26 Reddit_A.txt 0.0641359 0.00833323 0.0558026
27 Reddit_A.txt 0.0692802 0.00841415 0.060866
28 Reddit_A.txt 0.0629631 0.00894824 0.0540148
29 Reddit_A.txt 0.0648729 0.00915698 0.0557159
30 Reddit_A.txt 0.078453 0.00938465 0.0690683
31 Reddit_A.txt 0.0670951 0.00956318 0.057532
32 Reddit_A.txt 0.0872246 0.00979482 0.0774297
33 Reddit_A.txt 0.0883363 0.0100562 0.0782801
34 Reddit_A.txt 0.0763789 0.0103466 0.0660323
35 Reddit_A.txt 0.0818039 0.0106631 0.0711408
36 Reddit_A.txt 0.0797886 0.0107253 0.0690633
37 Reddit_A.txt 0.0797424 0.0107278 0.0690146
38 Reddit_A.txt 0.0817959 0.0104193 0.0713766
39 Reddit_A.txt 0.0812953 0.0103454 0.0709499
40 Reddit_A.txt 0.0915652 0.00991767 0.0816476
41 Reddit_A.txt 0.09084 0.0100137 0.0808264
42 Reddit_A.txt 0.0962435 0.0100046 0.0862388
43 Reddit_A.txt 0.0937485 0.00992457 0.0838239
44 Reddit_A.txt 0.105203 0.00984348 0.0953596
45 Reddit_A.txt 0.101573 0.00985213 0.0917205
46 Reddit_A.txt 0.0931195 0.00966403 0.0834555
47 Reddit_A.txt 0.238774 0.00959439 0.22918
TACC:  Shutdown complete. Exiting. 
