TACC:  Starting up job 10066049 
TACC:  Starting parallel tasks... 
0 Reddit_feat_L1.txt 0.000671071 0.000479399 0.000191672
1 Reddit_feat_L1.txt 0.000530607 0.000342416 0.000188191
2 Reddit_feat_L1.txt 0.00072712 0.000518103 0.000209017
3 Reddit_feat_L1.txt 0.000517158 0.000335228 0.00018193
4 Reddit_feat_L1.txt 0.000634848 0.000452119 0.000182729
5 Reddit_feat_L1.txt 0.000456559 0.000270008 0.000186551
6 Reddit_feat_L1.txt 0.000776435 0.000568099 0.000208336
7 Reddit_feat_L1.txt 0.000603791 0.00036104 0.000242751
8 Reddit_feat_L1.txt 0.000650967 0.000439756 0.000211211
9 Reddit_feat_L1.txt 0.000560197 0.000357777 0.00020242
10 Reddit_feat_L1.txt 0.000679832 0.00049418 0.000185652
11 Reddit_feat_L1.txt 0.000527482 0.000317577 0.000209905
12 Reddit_feat_L1.txt 0.000694066 0.000499051 0.000195015
13 Reddit_feat_L1.txt 0.000574435 0.000333456 0.000240979
14 Reddit_feat_L1.txt 0.000874807 0.000650531 0.000224276
15 Reddit_feat_L1.txt 0.000608757 0.000403218 0.000205539
16 Reddit_feat_L1.txt 0.000687328 0.000455707 0.000231621
17 Reddit_feat_L1.txt 0.000617515 0.000403144 0.000214371
18 Reddit_feat_L1.txt 0.000627959 0.000404992 0.000222967
19 Reddit_feat_L1.txt 0.000500149 0.000283007 0.000217142
20 Reddit_feat_L1.txt 0.000679545 0.000475254 0.000204291
21 Reddit_feat_L1.txt 0.000501886 0.00031109 0.000190796
22 Reddit_feat_L1.txt 0.000807982 0.000615306 0.000192676
23 Reddit_feat_L1.txt 0.000510491 0.000313258 0.000197233
24 Reddit_feat_L1.txt 0.000735314 0.00051418 0.000221134
25 Reddit_feat_L1.txt 0.000572513 0.000306147 0.000266366
26 Reddit_feat_L1.txt 0.000759406 0.000533305 0.000226101
27 Reddit_feat_L1.txt 0.000571647 0.000339436 0.000232211
28 Reddit_feat_L1.txt 0.000738238 0.000531241 0.000206997
29 Reddit_feat_L1.txt 0.000581916 0.000351373 0.000230543
30 Reddit_feat_L1.txt 0.00081288 0.000587247 0.000225633
31 Reddit_feat_L1.txt 0.000559657 0.000341846 0.000217811
32 Reddit_feat_L1.txt 0.000726757 0.000487662 0.000239095
33 Reddit_feat_L1.txt 0.000583907 0.000358102 0.000225805
34 Reddit_feat_L1.txt 0.000737205 0.000516068 0.000221137
35 Reddit_feat_L1.txt 0.000544176 0.000341678 0.000202498
36 Reddit_feat_L1.txt 0.000662597 0.000458638 0.000203959
37 Reddit_feat_L1.txt 0.000483075 0.000281392 0.000201683
38 Reddit_feat_L1.txt 0.000777355 0.00057622 0.000201135
39 Reddit_feat_L1.txt 0.000595025 0.000369206 0.000225819
40 Reddit_feat_L1.txt 0.000692808 0.000447534 0.000245274
41 Reddit_feat_L1.txt 0.000579829 0.000371611 0.000208218
42 Reddit_feat_L1.txt 0.000702921 0.000483334 0.000219587
43 Reddit_feat_L1.txt 0.00052696 0.000310197 0.000216763
44 Reddit_feat_L1.txt 0.000698434 0.000484364 0.00021407
45 Reddit_feat_L1.txt 0.000561293 0.000325901 0.000235392
46 Reddit_feat_L1.txt 0.000843163 0.000624447 0.000218716
47 Reddit_feat_L1.txt 0.000622917 0.000390363 0.000232554
48 Reddit_feat_L1.txt 0.000648073 0.000446736 0.000201337
49 Reddit_feat_L1.txt 0.000579917 0.000394176 0.000185741
50 Reddit_feat_L1.txt 0.000639098 0.000432846 0.000206252
51 Reddit_feat_L1.txt 0.000502465 0.000313053 0.000189412
52 Reddit_feat_L1.txt 0.000686938 0.000495099 0.000191839
53 Reddit_feat_L1.txt 0.000531007 0.000339734 0.000191273
54 Reddit_feat_L1.txt 0.000796047 0.000610969 0.000185078
55 Reddit_feat_L1.txt 0.000547314 0.00034959 0.000197724
56 Reddit_feat_L1.txt 0.000761109 0.000521895 0.000239214
57 Reddit_feat_L1.txt 0.000521695 0.000296489 0.000225206
58 Reddit_feat_L1.txt 0.00073514 0.00052004 0.0002151
59 Reddit_feat_L1.txt 0.000567538 0.000343339 0.000224199
60 Reddit_feat_L1.txt 0.000745388 0.000534988 0.0002104
61 Reddit_feat_L1.txt 0.000563664 0.000346433 0.000217231
62 Reddit_feat_L1.txt 0.000835375 0.000603694 0.000231681
63 Reddit_feat_L1.txt 0.000571547 0.000341171 0.000230376
64 Reddit_feat_L1.txt 0.00065043 0.00045426 0.00019617
65 Reddit_feat_L1.txt 0.00048226 0.000288075 0.000194185
66 Reddit_feat_L1.txt 0.000630001 0.000436898 0.000193103
67 Reddit_feat_L1.txt 0.000507965 0.000269645 0.00023832
68 Reddit_feat_L1.txt 0.000687067 0.0004422 0.000244867
69 Reddit_feat_L1.txt 0.000494977 0.000261842 0.000233135
70 Reddit_feat_L1.txt 0.000776605 0.000557368 0.000219237
71 Reddit_feat_L1.txt 0.000490369 0.000266343 0.000224026
72 Reddit_feat_L1.txt 0.000648497 0.000420669 0.000227828
73 Reddit_feat_L1.txt 0.000494676 0.000268734 0.000225942
74 Reddit_feat_L1.txt 0.000652902 0.000426814 0.000226088
75 Reddit_feat_L1.txt 0.000514389 0.000261668 0.000252721
76 Reddit_feat_L1.txt 0.000677867 0.000437034 0.000240833
77 Reddit_feat_L1.txt 0.000521915 0.000269343 0.000252572
78 Reddit_feat_L1.txt 0.000855508 0.000583591 0.000271917
79 Reddit_feat_L1.txt 0.00049572 0.000276583 0.000219137
80 Reddit_feat_L1.txt 0.000630757 0.000435313 0.000195444
81 Reddit_feat_L1.txt 0.000463019 0.000278187 0.000184832
82 Reddit_feat_L1.txt 0.000631714 0.000426024 0.00020569
83 Reddit_feat_L1.txt 0.000457238 0.000264704 0.000192534
84 Reddit_feat_L1.txt 0.000655907 0.000453463 0.000202444
85 Reddit_feat_L1.txt 0.000485473 0.00027744 0.000208033
86 Reddit_feat_L1.txt 0.000816502 0.000561097 0.000255405
87 Reddit_feat_L1.txt 0.000515463 0.00027957 0.000235893
88 Reddit_feat_L1.txt 0.000689704 0.00044859 0.000241114
89 Reddit_feat_L1.txt 0.000515297 0.000278395 0.000236902
90 Reddit_feat_L1.txt 0.000645101 0.000424763 0.000220338
91 Reddit_feat_L1.txt 0.000457848 0.00026013 0.000197718
92 Reddit_feat_L1.txt 0.000666792 0.000430068 0.000236724
93 Reddit_feat_L1.txt 0.000485758 0.000262205 0.000223553
94 Reddit_feat_L1.txt 0.000796521 0.000570784 0.000225737
95 Reddit_feat_L1.txt 0.000506717 0.000265067 0.00024165
0 Reddit_A.txt 0.00855488 0.0078207 0.000734178
1 Reddit_A.txt 0.0091128 0.00776637 0.00134643
2 Reddit_A.txt 0.0112723 0.00782352 0.00344877
3 Reddit_A.txt 0.0121354 0.00782488 0.00431055
4 Reddit_A.txt 0.0109105 0.00776908 0.00314138
5 Reddit_A.txt 0.0152437 0.00781367 0.00743003
6 Reddit_A.txt 0.0128845 0.00785781 0.00502665
7 Reddit_A.txt 0.0135722 0.0079004 0.00567178
8 Reddit_A.txt 0.0135836 0.00794507 0.00563856
9 Reddit_A.txt 0.016561 0.00794182 0.00861914
10 Reddit_A.txt 0.0120739 0.00792391 0.00414996
11 Reddit_A.txt 0.0147209 0.00797878 0.00674208
12 Reddit_A.txt 0.0170258 0.00801773 0.00900811
13 Reddit_A.txt 0.0150213 0.00806506 0.00695626
14 Reddit_A.txt 0.0165595 0.00811141 0.00844805
15 Reddit_A.txt 0.0175105 0.0081082 0.00940226
16 Reddit_A.txt 0.0164126 0.00806024 0.00835238
17 Reddit_A.txt 0.0164356 0.0080154 0.00842023
18 Reddit_A.txt 0.0146404 0.00796749 0.00667287
19 Reddit_A.txt 0.0156558 0.00792235 0.00773345
20 Reddit_A.txt 0.0198021 0.00786784 0.0119343
21 Reddit_A.txt 0.0160784 0.00784747 0.0082309
22 Reddit_A.txt 0.0225197 0.00779974 0.01472
23 Reddit_A.txt 0.018338 0.00777605 0.0105619
24 Reddit_A.txt 0.0187455 0.00780935 0.0109361
25 Reddit_A.txt 0.0194415 0.00786609 0.0115754
26 Reddit_A.txt 0.0221744 0.00791192 0.0142624
27 Reddit_A.txt 0.0227195 0.00790921 0.0148103
28 Reddit_A.txt 0.0235065 0.00786235 0.0156442
29 Reddit_A.txt 0.0191277 0.00781639 0.0113113
30 Reddit_A.txt 0.0234613 0.00775979 0.0157016
31 Reddit_A.txt 0.0232442 0.00778356 0.0154607
32 Reddit_A.txt 0.0252454 0.00778439 0.017461
33 Reddit_A.txt 0.0250945 0.00779459 0.0172999
34 Reddit_A.txt 0.0223628 0.00783963 0.0145232
35 Reddit_A.txt 0.025675 0.00788665 0.0177883
36 Reddit_A.txt 0.0263412 0.00793013 0.018411
37 Reddit_A.txt 0.0280867 0.007978 0.0201087
38 Reddit_A.txt 0.0308312 0.00802083 0.0228104
39 Reddit_A.txt 0.0260343 0.00801933 0.018015
40 Reddit_A.txt 0.025434 0.00797514 0.0174588
41 Reddit_A.txt 0.0264228 0.00792972 0.0184931
42 Reddit_A.txt 0.0264163 0.00788499 0.0185313
43 Reddit_A.txt 0.0289536 0.00784087 0.0211127
44 Reddit_A.txt 0.037642 0.00778717 0.0298549
45 Reddit_A.txt 0.0281927 0.00774683 0.0204459
46 Reddit_A.txt 0.0329511 0.00770002 0.0252511
47 Reddit_A.txt 0.0291598 0.00765744 0.0215024
48 Reddit_A.txt 0.0389264 0.00760429 0.0313221
49 Reddit_A.txt 0.0288007 0.00758851 0.0212122
50 Reddit_A.txt 0.0436067 0.00763559 0.0359711
51 Reddit_A.txt 0.0358422 0.00765822 0.028184
52 Reddit_A.txt 0.0399095 0.00770046 0.032209
53 Reddit_A.txt 0.0365682 0.00773888 0.0288293
54 Reddit_A.txt 0.0361805 0.00778803 0.0283925
55 Reddit_A.txt 0.0406196 0.00783847 0.0327811
56 Reddit_A.txt 0.040144 0.00788316 0.0322608
57 Reddit_A.txt 0.0382805 0.00788192 0.0303986
58 Reddit_A.txt 0.0374995 0.00783771 0.0296618
59 Reddit_A.txt 0.0387675 0.00779241 0.0309751
60 Reddit_A.txt 0.0354345 0.00774054 0.027694
61 Reddit_A.txt 0.0494592 0.00769096 0.0417682
62 Reddit_A.txt 0.0403058 0.00765132 0.0326545
63 Reddit_A.txt 0.0413272 0.00762328 0.0337039
64 Reddit_A.txt 0.0514802 0.00758351 0.0438967
65 Reddit_A.txt 0.0462594 0.00754045 0.038719
66 Reddit_A.txt 0.0487837 0.0075021 0.0412816
67 Reddit_A.txt 0.0452749 0.00746227 0.0378127
68 Reddit_A.txt 0.043569 0.00742033 0.0361487
69 Reddit_A.txt 0.0445183 0.00745076 0.0370675
70 Reddit_A.txt 0.0513258 0.00749051 0.0438353
71 Reddit_A.txt 0.0425969 0.00753902 0.0350579
72 Reddit_A.txt 0.0430235 0.0075825 0.035441
73 Reddit_A.txt 0.0459088 0.00763325 0.0382755
74 Reddit_A.txt 0.0503536 0.00768041 0.0426731
75 Reddit_A.txt 0.0435795 0.00768058 0.035899
76 Reddit_A.txt 0.0452086 0.00770175 0.0375069
77 Reddit_A.txt 0.0473962 0.00775249 0.0396437
78 Reddit_A.txt 0.0469359 0.00779865 0.0391372
79 Reddit_A.txt 0.04347 0.0078579 0.0356121
80 Reddit_A.txt 0.0450626 0.00790469 0.0371579
81 Reddit_A.txt 0.0538051 0.00790589 0.0458992
82 Reddit_A.txt 0.0480267 0.00789913 0.0401275
83 Reddit_A.txt 0.0600875 0.00792623 0.0521613
84 Reddit_A.txt 0.0491374 0.00792373 0.0412137
85 Reddit_A.txt 0.055266 0.00795716 0.0473088
86 Reddit_A.txt 0.0580226 0.00795811 0.0500644
87 Reddit_A.txt 0.0462794 0.0079449 0.0383345
88 Reddit_A.txt 0.0627141 0.00792889 0.0547852
89 Reddit_A.txt 0.0484742 0.00795665 0.0405175
90 Reddit_A.txt 0.0543439 0.0079604 0.0463835
91 Reddit_A.txt 0.0582647 0.00793079 0.0503339
92 Reddit_A.txt 0.0591269 0.00789776 0.0512292
93 Reddit_A.txt 0.0529793 0.0078766 0.0451027
94 Reddit_A.txt 0.203817 0.00782518 0.195992
95 Reddit_A.txt 0.0593945 0.00782463 0.0515698
TACC:  Shutdown complete. Exiting. 
