TACC:  Starting up job 10024559 
TACC:  Starting parallel tasks... 
0 Reddit_feat_L1.txt 0.00140497 0.00127142 0.000133545
1 Reddit_feat_L1.txt 0.00143779 0.00128329 0.000154498
2 Reddit_feat_L1.txt 0.00148947 0.00134601 0.000143456
3 Reddit_feat_L1.txt 0.00148574 0.0013576 0.00012814
4 Reddit_feat_L1.txt 0.00149233 0.00134814 0.000144191
5 Reddit_feat_L1.txt 0.0015006 0.00134993 0.000150668
6 Reddit_feat_L1.txt 0.00144618 0.0013165 0.000129679
7 Reddit_feat_L1.txt 0.00153403 0.0013964 0.000137623
8 Reddit_feat_L1.txt 0.00154076 0.00138814 0.000152621
9 Reddit_feat_L1.txt 0.00158737 0.00145641 0.000130956
10 Reddit_feat_L1.txt 0.00155506 0.00142487 0.000130184
11 Reddit_feat_L1.txt 0.00149962 0.00135484 0.000144779
12 Reddit_feat_L1.txt 0.00161227 0.00145645 0.000155826
13 Reddit_feat_L1.txt 0.00150075 0.00136755 0.0001332
14 Reddit_feat_L1.txt 0.00152002 0.00137818 0.000141838
15 Reddit_feat_L1.txt 0.00158922 0.00142805 0.000161171
16 Reddit_feat_L1.txt 0.00147731 0.00133879 0.00013852
17 Reddit_feat_L1.txt 0.00147084 0.00133468 0.000136152
18 Reddit_feat_L1.txt 0.00150181 0.00135139 0.000150423
19 Reddit_feat_L1.txt 0.00154851 0.00140304 0.000145469
20 Reddit_feat_L1.txt 0.00158616 0.00144498 0.000141182
21 Reddit_feat_L1.txt 0.00147803 0.00134285 0.000135178
22 Reddit_feat_L1.txt 0.00153359 0.00137797 0.000155626
23 Reddit_feat_L1.txt 0.00156655 0.00141051 0.000156038
24 Reddit_feat_L1.txt 0.00148992 0.00137981 0.000110109
25 Reddit_feat_L1.txt 0.00158686 0.00147712 0.000109736
26 Reddit_feat_L1.txt 0.00159199 0.00147202 0.000119971
27 Reddit_feat_L1.txt 0.00159799 0.00146302 0.000134969
28 Reddit_feat_L1.txt 0.0015299 0.00139991 0.000129986
29 Reddit_feat_L1.txt 0.00160331 0.00147781 0.0001255
30 Reddit_feat_L1.txt 0.00157633 0.00146332 0.00011301
31 Reddit_feat_L1.txt 0.00162077 0.00148713 0.000133639
32 Reddit_feat_L1.txt 0.0014044 0.00126088 0.000143524
33 Reddit_feat_L1.txt 0.00142842 0.00130233 0.000126089
34 Reddit_feat_L1.txt 0.00145322 0.00133954 0.000113681
35 Reddit_feat_L1.txt 0.00147922 0.001338 0.000141218
36 Reddit_feat_L1.txt 0.00138755 0.00126957 0.000117981
37 Reddit_feat_L1.txt 0.00140409 0.00128311 0.000120979
38 Reddit_feat_L1.txt 0.001512 0.00138907 0.00012293
39 Reddit_feat_L1.txt 0.00148886 0.00137305 0.000115807
40 Reddit_feat_L1.txt 0.00149882 0.00138529 0.000113528
41 Reddit_feat_L1.txt 0.00153458 0.00141986 0.000114716
42 Reddit_feat_L1.txt 0.00144694 0.00132434 0.000122602
43 Reddit_feat_L1.txt 0.00155299 0.00143873 0.000114259
44 Reddit_feat_L1.txt 0.00150221 0.00139041 0.000111799
45 Reddit_feat_L1.txt 0.00151773 0.00138611 0.000131621
46 Reddit_feat_L1.txt 0.00148109 0.00135408 0.000127017
47 Reddit_feat_L1.txt 0.00150305 0.00137833 0.000124714
48 Reddit_feat_L1.txt 0.00148803 0.00133555 0.000152483
49 Reddit_feat_L1.txt 0.00144852 0.00132499 0.000123535
50 Reddit_feat_L1.txt 0.00155708 0.0014163 0.000140786
51 Reddit_feat_L1.txt 0.00151905 0.00136638 0.00015267
52 Reddit_feat_L1.txt 0.00149715 0.00134414 0.000153014
53 Reddit_feat_L1.txt 0.00152595 0.00138307 0.000142888
54 Reddit_feat_L1.txt 0.00150154 0.00135644 0.000145102
55 Reddit_feat_L1.txt 0.00155873 0.00141444 0.00014429
56 Reddit_feat_L1.txt 0.00156139 0.00142903 0.000132368
57 Reddit_feat_L1.txt 0.00153561 0.00137712 0.000158485
58 Reddit_feat_L1.txt 0.0015515 0.00141081 0.000140686
59 Reddit_feat_L1.txt 0.00156883 0.0014224 0.000146433
60 Reddit_feat_L1.txt 0.00153575 0.00139717 0.000138581
61 Reddit_feat_L1.txt 0.00154917 0.00139388 0.000155289
62 Reddit_feat_L1.txt 0.00155269 0.00141072 0.000141969
63 Reddit_feat_L1.txt 0.00156667 0.00143183 0.000134848
64 Reddit_feat_L1.txt 0.00156911 0.00141867 0.00015044
65 Reddit_feat_L1.txt 0.00153731 0.00137464 0.000162669
66 Reddit_feat_L1.txt 0.00152288 0.00137952 0.000143358
67 Reddit_feat_L1.txt 0.00162415 0.00147287 0.000151274
68 Reddit_feat_L1.txt 0.00155606 0.00138895 0.000167112
69 Reddit_feat_L1.txt 0.00156606 0.00141547 0.000150588
70 Reddit_feat_L1.txt 0.00163893 0.00150978 0.000129153
71 Reddit_feat_L1.txt 0.00158217 0.00144429 0.000137876
72 Reddit_feat_L1.txt 0.00145104 0.00132685 0.000124193
73 Reddit_feat_L1.txt 0.00152621 0.00139823 0.000127986
74 Reddit_feat_L1.txt 0.00149453 0.00137655 0.000117977
75 Reddit_feat_L1.txt 0.00147721 0.00134049 0.000136723
76 Reddit_feat_L1.txt 0.00144423 0.00132871 0.000115516
77 Reddit_feat_L1.txt 0.00161792 0.00149812 0.000119805
78 Reddit_feat_L1.txt 0.00151394 0.00138001 0.000133939
79 Reddit_feat_L1.txt 0.00149433 0.00134784 0.000146486
80 Reddit_feat_L1.txt 0.00132891 0.00118437 0.000144545
81 Reddit_feat_L1.txt 0.00137207 0.00122776 0.000144315
82 Reddit_feat_L1.txt 0.00134184 0.00121384 0.000127992
83 Reddit_feat_L1.txt 0.00141084 0.00128227 0.000128567
84 Reddit_feat_L1.txt 0.00135857 0.00122472 0.000133849
85 Reddit_feat_L1.txt 0.00146775 0.00133986 0.000127892
86 Reddit_feat_L1.txt 0.00147412 0.00135991 0.000114214
87 Reddit_feat_L1.txt 0.00145548 0.00131934 0.000136144
88 Reddit_feat_L1.txt 0.00136858 0.00123119 0.000137387
89 Reddit_feat_L1.txt 0.00145338 0.00133778 0.000115601
90 Reddit_feat_L1.txt 0.00155275 0.00142197 0.000130775
91 Reddit_feat_L1.txt 0.00143004 0.00129376 0.000136281
92 Reddit_feat_L1.txt 0.0014953 0.00135164 0.000143663
93 Reddit_feat_L1.txt 0.00152535 0.00139185 0.000133505
94 Reddit_feat_L1.txt 0.00160311 0.00146012 0.000142993
95 Reddit_feat_L1.txt 0.00148437 0.0013506 0.000133771
96 Reddit_feat_L1.txt 0.00141953 0.00127842 0.000141107
97 Reddit_feat_L1.txt 0.00139812 0.00127769 0.000120426
98 Reddit_feat_L1.txt 0.0013316 0.00121611 0.000115495
99 Reddit_feat_L1.txt 0.00142141 0.00130844 0.000112974
100 Reddit_feat_L1.txt 0.00157493 0.00145083 0.000124108
101 Reddit_feat_L1.txt 0.00156562 0.00143706 0.000128567
102 Reddit_feat_L1.txt 0.0016028 0.00149307 0.000109729
103 Reddit_feat_L1.txt 0.00138277 0.00125424 0.000128536
104 Reddit_feat_L1.txt 0.00157741 0.00146016 0.000117254
105 Reddit_feat_L1.txt 0.00153412 0.00141937 0.00011475
106 Reddit_feat_L1.txt 0.00152485 0.00140123 0.000123624
107 Reddit_feat_L1.txt 0.00156861 0.00144944 0.00011917
108 Reddit_feat_L1.txt 0.00138031 0.00127724 0.00010307
109 Reddit_feat_L1.txt 0.00162917 0.00151345 0.000115717
110 Reddit_feat_L1.txt 0.00141215 0.00129705 0.000115097
111 Reddit_feat_L1.txt 0.00154558 0.00142412 0.00012146
112 Reddit_feat_L1.txt 0.00148404 0.00135443 0.000129603
113 Reddit_feat_L1.txt 0.00140323 0.001252 0.00015123
114 Reddit_feat_L1.txt 0.00146277 0.00132101 0.000141765
115 Reddit_feat_L1.txt 0.00161469 0.00146878 0.000145908
116 Reddit_feat_L1.txt 0.00147169 0.001356 0.000115686
117 Reddit_feat_L1.txt 0.00157729 0.00144962 0.000127667
118 Reddit_feat_L1.txt 0.00144376 0.0013084 0.000135359
119 Reddit_feat_L1.txt 0.00151842 0.00138095 0.000137464
120 Reddit_feat_L1.txt 0.00143701 0.00130926 0.000127758
121 Reddit_feat_L1.txt 0.00138781 0.00125989 0.000127917
122 Reddit_feat_L1.txt 0.00145848 0.00133318 0.0001253
123 Reddit_feat_L1.txt 0.00151595 0.00137544 0.000140502
124 Reddit_feat_L1.txt 0.00152464 0.00139343 0.000131214
125 Reddit_feat_L1.txt 0.00157905 0.00144621 0.000132839
126 Reddit_feat_L1.txt 0.00142026 0.00127503 0.000145236
127 Reddit_feat_L1.txt 0.00154589 0.00141523 0.000130659
128 Reddit_feat_L1.txt 0.00136281 0.00123779 0.000125023
129 Reddit_feat_L1.txt 0.00127326 0.00115234 0.000120922
130 Reddit_feat_L1.txt 0.00133026 0.00120727 0.000122989
131 Reddit_feat_L1.txt 0.00145552 0.00133924 0.000116276
132 Reddit_feat_L1.txt 0.00143481 0.00132023 0.000114585
133 Reddit_feat_L1.txt 0.00137244 0.00124699 0.000125447
134 Reddit_feat_L1.txt 0.00142796 0.00130928 0.00011868
135 Reddit_feat_L1.txt 0.00144979 0.00131642 0.000133369
136 Reddit_feat_L1.txt 0.00133351 0.00117929 0.000154216
137 Reddit_feat_L1.txt 0.00148588 0.00134664 0.000139241
138 Reddit_feat_L1.txt 0.00146429 0.00131959 0.0001447
139 Reddit_feat_L1.txt 0.00154121 0.00139863 0.000142582
140 Reddit_feat_L1.txt 0.00148566 0.0013543 0.000131363
141 Reddit_feat_L1.txt 0.00138555 0.0012477 0.000137852
142 Reddit_feat_L1.txt 0.00135096 0.00122526 0.000125708
143 Reddit_feat_L1.txt 0.00140854 0.00126258 0.000145953
144 Reddit_feat_L1.txt 0.00147891 0.00133171 0.000147205
145 Reddit_feat_L1.txt 0.00153452 0.00140349 0.000131027
146 Reddit_feat_L1.txt 0.00156829 0.00143864 0.000129644
147 Reddit_feat_L1.txt 0.00158804 0.00144251 0.000145529
148 Reddit_feat_L1.txt 0.00150775 0.00137487 0.000132879
149 Reddit_feat_L1.txt 0.00151952 0.00138591 0.000133609
150 Reddit_feat_L1.txt 0.00150553 0.00136754 0.000137991
151 Reddit_feat_L1.txt 0.00162036 0.00146471 0.000155654
152 Reddit_feat_L1.txt 0.0015285 0.00137852 0.000149982
153 Reddit_feat_L1.txt 0.00154013 0.00139597 0.00014416
154 Reddit_feat_L1.txt 0.00161644 0.00144667 0.000169771
155 Reddit_feat_L1.txt 0.00159324 0.00141852 0.000174715
156 Reddit_feat_L1.txt 0.00157828 0.0014267 0.00015158
157 Reddit_feat_L1.txt 0.00163549 0.00146827 0.000167218
158 Reddit_feat_L1.txt 0.0015848 0.00143184 0.000152952
159 Reddit_feat_L1.txt 0.00158949 0.00145216 0.000137331
160 Reddit_feat_L1.txt 0.0015487 0.00142299 0.000125705
161 Reddit_feat_L1.txt 0.00157181 0.00144478 0.000127033
162 Reddit_feat_L1.txt 0.00156277 0.00144803 0.000114743
163 Reddit_feat_L1.txt 0.00158069 0.0014707 0.000109992
164 Reddit_feat_L1.txt 0.00155508 0.00141947 0.000135607
165 Reddit_feat_L1.txt 0.00158855 0.00146049 0.000128062
166 Reddit_feat_L1.txt 0.00157583 0.00145941 0.000116423
167 Reddit_feat_L1.txt 0.00159211 0.00145626 0.000135852
168 Reddit_feat_L1.txt 0.00157151 0.00145385 0.000117656
169 Reddit_feat_L1.txt 0.00156703 0.00144889 0.000118135
170 Reddit_feat_L1.txt 0.00156749 0.00144969 0.000117791
171 Reddit_feat_L1.txt 0.00158827 0.00146897 0.000119295
172 Reddit_feat_L1.txt 0.00160448 0.00147583 0.000128656
173 Reddit_feat_L1.txt 0.00160911 0.00146472 0.000144395
174 Reddit_feat_L1.txt 0.00158994 0.00143216 0.000157773
175 Reddit_feat_L1.txt 0.00163489 0.00148907 0.000145818
176 Reddit_feat_L1.txt 0.00150244 0.00136082 0.000141613
177 Reddit_feat_L1.txt 0.0015119 0.00136773 0.000144173
178 Reddit_feat_L1.txt 0.00145834 0.00131032 0.000148024
179 Reddit_feat_L1.txt 0.0015247 0.00138931 0.00013539
180 Reddit_feat_L1.txt 0.00151267 0.00136211 0.000150557
181 Reddit_feat_L1.txt 0.00148882 0.00136476 0.000124064
182 Reddit_feat_L1.txt 0.00154088 0.00140904 0.000131847
183 Reddit_feat_L1.txt 0.0015869 0.00146576 0.000121138
184 Reddit_feat_L1.txt 0.00156117 0.00145658 0.00010459
185 Reddit_feat_L1.txt 0.00151791 0.00137528 0.000142627
186 Reddit_feat_L1.txt 0.00156614 0.0014274 0.00013874
187 Reddit_feat_L1.txt 0.0015329 0.00139859 0.00013432
188 Reddit_feat_L1.txt 0.00154864 0.00141782 0.000130816
189 Reddit_feat_L1.txt 0.00150859 0.00137408 0.000134516
190 Reddit_feat_L1.txt 0.00154735 0.00140876 0.000138588
191 Reddit_feat_L1.txt 0.00171316 0.0014325 0.00028066
0 Reddit_A.txt 0.00993769 0.00948321 0.000454477
1 Reddit_A.txt 0.0102713 0.00948384 0.000787469
2 Reddit_A.txt 0.0105362 0.00950367 0.0010325
3 Reddit_A.txt 0.0106051 0.00953683 0.00106827
4 Reddit_A.txt 0.0115963 0.00956634 0.00202995
5 Reddit_A.txt 0.0112061 0.0095905 0.00161556
6 Reddit_A.txt 0.0123635 0.00962388 0.00273967
7 Reddit_A.txt 0.0130162 0.00965062 0.00336559
8 Reddit_A.txt 0.0117988 0.00966686 0.00213198
9 Reddit_A.txt 0.0122145 0.00969582 0.00251867
10 Reddit_A.txt 0.0146211 0.00971796 0.0049031
11 Reddit_A.txt 0.0149124 0.00974426 0.00516815
12 Reddit_A.txt 0.0137167 0.00976799 0.00394868
13 Reddit_A.txt 0.0129391 0.00979565 0.00314348
14 Reddit_A.txt 0.0136669 0.00981345 0.00385348
15 Reddit_A.txt 0.0138768 0.00984715 0.00402966
16 Reddit_A.txt 0.0126848 0.00986655 0.00281825
17 Reddit_A.txt 0.0124072 0.00989327 0.00251396
18 Reddit_A.txt 0.0148255 0.00991989 0.00490556
19 Reddit_A.txt 0.0166399 0.0099455 0.00669439
20 Reddit_A.txt 0.0124503 0.00996939 0.00248093
21 Reddit_A.txt 0.0134305 0.0099979 0.00343257
22 Reddit_A.txt 0.0135862 0.0100232 0.00356308
23 Reddit_A.txt 0.0162272 0.0100483 0.00617891
24 Reddit_A.txt 0.0159185 0.0100457 0.00587277
25 Reddit_A.txt 0.0163888 0.0100191 0.00636972
26 Reddit_A.txt 0.0158127 0.00999273 0.00581996
27 Reddit_A.txt 0.0143453 0.00997082 0.00437446
28 Reddit_A.txt 0.0145897 0.00994045 0.00464924
29 Reddit_A.txt 0.0144595 0.00991735 0.00454214
30 Reddit_A.txt 0.0183263 0.00988764 0.00843867
31 Reddit_A.txt 0.0152767 0.00986595 0.00541075
32 Reddit_A.txt 0.0156503 0.00983743 0.00581288
33 Reddit_A.txt 0.0164932 0.00981543 0.00667772
34 Reddit_A.txt 0.0156549 0.0097866 0.00586825
35 Reddit_A.txt 0.0163172 0.00976101 0.00655621
36 Reddit_A.txt 0.014472 0.00973484 0.00473716
37 Reddit_A.txt 0.0156331 0.00971563 0.00591749
38 Reddit_A.txt 0.016098 0.00968298 0.00641503
39 Reddit_A.txt 0.0160328 0.00965904 0.00637379
40 Reddit_A.txt 0.0160528 0.00963154 0.00642122
41 Reddit_A.txt 0.0171205 0.00960199 0.00751854
42 Reddit_A.txt 0.0155888 0.00958326 0.0060055
43 Reddit_A.txt 0.0168349 0.00955867 0.00727627
44 Reddit_A.txt 0.0194914 0.00952753 0.00996386
45 Reddit_A.txt 0.0198267 0.00952639 0.0103003
46 Reddit_A.txt 0.0173296 0.00955254 0.00777702
47 Reddit_A.txt 0.0177053 0.00957639 0.00812896
48 Reddit_A.txt 0.0173195 0.00958599 0.00773353
49 Reddit_A.txt 0.018969 0.00961397 0.00935498
50 Reddit_A.txt 0.0179222 0.00963927 0.00828297
51 Reddit_A.txt 0.0190767 0.00967354 0.00940318
52 Reddit_A.txt 0.0177928 0.00969667 0.0080961
53 Reddit_A.txt 0.0183793 0.00973093 0.00864838
54 Reddit_A.txt 0.0183058 0.00975895 0.00854687
55 Reddit_A.txt 0.0236864 0.00975572 0.0139307
56 Reddit_A.txt 0.0198879 0.00977528 0.0101126
57 Reddit_A.txt 0.0226456 0.0098076 0.012838
58 Reddit_A.txt 0.0195631 0.0098299 0.00973322
59 Reddit_A.txt 0.0176387 0.00985496 0.00778377
60 Reddit_A.txt 0.0217059 0.00988124 0.0118246
61 Reddit_A.txt 0.021692 0.00991127 0.0117807
62 Reddit_A.txt 0.0215652 0.00993684 0.0116284
63 Reddit_A.txt 0.0216348 0.00996127 0.0116735
64 Reddit_A.txt 0.0217273 0.00998631 0.011741
65 Reddit_A.txt 0.0196069 0.0100126 0.00959435
66 Reddit_A.txt 0.0214099 0.0100397 0.0113702
67 Reddit_A.txt 0.0239195 0.0100624 0.0138572
68 Reddit_A.txt 0.0203389 0.0100885 0.0102503
69 Reddit_A.txt 0.0218891 0.0101144 0.0117746
70 Reddit_A.txt 0.0229873 0.0101415 0.0128459
71 Reddit_A.txt 0.0246372 0.0101681 0.0144691
72 Reddit_A.txt 0.0236461 0.0101684 0.0134777
73 Reddit_A.txt 0.0239737 0.0101422 0.0138315
74 Reddit_A.txt 0.0257632 0.0101169 0.0156463
75 Reddit_A.txt 0.0229127 0.0100932 0.0128195
76 Reddit_A.txt 0.0209637 0.0100646 0.0108991
77 Reddit_A.txt 0.0268159 0.0100461 0.0167697
78 Reddit_A.txt 0.0246131 0.010024 0.0145892
79 Reddit_A.txt 0.0236172 0.00999167 0.0136255
80 Reddit_A.txt 0.0225943 0.00996313 0.0126312
81 Reddit_A.txt 0.0243922 0.00994445 0.0144477
82 Reddit_A.txt 0.0260756 0.00991579 0.0161598
83 Reddit_A.txt 0.021481 0.009885 0.011596
84 Reddit_A.txt 0.0245316 0.00986082 0.0146708
85 Reddit_A.txt 0.0232395 0.00983611 0.0134034
86 Reddit_A.txt 0.0242013 0.00981419 0.0143871
87 Reddit_A.txt 0.026011 0.00978629 0.0162247
88 Reddit_A.txt 0.0247377 0.00976203 0.0149757
89 Reddit_A.txt 0.0308726 0.00973111 0.0211415
90 Reddit_A.txt 0.0234263 0.00969209 0.0137342
91 Reddit_A.txt 0.0262863 0.0096706 0.0166157
92 Reddit_A.txt 0.0292341 0.00964481 0.0195892
93 Reddit_A.txt 0.0260468 0.00962059 0.0164262
94 Reddit_A.txt 0.0255894 0.00959011 0.0159992
95 Reddit_A.txt 0.0252688 0.00960208 0.0156668
96 Reddit_A.txt 0.0304988 0.00959667 0.0209022
97 Reddit_A.txt 0.0302555 0.00957854 0.0206769
98 Reddit_A.txt 0.0244671 0.00954786 0.0149192
99 Reddit_A.txt 0.0251598 0.00952219 0.0156376
100 Reddit_A.txt 0.02541 0.00950173 0.0159083
101 Reddit_A.txt 0.0378065 0.00947637 0.0283301
102 Reddit_A.txt 0.0300838 0.00944459 0.0206392
103 Reddit_A.txt 0.0284623 0.00941905 0.0190432
104 Reddit_A.txt 0.02484 0.0093916 0.0154484
105 Reddit_A.txt 0.0376655 0.00940255 0.028263
106 Reddit_A.txt 0.0266694 0.00942159 0.0172478
107 Reddit_A.txt 0.0329237 0.00945996 0.0234637
108 Reddit_A.txt 0.0267938 0.00947707 0.0173167
109 Reddit_A.txt 0.031934 0.00950356 0.0224304
110 Reddit_A.txt 0.0277487 0.00953498 0.0182137
111 Reddit_A.txt 0.0364811 0.00956499 0.0269161
112 Reddit_A.txt 0.0290376 0.00959156 0.0194461
113 Reddit_A.txt 0.0301667 0.00961856 0.0205481
114 Reddit_A.txt 0.0320946 0.00964887 0.0224457
115 Reddit_A.txt 0.030279 0.0096652 0.0206138
116 Reddit_A.txt 0.0298353 0.00969334 0.0201419
117 Reddit_A.txt 0.0331298 0.00971506 0.0234148
118 Reddit_A.txt 0.0302605 0.00974367 0.0205168
119 Reddit_A.txt 0.0358089 0.00976713 0.0260417
120 Reddit_A.txt 0.0290449 0.00976237 0.0192825
121 Reddit_A.txt 0.0309063 0.00973556 0.0211707
122 Reddit_A.txt 0.0356667 0.0097123 0.0259544
123 Reddit_A.txt 0.0423631 0.00968859 0.0326745
124 Reddit_A.txt 0.0321999 0.00966442 0.0225354
125 Reddit_A.txt 0.0298645 0.00963843 0.0202261
126 Reddit_A.txt 0.0337584 0.00961149 0.0241469
127 Reddit_A.txt 0.0361776 0.00958323 0.0265944
128 Reddit_A.txt 0.0425492 0.00956575 0.0329834
129 Reddit_A.txt 0.0396593 0.00953143 0.0301279
130 Reddit_A.txt 0.0343986 0.00950998 0.0248886
131 Reddit_A.txt 0.0414878 0.00947645 0.0320113
132 Reddit_A.txt 0.0431118 0.00945422 0.0336576
133 Reddit_A.txt 0.0333384 0.00942789 0.0239105
134 Reddit_A.txt 0.0359515 0.00940642 0.026545
135 Reddit_A.txt 0.0358267 0.00937534 0.0264514
136 Reddit_A.txt 0.0346542 0.00934855 0.0253056
137 Reddit_A.txt 0.0313281 0.00932304 0.0220051
138 Reddit_A.txt 0.0356923 0.00930798 0.0263843
139 Reddit_A.txt 0.0375536 0.00934648 0.0282071
140 Reddit_A.txt 0.0503049 0.00937235 0.0409326
141 Reddit_A.txt 0.0310673 0.00940089 0.0216664
142 Reddit_A.txt 0.0325105 0.00943109 0.0230794
143 Reddit_A.txt 0.0379001 0.00945972 0.0284404
144 Reddit_A.txt 0.0378734 0.00948026 0.0283931
145 Reddit_A.txt 0.0319863 0.00950914 0.0224772
146 Reddit_A.txt 0.0366769 0.00953333 0.0271436
147 Reddit_A.txt 0.0376679 0.0095524 0.0281155
148 Reddit_A.txt 0.0434723 0.00957295 0.0338993
149 Reddit_A.txt 0.0335437 0.00959377 0.0239499
150 Reddit_A.txt 0.0323449 0.00961731 0.0227276
151 Reddit_A.txt 0.0406298 0.00963777 0.030992
152 Reddit_A.txt 0.039729 0.00967056 0.0300585
153 Reddit_A.txt 0.0372174 0.00968703 0.0275304
154 Reddit_A.txt 0.0383755 0.00970765 0.0286679
155 Reddit_A.txt 0.0389075 0.00972468 0.0291828
156 Reddit_A.txt 0.0418666 0.00974489 0.0321217
157 Reddit_A.txt 0.0365504 0.0097618 0.0267886
158 Reddit_A.txt 0.035344 0.00978406 0.02556
159 Reddit_A.txt 0.03866 0.00980231 0.0288577
160 Reddit_A.txt 0.0358977 0.00980277 0.0260949
161 Reddit_A.txt 0.0367576 0.00980343 0.0269542
162 Reddit_A.txt 0.0410876 0.00980471 0.0312829
163 Reddit_A.txt 0.0441666 0.00978786 0.0343787
164 Reddit_A.txt 0.042377 0.00978738 0.0325897
165 Reddit_A.txt 0.0362587 0.00978683 0.0264719
166 Reddit_A.txt 0.0483748 0.00979859 0.0385762
167 Reddit_A.txt 0.0465589 0.00982387 0.036735
168 Reddit_A.txt 0.043461 0.00982609 0.0336349
169 Reddit_A.txt 0.0413587 0.00979819 0.0315605
170 Reddit_A.txt 0.0450424 0.00977081 0.0352716
171 Reddit_A.txt 0.0469432 0.00974589 0.0371973
172 Reddit_A.txt 0.0384143 0.0097302 0.0286841
173 Reddit_A.txt 0.051258 0.00970718 0.0415508
174 Reddit_A.txt 0.0386859 0.00969155 0.0289944
175 Reddit_A.txt 0.0418727 0.00970177 0.032171
176 Reddit_A.txt 0.0485038 0.00970118 0.0388026
177 Reddit_A.txt 0.0561885 0.00968165 0.0465068
178 Reddit_A.txt 0.0358695 0.00965827 0.0262112
179 Reddit_A.txt 0.0482082 0.00963733 0.0385708
180 Reddit_A.txt 0.0482225 0.00961563 0.0386068
181 Reddit_A.txt 0.0442288 0.00959309 0.0346358
182 Reddit_A.txt 0.0492626 0.00957173 0.0396908
183 Reddit_A.txt 0.049387 0.00955084 0.0398361
184 Reddit_A.txt 0.0486881 0.00953468 0.0391534
185 Reddit_A.txt 0.0460044 0.00951527 0.0364891
186 Reddit_A.txt 0.0456303 0.00949371 0.0361365
187 Reddit_A.txt 0.0473033 0.00947497 0.0378284
188 Reddit_A.txt 0.163644 0.00946452 0.15418
189 Reddit_A.txt 0.123387 0.00946373 0.113924
190 Reddit_A.txt 0.0702279 0.00942448 0.0608034
191 Reddit_A.txt 0.0287506 0.00948311 0.0192675
TACC:  Shutdown complete. Exiting. 
