TACC:  Starting up job 10024559 
TACC:  Starting parallel tasks... 
0 Reddit_feat_L2.txt 0.00282531 0.00183594 0.000989371
1 Reddit_feat_L2.txt 0.00206022 0.00127503 0.000785188
2 Reddit_feat_L2.txt 0.00251892 0.00172187 0.000797056
3 Reddit_feat_L2.txt 0.0019332 0.001292 0.000641202
4 Reddit_feat_L2.txt 0.00232216 0.00134725 0.000974906
5 Reddit_feat_L2.txt 0.00208041 0.00137811 0.0007023
6 Reddit_feat_L2.txt 0.00272182 0.00190823 0.000813586
7 Reddit_feat_L2.txt 0.00261005 0.00129909 0.00131096
8 Reddit_feat_L2.txt 0.00292025 0.00216846 0.000751787
9 Reddit_feat_L2.txt 0.00205126 0.00116414 0.000887126
10 Reddit_feat_L2.txt 0.00347559 0.00217229 0.0013033
11 Reddit_feat_L2.txt 0.00259732 0.00128741 0.00130991
12 Reddit_feat_L2.txt 0.00315235 0.00215186 0.00100048
13 Reddit_feat_L2.txt 0.00190471 0.0012108 0.000693909
14 Reddit_feat_L2.txt 0.00291401 0.00211705 0.000796958
15 Reddit_feat_L2.txt 0.00194927 0.00115379 0.000795487
16 Reddit_feat_L2.txt 0.0024857 0.00208697 0.000398735
17 Reddit_feat_L2.txt 0.00162764 0.00124553 0.000382117
18 Reddit_feat_L2.txt 0.00255138 0.0022795 0.000271882
19 Reddit_feat_L2.txt 0.00183409 0.00120211 0.000631986
20 Reddit_feat_L2.txt 0.00256332 0.00218074 0.000382577
21 Reddit_feat_L2.txt 0.00156825 0.0011729 0.000395353
22 Reddit_feat_L2.txt 0.00237234 0.00201056 0.000361773
23 Reddit_feat_L2.txt 0.00241105 0.00131448 0.00109658
24 Reddit_feat_L2.txt 0.0034571 0.00230379 0.00115331
25 Reddit_feat_L2.txt 0.00230846 0.00116503 0.00114343
26 Reddit_feat_L2.txt 0.00272962 0.00215252 0.000577098
27 Reddit_feat_L2.txt 0.00164781 0.00130036 0.000347447
28 Reddit_feat_L2.txt 0.00250011 0.00211867 0.000381434
29 Reddit_feat_L2.txt 0.00161643 0.00126548 0.000350955
30 Reddit_feat_L2.txt 0.00252451 0.0021685 0.000356006
31 Reddit_feat_L2.txt 0.00156355 0.00128822 0.000275331
32 Reddit_feat_L2.txt 0.00222579 0.00192953 0.000296257
33 Reddit_feat_L2.txt 0.00156567 0.00128139 0.000284277
34 Reddit_feat_L2.txt 0.00224765 0.0019265 0.000321152
35 Reddit_feat_L2.txt 0.00164701 0.00123092 0.000416089
36 Reddit_feat_L2.txt 0.00221145 0.00193538 0.000276065
37 Reddit_feat_L2.txt 0.0016163 0.00131279 0.00030351
38 Reddit_feat_L2.txt 0.00211349 0.00189755 0.000215943
39 Reddit_feat_L2.txt 0.00152975 0.00127768 0.000252066
40 Reddit_feat_L2.txt 0.00260984 0.00228524 0.000324592
41 Reddit_feat_L2.txt 0.00148458 0.0011774 0.000307178
42 Reddit_feat_L2.txt 0.00259119 0.00228182 0.000309368
43 Reddit_feat_L2.txt 0.00161469 0.00133472 0.000279973
44 Reddit_feat_L2.txt 0.00253484 0.00220552 0.000329315
45 Reddit_feat_L2.txt 0.00172108 0.00130249 0.000418586
46 Reddit_feat_L2.txt 0.00253222 0.00228582 0.000246404
47 Reddit_feat_L2.txt 0.00159268 0.00119729 0.000395391
48 Reddit_feat_L2.txt 0.00185464 0.00155815 0.000296489
49 Reddit_feat_L2.txt 0.00161596 0.00119113 0.00042483
50 Reddit_feat_L2.txt 0.00197199 0.00157256 0.000399431
51 Reddit_feat_L2.txt 0.00155122 0.00125163 0.000299583
52 Reddit_feat_L2.txt 0.00173861 0.00149328 0.000245333
53 Reddit_feat_L2.txt 0.00146525 0.00125787 0.000207381
54 Reddit_feat_L2.txt 0.00182331 0.00160647 0.000216837
55 Reddit_feat_L2.txt 0.00138245 0.00120338 0.000179069
56 Reddit_feat_L2.txt 0.00246883 0.00213558 0.000333251
57 Reddit_feat_L2.txt 0.00143663 0.00120853 0.000228102
58 Reddit_feat_L2.txt 0.00256778 0.00231824 0.000249539
59 Reddit_feat_L2.txt 0.00159117 0.00125732 0.000333851
60 Reddit_feat_L2.txt 0.00228937 0.00201072 0.000278648
61 Reddit_feat_L2.txt 0.00144905 0.00120147 0.000247581
62 Reddit_feat_L2.txt 0.00234496 0.00214626 0.000198699
63 Reddit_feat_L2.txt 0.001509 0.00124407 0.000264927
64 Reddit_feat_L2.txt 0.00208675 0.00184644 0.000240304
65 Reddit_feat_L2.txt 0.00151134 0.0012704 0.000240935
66 Reddit_feat_L2.txt 0.00208859 0.00178668 0.000301911
67 Reddit_feat_L2.txt 0.00166374 0.00129418 0.00036956
68 Reddit_feat_L2.txt 0.00159056 0.0013642 0.000226358
69 Reddit_feat_L2.txt 0.00146298 0.00126852 0.000194455
70 Reddit_feat_L2.txt 0.00210044 0.00185994 0.000240499
71 Reddit_feat_L2.txt 0.0014671 0.0012303 0.000236802
72 Reddit_feat_L2.txt 0.00249025 0.00224916 0.000241086
73 Reddit_feat_L2.txt 0.00153725 0.00131744 0.000219806
74 Reddit_feat_L2.txt 0.00240184 0.00212091 0.000280925
75 Reddit_feat_L2.txt 0.00154788 0.00129697 0.000250908
76 Reddit_feat_L2.txt 0.00273513 0.00232344 0.000411694
77 Reddit_feat_L2.txt 0.00144062 0.00122083 0.000219791
78 Reddit_feat_L2.txt 0.00243822 0.00210604 0.000332178
79 Reddit_feat_L2.txt 0.0015454 0.00124756 0.000297838
80 Reddit_feat_L2.txt 0.00231554 0.0020797 0.000235842
81 Reddit_feat_L2.txt 0.00139341 0.00124973 0.000143676
82 Reddit_feat_L2.txt 0.00256014 0.00240012 0.000160024
83 Reddit_feat_L2.txt 0.00159357 0.00130554 0.000288035
84 Reddit_feat_L2.txt 0.00232607 0.00209654 0.000229524
85 Reddit_feat_L2.txt 0.00145238 0.00128525 0.000167129
86 Reddit_feat_L2.txt 0.00221833 0.00205755 0.000160782
87 Reddit_feat_L2.txt 0.0015972 0.00125916 0.000338033
88 Reddit_feat_L2.txt 0.00233354 0.00217202 0.000161521
89 Reddit_feat_L2.txt 0.00169496 0.00123869 0.000456273
90 Reddit_feat_L2.txt 0.0024112 0.00205541 0.000355797
91 Reddit_feat_L2.txt 0.00145724 0.00129666 0.000160588
92 Reddit_feat_L2.txt 0.00232275 0.0021571 0.00016565
93 Reddit_feat_L2.txt 0.00147794 0.00128766 0.000190277
94 Reddit_feat_L2.txt 0.00251491 0.00219483 0.000320084
95 Reddit_feat_L2.txt 0.0016279 0.00124073 0.000387171
96 Reddit_feat_L2.txt 0.00217628 0.00193006 0.000246226
97 Reddit_feat_L2.txt 0.00148094 0.0012312 0.000249737
98 Reddit_feat_L2.txt 0.0022484 0.00189852 0.000349875
99 Reddit_feat_L2.txt 0.00147237 0.00123077 0.000241598
100 Reddit_feat_L2.txt 0.00211675 0.00191589 0.000200862
101 Reddit_feat_L2.txt 0.00144211 0.00130231 0.000139809
102 Reddit_feat_L2.txt 0.00227222 0.001971 0.000301212
103 Reddit_feat_L2.txt 0.00162801 0.00125718 0.000370829
104 Reddit_feat_L2.txt 0.00262154 0.00222183 0.000399716
105 Reddit_feat_L2.txt 0.00157594 0.00122363 0.000352314
106 Reddit_feat_L2.txt 0.00247232 0.00225796 0.000214362
107 Reddit_feat_L2.txt 0.00144516 0.00126499 0.000180178
108 Reddit_feat_L2.txt 0.00256245 0.00233954 0.00022291
109 Reddit_feat_L2.txt 0.00156151 0.00128196 0.00027955
110 Reddit_feat_L2.txt 0.00243527 0.00224605 0.000189224
111 Reddit_feat_L2.txt 0.00138835 0.00125636 0.000131992
112 Reddit_feat_L2.txt 0.00197344 0.00152431 0.000449133
113 Reddit_feat_L2.txt 0.00140712 0.00125618 0.000150941
114 Reddit_feat_L2.txt 0.00175431 0.0015904 0.000163908
115 Reddit_feat_L2.txt 0.00152808 0.00126142 0.000266663
116 Reddit_feat_L2.txt 0.00166716 0.00145865 0.000208512
117 Reddit_feat_L2.txt 0.00144501 0.00125669 0.000188312
118 Reddit_feat_L2.txt 0.00196908 0.00175684 0.00021224
119 Reddit_feat_L2.txt 0.00145383 0.00125235 0.000201484
120 Reddit_feat_L2.txt 0.00239927 0.00216107 0.000238192
121 Reddit_feat_L2.txt 0.00149455 0.00123173 0.000262813
122 Reddit_feat_L2.txt 0.00253112 0.00232108 0.000210037
123 Reddit_feat_L2.txt 0.00140844 0.0012902 0.000118239
124 Reddit_feat_L2.txt 0.00222592 0.001999 0.000226924
125 Reddit_feat_L2.txt 0.00144795 0.00125182 0.000196131
126 Reddit_feat_L2.txt 0.0023481 0.00214233 0.000205769
127 Reddit_feat_L2.txt 0.00139906 0.0012588 0.000140261
128 Reddit_feat_L2.txt 0.00199533 0.0018403 0.000155033
129 Reddit_feat_L2.txt 0.00146446 0.00127242 0.000192037
130 Reddit_feat_L2.txt 0.00203207 0.00179703 0.000235042
131 Reddit_feat_L2.txt 0.00143392 0.00128428 0.000149639
132 Reddit_feat_L2.txt 0.0018304 0.00140613 0.000424271
133 Reddit_feat_L2.txt 0.00147257 0.00130518 0.000167385
134 Reddit_feat_L2.txt 0.00205787 0.00189196 0.000165908
135 Reddit_feat_L2.txt 0.00165069 0.00127371 0.00037698
136 Reddit_feat_L2.txt 0.00230768 0.0021413 0.000166382
137 Reddit_feat_L2.txt 0.00158708 0.00127374 0.000313347
138 Reddit_feat_L2.txt 0.00235689 0.00208019 0.0002767
139 Reddit_feat_L2.txt 0.00159063 0.00131978 0.000270847
140 Reddit_feat_L2.txt 0.00240262 0.00224264 0.000159982
141 Reddit_feat_L2.txt 0.00145555 0.00124407 0.000211485
142 Reddit_feat_L2.txt 0.00257303 0.00216411 0.00040892
143 Reddit_feat_L2.txt 0.00138155 0.00123106 0.000150491
144 Reddit_feat_L2.txt 0.00229896 0.00213112 0.00016784
145 Reddit_feat_L2.txt 0.00133742 0.0011788 0.000158619
146 Reddit_feat_L2.txt 0.00257175 0.00239699 0.000174761
147 Reddit_feat_L2.txt 0.00145732 0.00128105 0.000176273
148 Reddit_feat_L2.txt 0.00221512 0.00204709 0.000168027
149 Reddit_feat_L2.txt 0.00139235 0.00120191 0.00019044
150 Reddit_feat_L2.txt 0.00219281 0.0020554 0.000137405
151 Reddit_feat_L2.txt 0.00133165 0.00119054 0.000141114
152 Reddit_feat_L2.txt 0.00231684 0.00214165 0.000175183
153 Reddit_feat_L2.txt 0.00144545 0.00119739 0.00024806
154 Reddit_feat_L2.txt 0.00229317 0.00210439 0.000188779
155 Reddit_feat_L2.txt 0.00143425 0.00127342 0.000160827
156 Reddit_feat_L2.txt 0.00225429 0.00207784 0.000176454
157 Reddit_feat_L2.txt 0.00149564 0.00129464 0.000201006
158 Reddit_feat_L2.txt 0.00237512 0.00217399 0.000201129
159 Reddit_feat_L2.txt 0.00145911 0.00125507 0.000204038
160 Reddit_feat_L2.txt 0.00199455 0.00186242 0.000132132
161 Reddit_feat_L2.txt 0.00144887 0.00122757 0.000221298
162 Reddit_feat_L2.txt 0.00209222 0.00187656 0.000215658
163 Reddit_feat_L2.txt 0.00142975 0.00128105 0.0001487
164 Reddit_feat_L2.txt 0.00180943 0.0016366 0.000172826
165 Reddit_feat_L2.txt 0.00178294 0.00126211 0.000520838
166 Reddit_feat_L2.txt 0.00221375 0.00202901 0.000184738
167 Reddit_feat_L2.txt 0.00141934 0.00124097 0.000178378
168 Reddit_feat_L2.txt 0.00247718 0.00226949 0.00020769
169 Reddit_feat_L2.txt 0.00139894 0.00125121 0.000147733
170 Reddit_feat_L2.txt 0.00234454 0.00216671 0.000177828
171 Reddit_feat_L2.txt 0.00143119 0.00126202 0.000169165
172 Reddit_feat_L2.txt 0.00251381 0.00233104 0.000182772
173 Reddit_feat_L2.txt 0.0014198 0.00126709 0.000152708
174 Reddit_feat_L2.txt 0.00272709 0.00224746 0.00047963
175 Reddit_feat_L2.txt 0.00143232 0.00124361 0.000188709
176 Reddit_feat_L2.txt 0.00184737 0.00165681 0.000190561
177 Reddit_feat_L2.txt 0.00148417 0.00127762 0.000206546
178 Reddit_feat_L2.txt 0.00204977 0.00162462 0.000425145
179 Reddit_feat_L2.txt 0.00176703 0.00133805 0.00042898
180 Reddit_feat_L2.txt 0.00168239 0.00152891 0.000153483
181 Reddit_feat_L2.txt 0.00151965 0.00130781 0.000211843
182 Reddit_feat_L2.txt 0.00188162 0.00167601 0.000205612
183 Reddit_feat_L2.txt 0.00143097 0.00125955 0.000171417
184 Reddit_feat_L2.txt 0.00233885 0.00217817 0.000160679
185 Reddit_feat_L2.txt 0.00140964 0.00124693 0.00016271
186 Reddit_feat_L2.txt 0.00231701 0.00210739 0.000209623
187 Reddit_feat_L2.txt 0.00151553 0.00133176 0.000183766
188 Reddit_feat_L2.txt 0.00220131 0.00201231 0.000189003
189 Reddit_feat_L2.txt 0.00143125 0.00129622 0.000135032
190 Reddit_feat_L2.txt 0.00231919 0.00218172 0.000137463
191 Reddit_feat_L2.txt 0.001412 0.00123824 0.00017376
0 Reddit_A.txt 0.0229232 0.0217938 0.00112942
1 Reddit_A.txt 0.0235951 0.0216981 0.00189698
2 Reddit_A.txt 0.0239904 0.0215388 0.00245154
3 Reddit_A.txt 0.0240674 0.0215371 0.00253029
4 Reddit_A.txt 0.0262996 0.0215953 0.00470436
5 Reddit_A.txt 0.0253121 0.0216639 0.00364823
6 Reddit_A.txt 0.0281336 0.0217218 0.00641176
7 Reddit_A.txt 0.0300998 0.0217721 0.00832767
8 Reddit_A.txt 0.0267305 0.0218391 0.00489141
9 Reddit_A.txt 0.0277633 0.0219121 0.00585115
10 Reddit_A.txt 0.0337677 0.0219534 0.0118143
11 Reddit_A.txt 0.0344666 0.0220189 0.0124477
12 Reddit_A.txt 0.0314213 0.0220742 0.00934704
13 Reddit_A.txt 0.0294342 0.0221354 0.0072988
14 Reddit_A.txt 0.0312453 0.0221959 0.0090494
15 Reddit_A.txt 0.0315563 0.0222548 0.00930147
16 Reddit_A.txt 0.0286599 0.0223191 0.00634083
17 Reddit_A.txt 0.027894 0.022374 0.00551999
18 Reddit_A.txt 0.0338747 0.0224342 0.0114405
19 Reddit_A.txt 0.0381796 0.0225092 0.0156705
20 Reddit_A.txt 0.0280461 0.0225577 0.00548847
21 Reddit_A.txt 0.0302611 0.0226222 0.00763891
22 Reddit_A.txt 0.030581 0.0226898 0.00789121
23 Reddit_A.txt 0.0366869 0.0227468 0.0139401
24 Reddit_A.txt 0.037032 0.0227399 0.014292
25 Reddit_A.txt 0.0380827 0.0226826 0.0154002
26 Reddit_A.txt 0.0358213 0.022622 0.0131993
27 Reddit_A.txt 0.032025 0.0225637 0.00946137
28 Reddit_A.txt 0.0330934 0.022497 0.0105964
29 Reddit_A.txt 0.0323278 0.0224333 0.00989457
30 Reddit_A.txt 0.0421145 0.0223732 0.0197412
31 Reddit_A.txt 0.0344661 0.0223161 0.01215
32 Reddit_A.txt 0.035765 0.0222601 0.0135049
33 Reddit_A.txt 0.0372982 0.022197 0.0151011
34 Reddit_A.txt 0.0350738 0.0221348 0.012939
35 Reddit_A.txt 0.0369475 0.0220746 0.0148729
36 Reddit_A.txt 0.0324028 0.0220074 0.0103954
37 Reddit_A.txt 0.0351327 0.0219523 0.0131804
38 Reddit_A.txt 0.0362129 0.0218879 0.014325
39 Reddit_A.txt 0.035848 0.0218086 0.0140394
40 Reddit_A.txt 0.0361243 0.021735 0.0143893
41 Reddit_A.txt 0.0386789 0.021674 0.0170048
42 Reddit_A.txt 0.0347109 0.0216121 0.0130988
43 Reddit_A.txt 0.0378126 0.0215463 0.0162663
44 Reddit_A.txt 0.0440741 0.0214973 0.0225768
45 Reddit_A.txt 0.0455485 0.0214187 0.0241297
46 Reddit_A.txt 0.0389555 0.0213633 0.0175922
47 Reddit_A.txt 0.0396917 0.0212909 0.0184008
48 Reddit_A.txt 0.0382803 0.0212278 0.0170524
49 Reddit_A.txt 0.0425874 0.0211463 0.0214411
50 Reddit_A.txt 0.039792 0.0211269 0.0186651
51 Reddit_A.txt 0.042589 0.0211878 0.0214012
52 Reddit_A.txt 0.0394495 0.0212536 0.018196
53 Reddit_A.txt 0.040826 0.0213219 0.0195041
54 Reddit_A.txt 0.0405773 0.0213777 0.0191996
55 Reddit_A.txt 0.0539889 0.0214431 0.0325457
56 Reddit_A.txt 0.0448563 0.0214997 0.0233566
57 Reddit_A.txt 0.0519225 0.0215657 0.0303568
58 Reddit_A.txt 0.0436824 0.021626 0.0220564
59 Reddit_A.txt 0.0387295 0.0216944 0.0170351
60 Reddit_A.txt 0.0492614 0.0217461 0.0275153
61 Reddit_A.txt 0.0500324 0.0218051 0.0282273
62 Reddit_A.txt 0.0484792 0.0218652 0.026614
63 Reddit_A.txt 0.0486627 0.0219208 0.0267418
64 Reddit_A.txt 0.0492648 0.0219796 0.0272852
65 Reddit_A.txt 0.0437199 0.0220426 0.0216773
66 Reddit_A.txt 0.0478721 0.0220965 0.0257755
67 Reddit_A.txt 0.0550168 0.0221664 0.0328503
68 Reddit_A.txt 0.0454855 0.022224 0.0232615
69 Reddit_A.txt 0.0494615 0.022282 0.0271795
70 Reddit_A.txt 0.0524701 0.0223552 0.0301149
71 Reddit_A.txt 0.0552026 0.0224058 0.0327968
72 Reddit_A.txt 0.0542585 0.0224066 0.0318519
73 Reddit_A.txt 0.0546061 0.0223518 0.0322543
74 Reddit_A.txt 0.0596129 0.0222879 0.037325
75 Reddit_A.txt 0.0519747 0.0222218 0.0297529
76 Reddit_A.txt 0.0470238 0.0221639 0.0248599
77 Reddit_A.txt 0.0619327 0.0221079 0.0398248
78 Reddit_A.txt 0.0558621 0.0220527 0.0338094
79 Reddit_A.txt 0.0535373 0.0219825 0.0315547
80 Reddit_A.txt 0.0510654 0.0219251 0.0291403
81 Reddit_A.txt 0.0556817 0.0218691 0.0338125
82 Reddit_A.txt 0.0601286 0.0218093 0.0383193
83 Reddit_A.txt 0.0478425 0.021748 0.0260945
84 Reddit_A.txt 0.05548 0.0216886 0.0337914
85 Reddit_A.txt 0.053277 0.021627 0.03165
86 Reddit_A.txt 0.0551982 0.0215568 0.0336414
87 Reddit_A.txt 0.0597836 0.0214939 0.0382897
88 Reddit_A.txt 0.056032 0.0214374 0.0345946
89 Reddit_A.txt 0.0717487 0.0213706 0.0503781
90 Reddit_A.txt 0.0532519 0.0213062 0.0319457
91 Reddit_A.txt 0.0603311 0.0212972 0.0390339
92 Reddit_A.txt 0.0683724 0.0213747 0.0469978
93 Reddit_A.txt 0.0600241 0.0214272 0.038597
94 Reddit_A.txt 0.0591967 0.0214884 0.0377083
95 Reddit_A.txt 0.058402 0.0215548 0.0368473
96 Reddit_A.txt 0.0723253 0.0215734 0.0507519
97 Reddit_A.txt 0.0721342 0.0216505 0.0504836
98 Reddit_A.txt 0.0567205 0.0217146 0.035006
99 Reddit_A.txt 0.0588601 0.0217702 0.0370899
100 Reddit_A.txt 0.0589716 0.0218305 0.0371411
101 Reddit_A.txt 0.091039 0.0219146 0.0691244
102 Reddit_A.txt 0.0720099 0.0219697 0.0500402
103 Reddit_A.txt 0.0678199 0.0220351 0.0457847
104 Reddit_A.txt 0.0576863 0.022104 0.0355824
105 Reddit_A.txt 0.0909422 0.0221627 0.0687795
106 Reddit_A.txt 0.0628519 0.0222316 0.0406203
107 Reddit_A.txt 0.0784133 0.0222981 0.0561152
108 Reddit_A.txt 0.0633207 0.0223573 0.0409634
109 Reddit_A.txt 0.0766704 0.0224173 0.0542531
110 Reddit_A.txt 0.0658612 0.0224781 0.0433831
111 Reddit_A.txt 0.0874577 0.0225436 0.0649141
112 Reddit_A.txt 0.0690252 0.0226143 0.0464109
113 Reddit_A.txt 0.0716324 0.0226691 0.0489633
114 Reddit_A.txt 0.0770874 0.0227207 0.0543666
115 Reddit_A.txt 0.0721973 0.0227904 0.0494069
116 Reddit_A.txt 0.0711824 0.02286 0.0483224
117 Reddit_A.txt 0.0793172 0.0229253 0.0563918
118 Reddit_A.txt 0.0722105 0.0229904 0.0492201
119 Reddit_A.txt 0.0857963 0.0230455 0.0627508
120 Reddit_A.txt 0.0688849 0.0230434 0.0458415
121 Reddit_A.txt 0.0738566 0.0229801 0.0508765
122 Reddit_A.txt 0.0863435 0.0229127 0.0634307
123 Reddit_A.txt 0.103584 0.0228461 0.0807375
124 Reddit_A.txt 0.0784595 0.0227903 0.0556692
125 Reddit_A.txt 0.0715939 0.0227302 0.0488637
126 Reddit_A.txt 0.0813356 0.0226688 0.0586668
127 Reddit_A.txt 0.0871099 0.0226105 0.0644994
128 Reddit_A.txt 0.10375 0.0225427 0.0812075
129 Reddit_A.txt 0.0957293 0.0224906 0.0732387
130 Reddit_A.txt 0.082146 0.0224139 0.0597321
131 Reddit_A.txt 0.100744 0.0223539 0.0783905
132 Reddit_A.txt 0.104357 0.0222831 0.0820735
133 Reddit_A.txt 0.0805198 0.0222171 0.0583028
134 Reddit_A.txt 0.0867159 0.0221583 0.0645576
135 Reddit_A.txt 0.0857182 0.0220861 0.0636321
136 Reddit_A.txt 0.0843812 0.0220364 0.0623449
137 Reddit_A.txt 0.0748824 0.0219448 0.0529376
138 Reddit_A.txt 0.0857359 0.0218887 0.0638473
139 Reddit_A.txt 0.0914557 0.0218165 0.0696392
140 Reddit_A.txt 0.123756 0.0217552 0.102001
141 Reddit_A.txt 0.0744397 0.0216976 0.0527421
142 Reddit_A.txt 0.077384 0.021627 0.055757
143 Reddit_A.txt 0.0912986 0.0215962 0.0697024
144 Reddit_A.txt 0.0910652 0.021662 0.0694031
145 Reddit_A.txt 0.0752345 0.0217014 0.0535331
146 Reddit_A.txt 0.0877978 0.0217505 0.0660473
147 Reddit_A.txt 0.0902498 0.0218139 0.0684359
148 Reddit_A.txt 0.105623 0.021867 0.083756
149 Reddit_A.txt 0.0795478 0.0219197 0.057628
150 Reddit_A.txt 0.0763051 0.0219807 0.0543244
151 Reddit_A.txt 0.0968856 0.0220311 0.0748545
152 Reddit_A.txt 0.0948703 0.0220831 0.0727872
153 Reddit_A.txt 0.0881257 0.0221289 0.0659968
154 Reddit_A.txt 0.0923992 0.0221685 0.0702306
155 Reddit_A.txt 0.0934109 0.022213 0.0711979
156 Reddit_A.txt 0.100067 0.0222658 0.0778013
157 Reddit_A.txt 0.0879568 0.0223137 0.065643
158 Reddit_A.txt 0.0847792 0.0223618 0.0624173
159 Reddit_A.txt 0.0918322 0.022433 0.0693992
160 Reddit_A.txt 0.0851541 0.0224777 0.0626764
161 Reddit_A.txt 0.0878091 0.0225074 0.0653017
162 Reddit_A.txt 0.099684 0.0225479 0.0771361
163 Reddit_A.txt 0.106904 0.0225991 0.0843053
164 Reddit_A.txt 0.103321 0.0226722 0.0806491
165 Reddit_A.txt 0.087154 0.0227341 0.0644198
166 Reddit_A.txt 0.11689 0.0227901 0.0940997
167 Reddit_A.txt 0.112593 0.0228529 0.0897403
168 Reddit_A.txt 0.106185 0.0228489 0.0833357
169 Reddit_A.txt 0.100775 0.0227897 0.0779855
170 Reddit_A.txt 0.109943 0.0227275 0.0872156
171 Reddit_A.txt 0.114172 0.0226653 0.0915068
172 Reddit_A.txt 0.0937767 0.0226005 0.0711762
173 Reddit_A.txt 0.126376 0.0225323 0.103844
174 Reddit_A.txt 0.0940017 0.0224731 0.0715286
175 Reddit_A.txt 0.100807 0.0224088 0.0783981
176 Reddit_A.txt 0.119322 0.0223301 0.0969918
177 Reddit_A.txt 0.137714 0.022289 0.115425
178 Reddit_A.txt 0.08682 0.0222305 0.0645895
179 Reddit_A.txt 0.118278 0.0221793 0.096099
180 Reddit_A.txt 0.11869 0.0221341 0.0965558
181 Reddit_A.txt 0.10783 0.0220782 0.0857515
182 Reddit_A.txt 0.121447 0.0220348 0.0994123
183 Reddit_A.txt 0.119951 0.0219745 0.0979769
184 Reddit_A.txt 0.120045 0.0219303 0.0981147
185 Reddit_A.txt 0.111294 0.0219726 0.0893211
186 Reddit_A.txt 0.110356 0.0219701 0.0883855
187 Reddit_A.txt 0.113646 0.0219143 0.0917317
188 Reddit_A.txt 0.410106 0.0218579 0.388248
189 Reddit_A.txt 0.312831 0.0218151 0.291016
190 Reddit_A.txt 0.177835 0.0216568 0.156178
191 Reddit_A.txt 0.0734978 0.0218008 0.051697
TACC:  Shutdown complete. Exiting. 
