TACC:  Starting up job 10024559 
TACC:  Starting parallel tasks... 
0 Reddit_feat_L1.txt 0.00136182 0.00124318 0.00011864
1 Reddit_feat_L1.txt 0.00147013 0.00133235 0.000137779
2 Reddit_feat_L1.txt 0.00134618 0.00121923 0.000126946
3 Reddit_feat_L1.txt 0.00138878 0.0012659 0.000122873
4 Reddit_feat_L1.txt 0.0013834 0.00125672 0.00012668
5 Reddit_feat_L1.txt 0.00145903 0.00131499 0.000144033
6 Reddit_feat_L1.txt 0.00138388 0.00125823 0.000125655
7 Reddit_feat_L1.txt 0.00147034 0.00133864 0.0001317
8 Reddit_feat_L1.txt 0.00141413 0.00127963 0.000134507
9 Reddit_feat_L1.txt 0.00137446 0.00124939 0.000125069
10 Reddit_feat_L1.txt 0.00147543 0.00135066 0.000124766
11 Reddit_feat_L1.txt 0.00141996 0.0012813 0.000138667
12 Reddit_feat_L1.txt 0.00142747 0.00127822 0.000149251
13 Reddit_feat_L1.txt 0.00141052 0.00128282 0.000127701
14 Reddit_feat_L1.txt 0.00141005 0.00127447 0.000135575
15 Reddit_feat_L1.txt 0.00158714 0.00143286 0.00015428
16 Reddit_feat_L1.txt 0.00139796 0.00126524 0.000132725
17 Reddit_feat_L1.txt 0.00138495 0.00125432 0.00013063
18 Reddit_feat_L1.txt 0.00141313 0.00126895 0.000144181
19 Reddit_feat_L1.txt 0.00146524 0.00132593 0.000139314
20 Reddit_feat_L1.txt 0.00141026 0.00127539 0.000134872
21 Reddit_feat_L1.txt 0.0014527 0.00132296 0.000129737
22 Reddit_feat_L1.txt 0.0014952 0.0013465 0.000148695
23 Reddit_feat_L1.txt 0.00143778 0.00128826 0.000149521
24 Reddit_feat_L1.txt 0.00142972 0.00131565 0.000114068
25 Reddit_feat_L1.txt 0.0015458 0.00143238 0.000113425
26 Reddit_feat_L1.txt 0.00142742 0.00130243 0.000124988
27 Reddit_feat_L1.txt 0.00154883 0.00140845 0.000140378
28 Reddit_feat_L1.txt 0.00141389 0.00127962 0.000134277
29 Reddit_feat_L1.txt 0.00150361 0.00136287 0.000140743
30 Reddit_feat_L1.txt 0.00141685 0.0013 0.000116851
31 Reddit_feat_L1.txt 0.00156193 0.0014232 0.000138728
32 Reddit_feat_L1.txt 0.00137581 0.00122811 0.0001477
33 Reddit_feat_L1.txt 0.00141042 0.00127949 0.000130926
34 Reddit_feat_L1.txt 0.0014004 0.00128237 0.000118026
35 Reddit_feat_L1.txt 0.00143417 0.00128772 0.00014644
36 Reddit_feat_L1.txt 0.00140981 0.00128766 0.000122142
37 Reddit_feat_L1.txt 0.0014397 0.00131417 0.000125529
38 Reddit_feat_L1.txt 0.00134372 0.00121606 0.000127652
39 Reddit_feat_L1.txt 0.00138833 0.00126842 0.000119908
40 Reddit_feat_L1.txt 0.00145176 0.0013339 0.00011786
41 Reddit_feat_L1.txt 0.00133458 0.00121545 0.000119132
42 Reddit_feat_L1.txt 0.001385 0.00125799 0.000127009
43 Reddit_feat_L1.txt 0.00139105 0.00126299 0.000128059
44 Reddit_feat_L1.txt 0.00145855 0.00134306 0.000115487
45 Reddit_feat_L1.txt 0.00138484 0.00126274 0.000122094
46 Reddit_feat_L1.txt 0.00141977 0.00129259 0.000127186
47 Reddit_feat_L1.txt 0.00153764 0.00140838 0.00012926
48 Reddit_feat_L1.txt 0.00139532 0.00124265 0.000152671
49 Reddit_feat_L1.txt 0.00138745 0.00126869 0.000118756
50 Reddit_feat_L1.txt 0.00148262 0.00135788 0.000124747
51 Reddit_feat_L1.txt 0.00144743 0.00130737 0.000140057
52 Reddit_feat_L1.txt 0.00140409 0.00126723 0.000136856
53 Reddit_feat_L1.txt 0.00146278 0.0013355 0.000127274
54 Reddit_feat_L1.txt 0.00153646 0.00140371 0.000132755
55 Reddit_feat_L1.txt 0.00145617 0.00132744 0.000128723
56 Reddit_feat_L1.txt 0.00141859 0.00130209 0.000116498
57 Reddit_feat_L1.txt 0.00146469 0.00132955 0.000135144
58 Reddit_feat_L1.txt 0.00155851 0.00143176 0.000126749
59 Reddit_feat_L1.txt 0.00147121 0.00133969 0.000131529
60 Reddit_feat_L1.txt 0.00144265 0.00131844 0.000124206
61 Reddit_feat_L1.txt 0.00157786 0.00143718 0.00014068
62 Reddit_feat_L1.txt 0.00156882 0.00144202 0.000126793
63 Reddit_feat_L1.txt 0.00150348 0.00138283 0.000120654
64 Reddit_feat_L1.txt 0.00140378 0.00126911 0.000134669
65 Reddit_feat_L1.txt 0.00142315 0.0012883 0.000134852
66 Reddit_feat_L1.txt 0.00147754 0.0013501 0.000127446
67 Reddit_feat_L1.txt 0.00147859 0.00133854 0.000140051
68 Reddit_feat_L1.txt 0.00148993 0.001349 0.00014093
69 Reddit_feat_L1.txt 0.00146245 0.0013266 0.000135853
70 Reddit_feat_L1.txt 0.00154185 0.0014283 0.000113555
71 Reddit_feat_L1.txt 0.0014748 0.00134965 0.000125154
72 Reddit_feat_L1.txt 0.00152992 0.00141206 0.000117866
73 Reddit_feat_L1.txt 0.00152969 0.00139799 0.000131695
74 Reddit_feat_L1.txt 0.00153334 0.00142481 0.00010853
75 Reddit_feat_L1.txt 0.00157166 0.00144138 0.000130285
76 Reddit_feat_L1.txt 0.00150454 0.00139513 0.000109411
77 Reddit_feat_L1.txt 0.00150405 0.00139375 0.000110293
78 Reddit_feat_L1.txt 0.00151546 0.00138986 0.000125606
79 Reddit_feat_L1.txt 0.00155077 0.00141184 0.000138924
80 Reddit_feat_L1.txt 0.00141786 0.0012734 0.000144463
81 Reddit_feat_L1.txt 0.00144417 0.0012997 0.000144468
82 Reddit_feat_L1.txt 0.00142503 0.00129708 0.000127956
83 Reddit_feat_L1.txt 0.00140816 0.00127931 0.000128847
84 Reddit_feat_L1.txt 0.0014015 0.00126728 0.000134221
85 Reddit_feat_L1.txt 0.00140129 0.00127324 0.000128043
86 Reddit_feat_L1.txt 0.0014253 0.00131094 0.000114355
87 Reddit_feat_L1.txt 0.00147215 0.00134695 0.000125206
88 Reddit_feat_L1.txt 0.00142324 0.00128645 0.000136788
89 Reddit_feat_L1.txt 0.00140644 0.00129093 0.000115514
90 Reddit_feat_L1.txt 0.00155328 0.0014223 0.000130973
91 Reddit_feat_L1.txt 0.00146014 0.00133203 0.000128108
92 Reddit_feat_L1.txt 0.00157019 0.00143622 0.000133967
93 Reddit_feat_L1.txt 0.00146545 0.00134126 0.000124185
94 Reddit_feat_L1.txt 0.0014963 0.00136292 0.000133385
95 Reddit_feat_L1.txt 0.00151179 0.00138757 0.000124225
96 Reddit_feat_L1.txt 0.00146354 0.00132182 0.000141727
97 Reddit_feat_L1.txt 0.00145403 0.00133318 0.000120851
98 Reddit_feat_L1.txt 0.00151044 0.00139501 0.000115424
99 Reddit_feat_L1.txt 0.00145753 0.00134454 0.000112995
100 Reddit_feat_L1.txt 0.00146443 0.00134019 0.00012424
101 Reddit_feat_L1.txt 0.00149131 0.0013627 0.00012861
102 Reddit_feat_L1.txt 0.00155157 0.00144148 0.000110098
103 Reddit_feat_L1.txt 0.0015805 0.00146557 0.000114927
104 Reddit_feat_L1.txt 0.00144729 0.00133016 0.000117127
105 Reddit_feat_L1.txt 0.0014747 0.00136027 0.000114423
106 Reddit_feat_L1.txt 0.00150864 0.00138558 0.000123062
107 Reddit_feat_L1.txt 0.0015059 0.00138678 0.00011912
108 Reddit_feat_L1.txt 0.0014545 0.0013514 0.0001031
109 Reddit_feat_L1.txt 0.00156758 0.00145117 0.000116413
110 Reddit_feat_L1.txt 0.00145914 0.00134386 0.000115271
111 Reddit_feat_L1.txt 0.00158708 0.00146556 0.000121516
112 Reddit_feat_L1.txt 0.0015705 0.00143326 0.000137238
113 Reddit_feat_L1.txt 0.00157912 0.00142799 0.000151136
114 Reddit_feat_L1.txt 0.00157409 0.00143202 0.000142077
115 Reddit_feat_L1.txt 0.00160649 0.00146035 0.000146139
116 Reddit_feat_L1.txt 0.00156263 0.00144628 0.000116353
117 Reddit_feat_L1.txt 0.00159723 0.00145456 0.000142668
118 Reddit_feat_L1.txt 0.00158533 0.00145016 0.000135165
119 Reddit_feat_L1.txt 0.00151646 0.00137906 0.000137403
120 Reddit_feat_L1.txt 0.00146457 0.00133698 0.000127597
121 Reddit_feat_L1.txt 0.00158091 0.00145296 0.000127943
122 Reddit_feat_L1.txt 0.00152028 0.00139532 0.000124952
123 Reddit_feat_L1.txt 0.00153693 0.00141044 0.000126485
124 Reddit_feat_L1.txt 0.00160533 0.00147461 0.000130717
125 Reddit_feat_L1.txt 0.00155375 0.00142067 0.00013308
126 Reddit_feat_L1.txt 0.00152476 0.00137956 0.000145201
127 Reddit_feat_L1.txt 0.00151262 0.00138189 0.000130736
128 Reddit_feat_L1.txt 0.00136333 0.00123073 0.000132599
129 Reddit_feat_L1.txt 0.00146463 0.00133703 0.000127601
130 Reddit_feat_L1.txt 0.001344 0.00122114 0.000122859
131 Reddit_feat_L1.txt 0.00137912 0.00126277 0.000116347
132 Reddit_feat_L1.txt 0.00133556 0.00122137 0.000114191
133 Reddit_feat_L1.txt 0.00135333 0.00124101 0.000112325
134 Reddit_feat_L1.txt 0.00142217 0.00130345 0.000118722
135 Reddit_feat_L1.txt 0.00154954 0.00141609 0.000133448
136 Reddit_feat_L1.txt 0.00150214 0.00134798 0.000154157
137 Reddit_feat_L1.txt 0.00139391 0.00125456 0.000139356
138 Reddit_feat_L1.txt 0.0014611 0.00131652 0.000144573
139 Reddit_feat_L1.txt 0.00151083 0.00136823 0.000142602
140 Reddit_feat_L1.txt 0.00146173 0.00132986 0.000131868
141 Reddit_feat_L1.txt 0.0014424 0.00130487 0.000137528
142 Reddit_feat_L1.txt 0.00147528 0.00134994 0.000125342
143 Reddit_feat_L1.txt 0.00151671 0.00137079 0.000145918
144 Reddit_feat_L1.txt 0.00139703 0.00124984 0.000147198
145 Reddit_feat_L1.txt 0.00150237 0.00137114 0.000131234
146 Reddit_feat_L1.txt 0.00135834 0.00122911 0.000129232
147 Reddit_feat_L1.txt 0.00150946 0.00137953 0.000129933
148 Reddit_feat_L1.txt 0.00143964 0.00130684 0.000132801
149 Reddit_feat_L1.txt 0.00156729 0.00143344 0.000133849
150 Reddit_feat_L1.txt 0.00158131 0.00144331 0.000137998
151 Reddit_feat_L1.txt 0.00144527 0.00128906 0.000156212
152 Reddit_feat_L1.txt 0.0014099 0.00126008 0.000149825
153 Reddit_feat_L1.txt 0.00156908 0.00142491 0.000144177
154 Reddit_feat_L1.txt 0.00138267 0.00123119 0.000151478
155 Reddit_feat_L1.txt 0.00139997 0.00124396 0.000156011
156 Reddit_feat_L1.txt 0.00138474 0.00123331 0.00015143
157 Reddit_feat_L1.txt 0.00153119 0.00136418 0.000167011
158 Reddit_feat_L1.txt 0.00140723 0.00123626 0.000170974
159 Reddit_feat_L1.txt 0.0013905 0.00125322 0.000137278
160 Reddit_feat_L1.txt 0.0013425 0.00123085 0.00011165
161 Reddit_feat_L1.txt 0.00133157 0.00121825 0.000113321
162 Reddit_feat_L1.txt 0.00156273 0.00144781 0.00011492
163 Reddit_feat_L1.txt 0.00138957 0.00127956 0.000110014
164 Reddit_feat_L1.txt 0.00147718 0.00134119 0.000135993
165 Reddit_feat_L1.txt 0.00152587 0.00139764 0.000128227
166 Reddit_feat_L1.txt 0.00149349 0.00137719 0.000116308
167 Reddit_feat_L1.txt 0.00152923 0.00140808 0.000121154
168 Reddit_feat_L1.txt 0.00144387 0.00132613 0.000117735
169 Reddit_feat_L1.txt 0.0015308 0.00141293 0.000117871
170 Reddit_feat_L1.txt 0.00151338 0.00139567 0.000117712
171 Reddit_feat_L1.txt 0.00140099 0.00128182 0.000119169
172 Reddit_feat_L1.txt 0.00146642 0.00133791 0.00012851
173 Reddit_feat_L1.txt 0.00148857 0.00134392 0.000144657
174 Reddit_feat_L1.txt 0.00151131 0.00135351 0.000157802
175 Reddit_feat_L1.txt 0.00160813 0.00146228 0.000145848
176 Reddit_feat_L1.txt 0.00138032 0.00123888 0.000141439
177 Reddit_feat_L1.txt 0.0014533 0.00130928 0.000144021
178 Reddit_feat_L1.txt 0.00137448 0.00122652 0.000147957
179 Reddit_feat_L1.txt 0.00141416 0.00127868 0.00013548
180 Reddit_feat_L1.txt 0.0013381 0.00118754 0.000150558
181 Reddit_feat_L1.txt 0.00133887 0.00121508 0.000123797
182 Reddit_feat_L1.txt 0.00145159 0.00131959 0.000132006
183 Reddit_feat_L1.txt 0.00149013 0.00136959 0.000120542
184 Reddit_feat_L1.txt 0.00132033 0.00121574 0.000104592
185 Reddit_feat_L1.txt 0.00147145 0.00132919 0.000142267
186 Reddit_feat_L1.txt 0.00136735 0.00122858 0.000138768
187 Reddit_feat_L1.txt 0.00148255 0.00134799 0.00013456
188 Reddit_feat_L1.txt 0.00151571 0.00136951 0.000146196
189 Reddit_feat_L1.txt 0.00143043 0.00127985 0.000150576
190 Reddit_feat_L1.txt 0.001489 0.00135044 0.000138559
191 Reddit_feat_L1.txt 0.00159986 0.00131294 0.000286921
0 Reddit_A.txt 0.00995076 0.00948845 0.000462312
1 Reddit_A.txt 0.0102472 0.00945969 0.000787484
2 Reddit_A.txt 0.0104487 0.0094203 0.00102839
3 Reddit_A.txt 0.010508 0.00939917 0.00110879
4 Reddit_A.txt 0.0113958 0.00943074 0.00196505
5 Reddit_A.txt 0.0110918 0.0094565 0.00163528
6 Reddit_A.txt 0.0122236 0.00948166 0.00274189
7 Reddit_A.txt 0.0129508 0.00951194 0.00343889
8 Reddit_A.txt 0.0116611 0.0095455 0.00211561
9 Reddit_A.txt 0.0120808 0.00956688 0.00251395
10 Reddit_A.txt 0.0146601 0.00959651 0.00506356
11 Reddit_A.txt 0.0149224 0.00961569 0.00530675
12 Reddit_A.txt 0.0136702 0.0096344 0.0040358
13 Reddit_A.txt 0.0128399 0.00964852 0.00319142
14 Reddit_A.txt 0.013599 0.00967286 0.00392617
15 Reddit_A.txt 0.0138046 0.00969864 0.00410595
16 Reddit_A.txt 0.0126015 0.00972448 0.00287702
17 Reddit_A.txt 0.0122993 0.00975063 0.00254871
18 Reddit_A.txt 0.0148317 0.00977658 0.00505515
19 Reddit_A.txt 0.0166997 0.00980988 0.00688986
20 Reddit_A.txt 0.0123457 0.00983515 0.00251053
21 Reddit_A.txt 0.0133631 0.0098612 0.0035019
22 Reddit_A.txt 0.0134989 0.00988393 0.00361493
23 Reddit_A.txt 0.0161871 0.00991583 0.00627127
24 Reddit_A.txt 0.0158044 0.00990796 0.00589646
25 Reddit_A.txt 0.0161651 0.00988313 0.006282
26 Reddit_A.txt 0.0156314 0.00985519 0.00577625
27 Reddit_A.txt 0.0140818 0.00983571 0.00424613
28 Reddit_A.txt 0.0144115 0.00980295 0.00460857
29 Reddit_A.txt 0.014276 0.00977859 0.00449746
30 Reddit_A.txt 0.0182586 0.00975112 0.00850752
31 Reddit_A.txt 0.0152253 0.00971753 0.00550775
32 Reddit_A.txt 0.0154036 0.00968486 0.00571871
33 Reddit_A.txt 0.0162649 0.00966609 0.00659885
34 Reddit_A.txt 0.0153853 0.00963556 0.00574977
35 Reddit_A.txt 0.0161988 0.00960838 0.00659038
36 Reddit_A.txt 0.0143326 0.0095851 0.00474754
37 Reddit_A.txt 0.0154771 0.00956536 0.00591171
38 Reddit_A.txt 0.0159206 0.00953451 0.00638612
39 Reddit_A.txt 0.0158703 0.00951042 0.00635986
40 Reddit_A.txt 0.0159495 0.00947979 0.00646969
41 Reddit_A.txt 0.0170348 0.00944828 0.00758651
42 Reddit_A.txt 0.0154038 0.00942769 0.00597609
43 Reddit_A.txt 0.0166659 0.00941143 0.00725444
44 Reddit_A.txt 0.0193308 0.0093837 0.00994715
45 Reddit_A.txt 0.0196939 0.00935502 0.0103389
46 Reddit_A.txt 0.0170651 0.00932995 0.00773515
47 Reddit_A.txt 0.0174891 0.00935004 0.00813905
48 Reddit_A.txt 0.0170116 0.00936242 0.00764922
49 Reddit_A.txt 0.01867 0.00938864 0.00928139
50 Reddit_A.txt 0.0177721 0.00941738 0.0083547
51 Reddit_A.txt 0.0188948 0.00944367 0.0094511
52 Reddit_A.txt 0.0175859 0.00946632 0.00811954
53 Reddit_A.txt 0.0181071 0.00949332 0.00861381
54 Reddit_A.txt 0.0180317 0.00951191 0.00851977
55 Reddit_A.txt 0.023358 0.00953526 0.0138227
56 Reddit_A.txt 0.0195866 0.00956462 0.010022
57 Reddit_A.txt 0.0225839 0.00958982 0.0129941
58 Reddit_A.txt 0.0193834 0.00962245 0.00976095
59 Reddit_A.txt 0.017433 0.00964662 0.00778635
60 Reddit_A.txt 0.0214957 0.00966818 0.0118275
61 Reddit_A.txt 0.0215669 0.00970488 0.011862
62 Reddit_A.txt 0.0213117 0.00971778 0.0115939
63 Reddit_A.txt 0.0215805 0.00974795 0.0118325
64 Reddit_A.txt 0.0215167 0.00977139 0.0117453
65 Reddit_A.txt 0.019424 0.00979346 0.00963054
66 Reddit_A.txt 0.0212387 0.00982323 0.0114155
67 Reddit_A.txt 0.0236211 0.00984604 0.013775
68 Reddit_A.txt 0.0200764 0.00987578 0.0102006
69 Reddit_A.txt 0.021813 0.00989991 0.0119131
70 Reddit_A.txt 0.0226413 0.00992264 0.0127186
71 Reddit_A.txt 0.0243102 0.00994477 0.0143654
72 Reddit_A.txt 0.0234764 0.00994502 0.0135314
73 Reddit_A.txt 0.0235124 0.00991901 0.0135934
74 Reddit_A.txt 0.0254618 0.00989673 0.015565
75 Reddit_A.txt 0.0228056 0.00987363 0.0129319
76 Reddit_A.txt 0.0206972 0.00984507 0.0108521
77 Reddit_A.txt 0.0265043 0.00982918 0.0166751
78 Reddit_A.txt 0.0243344 0.00979958 0.0145348
79 Reddit_A.txt 0.0235644 0.00977564 0.0137887
80 Reddit_A.txt 0.0225579 0.00975349 0.0128044
81 Reddit_A.txt 0.0241883 0.00972523 0.0144631
82 Reddit_A.txt 0.0257841 0.00970254 0.0160816
83 Reddit_A.txt 0.0211682 0.0096743 0.0114939
84 Reddit_A.txt 0.024338 0.00964723 0.0146908
85 Reddit_A.txt 0.0230622 0.00963231 0.0134299
86 Reddit_A.txt 0.0238442 0.00960038 0.0142438
87 Reddit_A.txt 0.0256818 0.00957262 0.0161092
88 Reddit_A.txt 0.0244663 0.00954487 0.0149214
89 Reddit_A.txt 0.0307256 0.0095253 0.0212003
90 Reddit_A.txt 0.0232674 0.0094982 0.0137692
91 Reddit_A.txt 0.026203 0.00947055 0.0167324
92 Reddit_A.txt 0.0289042 0.00944754 0.0194567
93 Reddit_A.txt 0.0258043 0.00941473 0.0163896
94 Reddit_A.txt 0.0253875 0.00939017 0.0159973
95 Reddit_A.txt 0.0248835 0.00939053 0.015493
96 Reddit_A.txt 0.0308569 0.00938564 0.0214712
97 Reddit_A.txt 0.0300656 0.0093671 0.0206985
98 Reddit_A.txt 0.0242781 0.0093689 0.0149092
99 Reddit_A.txt 0.0252482 0.00939911 0.0158491
100 Reddit_A.txt 0.0251499 0.00942171 0.0157282
101 Reddit_A.txt 0.0379197 0.00945421 0.0284655
102 Reddit_A.txt 0.0300634 0.00948674 0.0205766
103 Reddit_A.txt 0.0287783 0.0095142 0.0192641
104 Reddit_A.txt 0.0248776 0.0095431 0.0153345
105 Reddit_A.txt 0.0379545 0.00957224 0.0283823
106 Reddit_A.txt 0.0268496 0.00959848 0.0172511
107 Reddit_A.txt 0.0332508 0.00961637 0.0236344
108 Reddit_A.txt 0.0269989 0.00964791 0.017351
109 Reddit_A.txt 0.0320326 0.00966714 0.0223655
110 Reddit_A.txt 0.028068 0.00969664 0.0183714
111 Reddit_A.txt 0.0366115 0.00972394 0.0268875
112 Reddit_A.txt 0.0292251 0.00975434 0.0194708
113 Reddit_A.txt 0.0304069 0.00977405 0.0206328
114 Reddit_A.txt 0.0321222 0.00980086 0.0223213
115 Reddit_A.txt 0.0306078 0.00983016 0.0207777
116 Reddit_A.txt 0.030067 0.00985734 0.0202096
117 Reddit_A.txt 0.0335163 0.00988724 0.0236291
118 Reddit_A.txt 0.0305216 0.00991073 0.0206109
119 Reddit_A.txt 0.0361043 0.00994467 0.0261596
120 Reddit_A.txt 0.0292428 0.00993327 0.0193096
121 Reddit_A.txt 0.0312495 0.00990912 0.0213404
122 Reddit_A.txt 0.0357404 0.00988658 0.0258538
123 Reddit_A.txt 0.0425924 0.0098571 0.0327353
124 Reddit_A.txt 0.0324103 0.00983016 0.0225802
125 Reddit_A.txt 0.0301481 0.00979908 0.0203491
126 Reddit_A.txt 0.0339994 0.00977375 0.0242256
127 Reddit_A.txt 0.0363136 0.00974676 0.0265668
128 Reddit_A.txt 0.0425539 0.00972607 0.0328278
129 Reddit_A.txt 0.0398676 0.00970189 0.0301657
130 Reddit_A.txt 0.0343703 0.00967715 0.0246932
131 Reddit_A.txt 0.041701 0.0096557 0.0320453
132 Reddit_A.txt 0.0431133 0.00962455 0.0334888
133 Reddit_A.txt 0.0336224 0.00960604 0.0240164
134 Reddit_A.txt 0.0361984 0.00957913 0.0266193
135 Reddit_A.txt 0.0359807 0.0095567 0.026424
136 Reddit_A.txt 0.0349633 0.00953257 0.0254307
137 Reddit_A.txt 0.0315867 0.00949778 0.0220889
138 Reddit_A.txt 0.035861 0.00947281 0.0263882
139 Reddit_A.txt 0.0375559 0.0094437 0.0281122
140 Reddit_A.txt 0.0502246 0.00941886 0.0408058
141 Reddit_A.txt 0.0312703 0.00939707 0.0218732
142 Reddit_A.txt 0.0324151 0.0093996 0.0230155
143 Reddit_A.txt 0.037853 0.00942139 0.0284316
144 Reddit_A.txt 0.0383009 0.00943663 0.0288642
145 Reddit_A.txt 0.031949 0.0094727 0.0224763
146 Reddit_A.txt 0.0366003 0.00949376 0.0271065
147 Reddit_A.txt 0.0375241 0.00951853 0.0280056
148 Reddit_A.txt 0.0433586 0.00954683 0.0338118
149 Reddit_A.txt 0.0330862 0.00956427 0.023522
150 Reddit_A.txt 0.0320187 0.00957671 0.022442
151 Reddit_A.txt 0.0403051 0.00960003 0.030705
152 Reddit_A.txt 0.039518 0.00962284 0.0298951
153 Reddit_A.txt 0.037186 0.00964621 0.0275398
154 Reddit_A.txt 0.0383183 0.00966639 0.0286519
155 Reddit_A.txt 0.0386805 0.00969142 0.0289891
156 Reddit_A.txt 0.0413965 0.00971381 0.0316827
157 Reddit_A.txt 0.0364966 0.00974009 0.0267565
158 Reddit_A.txt 0.0353082 0.00977949 0.0255287
159 Reddit_A.txt 0.038445 0.00980514 0.0286399
160 Reddit_A.txt 0.0352261 0.00982233 0.0254038
161 Reddit_A.txt 0.0368087 0.00985158 0.0269571
162 Reddit_A.txt 0.0411785 0.00987441 0.031304
163 Reddit_A.txt 0.0444352 0.00990523 0.0345299
164 Reddit_A.txt 0.042385 0.00992734 0.0324577
165 Reddit_A.txt 0.0365261 0.00995806 0.026568
166 Reddit_A.txt 0.0481529 0.00998631 0.0381666
167 Reddit_A.txt 0.0467428 0.0100113 0.0367316
168 Reddit_A.txt 0.0430197 0.0100062 0.0330135
169 Reddit_A.txt 0.0419647 0.00997853 0.0319861
170 Reddit_A.txt 0.0452746 0.00995355 0.035321
171 Reddit_A.txt 0.0468197 0.00993006 0.0368896
172 Reddit_A.txt 0.0387282 0.00990527 0.028823
173 Reddit_A.txt 0.0517658 0.00988279 0.041883
174 Reddit_A.txt 0.0390036 0.00986022 0.0291434
175 Reddit_A.txt 0.0415586 0.00983007 0.0317285
176 Reddit_A.txt 0.0489005 0.00980053 0.0391
177 Reddit_A.txt 0.0561986 0.00978162 0.046417
178 Reddit_A.txt 0.0363192 0.00975075 0.0265684
179 Reddit_A.txt 0.0482576 0.00972385 0.0385337
180 Reddit_A.txt 0.0484507 0.00970439 0.0387463
181 Reddit_A.txt 0.0443575 0.009671 0.0346865
182 Reddit_A.txt 0.0492101 0.00964203 0.0395681
183 Reddit_A.txt 0.0495147 0.00962129 0.0398934
184 Reddit_A.txt 0.0495589 0.00961759 0.0399414
185 Reddit_A.txt 0.0461954 0.00961687 0.0365785
186 Reddit_A.txt 0.0460695 0.00959584 0.0364737
187 Reddit_A.txt 0.0474048 0.00957267 0.0378321
188 Reddit_A.txt 0.162506 0.00955687 0.15295
189 Reddit_A.txt 0.122776 0.00955347 0.113222
190 Reddit_A.txt 0.0701367 0.00946224 0.0606744
191 Reddit_A.txt 0.0291006 0.00948956 0.019611
TACC:  Shutdown complete. Exiting. 
