TACC:  Starting up job 10024559 
TACC:  Starting parallel tasks... 
0 Reddit_feat_L2.txt 0.0027684 0.00150524 0.00126316
1 Reddit_feat_L2.txt 0.00221594 0.00121965 0.000996282
2 Reddit_feat_L2.txt 0.00303318 0.00201684 0.00101635
3 Reddit_feat_L2.txt 0.00178412 0.000973869 0.000810248
4 Reddit_feat_L2.txt 0.00299436 0.00173706 0.0012573
5 Reddit_feat_L2.txt 0.00216598 0.00127713 0.000888846
6 Reddit_feat_L2.txt 0.00283248 0.0017889 0.00104358
7 Reddit_feat_L2.txt 0.00293816 0.00126507 0.00167309
8 Reddit_feat_L2.txt 0.00280394 0.00183393 0.000970009
9 Reddit_feat_L2.txt 0.00236319 0.00124057 0.00112261
10 Reddit_feat_L2.txt 0.00352035 0.00184912 0.00167123
11 Reddit_feat_L2.txt 0.00266332 0.0010012 0.00166212
12 Reddit_feat_L2.txt 0.00307149 0.00177741 0.00129408
13 Reddit_feat_L2.txt 0.00219399 0.00130401 0.000889983
14 Reddit_feat_L2.txt 0.00327952 0.00225331 0.00102621
15 Reddit_feat_L2.txt 0.00231815 0.00129354 0.0010246
16 Reddit_feat_L2.txt 0.00271653 0.002214 0.000502528
17 Reddit_feat_L2.txt 0.0017093 0.00124048 0.00046882
18 Reddit_feat_L2.txt 0.00251065 0.00217866 0.000331987
19 Reddit_feat_L2.txt 0.00170494 0.000905611 0.000799331
20 Reddit_feat_L2.txt 0.00282262 0.00234888 0.000473738
21 Reddit_feat_L2.txt 0.0017894 0.00130473 0.00048467
22 Reddit_feat_L2.txt 0.00256117 0.00211485 0.000446328
23 Reddit_feat_L2.txt 0.00266587 0.00126416 0.00140171
24 Reddit_feat_L2.txt 0.00342223 0.00227078 0.00115146
25 Reddit_feat_L2.txt 0.00239825 0.0012553 0.00114295
26 Reddit_feat_L2.txt 0.00270389 0.00214548 0.000558409
27 Reddit_feat_L2.txt 0.00126309 0.000917359 0.000345735
28 Reddit_feat_L2.txt 0.00236993 0.00199527 0.000374666
29 Reddit_feat_L2.txt 0.00160953 0.0012606 0.000348933
30 Reddit_feat_L2.txt 0.00263282 0.00229494 0.000337874
31 Reddit_feat_L2.txt 0.00155855 0.00129097 0.000267578
32 Reddit_feat_L2.txt 0.0023873 0.00209135 0.000295953
33 Reddit_feat_L2.txt 0.00143709 0.0011505 0.000286582
34 Reddit_feat_L2.txt 0.00239082 0.00206861 0.000322213
35 Reddit_feat_L2.txt 0.00144229 0.00103394 0.000408347
36 Reddit_feat_L2.txt 0.00240157 0.00211831 0.000283255
37 Reddit_feat_L2.txt 0.00149748 0.00120586 0.000291623
38 Reddit_feat_L2.txt 0.0024532 0.00223465 0.000218554
39 Reddit_feat_L2.txt 0.0015354 0.00128613 0.000249271
40 Reddit_feat_L2.txt 0.00247681 0.00215937 0.000317434
41 Reddit_feat_L2.txt 0.00149592 0.00119644 0.000299478
42 Reddit_feat_L2.txt 0.00231929 0.00201388 0.0003054
43 Reddit_feat_L2.txt 0.00130835 0.00103067 0.000277673
44 Reddit_feat_L2.txt 0.00252291 0.0021966 0.000326313
45 Reddit_feat_L2.txt 0.00170312 0.00129198 0.000411134
46 Reddit_feat_L2.txt 0.00252861 0.00228243 0.000246184
47 Reddit_feat_L2.txt 0.00158855 0.00120184 0.000386707
48 Reddit_feat_L2.txt 0.00250994 0.00221156 0.000298371
49 Reddit_feat_L2.txt 0.00166716 0.00123596 0.0004312
50 Reddit_feat_L2.txt 0.00268706 0.00228052 0.000406538
51 Reddit_feat_L2.txt 0.00127634 0.000977424 0.000298914
52 Reddit_feat_L2.txt 0.00202465 0.00177682 0.000247828
53 Reddit_feat_L2.txt 0.00157771 0.00137002 0.000207698
54 Reddit_feat_L2.txt 0.00253342 0.00231571 0.000217714
55 Reddit_feat_L2.txt 0.00145956 0.00127724 0.000182322
56 Reddit_feat_L2.txt 0.0026459 0.00231102 0.000334873
57 Reddit_feat_L2.txt 0.00147567 0.00126552 0.000210155
58 Reddit_feat_L2.txt 0.00245675 0.00221416 0.000242589
59 Reddit_feat_L2.txt 0.00132377 0.000987499 0.000336268
60 Reddit_feat_L2.txt 0.00206981 0.00179029 0.00027952
61 Reddit_feat_L2.txt 0.00153721 0.00128674 0.00025047
62 Reddit_feat_L2.txt 0.00252375 0.00233262 0.000191126
63 Reddit_feat_L2.txt 0.00155639 0.00131022 0.00024617
64 Reddit_feat_L2.txt 0.00190714 0.00167047 0.000236664
65 Reddit_feat_L2.txt 0.001455 0.00123358 0.000221412
66 Reddit_feat_L2.txt 0.00231797 0.00201228 0.000305695
67 Reddit_feat_L2.txt 0.00143597 0.00106503 0.000370941
68 Reddit_feat_L2.txt 0.00195516 0.00172393 0.000231231
69 Reddit_feat_L2.txt 0.00145931 0.00126052 0.000198788
70 Reddit_feat_L2.txt 0.00197061 0.00172405 0.000246555
71 Reddit_feat_L2.txt 0.001459 0.00122685 0.000232154
72 Reddit_feat_L2.txt 0.00204222 0.00180435 0.000237871
73 Reddit_feat_L2.txt 0.00143458 0.0012172 0.000217383
74 Reddit_feat_L2.txt 0.00215981 0.00187976 0.000280053
75 Reddit_feat_L2.txt 0.00126005 0.00100544 0.000254607
76 Reddit_feat_L2.txt 0.00218774 0.00176848 0.000419261
77 Reddit_feat_L2.txt 0.0014119 0.00122225 0.000189656
78 Reddit_feat_L2.txt 0.00263793 0.00229755 0.000340372
79 Reddit_feat_L2.txt 0.00157133 0.001274 0.000297325
80 Reddit_feat_L2.txt 0.002433 0.00223252 0.000200485
81 Reddit_feat_L2.txt 0.00139065 0.00123341 0.000157238
82 Reddit_feat_L2.txt 0.00243288 0.00226498 0.000167901
83 Reddit_feat_L2.txt 0.00128851 0.0010061 0.000282403
84 Reddit_feat_L2.txt 0.00260299 0.00236262 0.000240368
85 Reddit_feat_L2.txt 0.00143562 0.00127259 0.000163028
86 Reddit_feat_L2.txt 0.00229798 0.00213735 0.000160633
87 Reddit_feat_L2.txt 0.001618 0.00127669 0.000341312
88 Reddit_feat_L2.txt 0.00244664 0.00228367 0.000162965
89 Reddit_feat_L2.txt 0.00167227 0.0012104 0.000461879
90 Reddit_feat_L2.txt 0.00254577 0.00217381 0.000371961
91 Reddit_feat_L2.txt 0.00114445 0.000982112 0.000162335
92 Reddit_feat_L2.txt 0.00219034 0.00202213 0.000168215
93 Reddit_feat_L2.txt 0.00148033 0.00129593 0.000184401
94 Reddit_feat_L2.txt 0.00262269 0.00229195 0.000330736
95 Reddit_feat_L2.txt 0.00166402 0.00127453 0.000389489
96 Reddit_feat_L2.txt 0.00234795 0.00209928 0.000248671
97 Reddit_feat_L2.txt 0.00144047 0.00121787 0.000222599
98 Reddit_feat_L2.txt 0.00242833 0.00207817 0.000350159
99 Reddit_feat_L2.txt 0.0012072 0.000980726 0.000226471
100 Reddit_feat_L2.txt 0.00238181 0.00217317 0.000208641
101 Reddit_feat_L2.txt 0.00138687 0.00123947 0.000147398
102 Reddit_feat_L2.txt 0.00253693 0.00223424 0.00030269
103 Reddit_feat_L2.txt 0.00164949 0.00128691 0.000362581
104 Reddit_feat_L2.txt 0.00253592 0.0022 0.000335922
105 Reddit_feat_L2.txt 0.00150877 0.00117018 0.000338585
106 Reddit_feat_L2.txt 0.00218315 0.00196862 0.00021453
107 Reddit_feat_L2.txt 0.00117177 0.000998252 0.000173519
108 Reddit_feat_L2.txt 0.00241398 0.00218677 0.000227209
109 Reddit_feat_L2.txt 0.0014899 0.00121418 0.000275713
110 Reddit_feat_L2.txt 0.00254947 0.00236149 0.000187985
111 Reddit_feat_L2.txt 0.00140606 0.00127233 0.000133729
112 Reddit_feat_L2.txt 0.00265826 0.00220865 0.000449608
113 Reddit_feat_L2.txt 0.00133827 0.00119864 0.000139633
114 Reddit_feat_L2.txt 0.0024276 0.00226258 0.000165014
115 Reddit_feat_L2.txt 0.0011955 0.000966111 0.000229387
116 Reddit_feat_L2.txt 0.0020314 0.00182161 0.000209789
117 Reddit_feat_L2.txt 0.00142425 0.00123864 0.000185616
118 Reddit_feat_L2.txt 0.00248583 0.00226925 0.000216577
119 Reddit_feat_L2.txt 0.00151383 0.00130798 0.000205848
120 Reddit_feat_L2.txt 0.00255064 0.00230348 0.000247158
121 Reddit_feat_L2.txt 0.00152855 0.00126989 0.00025866
122 Reddit_feat_L2.txt 0.0023382 0.00212953 0.000208673
123 Reddit_feat_L2.txt 0.00117175 0.00104876 0.00012299
124 Reddit_feat_L2.txt 0.00202242 0.00179335 0.000229065
125 Reddit_feat_L2.txt 0.00150821 0.00129769 0.000210518
126 Reddit_feat_L2.txt 0.00248754 0.00227467 0.000212871
127 Reddit_feat_L2.txt 0.00138079 0.00122829 0.0001525
128 Reddit_feat_L2.txt 0.00178575 0.00163847 0.000147283
129 Reddit_feat_L2.txt 0.0014133 0.00123203 0.000181269
130 Reddit_feat_L2.txt 0.00223398 0.00200446 0.000229513
131 Reddit_feat_L2.txt 0.00121001 0.00106765 0.00014236
132 Reddit_feat_L2.txt 0.00213995 0.00171416 0.000425797
133 Reddit_feat_L2.txt 0.00138848 0.00122965 0.000158831
134 Reddit_feat_L2.txt 0.00185444 0.00168929 0.000165149
135 Reddit_feat_L2.txt 0.00166108 0.00129805 0.00036303
136 Reddit_feat_L2.txt 0.00196174 0.00179067 0.000171069
137 Reddit_feat_L2.txt 0.00156002 0.00126455 0.000295476
138 Reddit_feat_L2.txt 0.00218434 0.00190855 0.000275793
139 Reddit_feat_L2.txt 0.0012417 0.00099141 0.000250291
140 Reddit_feat_L2.txt 0.00196891 0.00180614 0.000162765
141 Reddit_feat_L2.txt 0.00154688 0.00134186 0.000205018
142 Reddit_feat_L2.txt 0.00276377 0.00234158 0.000422191
143 Reddit_feat_L2.txt 0.00144975 0.00130859 0.000141167
144 Reddit_feat_L2.txt 0.00240036 0.00222557 0.00017479
145 Reddit_feat_L2.txt 0.00137859 0.00122133 0.000157262
146 Reddit_feat_L2.txt 0.0024467 0.00225832 0.000188378
147 Reddit_feat_L2.txt 0.00119105 0.00101156 0.000179499
148 Reddit_feat_L2.txt 0.00259362 0.00242103 0.000172594
149 Reddit_feat_L2.txt 0.00145287 0.00125743 0.000195449
150 Reddit_feat_L2.txt 0.00224775 0.00210318 0.000144574
151 Reddit_feat_L2.txt 0.0013967 0.00125926 0.000137447
152 Reddit_feat_L2.txt 0.00252097 0.00234972 0.000171255
153 Reddit_feat_L2.txt 0.00145369 0.00120886 0.000244829
154 Reddit_feat_L2.txt 0.00234575 0.0021465 0.000199245
155 Reddit_feat_L2.txt 0.00112493 0.000964963 0.00015997
156 Reddit_feat_L2.txt 0.00214045 0.0019637 0.000176754
157 Reddit_feat_L2.txt 0.00155293 0.00135152 0.000201408
158 Reddit_feat_L2.txt 0.00249482 0.00227151 0.000223314
159 Reddit_feat_L2.txt 0.00146884 0.00125986 0.000208986
160 Reddit_feat_L2.txt 0.00226333 0.00212106 0.000142269
161 Reddit_feat_L2.txt 0.00149669 0.00128328 0.000213406
162 Reddit_feat_L2.txt 0.00233081 0.00211595 0.000214859
163 Reddit_feat_L2.txt 0.00115924 0.00099955 0.000159687
164 Reddit_feat_L2.txt 0.00236286 0.00218458 0.000178284
165 Reddit_feat_L2.txt 0.00177982 0.00125919 0.000520632
166 Reddit_feat_L2.txt 0.00239625 0.00221284 0.000183409
167 Reddit_feat_L2.txt 0.00138003 0.00121875 0.000161277
168 Reddit_feat_L2.txt 0.00243238 0.00224131 0.000191068
169 Reddit_feat_L2.txt 0.00134418 0.00120176 0.000142415
170 Reddit_feat_L2.txt 0.00221665 0.0020507 0.000165957
171 Reddit_feat_L2.txt 0.00121671 0.00103981 0.000176908
172 Reddit_feat_L2.txt 0.0023382 0.0021521 0.000186103
173 Reddit_feat_L2.txt 0.00142209 0.00127145 0.00015064
174 Reddit_feat_L2.txt 0.00278395 0.00232344 0.000460502
175 Reddit_feat_L2.txt 0.00146286 0.00127564 0.000187222
176 Reddit_feat_L2.txt 0.00239949 0.00221559 0.0001839
177 Reddit_feat_L2.txt 0.00144378 0.00124571 0.000198073
178 Reddit_feat_L2.txt 0.00273515 0.00230478 0.000430375
179 Reddit_feat_L2.txt 0.00147318 0.00103139 0.00044179
180 Reddit_feat_L2.txt 0.00192923 0.00177489 0.00015434
181 Reddit_feat_L2.txt 0.0014672 0.00125667 0.00021053
182 Reddit_feat_L2.txt 0.00250389 0.00228531 0.000218583
183 Reddit_feat_L2.txt 0.00142732 0.00127055 0.000156773
184 Reddit_feat_L2.txt 0.0024478 0.0022977 0.000150099
185 Reddit_feat_L2.txt 0.00139286 0.001234 0.000158865
186 Reddit_feat_L2.txt 0.00241887 0.00220522 0.000213648
187 Reddit_feat_L2.txt 0.00119207 0.00101245 0.000179627
188 Reddit_feat_L2.txt 0.00201426 0.0018364 0.000177861
189 Reddit_feat_L2.txt 0.00145235 0.00133221 0.000120147
190 Reddit_feat_L2.txt 0.00250625 0.00235602 0.000150228
191 Reddit_feat_L2.txt 0.00143877 0.00128259 0.000156187
0 Reddit_A.txt 0.0225786 0.0214648 0.00111382
1 Reddit_A.txt 0.0233934 0.0214286 0.00196473
2 Reddit_A.txt 0.0238895 0.0214223 0.00246725
3 Reddit_A.txt 0.0240224 0.0214844 0.00253806
4 Reddit_A.txt 0.0262962 0.0215345 0.00476169
5 Reddit_A.txt 0.0252533 0.0216016 0.0036517
6 Reddit_A.txt 0.0280229 0.0216619 0.00636103
7 Reddit_A.txt 0.0299963 0.0217135 0.00828289
8 Reddit_A.txt 0.0266906 0.0217768 0.00491376
9 Reddit_A.txt 0.027681 0.0218386 0.0058424
10 Reddit_A.txt 0.0336705 0.0218955 0.011775
11 Reddit_A.txt 0.0344506 0.0219654 0.0124852
12 Reddit_A.txt 0.0313398 0.0220216 0.00931818
13 Reddit_A.txt 0.0293218 0.0220848 0.00723696
14 Reddit_A.txt 0.0311793 0.0221415 0.00903778
15 Reddit_A.txt 0.0314841 0.0221967 0.00928741
16 Reddit_A.txt 0.0285834 0.0222562 0.00632718
17 Reddit_A.txt 0.0277313 0.0223206 0.0054107
18 Reddit_A.txt 0.0338047 0.0223807 0.011424
19 Reddit_A.txt 0.0380965 0.0224472 0.0156494
20 Reddit_A.txt 0.0279565 0.0225026 0.005454
21 Reddit_A.txt 0.030147 0.022565 0.00758195
22 Reddit_A.txt 0.0304713 0.0226178 0.00785346
23 Reddit_A.txt 0.0366448 0.0226795 0.0139653
24 Reddit_A.txt 0.0370126 0.0226771 0.0143355
25 Reddit_A.txt 0.0380026 0.0226175 0.0153851
26 Reddit_A.txt 0.0357442 0.0225548 0.0131894
27 Reddit_A.txt 0.0320729 0.0225003 0.0095726
28 Reddit_A.txt 0.0329345 0.0224476 0.0104869
29 Reddit_A.txt 0.0323136 0.0223841 0.00992947
30 Reddit_A.txt 0.0420409 0.0223255 0.0197153
31 Reddit_A.txt 0.0343553 0.0222551 0.0121002
32 Reddit_A.txt 0.0357731 0.0222051 0.013568
33 Reddit_A.txt 0.0372533 0.02213 0.0151233
34 Reddit_A.txt 0.0349949 0.0220717 0.0129232
35 Reddit_A.txt 0.0368958 0.0220132 0.0148827
36 Reddit_A.txt 0.0323208 0.0219417 0.010379
37 Reddit_A.txt 0.0350936 0.0218804 0.0132132
38 Reddit_A.txt 0.0361531 0.0218167 0.0143364
39 Reddit_A.txt 0.035865 0.0217578 0.0141072
40 Reddit_A.txt 0.0360599 0.0216892 0.0143706
41 Reddit_A.txt 0.0386502 0.0216307 0.0170195
42 Reddit_A.txt 0.0346918 0.0215617 0.0131301
43 Reddit_A.txt 0.0378519 0.0215111 0.0163408
44 Reddit_A.txt 0.0439884 0.0214384 0.02255
45 Reddit_A.txt 0.0454715 0.0213667 0.0241048
46 Reddit_A.txt 0.0388631 0.0213104 0.0175527
47 Reddit_A.txt 0.0396709 0.0212639 0.018407
48 Reddit_A.txt 0.0382977 0.0213166 0.0169812
49 Reddit_A.txt 0.0429109 0.0213691 0.0215418
50 Reddit_A.txt 0.04005 0.0214388 0.0186112
51 Reddit_A.txt 0.0428823 0.021505 0.0213773
52 Reddit_A.txt 0.0397668 0.0215704 0.0181964
53 Reddit_A.txt 0.0411129 0.0216382 0.0194747
54 Reddit_A.txt 0.0408398 0.0216901 0.0191497
55 Reddit_A.txt 0.0544235 0.0217572 0.0326664
56 Reddit_A.txt 0.045101 0.0218114 0.0232897
57 Reddit_A.txt 0.0522931 0.0218629 0.0304302
58 Reddit_A.txt 0.043964 0.0219261 0.0220379
59 Reddit_A.txt 0.0389703 0.0219958 0.0169745
60 Reddit_A.txt 0.0494803 0.0220591 0.0274212
61 Reddit_A.txt 0.0502388 0.0221124 0.0281264
62 Reddit_A.txt 0.0487687 0.0221677 0.026601
63 Reddit_A.txt 0.0489368 0.0222315 0.0267054
64 Reddit_A.txt 0.0496118 0.0222917 0.0273201
65 Reddit_A.txt 0.0439429 0.0223494 0.0215934
66 Reddit_A.txt 0.048233 0.0224144 0.0258187
67 Reddit_A.txt 0.0554584 0.0224701 0.0329884
68 Reddit_A.txt 0.0456798 0.0225304 0.0231495
69 Reddit_A.txt 0.0498469 0.0225958 0.0272511
70 Reddit_A.txt 0.0527779 0.0226575 0.0301203
71 Reddit_A.txt 0.055573 0.0227204 0.0328527
72 Reddit_A.txt 0.0544336 0.0227159 0.0317177
73 Reddit_A.txt 0.054868 0.022658 0.03221
74 Reddit_A.txt 0.0600275 0.0225988 0.0374286
75 Reddit_A.txt 0.0522003 0.0225353 0.0296651
76 Reddit_A.txt 0.0474398 0.022479 0.0249607
77 Reddit_A.txt 0.0622598 0.0224259 0.0398339
78 Reddit_A.txt 0.056096 0.0223603 0.0337357
79 Reddit_A.txt 0.0538427 0.0222965 0.0315461
80 Reddit_A.txt 0.0514283 0.022236 0.0291923
81 Reddit_A.txt 0.0560574 0.0221848 0.0338726
82 Reddit_A.txt 0.0601519 0.0221217 0.0380302
83 Reddit_A.txt 0.0482016 0.0220611 0.0261405
84 Reddit_A.txt 0.0558506 0.0219932 0.0338575
85 Reddit_A.txt 0.0535056 0.0219235 0.0315821
86 Reddit_A.txt 0.0557357 0.021861 0.0338747
87 Reddit_A.txt 0.0600942 0.0218124 0.0382817
88 Reddit_A.txt 0.0562857 0.0217373 0.0345484
89 Reddit_A.txt 0.0720352 0.0216651 0.0503701
90 Reddit_A.txt 0.0535343 0.0216212 0.031913
91 Reddit_A.txt 0.0606998 0.0215463 0.0391535
92 Reddit_A.txt 0.0683153 0.0214797 0.0468357
93 Reddit_A.txt 0.0601398 0.0214036 0.0387362
94 Reddit_A.txt 0.0593161 0.0213585 0.0379576
95 Reddit_A.txt 0.0580243 0.021288 0.0367364
96 Reddit_A.txt 0.0719916 0.0212256 0.050766
97 Reddit_A.txt 0.071672 0.0211967 0.0504753
98 Reddit_A.txt 0.0562562 0.0212418 0.0350144
99 Reddit_A.txt 0.058244 0.0213055 0.0369385
100 Reddit_A.txt 0.0583469 0.0213705 0.0369764
101 Reddit_A.txt 0.0906741 0.0214312 0.0692429
102 Reddit_A.txt 0.0713921 0.0214864 0.0499057
103 Reddit_A.txt 0.0671376 0.0215547 0.0455829
104 Reddit_A.txt 0.057113 0.0216108 0.0355022
105 Reddit_A.txt 0.0903949 0.021664 0.0687309
106 Reddit_A.txt 0.0621627 0.0217239 0.0404388
107 Reddit_A.txt 0.0778758 0.0217857 0.0560901
108 Reddit_A.txt 0.062655 0.0218497 0.0408053
109 Reddit_A.txt 0.0759276 0.0219049 0.0540227
110 Reddit_A.txt 0.0652883 0.0219591 0.0433292
111 Reddit_A.txt 0.0868016 0.0220189 0.0647827
112 Reddit_A.txt 0.0684567 0.0220828 0.0463739
113 Reddit_A.txt 0.0709282 0.0221361 0.0487921
114 Reddit_A.txt 0.0765084 0.0222101 0.0542983
115 Reddit_A.txt 0.0715453 0.0222741 0.0492713
116 Reddit_A.txt 0.0704328 0.0223453 0.0480875
117 Reddit_A.txt 0.0785579 0.0223986 0.0561593
118 Reddit_A.txt 0.0716366 0.0224629 0.0491736
119 Reddit_A.txt 0.0854166 0.0225206 0.0628961
120 Reddit_A.txt 0.0683736 0.022515 0.0458586
121 Reddit_A.txt 0.0731926 0.0224569 0.0507356
122 Reddit_A.txt 0.0857238 0.0223976 0.0633262
123 Reddit_A.txt 0.102877 0.0223346 0.0805428
124 Reddit_A.txt 0.0780415 0.0222739 0.0557676
125 Reddit_A.txt 0.0710039 0.0222152 0.0487886
126 Reddit_A.txt 0.0807977 0.0221372 0.0586605
127 Reddit_A.txt 0.086434 0.0220806 0.0643534
128 Reddit_A.txt 0.102803 0.0220207 0.0807826
129 Reddit_A.txt 0.0951951 0.0219657 0.0732294
130 Reddit_A.txt 0.0813155 0.0219046 0.0594109
131 Reddit_A.txt 0.10031 0.0218514 0.0784582
132 Reddit_A.txt 0.103954 0.02179 0.0821643
133 Reddit_A.txt 0.0801011 0.0217209 0.0583801
134 Reddit_A.txt 0.0860993 0.0216701 0.0644292
135 Reddit_A.txt 0.0850862 0.0215968 0.0634894
136 Reddit_A.txt 0.0836872 0.0215521 0.0621351
137 Reddit_A.txt 0.0744326 0.021476 0.0529566
138 Reddit_A.txt 0.0852712 0.0214184 0.0638529
139 Reddit_A.txt 0.0910218 0.0213576 0.0696642
140 Reddit_A.txt 0.123245 0.0212948 0.101951
141 Reddit_A.txt 0.0739885 0.0213024 0.0526861
142 Reddit_A.txt 0.0770999 0.0214213 0.0556786
143 Reddit_A.txt 0.0909675 0.0214727 0.0694947
144 Reddit_A.txt 0.0909399 0.0215533 0.0693866
145 Reddit_A.txt 0.0753476 0.0216172 0.0537304
146 Reddit_A.txt 0.0877139 0.0216629 0.066051
147 Reddit_A.txt 0.0899822 0.0216722 0.06831
148 Reddit_A.txt 0.105642 0.0217257 0.0839161
149 Reddit_A.txt 0.0795179 0.0217741 0.0577438
150 Reddit_A.txt 0.076364 0.0218318 0.0545322
151 Reddit_A.txt 0.0967199 0.0218738 0.0748461
152 Reddit_A.txt 0.0949053 0.021929 0.0729763
153 Reddit_A.txt 0.0883871 0.0219772 0.0664099
154 Reddit_A.txt 0.0923589 0.022033 0.0703259
155 Reddit_A.txt 0.0932937 0.0221097 0.071184
156 Reddit_A.txt 0.100048 0.0221661 0.0778821
157 Reddit_A.txt 0.0874593 0.0222199 0.0652394
158 Reddit_A.txt 0.0847062 0.022285 0.0624212
159 Reddit_A.txt 0.0919298 0.0223513 0.0695785
160 Reddit_A.txt 0.0839973 0.0224083 0.061589
161 Reddit_A.txt 0.0880335 0.0224691 0.0655644
162 Reddit_A.txt 0.0997707 0.0225301 0.0772406
163 Reddit_A.txt 0.107279 0.022604 0.0846749
164 Reddit_A.txt 0.103509 0.0226658 0.080843
165 Reddit_A.txt 0.0872507 0.0227272 0.0645235
166 Reddit_A.txt 0.117296 0.0227877 0.0945085
167 Reddit_A.txt 0.112414 0.022845 0.0895687
168 Reddit_A.txt 0.106521 0.0228441 0.0836769
169 Reddit_A.txt 0.0999146 0.0227896 0.077125
170 Reddit_A.txt 0.108694 0.0227287 0.0859658
171 Reddit_A.txt 0.114731 0.0226661 0.0920647
172 Reddit_A.txt 0.0928386 0.0225983 0.0702403
173 Reddit_A.txt 0.125254 0.0225261 0.102728
174 Reddit_A.txt 0.0932684 0.0224621 0.0708063
175 Reddit_A.txt 0.0998013 0.0224149 0.0773864
176 Reddit_A.txt 0.119102 0.0223366 0.0967654
177 Reddit_A.txt 0.137093 0.0222908 0.114802
178 Reddit_A.txt 0.0857636 0.0222154 0.0635482
179 Reddit_A.txt 0.117181 0.0221489 0.0950322
180 Reddit_A.txt 0.117118 0.0220795 0.0950382
181 Reddit_A.txt 0.107838 0.022006 0.0858319
182 Reddit_A.txt 0.120634 0.0219489 0.0986849
183 Reddit_A.txt 0.119253 0.021886 0.0973667
184 Reddit_A.txt 0.11873 0.0218311 0.0968993
185 Reddit_A.txt 0.110271 0.0217752 0.0884956
186 Reddit_A.txt 0.109893 0.0217253 0.0881677
187 Reddit_A.txt 0.112628 0.0216769 0.0909514
188 Reddit_A.txt 0.407311 0.0216243 0.385687
189 Reddit_A.txt 0.310016 0.0216158 0.2884
190 Reddit_A.txt 0.176975 0.0214751 0.1555
191 Reddit_A.txt 0.0720443 0.0214682 0.0505761
TACC:  Shutdown complete. Exiting. 
