TACC:  Starting up job 10066093 
TACC:  Starting parallel tasks... 
0 Reddit_feat_L2.txt 0.00226078 0.000580352 0.00168043
1 Reddit_feat_L2.txt 0.00187084 0.00016451 0.00170633
2 Reddit_feat_L2.txt 0.0025241 0.000589694 0.00193441
3 Reddit_feat_L2.txt 0.00221047 0.000189311 0.00202116
4 Reddit_feat_L2.txt 0.00278036 0.000606631 0.00217373
5 Reddit_feat_L2.txt 0.0019444 0.000181177 0.00176322
6 Reddit_feat_L2.txt 0.00136752 0.000601243 0.000766281
7 Reddit_feat_L2.txt 0.00118181 0.000200477 0.000981337
8 Reddit_feat_L2.txt 0.00175689 0.000568543 0.00118835
9 Reddit_feat_L2.txt 0.00227709 0.000171458 0.00210563
10 Reddit_feat_L2.txt 0.00133581 0.000592914 0.0007429
11 Reddit_feat_L2.txt 0.00078675 0.000175668 0.000611082
12 Reddit_feat_L2.txt 0.00129165 0.000581239 0.000710412
13 Reddit_feat_L2.txt 0.000766095 0.000151965 0.00061413
14 Reddit_feat_L2.txt 0.00109393 0.000583314 0.000510617
15 Reddit_feat_L2.txt 0.000920212 0.000203979 0.000716233
16 Reddit_feat_L2.txt 0.00129853 0.000581364 0.000717165
17 Reddit_feat_L2.txt 0.000822653 0.000171419 0.000651234
18 Reddit_feat_L2.txt 0.00134021 0.000580873 0.000759339
19 Reddit_feat_L2.txt 0.000760448 0.000164691 0.000595757
20 Reddit_feat_L2.txt 0.00102243 0.000583867 0.000438567
21 Reddit_feat_L2.txt 0.000793742 0.000151323 0.000642419
22 Reddit_feat_L2.txt 0.00114872 0.000587097 0.000561624
23 Reddit_feat_L2.txt 0.000693833 0.000213124 0.000480709
24 Reddit_feat_L2.txt 0.00114788 0.000565947 0.000581937
25 Reddit_feat_L2.txt 0.000721684 0.000154642 0.000567042
26 Reddit_feat_L2.txt 0.00103042 0.000575253 0.000455165
27 Reddit_feat_L2.txt 0.000713076 0.000164374 0.000548702
28 Reddit_feat_L2.txt 0.00123139 0.000586513 0.000644874
29 Reddit_feat_L2.txt 0.000751221 0.000153108 0.000598113
30 Reddit_feat_L2.txt 0.00101472 0.000588767 0.000425949
31 Reddit_feat_L2.txt 0.000676366 0.000212553 0.000463813
32 Reddit_feat_L2.txt 0.00108855 0.000568118 0.000520434
33 Reddit_feat_L2.txt 0.00115824 0.000173696 0.000984546
34 Reddit_feat_L2.txt 0.00108573 0.000599312 0.000486413
35 Reddit_feat_L2.txt 0.00107654 0.000176454 0.000900084
36 Reddit_feat_L2.txt 0.00125551 0.000583057 0.000672457
37 Reddit_feat_L2.txt 0.000588001 0.000153502 0.000434499
38 Reddit_feat_L2.txt 0.00120322 0.000579344 0.000623874
39 Reddit_feat_L2.txt 0.00090856 0.000206047 0.000702513
40 Reddit_feat_L2.txt 0.000973034 0.00058233 0.000390704
41 Reddit_feat_L2.txt 0.000584633 0.000170507 0.000414126
42 Reddit_feat_L2.txt 0.0012067 0.000588254 0.000618448
43 Reddit_feat_L2.txt 0.000556147 0.000162047 0.0003941
44 Reddit_feat_L2.txt 0.000990417 0.000581597 0.00040882
45 Reddit_feat_L2.txt 0.000712654 0.00015625 0.000556404
46 Reddit_feat_L2.txt 0.000989661 0.000581998 0.000407663
47 Reddit_feat_L2.txt 0.000545019 0.000184689 0.00036033
48 Reddit_feat_L2.txt 0.00103687 0.000566967 0.000469903
49 Reddit_feat_L2.txt 0.00064185 0.000157083 0.000484767
50 Reddit_feat_L2.txt 0.00106021 0.000588043 0.00047217
51 Reddit_feat_L2.txt 0.000675375 0.000176349 0.000499026
52 Reddit_feat_L2.txt 0.0010548 0.000595101 0.000459702
53 Reddit_feat_L2.txt 0.00068394 0.000171408 0.000512532
54 Reddit_feat_L2.txt 0.000949079 0.000585532 0.000363547
55 Reddit_feat_L2.txt 0.000588866 0.000190582 0.000398284
56 Reddit_feat_L2.txt 0.000842269 0.000570559 0.00027171
57 Reddit_feat_L2.txt 0.000644831 0.000172563 0.000472268
58 Reddit_feat_L2.txt 0.000907848 0.000598271 0.000309577
59 Reddit_feat_L2.txt 0.000557691 0.000173565 0.000384126
60 Reddit_feat_L2.txt 0.00100058 0.00059115 0.000409431
61 Reddit_feat_L2.txt 0.000524857 0.000156379 0.000368478
62 Reddit_feat_L2.txt 0.00107024 0.000583707 0.000486529
63 Reddit_feat_L2.txt 0.00058268 0.000206767 0.000375913
64 Reddit_feat_L2.txt 0.000912318 0.000566588 0.00034573
65 Reddit_feat_L2.txt 0.000727624 0.000160068 0.000567556
66 Reddit_feat_L2.txt 0.0011504 0.000564914 0.000585481
67 Reddit_feat_L2.txt 0.000710517 0.000144755 0.000565762
68 Reddit_feat_L2.txt 0.000902387 0.000568148 0.000334239
69 Reddit_feat_L2.txt 0.000560944 0.000151165 0.000409779
70 Reddit_feat_L2.txt 0.000897411 0.000583189 0.000314222
71 Reddit_feat_L2.txt 0.000452369 0.000183475 0.000268894
0 Reddit_A.txt 0.0222298 0.0178429 0.00438689
1 Reddit_A.txt 0.0235556 0.0176255 0.00593005
2 Reddit_A.txt 0.0288962 0.0174193 0.0114769
3 Reddit_A.txt 0.0321359 0.0171618 0.0149741
4 Reddit_A.txt 0.0358184 0.0170396 0.0187789
5 Reddit_A.txt 0.033979 0.0168695 0.0171095
6 Reddit_A.txt 0.0321284 0.0166877 0.0154407
7 Reddit_A.txt 0.0384605 0.016581 0.0218796
8 Reddit_A.txt 0.0348919 0.0164599 0.018432
9 Reddit_A.txt 0.0457893 0.0162655 0.0295237
10 Reddit_A.txt 0.0347198 0.016364 0.0183558
11 Reddit_A.txt 0.0429059 0.0164429 0.0264631
12 Reddit_A.txt 0.045533 0.0166124 0.0289207
13 Reddit_A.txt 0.0383737 0.0167218 0.0216519
14 Reddit_A.txt 0.0412419 0.0167222 0.0245197
15 Reddit_A.txt 0.0473048 0.0165427 0.0307621
16 Reddit_A.txt 0.0573113 0.0166044 0.0407069
17 Reddit_A.txt 0.0471023 0.0166047 0.0304976
18 Reddit_A.txt 0.0532207 0.0164114 0.0368093
19 Reddit_A.txt 0.0515072 0.016305 0.0352022
20 Reddit_A.txt 0.0589351 0.0161735 0.0427616
21 Reddit_A.txt 0.0654348 0.0160153 0.0494195
22 Reddit_A.txt 0.0557583 0.0159653 0.039793
23 Reddit_A.txt 0.0658462 0.0160895 0.0497567
24 Reddit_A.txt 0.0624681 0.0162785 0.0461897
25 Reddit_A.txt 0.0699216 0.0164229 0.0534987
26 Reddit_A.txt 0.0674429 0.0165634 0.0508795
27 Reddit_A.txt 0.0820786 0.0167468 0.0653317
28 Reddit_A.txt 0.0692608 0.0168681 0.0523927
29 Reddit_A.txt 0.0834486 0.0170231 0.0664255
30 Reddit_A.txt 0.0845426 0.0172039 0.0673387
31 Reddit_A.txt 0.0695026 0.0173236 0.0521789
32 Reddit_A.txt 0.0775401 0.017472 0.0600681
33 Reddit_A.txt 0.102932 0.0176696 0.0852621
34 Reddit_A.txt 0.117764 0.0177919 0.0999724
35 Reddit_A.txt 0.0977495 0.0177949 0.0799546
36 Reddit_A.txt 0.110074 0.0175858 0.092488
37 Reddit_A.txt 0.0983083 0.0174601 0.0808482
38 Reddit_A.txt 0.109286 0.0173142 0.091972
39 Reddit_A.txt 0.111091 0.0171263 0.0939651
40 Reddit_A.txt 0.101399 0.0170115 0.0843875
41 Reddit_A.txt 0.122436 0.0168621 0.105574
42 Reddit_A.txt 0.113864 0.0168155 0.0970489
43 Reddit_A.txt 0.115171 0.016922 0.0982487
44 Reddit_A.txt 0.11285 0.0169222 0.0959277
45 Reddit_A.txt 0.117759 0.0167526 0.101007
46 Reddit_A.txt 0.125684 0.0166455 0.109038
47 Reddit_A.txt 0.117098 0.0165703 0.100528
48 Reddit_A.txt 0.148026 0.0167232 0.131302
49 Reddit_A.txt 0.153605 0.016829 0.136776
50 Reddit_A.txt 0.130488 0.0168286 0.113659
51 Reddit_A.txt 0.129943 0.0166488 0.113294
52 Reddit_A.txt 0.15972 0.016551 0.143169
53 Reddit_A.txt 0.124961 0.0164381 0.108523
54 Reddit_A.txt 0.129238 0.0162467 0.112991
55 Reddit_A.txt 0.142457 0.0163526 0.126105
56 Reddit_A.txt 0.127449 0.0164775 0.110972
57 Reddit_A.txt 0.141138 0.0166625 0.124476
58 Reddit_A.txt 0.148382 0.0167752 0.131607
59 Reddit_A.txt 0.128265 0.0167754 0.11149
60 Reddit_A.txt 0.136839 0.0167524 0.120087
61 Reddit_A.txt 0.146512 0.0168591 0.129653
62 Reddit_A.txt 0.161527 0.0168579 0.144669
63 Reddit_A.txt 0.148428 0.0168426 0.131586
64 Reddit_A.txt 0.171328 0.0169513 0.154377
65 Reddit_A.txt 0.151437 0.0170104 0.134427
66 Reddit_A.txt 0.174942 0.0172884 0.157654
67 Reddit_A.txt 0.1603 0.017395 0.142905
68 Reddit_A.txt 0.169597 0.0176519 0.151945
69 Reddit_A.txt 0.1553 0.0176591 0.13764
70 Reddit_A.txt 0.446894 0.0166865 0.430208
71 Reddit_A.txt 0.250166 0.0167868 0.23338
TACC:  Shutdown complete. Exiting. 
