TACC:  Starting up job 10066060 
TACC:  Starting parallel tasks... 
0 Citeseer_feat_L1.txt 0.00149497 0.0014753 1.9679e-05
1 Citeseer_feat_L1.txt 0.000804016 0.000786219 1.7797e-05
2 Citeseer_feat_L1.txt 0.00162192 0.00160328 1.8642e-05
3 Citeseer_feat_L1.txt 0.000819179 0.000803931 1.5248e-05
4 Citeseer_feat_L1.txt 0.00158302 0.00156695 1.6074e-05
5 Citeseer_feat_L1.txt 0.000858866 0.000842274 1.6592e-05
6 Citeseer_feat_L1.txt 0.00178965 0.00177032 1.9324e-05
7 Citeseer_feat_L1.txt 0.000882503 0.000864064 1.8439e-05
8 Citeseer_feat_L1.txt 0.00156827 0.00155022 1.8054e-05
9 Citeseer_feat_L1.txt 0.000785455 0.000768821 1.6634e-05
10 Citeseer_feat_L1.txt 0.00168936 0.00167389 1.5468e-05
11 Citeseer_feat_L1.txt 0.000790567 0.000775881 1.4686e-05
12 Citeseer_feat_L1.txt 0.00119018 0.00117179 1.8386e-05
13 Citeseer_feat_L1.txt 0.000807723 0.000791419 1.6304e-05
14 Citeseer_feat_L1.txt 0.00170775 0.00168957 1.8177e-05
15 Citeseer_feat_L1.txt 0.000778183 0.000762274 1.5909e-05
16 Citeseer_feat_L1.txt 0.00149235 0.00147604 1.6312e-05
17 Citeseer_feat_L1.txt 0.000803848 0.000788929 1.4919e-05
18 Citeseer_feat_L1.txt 0.00160386 0.00158575 1.8114e-05
19 Citeseer_feat_L1.txt 0.000812139 0.000794925 1.7214e-05
20 Citeseer_feat_L1.txt 0.00156768 0.00154926 1.8422e-05
21 Citeseer_feat_L1.txt 0.000834206 0.000818762 1.5444e-05
22 Citeseer_feat_L1.txt 0.00147956 0.00146412 1.5436e-05
23 Citeseer_feat_L1.txt 0.000878129 0.000862606 1.5523e-05
24 Citeseer_feat_L1.txt 0.00156119 0.00154589 1.53e-05
25 Citeseer_feat_L1.txt 0.000782418 0.000764943 1.7475e-05
26 Citeseer_feat_L1.txt 0.00169104 0.00167448 1.6557e-05
27 Citeseer_feat_L1.txt 0.000793753 0.000777623 1.613e-05
28 Citeseer_feat_L1.txt 0.00118922 0.00117306 1.6156e-05
29 Citeseer_feat_L1.txt 0.000807234 0.000792687 1.4547e-05
30 Citeseer_feat_L1.txt 0.00169506 0.00167693 1.8135e-05
31 Citeseer_feat_L1.txt 0.000787373 0.000768615 1.8758e-05
32 Citeseer_feat_L1.txt 0.00148417 0.00146652 1.7646e-05
33 Citeseer_feat_L1.txt 0.000801205 0.00078689 1.4315e-05
34 Citeseer_feat_L1.txt 0.00161103 0.00159581 1.5217e-05
35 Citeseer_feat_L1.txt 0.000817216 0.000801217 1.5999e-05
36 Citeseer_feat_L1.txt 0.00158643 0.00156809 1.8348e-05
37 Citeseer_feat_L1.txt 0.000853467 0.00083601 1.7457e-05
38 Citeseer_feat_L1.txt 0.00155594 0.00153901 1.6929e-05
39 Citeseer_feat_L1.txt 0.000896217 0.000880748 1.5469e-05
40 Citeseer_feat_L1.txt 0.00160366 0.00158746 1.6199e-05
41 Citeseer_feat_L1.txt 0.000784276 0.000769881 1.4395e-05
42 Citeseer_feat_L1.txt 0.00173215 0.00171602 1.6129e-05
43 Citeseer_feat_L1.txt 0.000793954 0.000776591 1.7363e-05
44 Citeseer_feat_L1.txt 0.00118683 0.00116885 1.7979e-05
45 Citeseer_feat_L1.txt 0.000809321 0.000792989 1.6332e-05
46 Citeseer_feat_L1.txt 0.00170175 0.00168584 1.5906e-05
47 Citeseer_feat_L1.txt 0.000776341 0.000760579 1.5762e-05
48 Citeseer_feat_L1.txt 0.00147933 0.00146212 1.7203e-05
49 Citeseer_feat_L1.txt 0.000787413 0.00077093 1.6483e-05
50 Citeseer_feat_L1.txt 0.00160873 0.00159286 1.5866e-05
51 Citeseer_feat_L1.txt 0.000809563 0.000794508 1.5055e-05
52 Citeseer_feat_L1.txt 0.00156971 0.00155512 1.4591e-05
53 Citeseer_feat_L1.txt 0.000845013 0.000829226 1.5787e-05
54 Citeseer_feat_L1.txt 0.00157337 0.00155633 1.7042e-05
55 Citeseer_feat_L1.txt 0.000897703 0.000879571 1.8132e-05
56 Citeseer_feat_L1.txt 0.00157445 0.00155743 1.7022e-05
57 Citeseer_feat_L1.txt 0.000782372 0.000765147 1.7225e-05
58 Citeseer_feat_L1.txt 0.0016946 0.00167887 1.5729e-05
59 Citeseer_feat_L1.txt 0.000795895 0.00078022 1.5675e-05
60 Citeseer_feat_L1.txt 0.00119701 0.00117833 1.8679e-05
61 Citeseer_feat_L1.txt 0.000815657 0.000799333 1.6324e-05
62 Citeseer_feat_L1.txt 0.00170642 0.00168994 1.6476e-05
63 Citeseer_feat_L1.txt 0.000782343 0.000766849 1.5494e-05
64 Citeseer_feat_L1.txt 0.00149754 0.00147992 1.7627e-05
65 Citeseer_feat_L1.txt 0.000806194 0.000789399 1.6795e-05
66 Citeseer_feat_L1.txt 0.00165323 0.00163387 1.9358e-05
67 Citeseer_feat_L1.txt 0.000804582 0.000787493 1.7089e-05
68 Citeseer_feat_L1.txt 0.00119507 0.00117773 1.7332e-05
69 Citeseer_feat_L1.txt 0.000846546 0.000831043 1.5503e-05
70 Citeseer_feat_L1.txt 0.00165707 0.00164144 1.5635e-05
71 Citeseer_feat_L1.txt 0.000868167 0.000852559 1.5608e-05
72 Citeseer_feat_L1.txt 0.00133837 0.00132037 1.8002e-05
73 Citeseer_feat_L1.txt 0.000788262 0.000772117 1.6145e-05
74 Citeseer_feat_L1.txt 0.00170024 0.00168189 1.8354e-05
75 Citeseer_feat_L1.txt 0.000799855 0.000783489 1.6366e-05
76 Citeseer_feat_L1.txt 0.001192 0.00117531 1.669e-05
77 Citeseer_feat_L1.txt 0.000815212 0.000800593 1.4619e-05
78 Citeseer_feat_L1.txt 0.00163496 0.00161706 1.7903e-05
79 Citeseer_feat_L1.txt 0.000771152 0.000753418 1.7734e-05
80 Citeseer_feat_L1.txt 0.00148597 0.00146815 1.7822e-05
81 Citeseer_feat_L1.txt 0.000785683 0.000769486 1.6197e-05
82 Citeseer_feat_L1.txt 0.00161423 0.00159878 1.5446e-05
83 Citeseer_feat_L1.txt 0.00081673 0.000801057 1.5673e-05
84 Citeseer_feat_L1.txt 0.00120207 0.00118241 1.9663e-05
85 Citeseer_feat_L1.txt 0.000855089 0.000836886 1.8203e-05
86 Citeseer_feat_L1.txt 0.00163066 0.00161391 1.6744e-05
87 Citeseer_feat_L1.txt 0.000878819 0.000862331 1.6488e-05
88 Citeseer_feat_L1.txt 0.00133887 0.00132302 1.5854e-05
89 Citeseer_feat_L1.txt 0.000787592 0.000771392 1.62e-05
90 Citeseer_feat_L1.txt 0.00168703 0.0016698 1.7232e-05
91 Citeseer_feat_L1.txt 0.000788328 0.000769741 1.8587e-05
92 Citeseer_feat_L1.txt 0.00118369 0.00116512 1.8574e-05
93 Citeseer_feat_L1.txt 0.000810415 0.00079367 1.6745e-05
94 Citeseer_feat_L1.txt 0.00159571 0.00158028 1.5427e-05
95 Citeseer_feat_L1.txt 0.000777413 0.000761283 1.613e-05
96 Citeseer_feat_L1.txt 0.00148638 0.00146713 1.9245e-05
97 Citeseer_feat_L1.txt 0.000802974 0.000784322 1.8652e-05
98 Citeseer_feat_L1.txt 0.00162978 0.00159951 3.027e-05
99 Citeseer_feat_L1.txt 0.00082157 0.00080574 1.583e-05
100 Citeseer_feat_L1.txt 0.00118898 0.00117265 1.6328e-05
101 Citeseer_feat_L1.txt 0.000851163 0.000834869 1.6294e-05
102 Citeseer_feat_L1.txt 0.00168699 0.00166893 1.8067e-05
103 Citeseer_feat_L1.txt 0.000874088 0.000856593 1.7495e-05
104 Citeseer_feat_L1.txt 0.00134026 0.00132214 1.8122e-05
105 Citeseer_feat_L1.txt 0.000789491 0.00077231 1.7181e-05
106 Citeseer_feat_L1.txt 0.00176636 0.00175051 1.5853e-05
107 Citeseer_feat_L1.txt 0.000809132 0.000793018 1.6114e-05
108 Citeseer_feat_L1.txt 0.00119663 0.00117847 1.8158e-05
109 Citeseer_feat_L1.txt 0.000818097 0.000800283 1.7814e-05
110 Citeseer_feat_L1.txt 0.00165241 0.0016351 1.7304e-05
111 Citeseer_feat_L1.txt 0.000788269 0.000771186 1.7083e-05
112 Citeseer_feat_L1.txt 0.00149191 0.00147522 1.6689e-05
113 Citeseer_feat_L1.txt 0.000809619 0.000793814 1.5805e-05
114 Citeseer_feat_L1.txt 0.00161407 0.00159761 1.6459e-05
115 Citeseer_feat_L1.txt 0.000807479 0.000789001 1.8478e-05
116 Citeseer_feat_L1.txt 0.00119528 0.00117439 2.0899e-05
117 Citeseer_feat_L1.txt 0.000842549 0.000826874 1.5675e-05
118 Citeseer_feat_L1.txt 0.00162091 0.00160485 1.6063e-05
119 Citeseer_feat_L1.txt 0.000869806 0.000848501 2.1305e-05
120 Citeseer_feat_L1.txt 0.0013383 0.00131902 1.9279e-05
121 Citeseer_feat_L1.txt 0.000784266 0.000766189 1.8077e-05
122 Citeseer_feat_L1.txt 0.00169309 0.00167604 1.705e-05
123 Citeseer_feat_L1.txt 0.000800908 0.000785196 1.5712e-05
124 Citeseer_feat_L1.txt 0.00119247 0.00117603 1.6433e-05
125 Citeseer_feat_L1.txt 0.00081512 0.000798829 1.6291e-05
126 Citeseer_feat_L1.txt 0.00159274 0.00157578 1.6959e-05
127 Citeseer_feat_L1.txt 0.000766662 0.00074912 1.7542e-05
128 Citeseer_feat_L1.txt 0.00140561 0.00138608 1.9532e-05
129 Citeseer_feat_L1.txt 0.000728502 0.000706413 2.2089e-05
130 Citeseer_feat_L1.txt 0.00155312 0.00153755 1.5567e-05
131 Citeseer_feat_L1.txt 0.000745537 0.000729757 1.578e-05
132 Citeseer_feat_L1.txt 0.00111005 0.00109204 1.8013e-05
133 Citeseer_feat_L1.txt 0.000745589 0.000727639 1.795e-05
134 Citeseer_feat_L1.txt 0.00118702 0.00117035 1.667e-05
135 Citeseer_feat_L1.txt 0.000798473 0.000784056 1.4417e-05
136 Citeseer_feat_L1.txt 0.00126802 0.00125167 1.6348e-05
137 Citeseer_feat_L1.txt 0.000712731 0.000697186 1.5545e-05
138 Citeseer_feat_L1.txt 0.00158645 0.00156911 1.7343e-05
139 Citeseer_feat_L1.txt 0.000702102 0.000685094 1.7008e-05
140 Citeseer_feat_L1.txt 0.00109359 0.00107741 1.6182e-05
141 Citeseer_feat_L1.txt 0.000728609 0.000713096 1.5513e-05
142 Citeseer_feat_L1.txt 0.00108451 0.00106943 1.5077e-05
143 Citeseer_feat_L1.txt 0.000713575 0.000690296 2.3279e-05
0 Citeseer_A.txt 0.000455039 0.000453027 2.012e-06
1 Citeseer_A.txt 0.000499465 0.000497625 1.84e-06
2 Citeseer_A.txt 0.000474324 0.000472272 2.052e-06
3 Citeseer_A.txt 0.000526335 0.000524841 1.494e-06
4 Citeseer_A.txt 0.000428436 0.000426776 1.66e-06
5 Citeseer_A.txt 0.000519982 0.000518736 1.246e-06
6 Citeseer_A.txt 0.000483937 0.000482099 1.838e-06
7 Citeseer_A.txt 0.000489654 0.00048839 1.264e-06
8 Citeseer_A.txt 0.000458665 0.000457212 1.453e-06
9 Citeseer_A.txt 0.000394786 0.000393375 1.411e-06
10 Citeseer_A.txt 0.000421423 0.000420199 1.224e-06
11 Citeseer_A.txt 0.000503023 0.00050188 1.143e-06
12 Citeseer_A.txt 0.00051766 0.000516279 1.381e-06
13 Citeseer_A.txt 0.000513973 0.000512403 1.57e-06
14 Citeseer_A.txt 0.000464436 0.000463196 1.24e-06
15 Citeseer_A.txt 0.000392125 0.000390743 1.382e-06
16 Citeseer_A.txt 0.00044181 0.00044068 1.13e-06
17 Citeseer_A.txt 0.000500069 0.000498929 1.14e-06
18 Citeseer_A.txt 0.000469843 0.000468065 1.778e-06
19 Citeseer_A.txt 0.000518634 0.000517219 1.415e-06
20 Citeseer_A.txt 0.000400337 0.000398782 1.555e-06
21 Citeseer_A.txt 0.00051775 0.000516482 1.268e-06
22 Citeseer_A.txt 0.000481436 0.000480224 1.212e-06
23 Citeseer_A.txt 0.000491072 0.000489608 1.464e-06
24 Citeseer_A.txt 0.000458371 0.000456932 1.439e-06
25 Citeseer_A.txt 0.000389418 0.000387993 1.425e-06
26 Citeseer_A.txt 0.000417046 0.000415211 1.835e-06
27 Citeseer_A.txt 0.000500542 0.00049879 1.752e-06
28 Citeseer_A.txt 0.000518341 0.000516789 1.552e-06
29 Citeseer_A.txt 0.000514291 0.000513143 1.148e-06
30 Citeseer_A.txt 0.000461607 0.000459918 1.689e-06
31 Citeseer_A.txt 0.000383889 0.000382608 1.281e-06
32 Citeseer_A.txt 0.000440105 0.000438162 1.943e-06
33 Citeseer_A.txt 0.000497293 0.000495614 1.679e-06
34 Citeseer_A.txt 0.000459902 0.000458621 1.281e-06
35 Citeseer_A.txt 0.000523777 0.000522738 1.039e-06
36 Citeseer_A.txt 0.00042248 0.000420416 2.064e-06
37 Citeseer_A.txt 0.000514619 0.000512895 1.724e-06
38 Citeseer_A.txt 0.000479067 0.000476765 2.302e-06
39 Citeseer_A.txt 0.000490094 0.000488585 1.509e-06
40 Citeseer_A.txt 0.000460163 0.000459083 1.08e-06
41 Citeseer_A.txt 0.000389542 0.000388213 1.329e-06
42 Citeseer_A.txt 0.000409765 0.000408363 1.402e-06
43 Citeseer_A.txt 0.000494823 0.000493198 1.625e-06
44 Citeseer_A.txt 0.000515472 0.000514143 1.329e-06
45 Citeseer_A.txt 0.000516173 0.000514913 1.26e-06
46 Citeseer_A.txt 0.00046144 0.00046002 1.42e-06
47 Citeseer_A.txt 0.000398764 0.00039752 1.244e-06
48 Citeseer_A.txt 0.000431018 0.000429913 1.105e-06
49 Citeseer_A.txt 0.000489884 0.000488249 1.635e-06
50 Citeseer_A.txt 0.000451469 0.000449682 1.787e-06
51 Citeseer_A.txt 0.000520942 0.000519442 1.5e-06
52 Citeseer_A.txt 0.000419316 0.00041787 1.446e-06
53 Citeseer_A.txt 0.000514256 0.000512535 1.721e-06
54 Citeseer_A.txt 0.000478449 0.000477008 1.441e-06
55 Citeseer_A.txt 0.00048535 0.000483573 1.777e-06
56 Citeseer_A.txt 0.000455492 0.000453436 2.056e-06
57 Citeseer_A.txt 0.000389025 0.000387329 1.696e-06
58 Citeseer_A.txt 0.00041561 0.000413351 2.259e-06
59 Citeseer_A.txt 0.00050097 0.00049903 1.94e-06
60 Citeseer_A.txt 0.000517673 0.000515582 2.091e-06
61 Citeseer_A.txt 0.000513966 0.00051223 1.736e-06
62 Citeseer_A.txt 0.000461085 0.000458898 2.187e-06
63 Citeseer_A.txt 0.000402973 0.00040086 2.113e-06
64 Citeseer_A.txt 0.000415249 0.000412294 2.955e-06
65 Citeseer_A.txt 0.000498811 0.000497404 1.407e-06
66 Citeseer_A.txt 0.000441174 0.000439142 2.032e-06
67 Citeseer_A.txt 0.000515228 0.000513296 1.932e-06
68 Citeseer_A.txt 0.00041746 0.000414985 2.475e-06
69 Citeseer_A.txt 0.00052336 0.000520705 2.655e-06
70 Citeseer_A.txt 0.0004937 0.00049204 1.66e-06
71 Citeseer_A.txt 0.000499681 0.000498177 1.504e-06
72 Citeseer_A.txt 0.000453576 0.000451158 2.418e-06
73 Citeseer_A.txt 0.000407831 0.000405335 2.496e-06
74 Citeseer_A.txt 0.00040761 0.000405757 1.853e-06
75 Citeseer_A.txt 0.000505785 0.000503781 2.004e-06
76 Citeseer_A.txt 0.000525609 0.000523704 1.905e-06
77 Citeseer_A.txt 0.00052913 0.000527466 1.664e-06
78 Citeseer_A.txt 0.000457793 0.00045615 1.643e-06
79 Citeseer_A.txt 0.000390538 0.000388276 2.262e-06
80 Citeseer_A.txt 0.000407673 0.000405123 2.55e-06
81 Citeseer_A.txt 0.000496685 0.000494578 2.107e-06
82 Citeseer_A.txt 0.000444615 0.000442439 2.176e-06
83 Citeseer_A.txt 0.000521333 0.000518147 3.186e-06
84 Citeseer_A.txt 0.000417435 0.000414649 2.786e-06
85 Citeseer_A.txt 0.00051616 0.000514102 2.058e-06
86 Citeseer_A.txt 0.000490677 0.000487645 3.032e-06
87 Citeseer_A.txt 0.000498775 0.000496944 1.831e-06
88 Citeseer_A.txt 0.00045574 0.000454149 1.591e-06
89 Citeseer_A.txt 0.000410014 0.000408069 1.945e-06
90 Citeseer_A.txt 0.000407952 0.000404341 3.611e-06
91 Citeseer_A.txt 0.000497743 0.000494669 3.074e-06
92 Citeseer_A.txt 0.000517749 0.000514726 3.023e-06
93 Citeseer_A.txt 0.00052843 0.000526071 2.359e-06
94 Citeseer_A.txt 0.000456769 0.000454556 2.213e-06
95 Citeseer_A.txt 0.000391247 0.000388371 2.876e-06
96 Citeseer_A.txt 0.000416532 0.000414243 2.289e-06
97 Citeseer_A.txt 0.000493498 0.00049108 2.418e-06
98 Citeseer_A.txt 0.000439278 0.000436976 2.302e-06
99 Citeseer_A.txt 0.000514644 0.000512133 2.511e-06
100 Citeseer_A.txt 0.00043572 0.000431124 4.596e-06
101 Citeseer_A.txt 0.000899198 0.000896825 2.373e-06
102 Citeseer_A.txt 0.000501709 0.000496821 4.888e-06
103 Citeseer_A.txt 0.000504997 0.000499424 5.573e-06
104 Citeseer_A.txt 0.00045365 0.000450977 2.673e-06
105 Citeseer_A.txt 0.000386326 0.000384174 2.152e-06
106 Citeseer_A.txt 0.000425256 0.000423255 2.001e-06
107 Citeseer_A.txt 0.000504769 0.000503015 1.754e-06
108 Citeseer_A.txt 0.000522206 0.000518505 3.701e-06
109 Citeseer_A.txt 0.000529142 0.000525141 4.001e-06
110 Citeseer_A.txt 0.000456441 0.000453248 3.193e-06
111 Citeseer_A.txt 0.000429816 0.000427294 2.522e-06
112 Citeseer_A.txt 0.000424883 0.000419721 5.162e-06
113 Citeseer_A.txt 0.000495806 0.000493781 2.025e-06
114 Citeseer_A.txt 0.000441281 0.000438268 3.013e-06
115 Citeseer_A.txt 0.000513084 0.000509087 3.997e-06
116 Citeseer_A.txt 0.000430807 0.000427712 3.095e-06
117 Citeseer_A.txt 0.000903285 0.000899741 3.544e-06
118 Citeseer_A.txt 0.00050185 0.000498327 3.523e-06
119 Citeseer_A.txt 0.000500364 0.000497533 2.831e-06
120 Citeseer_A.txt 0.000454028 0.000450131 3.897e-06
121 Citeseer_A.txt 0.000398391 0.000395307 3.084e-06
122 Citeseer_A.txt 0.000423699 0.000417982 5.717e-06
123 Citeseer_A.txt 0.000503888 0.000501703 2.185e-06
124 Citeseer_A.txt 0.000524406 0.000522023 2.383e-06
125 Citeseer_A.txt 0.000529385 0.000527248 2.137e-06
126 Citeseer_A.txt 0.000451881 0.000450089 1.792e-06
127 Citeseer_A.txt 0.00041974 0.000416708 3.032e-06
128 Citeseer_A.txt 0.000364814 0.000362046 2.768e-06
129 Citeseer_A.txt 0.000459084 0.000457185 1.899e-06
130 Citeseer_A.txt 0.000408823 0.000406875 1.948e-06
131 Citeseer_A.txt 0.000480897 0.000478524 2.373e-06
132 Citeseer_A.txt 0.00034281 0.000339802 3.008e-06
133 Citeseer_A.txt 0.000449624 0.000446348 3.276e-06
134 Citeseer_A.txt 0.000440849 0.000438346 2.503e-06
135 Citeseer_A.txt 0.000445671 0.000443459 2.212e-06
136 Citeseer_A.txt 0.00042744 0.000425392 2.048e-06
137 Citeseer_A.txt 0.000341732 0.000339187 2.545e-06
138 Citeseer_A.txt 0.000358069 0.000355361 2.708e-06
139 Citeseer_A.txt 0.000455514 0.000452994 2.52e-06
140 Citeseer_A.txt 0.000478601 0.000476661 1.94e-06
141 Citeseer_A.txt 0.000483025 0.00047999 3.035e-06
142 Citeseer_A.txt 0.000391997 0.00038589 6.107e-06
143 Citeseer_A.txt 0.000339268 0.000335834 3.434e-06
TACC:  Shutdown complete. Exiting. 
