TACC:  Starting up job 10066093 
TACC:  Starting parallel tasks... 
0 Reddit_feat_L2.txt 0.00195752 0.000216812 0.00174071
1 Reddit_feat_L2.txt 0.00192218 0.000166243 0.00175594
2 Reddit_feat_L2.txt 0.00223863 0.000237799 0.00200083
3 Reddit_feat_L2.txt 0.00218101 0.000175942 0.00200507
4 Reddit_feat_L2.txt 0.00245012 0.000222355 0.00222777
5 Reddit_feat_L2.txt 0.00195429 0.000172678 0.00178161
6 Reddit_feat_L2.txt 0.00100141 0.000236622 0.000764783
7 Reddit_feat_L2.txt 0.00116224 0.000177803 0.000984438
8 Reddit_feat_L2.txt 0.00140381 0.000209645 0.00119417
9 Reddit_feat_L2.txt 0.00226465 0.00016758 0.00209707
10 Reddit_feat_L2.txt 0.000967353 0.000229142 0.000738211
11 Reddit_feat_L2.txt 0.000771538 0.000164412 0.000607126
12 Reddit_feat_L2.txt 0.000936138 0.00022477 0.000711368
13 Reddit_feat_L2.txt 0.000818267 0.00016364 0.000654627
14 Reddit_feat_L2.txt 0.000768814 0.000228178 0.000540636
15 Reddit_feat_L2.txt 0.000874753 0.000165281 0.000709472
16 Reddit_feat_L2.txt 0.00092862 0.000204361 0.000724259
17 Reddit_feat_L2.txt 0.000819828 0.000168907 0.000650921
18 Reddit_feat_L2.txt 0.00100846 0.00023243 0.000776028
19 Reddit_feat_L2.txt 0.000750173 0.00016926 0.000580913
20 Reddit_feat_L2.txt 0.000644947 0.000227467 0.00041748
21 Reddit_feat_L2.txt 0.000797393 0.000156856 0.000640537
22 Reddit_feat_L2.txt 0.000795219 0.000225812 0.000569407
23 Reddit_feat_L2.txt 0.000647107 0.000160368 0.000486739
24 Reddit_feat_L2.txt 0.000770711 0.000204011 0.0005667
25 Reddit_feat_L2.txt 0.000703743 0.000165759 0.000537984
26 Reddit_feat_L2.txt 0.000660364 0.000224928 0.000435436
27 Reddit_feat_L2.txt 0.000706859 0.00016222 0.000544639
28 Reddit_feat_L2.txt 0.000865603 0.000221258 0.000644345
29 Reddit_feat_L2.txt 0.000760064 0.00015758 0.000602484
30 Reddit_feat_L2.txt 0.000672192 0.000233698 0.000438494
31 Reddit_feat_L2.txt 0.000644208 0.000166881 0.000477327
32 Reddit_feat_L2.txt 0.000705228 0.000206723 0.000498505
33 Reddit_feat_L2.txt 0.000927767 0.000172532 0.000755235
34 Reddit_feat_L2.txt 0.000607517 0.00023968 0.000367837
35 Reddit_feat_L2.txt 0.000833338 0.000167525 0.000665813
36 Reddit_feat_L2.txt 0.0009105 0.000241759 0.000668741
37 Reddit_feat_L2.txt 0.000585025 0.000166852 0.000418173
38 Reddit_feat_L2.txt 0.000818714 0.000225362 0.000593352
39 Reddit_feat_L2.txt 0.000847572 0.000166832 0.00068074
40 Reddit_feat_L2.txt 0.000617939 0.000205507 0.000412432
41 Reddit_feat_L2.txt 0.00058952 0.000168586 0.000420934
42 Reddit_feat_L2.txt 0.000848003 0.000242123 0.00060588
43 Reddit_feat_L2.txt 0.000573068 0.000167979 0.000405089
44 Reddit_feat_L2.txt 0.000644149 0.000237529 0.00040662
45 Reddit_feat_L2.txt 0.000729685 0.000168314 0.000561371
46 Reddit_feat_L2.txt 0.00064475 0.000224867 0.000419883
47 Reddit_feat_L2.txt 0.000529448 0.000161518 0.00036793
48 Reddit_feat_L2.txt 0.000670143 0.000203541 0.000466602
49 Reddit_feat_L2.txt 0.000634968 0.000167521 0.000467447
50 Reddit_feat_L2.txt 0.000683671 0.000234639 0.000449032
51 Reddit_feat_L2.txt 0.000662269 0.000159214 0.000503055
52 Reddit_feat_L2.txt 0.000672442 0.00021552 0.000456922
53 Reddit_feat_L2.txt 0.000674496 0.000162731 0.000511765
54 Reddit_feat_L2.txt 0.000599501 0.000231904 0.000367597
55 Reddit_feat_L2.txt 0.000558625 0.000169925 0.0003887
56 Reddit_feat_L2.txt 0.000476053 0.000204713 0.00027134
57 Reddit_feat_L2.txt 0.000638631 0.000169141 0.00046949
58 Reddit_feat_L2.txt 0.000545394 0.000236318 0.000309076
59 Reddit_feat_L2.txt 0.000547687 0.0001625 0.000385187
60 Reddit_feat_L2.txt 0.000623004 0.000222796 0.000400208
61 Reddit_feat_L2.txt 0.00053858 0.000167496 0.000371084
62 Reddit_feat_L2.txt 0.000736523 0.000225858 0.000510665
63 Reddit_feat_L2.txt 0.000581827 0.000167786 0.000414041
64 Reddit_feat_L2.txt 0.000523743 0.000190547 0.000333196
65 Reddit_feat_L2.txt 0.00069527 0.000148673 0.000546597
66 Reddit_feat_L2.txt 0.000806375 0.000218155 0.00058822
67 Reddit_feat_L2.txt 0.000742501 0.000158976 0.000583525
68 Reddit_feat_L2.txt 0.000557388 0.000210539 0.000346849
69 Reddit_feat_L2.txt 0.00056082 0.000146458 0.000414362
70 Reddit_feat_L2.txt 0.000525546 0.000209575 0.000315971
71 Reddit_feat_L2.txt 0.00041209 0.000141659 0.000270431
0 Reddit_A.txt 0.0215997 0.0172698 0.00432992
1 Reddit_A.txt 0.0232908 0.0171089 0.00618186
2 Reddit_A.txt 0.0290015 0.0168966 0.0121048
3 Reddit_A.txt 0.0316287 0.0166678 0.0149609
4 Reddit_A.txt 0.0354254 0.016568 0.0188574
5 Reddit_A.txt 0.0335482 0.0164321 0.0171162
6 Reddit_A.txt 0.0316062 0.0161711 0.015435
7 Reddit_A.txt 0.0378283 0.016057 0.0217714
8 Reddit_A.txt 0.0345314 0.0159335 0.0185979
9 Reddit_A.txt 0.0454779 0.0159124 0.0295655
10 Reddit_A.txt 0.034414 0.0160182 0.0183958
11 Reddit_A.txt 0.0426044 0.0161494 0.026455
12 Reddit_A.txt 0.0452233 0.0163145 0.0289088
13 Reddit_A.txt 0.0380861 0.0164205 0.0216656
14 Reddit_A.txt 0.0411456 0.0164205 0.0247251
15 Reddit_A.txt 0.0469905 0.0164889 0.0305015
16 Reddit_A.txt 0.0573755 0.0165938 0.0407816
17 Reddit_A.txt 0.0470679 0.016594 0.0304739
18 Reddit_A.txt 0.0536116 0.0164658 0.0371458
19 Reddit_A.txt 0.0535501 0.0165678 0.0369823
20 Reddit_A.txt 0.0609796 0.0165685 0.0444112
21 Reddit_A.txt 0.0662791 0.0164078 0.0498712
22 Reddit_A.txt 0.0572142 0.0165167 0.0406975
23 Reddit_A.txt 0.0661126 0.0165228 0.0495899
24 Reddit_A.txt 0.0629868 0.0165937 0.0463931
25 Reddit_A.txt 0.0704012 0.0167 0.0537013
26 Reddit_A.txt 0.0682696 0.0166994 0.0515702
27 Reddit_A.txt 0.0815799 0.0165147 0.0650653
28 Reddit_A.txt 0.0666094 0.0164086 0.0502009
29 Reddit_A.txt 0.0792561 0.0163141 0.062942
30 Reddit_A.txt 0.0838459 0.0163433 0.0675026
31 Reddit_A.txt 0.0691981 0.0164483 0.0527498
32 Reddit_A.txt 0.0765773 0.0164495 0.0601277
33 Reddit_A.txt 0.0947241 0.0164171 0.078307
34 Reddit_A.txt 0.0946192 0.0165232 0.078096
35 Reddit_A.txt 0.0796674 0.0165232 0.0631442
36 Reddit_A.txt 0.107843 0.0165818 0.0912613
37 Reddit_A.txt 0.100414 0.016685 0.0837289
38 Reddit_A.txt 0.11255 0.0166852 0.0958649
39 Reddit_A.txt 0.115639 0.0167091 0.0989297
40 Reddit_A.txt 0.102099 0.0168078 0.0852908
41 Reddit_A.txt 0.122996 0.0168136 0.106183
42 Reddit_A.txt 0.114208 0.0166346 0.0975732
43 Reddit_A.txt 0.110767 0.0167171 0.0940496
44 Reddit_A.txt 0.108336 0.016716 0.0916202
45 Reddit_A.txt 0.117415 0.0165479 0.100867
46 Reddit_A.txt 0.125148 0.0164416 0.108707
47 Reddit_A.txt 0.116112 0.0163121 0.0998002
48 Reddit_A.txt 0.146794 0.0161796 0.130615
49 Reddit_A.txt 0.159135 0.0162846 0.14285
50 Reddit_A.txt 0.134441 0.0162851 0.118156
51 Reddit_A.txt 0.129421 0.0163498 0.113071
52 Reddit_A.txt 0.153925 0.0164484 0.137477
53 Reddit_A.txt 0.118899 0.0164547 0.102444
54 Reddit_A.txt 0.129371 0.016272 0.113099
55 Reddit_A.txt 0.142137 0.0161658 0.125971
56 Reddit_A.txt 0.125932 0.0160507 0.109881
57 Reddit_A.txt 0.138342 0.0161425 0.122199
58 Reddit_A.txt 0.142975 0.0162405 0.126735
59 Reddit_A.txt 0.124694 0.0162448 0.108449
60 Reddit_A.txt 0.134315 0.0160604 0.118255
61 Reddit_A.txt 0.153498 0.0161484 0.137349
62 Reddit_A.txt 0.168615 0.0162955 0.15232
63 Reddit_A.txt 0.146136 0.0164713 0.129665
64 Reddit_A.txt 0.165218 0.0165767 0.148642
65 Reddit_A.txt 0.144837 0.0166354 0.128201
66 Reddit_A.txt 0.174251 0.0167838 0.157467
67 Reddit_A.txt 0.159299 0.0168909 0.142408
68 Reddit_A.txt 0.169292 0.017101 0.152191
69 Reddit_A.txt 0.162162 0.0171083 0.145054
70 Reddit_A.txt 0.45231 0.0166474 0.435663
71 Reddit_A.txt 0.247351 0.0167547 0.230597
TACC:  Shutdown complete. Exiting. 
