TACC:  Starting up job 10066093 
TACC:  Starting parallel tasks... 
0 Reddit_feat_L1.txt 0.00059584 0.000355687 0.000240153
1 Reddit_feat_L1.txt 0.000478791 0.000245055 0.000233736
2 Reddit_feat_L1.txt 0.000624779 0.000384468 0.000240311
3 Reddit_feat_L1.txt 0.000595085 0.000342918 0.000252167
4 Reddit_feat_L1.txt 0.000626396 0.000375472 0.000250924
5 Reddit_feat_L1.txt 0.000564386 0.000298168 0.000266218
6 Reddit_feat_L1.txt 0.000620458 0.000361787 0.000258671
7 Reddit_feat_L1.txt 0.000547715 0.000296249 0.000251466
8 Reddit_feat_L1.txt 0.000564867 0.000302213 0.000262654
9 Reddit_feat_L1.txt 0.000497658 0.000255909 0.000241749
10 Reddit_feat_L1.txt 0.000679643 0.000392157 0.000287486
11 Reddit_feat_L1.txt 0.000607209 0.000332221 0.000274988
12 Reddit_feat_L1.txt 0.000658043 0.000374335 0.000283708
13 Reddit_feat_L1.txt 0.000560589 0.000287798 0.000272791
14 Reddit_feat_L1.txt 0.000612948 0.000360742 0.000252206
15 Reddit_feat_L1.txt 0.000562527 0.000303386 0.000259141
16 Reddit_feat_L1.txt 0.000548111 0.000309789 0.000238322
17 Reddit_feat_L1.txt 0.000511124 0.00025278 0.000258344
18 Reddit_feat_L1.txt 0.0006662 0.000382373 0.000283827
19 Reddit_feat_L1.txt 0.000604386 0.000316967 0.000287419
20 Reddit_feat_L1.txt 0.00063822 0.000360847 0.000277373
21 Reddit_feat_L1.txt 0.000567595 0.000293119 0.000274476
22 Reddit_feat_L1.txt 0.00064299 0.000363478 0.000279512
23 Reddit_feat_L1.txt 0.000574806 0.000297542 0.000277264
24 Reddit_feat_L1.txt 0.000574535 0.00030548 0.000269055
25 Reddit_feat_L1.txt 0.000534627 0.000245955 0.000288672
26 Reddit_feat_L1.txt 0.000647285 0.000384319 0.000262966
27 Reddit_feat_L1.txt 0.000581729 0.000331665 0.000250064
28 Reddit_feat_L1.txt 0.000628087 0.000374162 0.000253925
29 Reddit_feat_L1.txt 0.000585317 0.00029 0.000295317
30 Reddit_feat_L1.txt 0.00067161 0.000360043 0.000311567
31 Reddit_feat_L1.txt 0.000577432 0.000290163 0.000287269
32 Reddit_feat_L1.txt 0.000574461 0.000305202 0.000269259
33 Reddit_feat_L1.txt 0.000531499 0.000254706 0.000276793
34 Reddit_feat_L1.txt 0.000668885 0.000392044 0.000276841
35 Reddit_feat_L1.txt 0.000601464 0.000332994 0.00026847
36 Reddit_feat_L1.txt 0.00058259 0.000331148 0.000251442
37 Reddit_feat_L1.txt 0.000528322 0.000277176 0.000251146
38 Reddit_feat_L1.txt 0.000597723 0.000358463 0.00023926
39 Reddit_feat_L1.txt 0.000561196 0.000297265 0.000263931
40 Reddit_feat_L1.txt 0.000542624 0.000308593 0.000234031
41 Reddit_feat_L1.txt 0.00050088 0.000250694 0.000250186
42 Reddit_feat_L1.txt 0.000694114 0.00038725 0.000306864
43 Reddit_feat_L1.txt 0.000598195 0.000324929 0.000273266
44 Reddit_feat_L1.txt 0.00061845 0.00032524 0.00029321
45 Reddit_feat_L1.txt 0.000561934 0.000282808 0.000279126
46 Reddit_feat_L1.txt 0.000637124 0.000361266 0.000275858
47 Reddit_feat_L1.txt 0.000591548 0.000294493 0.000297055
48 Reddit_feat_L1.txt 0.000568779 0.000303079 0.0002657
49 Reddit_feat_L1.txt 0.000480935 0.000241658 0.000239277
50 Reddit_feat_L1.txt 0.000656365 0.000383036 0.000273329
51 Reddit_feat_L1.txt 0.000635212 0.000329282 0.00030593
52 Reddit_feat_L1.txt 0.000622472 0.000328229 0.000294243
53 Reddit_feat_L1.txt 0.000559256 0.000279194 0.000280062
54 Reddit_feat_L1.txt 0.000652623 0.000359866 0.000292757
55 Reddit_feat_L1.txt 0.000571516 0.00029033 0.000281186
56 Reddit_feat_L1.txt 0.000620173 0.00030385 0.000316323
57 Reddit_feat_L1.txt 0.000577796 0.000252107 0.000325689
58 Reddit_feat_L1.txt 0.000715212 0.000390131 0.000325081
59 Reddit_feat_L1.txt 0.000618595 0.0003295 0.000289095
60 Reddit_feat_L1.txt 0.000605861 0.000329476 0.000276385
61 Reddit_feat_L1.txt 0.000542635 0.000275951 0.000266684
62 Reddit_feat_L1.txt 0.000619743 0.000356779 0.000262964
63 Reddit_feat_L1.txt 0.000556408 0.000295669 0.000260739
64 Reddit_feat_L1.txt 0.000535908 0.000252713 0.000283195
65 Reddit_feat_L1.txt 0.000549442 0.000232635 0.000316807
66 Reddit_feat_L1.txt 0.000638185 0.000331112 0.000307073
67 Reddit_feat_L1.txt 0.000527791 0.000235652 0.000292139
68 Reddit_feat_L1.txt 0.000518542 0.000259494 0.000259048
69 Reddit_feat_L1.txt 0.000510092 0.000223022 0.00028707
70 Reddit_feat_L1.txt 0.000579348 0.000296181 0.000283167
71 Reddit_feat_L1.txt 0.000566351 0.000234684 0.000331667
0 Reddit_A.txt 0.0126185 0.010633 0.0019855
1 Reddit_A.txt 0.0127995 0.0104082 0.0023913
2 Reddit_A.txt 0.0148103 0.0101949 0.00461544
3 Reddit_A.txt 0.0165154 0.0099487 0.00656668
4 Reddit_A.txt 0.0172866 0.00972343 0.00756317
5 Reddit_A.txt 0.0164006 0.00950799 0.00689257
6 Reddit_A.txt 0.0164954 0.00929636 0.00719904
7 Reddit_A.txt 0.01785 0.00906662 0.00878333
8 Reddit_A.txt 0.0162796 0.00884816 0.00743143
9 Reddit_A.txt 0.021371 0.00862777 0.0127432
10 Reddit_A.txt 0.0158177 0.00842236 0.00739532
11 Reddit_A.txt 0.0189146 0.00819178 0.0107228
12 Reddit_A.txt 0.0204676 0.00793272 0.0125349
13 Reddit_A.txt 0.0161456 0.00769589 0.00844971
14 Reddit_A.txt 0.0169687 0.00745187 0.00951686
15 Reddit_A.txt 0.0208161 0.00721681 0.0135993
16 Reddit_A.txt 0.023089 0.00700671 0.0160823
17 Reddit_A.txt 0.0190508 0.00679421 0.0122566
18 Reddit_A.txt 0.023016 0.00659505 0.016421
19 Reddit_A.txt 0.0201801 0.00638764 0.0137924
20 Reddit_A.txt 0.0235496 0.00641558 0.017134
21 Reddit_A.txt 0.0279943 0.00648036 0.0215139
22 Reddit_A.txt 0.0222632 0.00652322 0.01574
23 Reddit_A.txt 0.0268189 0.00652329 0.0202956
24 Reddit_A.txt 0.0264708 0.00646181 0.020009
25 Reddit_A.txt 0.0273931 0.00641647 0.0209767
26 Reddit_A.txt 0.0270121 0.00640607 0.020606
27 Reddit_A.txt 0.0343524 0.00640184 0.0279506
28 Reddit_A.txt 0.0259871 0.00638919 0.0195979
29 Reddit_A.txt 0.0316779 0.00630253 0.0253753
30 Reddit_A.txt 0.0347841 0.00624044 0.0285437
31 Reddit_A.txt 0.0268981 0.00620087 0.0206973
32 Reddit_A.txt 0.0298214 0.00614203 0.0236794
33 Reddit_A.txt 0.0392546 0.00615845 0.0330962
34 Reddit_A.txt 0.0376265 0.0061973 0.0314292
35 Reddit_A.txt 0.0313415 0.00619723 0.0251443
36 Reddit_A.txt 0.043301 0.00613333 0.0371676
37 Reddit_A.txt 0.0385112 0.00630863 0.0322026
38 Reddit_A.txt 0.04394 0.00643296 0.037507
39 Reddit_A.txt 0.0465136 0.00653485 0.0399788
40 Reddit_A.txt 0.0406521 0.00661235 0.0340398
41 Reddit_A.txt 0.0500527 0.00667002 0.0433827
42 Reddit_A.txt 0.0478898 0.00671263 0.0411772
43 Reddit_A.txt 0.0433549 0.00675516 0.0365998
44 Reddit_A.txt 0.0427256 0.00682007 0.0359055
45 Reddit_A.txt 0.0490868 0.00689343 0.0421934
46 Reddit_A.txt 0.0504184 0.00693811 0.0434803
47 Reddit_A.txt 0.0467883 0.00696226 0.039826
48 Reddit_A.txt 0.062828 0.00695468 0.0558734
49 Reddit_A.txt 0.0619186 0.00700421 0.0549144
50 Reddit_A.txt 0.0529704 0.00748845 0.045482
51 Reddit_A.txt 0.0535348 0.00775226 0.0457826
52 Reddit_A.txt 0.0657979 0.00801986 0.057778
53 Reddit_A.txt 0.0511139 0.00815976 0.0429541
54 Reddit_A.txt 0.0541815 0.00846818 0.0457134
55 Reddit_A.txt 0.0611533 0.00859863 0.0525546
56 Reddit_A.txt 0.0546689 0.00889602 0.0457728
57 Reddit_A.txt 0.0604623 0.00894606 0.0515162
58 Reddit_A.txt 0.0618192 0.00936727 0.052452
59 Reddit_A.txt 0.0534519 0.00950064 0.0439513
60 Reddit_A.txt 0.0604726 0.00970723 0.0507653
61 Reddit_A.txt 0.0624827 0.00980583 0.0526769
62 Reddit_A.txt 0.068214 0.0101382 0.0580758
63 Reddit_A.txt 0.0622515 0.010161 0.0520905
64 Reddit_A.txt 0.072469 0.0104716 0.0619974
65 Reddit_A.txt 0.0639374 0.0105965 0.0533409
66 Reddit_A.txt 0.0774077 0.0107085 0.0666991
67 Reddit_A.txt 0.0657422 0.0107544 0.0549878
68 Reddit_A.txt 0.0719832 0.0107879 0.0611953
69 Reddit_A.txt 0.0708991 0.010794 0.060105
70 Reddit_A.txt 0.182305 0.0106709 0.171634
71 Reddit_A.txt 0.101161 0.0106347 0.0905262
TACC:  Shutdown complete. Exiting. 
