TACC:  Starting up job 10066092 
TACC:  Starting parallel tasks... 
0 Reddit_feat_L2.txt 0.00582292 7.8718e-05 0.00574421
1 Reddit_feat_L2.txt 0.00636824 0.000112398 0.00625584
2 Reddit_feat_L2.txt 0.00330873 9.9812e-05 0.00320892
3 Reddit_feat_L2.txt 0.00392608 9.6439e-05 0.00382964
4 Reddit_feat_L2.txt 0.00211908 9.4861e-05 0.00202422
5 Reddit_feat_L2.txt 0.00233647 0.000115275 0.00222119
6 Reddit_feat_L2.txt 0.00196756 0.000103311 0.00186425
7 Reddit_feat_L2.txt 0.00185368 0.000101841 0.00175184
8 Reddit_feat_L2.txt 0.00179888 7.5542e-05 0.00172334
9 Reddit_feat_L2.txt 0.00204955 0.00011386 0.00193569
10 Reddit_feat_L2.txt 0.001636 9.5844e-05 0.00154016
11 Reddit_feat_L2.txt 0.0020054 9.1817e-05 0.00191359
12 Reddit_feat_L2.txt 0.00177635 8.4725e-05 0.00169163
13 Reddit_feat_L2.txt 0.00172415 0.000109098 0.00161505
14 Reddit_feat_L2.txt 0.00171937 9.7825e-05 0.00162155
15 Reddit_feat_L2.txt 0.00152517 9.9389e-05 0.00142578
16 Reddit_feat_L2.txt 0.00163256 9.2014e-05 0.00154055
17 Reddit_feat_L2.txt 0.00170445 0.000119194 0.00158525
18 Reddit_feat_L2.txt 0.00129751 0.000103548 0.00119396
19 Reddit_feat_L2.txt 0.00149719 0.000108396 0.00138879
20 Reddit_feat_L2.txt 0.00158028 9.6349e-05 0.00148393
21 Reddit_feat_L2.txt 0.0015511 0.000124577 0.00142652
22 Reddit_feat_L2.txt 0.00172194 0.000103428 0.00161851
23 Reddit_feat_L2.txt 0.00127734 0.000102152 0.00117519
0 Reddit_A.txt 0.0286502 0.00800879 0.0206414
1 Reddit_A.txt 0.0552868 0.00741124 0.0478755
2 Reddit_A.txt 0.0602387 0.00745311 0.0527856
3 Reddit_A.txt 0.0748228 0.00746903 0.0673537
4 Reddit_A.txt 0.0746519 0.00741679 0.0672351
5 Reddit_A.txt 0.0964021 0.00743135 0.0889707
6 Reddit_A.txt 0.10943 0.00737498 0.102056
7 Reddit_A.txt 0.133251 0.00740406 0.125846
8 Reddit_A.txt 0.149883 0.00735838 0.142525
9 Reddit_A.txt 0.169914 0.00732452 0.16259
10 Reddit_A.txt 0.168095 0.00730937 0.160785
11 Reddit_A.txt 0.208545 0.0072859 0.201259
12 Reddit_A.txt 0.264212 0.00732271 0.256889
13 Reddit_A.txt 0.273314 0.00737486 0.26594
14 Reddit_A.txt 0.268158 0.00753271 0.260625
15 Reddit_A.txt 0.296337 0.00762439 0.288713
16 Reddit_A.txt 0.393344 0.00768046 0.385664
17 Reddit_A.txt 0.334281 0.00767828 0.326602
18 Reddit_A.txt 0.330477 0.00783553 0.322642
19 Reddit_A.txt 0.351251 0.00787704 0.343373
20 Reddit_A.txt 0.395112 0.00790972 0.387202
21 Reddit_A.txt 0.382098 0.00788892 0.374209
22 Reddit_A.txt 0.42472 0.00784279 0.416877
23 Reddit_A.txt 0.749715 0.00800453 0.741711
TACC:  Shutdown complete. Exiting. 
