TACC:  Starting up job 10066092 
TACC:  Starting parallel tasks... 
0 Reddit_feat_L1.txt 0.000880295 0.000119294 0.000761001
1 Reddit_feat_L1.txt 0.000965507 0.000161964 0.000803543
2 Reddit_feat_L1.txt 0.00099213 0.00018565 0.00080648
3 Reddit_feat_L1.txt 0.000964646 0.00015342 0.000811226
4 Reddit_feat_L1.txt 0.00098009 0.000159961 0.000820129
5 Reddit_feat_L1.txt 0.000974128 0.000168163 0.000805965
6 Reddit_feat_L1.txt 0.00104222 0.000175818 0.000866403
7 Reddit_feat_L1.txt 0.00104858 0.000168488 0.000880092
8 Reddit_feat_L1.txt 0.000977992 0.000119058 0.000858934
9 Reddit_feat_L1.txt 0.000970955 0.000164032 0.000806923
10 Reddit_feat_L1.txt 0.00104414 0.000183608 0.000860531
11 Reddit_feat_L1.txt 0.000995259 0.00015215 0.000843109
12 Reddit_feat_L1.txt 0.000964031 0.000159284 0.000804747
13 Reddit_feat_L1.txt 0.000968641 0.000166317 0.000802324
14 Reddit_feat_L1.txt 0.00108782 0.000174896 0.00091292
15 Reddit_feat_L1.txt 0.00103918 0.0001742 0.000864983
16 Reddit_feat_L1.txt 0.000928868 0.000117313 0.000811555
17 Reddit_feat_L1.txt 0.00104595 0.000112653 0.000933301
18 Reddit_feat_L1.txt 0.0010402 0.00012854 0.000911663
19 Reddit_feat_L1.txt 0.00106473 0.000100711 0.000964023
20 Reddit_feat_L1.txt 0.000893104 0.000109446 0.000783658
21 Reddit_feat_L1.txt 0.00100856 0.00010984 0.000898724
22 Reddit_feat_L1.txt 0.00100199 0.000124906 0.000877079
23 Reddit_feat_L1.txt 0.00095686 0.000110675 0.000846185
0 Reddit_A.txt 0.0151124 0.00688765 0.00822476
1 Reddit_A.txt 0.0271208 0.00652968 0.0205912
2 Reddit_A.txt 0.0276013 0.00653307 0.0210683
3 Reddit_A.txt 0.0344741 0.00663255 0.0278416
4 Reddit_A.txt 0.0345214 0.00678695 0.0277344
5 Reddit_A.txt 0.0440283 0.00731301 0.0367153
6 Reddit_A.txt 0.0502661 0.00802582 0.0422403
7 Reddit_A.txt 0.0637308 0.00859902 0.0551318
8 Reddit_A.txt 0.0638636 0.00864694 0.0552167
9 Reddit_A.txt 0.0779852 0.00863111 0.0693541
10 Reddit_A.txt 0.0772112 0.00820256 0.0690087
11 Reddit_A.txt 0.0917697 0.00802883 0.0837409
12 Reddit_A.txt 0.113846 0.00813281 0.105713
13 Reddit_A.txt 0.119177 0.00849341 0.110684
14 Reddit_A.txt 0.114727 0.00858804 0.106139
15 Reddit_A.txt 0.133175 0.00870035 0.124475
16 Reddit_A.txt 0.16589 0.00907959 0.15681
17 Reddit_A.txt 0.143829 0.00909019 0.134739
18 Reddit_A.txt 0.142323 0.00907445 0.133249
19 Reddit_A.txt 0.147243 0.00701994 0.140223
20 Reddit_A.txt 0.163942 0.00703154 0.156911
21 Reddit_A.txt 0.161782 0.00672839 0.155054
22 Reddit_A.txt 0.180958 0.0067718 0.174186
23 Reddit_A.txt 0.315555 0.00685471 0.308701
TACC:  Shutdown complete. Exiting. 
