TACC:  Starting up job 10066060 
TACC:  Starting parallel tasks... 
0 Reddit_feat_L2.txt 0.00127483 0.000371369 0.000903459
1 Reddit_feat_L2.txt 0.00116033 0.000244435 0.000915895
2 Reddit_feat_L2.txt 0.00116811 0.000485531 0.000682575
3 Reddit_feat_L2.txt 0.00132428 0.000247071 0.00107721
4 Reddit_feat_L2.txt 0.00101274 0.000386915 0.000625826
5 Reddit_feat_L2.txt 0.00165374 0.000248183 0.00140556
6 Reddit_feat_L2.txt 0.00130537 0.000474989 0.000830378
7 Reddit_feat_L2.txt 0.00148599 0.000251314 0.00123468
8 Reddit_feat_L2.txt 0.00180781 0.000386158 0.00142165
9 Reddit_feat_L2.txt 0.00115479 0.000251837 0.000902955
10 Reddit_feat_L2.txt 0.00131389 0.000499222 0.000814665
11 Reddit_feat_L2.txt 0.00125063 0.0002524 0.000998229
12 Reddit_feat_L2.txt 0.000864889 0.000380735 0.000484154
13 Reddit_feat_L2.txt 0.000574789 0.000251001 0.000323788
14 Reddit_feat_L2.txt 0.00103349 0.000461713 0.000571774
15 Reddit_feat_L2.txt 0.000724153 0.000242143 0.00048201
16 Reddit_feat_L2.txt 0.000694956 0.000362674 0.000332282
17 Reddit_feat_L2.txt 0.00118918 0.000241339 0.000947841
18 Reddit_feat_L2.txt 0.00178309 0.000479918 0.00130318
19 Reddit_feat_L2.txt 0.00111265 0.000241798 0.000870856
20 Reddit_feat_L2.txt 0.000824731 0.000388224 0.000436507
21 Reddit_feat_L2.txt 0.000643781 0.000247067 0.000396714
22 Reddit_feat_L2.txt 0.000815291 0.000474664 0.000340627
23 Reddit_feat_L2.txt 0.000567956 0.000244725 0.000323231
24 Reddit_feat_L2.txt 0.000724184 0.00036036 0.000363824
25 Reddit_feat_L2.txt 0.000538318 0.000240404 0.000297914
26 Reddit_feat_L2.txt 0.000915991 0.000470425 0.000445566
27 Reddit_feat_L2.txt 0.000517471 0.000236418 0.000281053
28 Reddit_feat_L2.txt 0.00065247 0.000373103 0.000279367
29 Reddit_feat_L2.txt 0.000501614 0.000232813 0.000268801
30 Reddit_feat_L2.txt 0.000846287 0.000456328 0.000389959
31 Reddit_feat_L2.txt 0.000519155 0.000228187 0.000290968
32 Reddit_feat_L2.txt 0.000702536 0.000364729 0.000337807
33 Reddit_feat_L2.txt 0.00071853 0.000243197 0.000475333
34 Reddit_feat_L2.txt 0.000778072 0.000491402 0.00028667
35 Reddit_feat_L2.txt 0.000649474 0.000248765 0.000400709
36 Reddit_feat_L2.txt 0.000765146 0.000378627 0.000386519
37 Reddit_feat_L2.txt 0.000676001 0.000255242 0.000420759
38 Reddit_feat_L2.txt 0.000839528 0.000477304 0.000362224
39 Reddit_feat_L2.txt 0.000502969 0.000247498 0.000255471
40 Reddit_feat_L2.txt 0.000615196 0.000380805 0.000234391
41 Reddit_feat_L2.txt 0.000466557 0.000257599 0.000208958
42 Reddit_feat_L2.txt 0.000816918 0.000473418 0.0003435
43 Reddit_feat_L2.txt 0.000498682 0.000240145 0.000258537
44 Reddit_feat_L2.txt 0.000702248 0.000372503 0.000329745
45 Reddit_feat_L2.txt 0.000515477 0.000232731 0.000282746
46 Reddit_feat_L2.txt 0.000739383 0.000472561 0.000266822
47 Reddit_feat_L2.txt 0.000481183 0.000244605 0.000236578
48 Reddit_feat_L2.txt 0.00064292 0.000360973 0.000281947
49 Reddit_feat_L2.txt 0.000516093 0.000247244 0.000268849
50 Reddit_feat_L2.txt 0.000848736 0.000484163 0.000364573
51 Reddit_feat_L2.txt 0.000469625 0.000240658 0.000228967
52 Reddit_feat_L2.txt 0.000615602 0.000370892 0.00024471
53 Reddit_feat_L2.txt 0.000461262 0.000241787 0.000219475
54 Reddit_feat_L2.txt 0.000752002 0.000465764 0.000286238
55 Reddit_feat_L2.txt 0.000462419 0.000248065 0.000214354
56 Reddit_feat_L2.txt 0.000708196 0.000379687 0.000328509
57 Reddit_feat_L2.txt 0.000623022 0.000245283 0.000377739
58 Reddit_feat_L2.txt 0.000689037 0.000479619 0.000209418
59 Reddit_feat_L2.txt 0.000658955 0.000246186 0.000412769
60 Reddit_feat_L2.txt 0.00063402 0.000389381 0.000244639
61 Reddit_feat_L2.txt 0.000403733 0.000246816 0.000156917
62 Reddit_feat_L2.txt 0.000747538 0.000474193 0.000273345
63 Reddit_feat_L2.txt 0.000478875 0.000246762 0.000232113
64 Reddit_feat_L2.txt 0.000560227 0.000368446 0.000191781
65 Reddit_feat_L2.txt 0.000594871 0.000247002 0.000347869
66 Reddit_feat_L2.txt 0.000843259 0.000483657 0.000359602
67 Reddit_feat_L2.txt 0.000695993 0.000251872 0.000444121
68 Reddit_feat_L2.txt 0.000596277 0.000385087 0.00021119
69 Reddit_feat_L2.txt 0.000434915 0.000253014 0.000181901
70 Reddit_feat_L2.txt 0.000835253 0.000477189 0.000358064
71 Reddit_feat_L2.txt 0.000627038 0.00025302 0.000374018
72 Reddit_feat_L2.txt 0.000721344 0.000362401 0.000358943
73 Reddit_feat_L2.txt 0.000567025 0.000233546 0.000333479
74 Reddit_feat_L2.txt 0.000729413 0.000480582 0.000248831
75 Reddit_feat_L2.txt 0.000457985 0.000244118 0.000213867
76 Reddit_feat_L2.txt 0.000578705 0.000386114 0.000192591
77 Reddit_feat_L2.txt 0.000693963 0.000234555 0.000459408
78 Reddit_feat_L2.txt 0.000862523 0.000458835 0.000403688
79 Reddit_feat_L2.txt 0.000535884 0.000235756 0.000300128
80 Reddit_feat_L2.txt 0.000580977 0.00036707 0.000213907
81 Reddit_feat_L2.txt 0.000465483 0.000244391 0.000221092
82 Reddit_feat_L2.txt 0.000743562 0.000465436 0.000278126
83 Reddit_feat_L2.txt 0.000374272 0.000226245 0.000148027
84 Reddit_feat_L2.txt 0.000821012 0.000381311 0.000439701
85 Reddit_feat_L2.txt 0.000405324 0.000246291 0.000159033
86 Reddit_feat_L2.txt 0.000699166 0.000473947 0.000225219
87 Reddit_feat_L2.txt 0.000452995 0.000254197 0.000198798
88 Reddit_feat_L2.txt 0.000560969 0.000372526 0.000188443
89 Reddit_feat_L2.txt 0.00049867 0.000247182 0.000251488
90 Reddit_feat_L2.txt 0.000778772 0.000476662 0.00030211
91 Reddit_feat_L2.txt 0.000460243 0.000245227 0.000215016
92 Reddit_feat_L2.txt 0.000560679 0.00038525 0.000175429
93 Reddit_feat_L2.txt 0.000486783 0.000247118 0.000239665
94 Reddit_feat_L2.txt 0.000678373 0.000463527 0.000214846
95 Reddit_feat_L2.txt 0.000393555 0.000240576 0.000152979
96 Reddit_feat_L2.txt 0.000565164 0.000359264 0.0002059
97 Reddit_feat_L2.txt 0.000466642 0.000247069 0.000219573
98 Reddit_feat_L2.txt 0.000626928 0.00048753 0.000139398
99 Reddit_feat_L2.txt 0.000615164 0.000246342 0.000368822
100 Reddit_feat_L2.txt 0.000566743 0.000387866 0.000178877
101 Reddit_feat_L2.txt 0.000560981 0.000244781 0.0003162
102 Reddit_feat_L2.txt 0.000688693 0.000480287 0.000208406
103 Reddit_feat_L2.txt 0.000535428 0.000262214 0.000273214
104 Reddit_feat_L2.txt 0.000714592 0.000380511 0.000334081
105 Reddit_feat_L2.txt 0.000424069 0.000261504 0.000162565
106 Reddit_feat_L2.txt 0.000907718 0.000502261 0.000405457
107 Reddit_feat_L2.txt 0.000413248 0.000253678 0.00015957
108 Reddit_feat_L2.txt 0.000570843 0.000390843 0.00018
109 Reddit_feat_L2.txt 0.000391714 0.000254463 0.000137251
110 Reddit_feat_L2.txt 0.000675783 0.000473486 0.000202297
111 Reddit_feat_L2.txt 0.00046444 0.000257231 0.000207209
112 Reddit_feat_L2.txt 0.000506513 0.000367691 0.000138822
113 Reddit_feat_L2.txt 0.000381535 0.000252953 0.000128582
114 Reddit_feat_L2.txt 0.000677271 0.000478646 0.000198625
115 Reddit_feat_L2.txt 0.000500652 0.000247685 0.000252967
116 Reddit_feat_L2.txt 0.000533377 0.000381466 0.000151911
117 Reddit_feat_L2.txt 0.000414919 0.000246932 0.000167987
118 Reddit_feat_L2.txt 0.000682825 0.000469556 0.000213269
119 Reddit_feat_L2.txt 0.000439393 0.000247363 0.00019203
120 Reddit_feat_L2.txt 0.000506403 0.000367414 0.000138989
121 Reddit_feat_L2.txt 0.000448777 0.000240838 0.000207939
122 Reddit_feat_L2.txt 0.000652779 0.000488542 0.000164237
123 Reddit_feat_L2.txt 0.000440829 0.000248268 0.000192561
124 Reddit_feat_L2.txt 0.000798135 0.000373362 0.000424773
125 Reddit_feat_L2.txt 0.000382319 0.000250857 0.000131462
126 Reddit_feat_L2.txt 0.000688678 0.000466076 0.000222602
127 Reddit_feat_L2.txt 0.000395246 0.000237867 0.000157379
128 Reddit_feat_L2.txt 0.000501415 0.000329264 0.000172151
129 Reddit_feat_L2.txt 0.000399663 0.000207417 0.000192246
130 Reddit_feat_L2.txt 0.000845909 0.000457403 0.000388506
131 Reddit_feat_L2.txt 0.000388084 0.000219118 0.000168966
132 Reddit_feat_L2.txt 0.000591406 0.000351993 0.000239413
133 Reddit_feat_L2.txt 0.00050588 0.000212037 0.000293843
134 Reddit_feat_L2.txt 0.000935657 0.000446051 0.000489606
135 Reddit_feat_L2.txt 0.000405882 0.000215495 0.000190387
136 Reddit_feat_L2.txt 0.000516757 0.000351017 0.00016574
137 Reddit_feat_L2.txt 0.00040285 0.000215197 0.000187653
138 Reddit_feat_L2.txt 0.000617149 0.000452507 0.000164642
139 Reddit_feat_L2.txt 0.000415096 0.000211309 0.000203787
140 Reddit_feat_L2.txt 0.000517897 0.000361617 0.00015628
141 Reddit_feat_L2.txt 0.000374308 0.000214687 0.000159621
142 Reddit_feat_L2.txt 0.000566586 0.000444562 0.000122024
143 Reddit_feat_L2.txt 0.000376909 0.000214177 0.000162732
0 Reddit_A.txt 0.0196243 0.0185016 0.00112268
1 Reddit_A.txt 0.020775 0.018573 0.002202
2 Reddit_A.txt 0.0220586 0.018648 0.00341065
3 Reddit_A.txt 0.0230121 0.0186468 0.00436531
4 Reddit_A.txt 0.0232914 0.0185653 0.00472605
5 Reddit_A.txt 0.0261063 0.018493 0.00761334
6 Reddit_A.txt 0.0231115 0.0183935 0.00471797
7 Reddit_A.txt 0.027655 0.0183277 0.00932735
8 Reddit_A.txt 0.0319333 0.0182591 0.0136742
9 Reddit_A.txt 0.0260392 0.0182031 0.00783609
10 Reddit_A.txt 0.0274546 0.0182371 0.00921751
11 Reddit_A.txt 0.0277289 0.0183017 0.00942725
12 Reddit_A.txt 0.0248845 0.018409 0.00647552
13 Reddit_A.txt 0.0252763 0.0184796 0.00679669
14 Reddit_A.txt 0.0374348 0.0185495 0.0188853
15 Reddit_A.txt 0.0249725 0.0185948 0.00637771
16 Reddit_A.txt 0.0260275 0.0186714 0.00735608
17 Reddit_A.txt 0.0313608 0.0187433 0.0126175
18 Reddit_A.txt 0.0335581 0.0188254 0.0147327
19 Reddit_A.txt 0.0327587 0.0188945 0.0138642
20 Reddit_A.txt 0.0326739 0.0189674 0.0137064
21 Reddit_A.txt 0.0286795 0.0189684 0.00971116
22 Reddit_A.txt 0.0333688 0.0188941 0.0144746
23 Reddit_A.txt 0.0329616 0.0188586 0.014103
24 Reddit_A.txt 0.0312203 0.0189229 0.0122974
25 Reddit_A.txt 0.0347852 0.0189939 0.0157913
26 Reddit_A.txt 0.0364226 0.019066 0.0173566
27 Reddit_A.txt 0.029126 0.019066 0.01006
28 Reddit_A.txt 0.0322761 0.0189927 0.0132834
29 Reddit_A.txt 0.033241 0.0189197 0.0143213
30 Reddit_A.txt 0.0334727 0.018814 0.0146587
31 Reddit_A.txt 0.0339571 0.0187415 0.0152156
32 Reddit_A.txt 0.0380508 0.0186752 0.0193755
33 Reddit_A.txt 0.0480212 0.0186188 0.0294023
34 Reddit_A.txt 0.0347008 0.0185432 0.0161576
35 Reddit_A.txt 0.0361036 0.018469 0.0176346
36 Reddit_A.txt 0.0372929 0.0183811 0.0189118
37 Reddit_A.txt 0.035685 0.0183077 0.0173773
38 Reddit_A.txt 0.0443665 0.0183757 0.0259908
39 Reddit_A.txt 0.0365097 0.0183757 0.018134
40 Reddit_A.txt 0.0369213 0.0183043 0.018617
41 Reddit_A.txt 0.0468073 0.0182286 0.0285787
42 Reddit_A.txt 0.0418354 0.0181437 0.0236917
43 Reddit_A.txt 0.0443495 0.0180739 0.0262756
44 Reddit_A.txt 0.0418588 0.0179996 0.0238593
45 Reddit_A.txt 0.042865 0.0179676 0.0248974
46 Reddit_A.txt 0.0460781 0.0180414 0.0280367
47 Reddit_A.txt 0.04503 0.0181136 0.0269164
48 Reddit_A.txt 0.0437301 0.0182103 0.0255198
49 Reddit_A.txt 0.0385789 0.0182791 0.0202998
50 Reddit_A.txt 0.0570952 0.0183522 0.0387431
51 Reddit_A.txt 0.0424616 0.0183505 0.0241111
52 Reddit_A.txt 0.0449565 0.0182788 0.0266777
53 Reddit_A.txt 0.0478699 0.0182055 0.0296644
54 Reddit_A.txt 0.050281 0.0181365 0.0321445
55 Reddit_A.txt 0.0531598 0.018208 0.0349518
56 Reddit_A.txt 0.0525174 0.0182788 0.0342386
57 Reddit_A.txt 0.0439537 0.0182788 0.025675
58 Reddit_A.txt 0.0546219 0.018207 0.0364149
59 Reddit_A.txt 0.0503239 0.0181384 0.0321856
60 Reddit_A.txt 0.0485901 0.0180505 0.0305396
61 Reddit_A.txt 0.0544239 0.0180109 0.0364129
62 Reddit_A.txt 0.0497623 0.0180824 0.0316799
63 Reddit_A.txt 0.0510861 0.0181162 0.0329699
64 Reddit_A.txt 0.0482349 0.0181874 0.0300475
65 Reddit_A.txt 0.0537372 0.0182612 0.0354761
66 Reddit_A.txt 0.0620013 0.0183438 0.0436575
67 Reddit_A.txt 0.0549388 0.0184126 0.0365262
68 Reddit_A.txt 0.0621803 0.0184886 0.0436917
69 Reddit_A.txt 0.0654565 0.0184889 0.0469676
70 Reddit_A.txt 0.0529039 0.0184124 0.0344915
71 Reddit_A.txt 0.0533282 0.0183437 0.0349845
72 Reddit_A.txt 0.0691042 0.0182559 0.0508483
73 Reddit_A.txt 0.0605743 0.0181812 0.0423931
74 Reddit_A.txt 0.0592747 0.0181095 0.0411652
75 Reddit_A.txt 0.0680577 0.0180532 0.0500045
76 Reddit_A.txt 0.0727342 0.0179775 0.0547567
77 Reddit_A.txt 0.0639139 0.0179029 0.046011
78 Reddit_A.txt 0.0544878 0.0178229 0.0366649
79 Reddit_A.txt 0.0805276 0.0178927 0.0626349
80 Reddit_A.txt 0.0763288 0.0179622 0.0583666
81 Reddit_A.txt 0.0559399 0.0179756 0.0379643
82 Reddit_A.txt 0.0705403 0.0180473 0.052493
83 Reddit_A.txt 0.0776897 0.0181157 0.059574
84 Reddit_A.txt 0.0644032 0.0182013 0.0462019
85 Reddit_A.txt 0.071984 0.018271 0.0537129
86 Reddit_A.txt 0.0700692 0.0183403 0.0517289
87 Reddit_A.txt 0.0733519 0.0183418 0.0550101
88 Reddit_A.txt 0.0666705 0.0182706 0.0483999
89 Reddit_A.txt 0.0699488 0.0182007 0.051748
90 Reddit_A.txt 0.0632312 0.0181217 0.0451095
91 Reddit_A.txt 0.0801674 0.0180519 0.0621155
92 Reddit_A.txt 0.0911074 0.0179773 0.0731302
93 Reddit_A.txt 0.0687064 0.0179166 0.0507899
94 Reddit_A.txt 0.0656947 0.0178449 0.0478498
95 Reddit_A.txt 0.0783832 0.0177686 0.0606146
96 Reddit_A.txt 0.0867237 0.0176905 0.0690331
97 Reddit_A.txt 0.0849686 0.0176278 0.0673408
98 Reddit_A.txt 0.0978358 0.017556 0.0802798
99 Reddit_A.txt 0.0921905 0.0175676 0.0746229
100 Reddit_A.txt 0.0777544 0.0175993 0.060155
101 Reddit_A.txt 0.0761755 0.0176652 0.0585103
102 Reddit_A.txt 0.0772998 0.017736 0.0595638
103 Reddit_A.txt 0.0736379 0.0177893 0.0558487
104 Reddit_A.txt 0.0825671 0.0177891 0.064778
105 Reddit_A.txt 0.106212 0.0177409 0.0884714
106 Reddit_A.txt 0.0643886 0.0176742 0.0467144
107 Reddit_A.txt 0.0815801 0.0177066 0.0638735
108 Reddit_A.txt 0.0783388 0.0177993 0.0605395
109 Reddit_A.txt 0.0728885 0.0178664 0.0550222
110 Reddit_A.txt 0.0902845 0.0179397 0.0723447
111 Reddit_A.txt 0.0904981 0.0179394 0.0725587
112 Reddit_A.txt 0.0702652 0.0179633 0.0523018
113 Reddit_A.txt 0.0833696 0.0180343 0.0653353
114 Reddit_A.txt 0.0862294 0.0181154 0.068114
115 Reddit_A.txt 0.0803755 0.0181862 0.0621892
116 Reddit_A.txt 0.09014 0.0182584 0.0718817
117 Reddit_A.txt 0.0873314 0.0182578 0.0690737
118 Reddit_A.txt 0.0704207 0.0181843 0.0522364
119 Reddit_A.txt 0.0850208 0.0181842 0.0668366
120 Reddit_A.txt 0.0714774 0.0182539 0.0532235
121 Reddit_A.txt 0.0934327 0.0183086 0.0751241
122 Reddit_A.txt 0.0920117 0.0183078 0.0737039
123 Reddit_A.txt 0.0937173 0.0182667 0.0754506
124 Reddit_A.txt 0.0921343 0.0182138 0.0739205
125 Reddit_A.txt 0.099385 0.0181586 0.0812264
126 Reddit_A.txt 0.0868328 0.0180788 0.068754
127 Reddit_A.txt 0.0847492 0.0180244 0.0667248
128 Reddit_A.txt 0.114868 0.0179714 0.096897
129 Reddit_A.txt 0.0903416 0.0179263 0.0724153
130 Reddit_A.txt 0.0956904 0.017882 0.0778085
131 Reddit_A.txt 0.0833902 0.0179366 0.0654536
132 Reddit_A.txt 0.107618 0.0180055 0.0896121
133 Reddit_A.txt 0.100805 0.0180594 0.0827456
134 Reddit_A.txt 0.0997125 0.0180594 0.0816531
135 Reddit_A.txt 0.096077 0.018027 0.0780499
136 Reddit_A.txt 0.105205 0.0179963 0.0872083
137 Reddit_A.txt 0.100477 0.0180331 0.0824438
138 Reddit_A.txt 0.102521 0.0181452 0.084376
139 Reddit_A.txt 0.0927634 0.0182116 0.0745518
140 Reddit_A.txt 0.104201 0.0182362 0.0859652
141 Reddit_A.txt 0.388041 0.0182599 0.369781
142 Reddit_A.txt 0.224204 0.0182712 0.205933
143 Reddit_A.txt 0.0779705 0.0184232 0.0595473
TACC:  Shutdown complete. Exiting. 
