TACC:  Starting up job 10066092 
TACC:  Starting parallel tasks... 
0 Reddit_feat_L1.txt 0.000893402 0.00013641 0.000756992
1 Reddit_feat_L1.txt 0.000925445 0.000151224 0.000774221
2 Reddit_feat_L1.txt 0.000958503 0.000176744 0.000781759
3 Reddit_feat_L1.txt 0.000970216 0.000158534 0.000811682
4 Reddit_feat_L1.txt 0.00100219 0.000176277 0.00082591
5 Reddit_feat_L1.txt 0.000932365 0.000153033 0.000779332
6 Reddit_feat_L1.txt 0.0010779 0.000178122 0.000899774
7 Reddit_feat_L1.txt 0.00101389 0.000153351 0.000860536
8 Reddit_feat_L1.txt 0.000983981 0.000136269 0.000847712
9 Reddit_feat_L1.txt 0.000954194 0.000156014 0.00079818
10 Reddit_feat_L1.txt 0.00101472 0.000177243 0.000837477
11 Reddit_feat_L1.txt 0.00100565 0.00015784 0.000847805
12 Reddit_feat_L1.txt 0.000938191 0.000175191 0.000763
13 Reddit_feat_L1.txt 0.000924028 0.000152768 0.00077126
14 Reddit_feat_L1.txt 0.00105582 0.000176616 0.000879206
15 Reddit_feat_L1.txt 0.00100121 0.000156376 0.000844831
16 Reddit_feat_L1.txt 0.000943768 0.000134743 0.000809025
17 Reddit_feat_L1.txt 0.00100527 9.3966e-05 0.0009113
18 Reddit_feat_L1.txt 0.00100636 0.000123556 0.000882808
19 Reddit_feat_L1.txt 0.0010834 0.000104403 0.000979
20 Reddit_feat_L1.txt 0.000880922 0.000122994 0.000757928
21 Reddit_feat_L1.txt 0.000936946 9.7646e-05 0.0008393
22 Reddit_feat_L1.txt 0.00097571 0.000121303 0.000854407
23 Reddit_feat_L1.txt 0.000955443 0.000100867 0.000854576
0 Reddit_A.txt 0.0162614 0.00850813 0.00775331
1 Reddit_A.txt 0.0273511 0.00749324 0.0198579
2 Reddit_A.txt 0.0282086 0.00699582 0.0212127
3 Reddit_A.txt 0.035017 0.00641388 0.0286031
4 Reddit_A.txt 0.034167 0.00579945 0.0283676
5 Reddit_A.txt 0.0424007 0.00607901 0.0363216
6 Reddit_A.txt 0.0488696 0.00646062 0.042409
7 Reddit_A.txt 0.0588661 0.00688218 0.0519839
8 Reddit_A.txt 0.0646341 0.00723944 0.0573946
9 Reddit_A.txt 0.0740881 0.00721652 0.0668716
10 Reddit_A.txt 0.0725074 0.00657898 0.0659284
11 Reddit_A.txt 0.089974 0.00687841 0.0830956
12 Reddit_A.txt 0.111911 0.00699413 0.104917
13 Reddit_A.txt 0.117099 0.00702202 0.110077
14 Reddit_A.txt 0.114842 0.00726492 0.107578
15 Reddit_A.txt 0.124348 0.00736575 0.116982
16 Reddit_A.txt 0.161484 0.00737651 0.154107
17 Reddit_A.txt 0.14218 0.00779509 0.134385
18 Reddit_A.txt 0.147 0.00812962 0.138871
19 Reddit_A.txt 0.149824 0.00817376 0.14165
20 Reddit_A.txt 0.167473 0.00900356 0.15847
21 Reddit_A.txt 0.170264 0.00891788 0.161346
22 Reddit_A.txt 0.178312 0.00896501 0.169347
23 Reddit_A.txt 0.319357 0.00850715 0.310849
TACC:  Shutdown complete. Exiting. 
