TACC:  Starting up job 10066092 
TACC:  Starting parallel tasks... 
0 Reddit_feat_L2.txt 0.00599054 0.000107635 0.0058829
1 Reddit_feat_L2.txt 0.00639107 0.000119091 0.00627198
2 Reddit_feat_L2.txt 0.00334298 0.000105127 0.00323786
3 Reddit_feat_L2.txt 0.00384367 0.000113467 0.00373021
4 Reddit_feat_L2.txt 0.00204687 0.000112897 0.00193397
5 Reddit_feat_L2.txt 0.00234897 0.000119182 0.00222978
6 Reddit_feat_L2.txt 0.00197631 0.000104848 0.00187146
7 Reddit_feat_L2.txt 0.00178041 0.000106279 0.00167413
8 Reddit_feat_L2.txt 0.00181269 9.2792e-05 0.0017199
9 Reddit_feat_L2.txt 0.00205399 0.000116045 0.00193794
10 Reddit_feat_L2.txt 0.00157656 9.839e-05 0.00147817
11 Reddit_feat_L2.txt 0.00202173 0.000109645 0.00191208
12 Reddit_feat_L2.txt 0.001804 0.000107524 0.00169647
13 Reddit_feat_L2.txt 0.00174141 0.000118722 0.00162269
14 Reddit_feat_L2.txt 0.00163681 9.9784e-05 0.00153702
15 Reddit_feat_L2.txt 0.00148889 0.000104571 0.00138432
16 Reddit_feat_L2.txt 0.00162609 0.000114435 0.00151165
17 Reddit_feat_L2.txt 0.00169982 0.000117839 0.00158198
18 Reddit_feat_L2.txt 0.00126792 0.000106864 0.00116106
19 Reddit_feat_L2.txt 0.001464 0.000113392 0.00135061
20 Reddit_feat_L2.txt 0.00156031 0.000113241 0.00144707
21 Reddit_feat_L2.txt 0.00156463 0.000128178 0.00143645
22 Reddit_feat_L2.txt 0.00170093 0.000106757 0.00159417
23 Reddit_feat_L2.txt 0.00122388 0.000106395 0.00111749
0 Reddit_A.txt 0.0284027 0.00766334 0.0207394
1 Reddit_A.txt 0.0589776 0.00760461 0.051373
2 Reddit_A.txt 0.0609491 0.00761124 0.0533378
3 Reddit_A.txt 0.0794866 0.00761198 0.0718746
4 Reddit_A.txt 0.0745617 0.00760987 0.0669519
5 Reddit_A.txt 0.100983 0.0075139 0.0934686
6 Reddit_A.txt 0.114335 0.00752075 0.106814
7 Reddit_A.txt 0.140568 0.00753429 0.133034
8 Reddit_A.txt 0.152003 0.00755676 0.144446
9 Reddit_A.txt 0.177983 0.0075024 0.17048
10 Reddit_A.txt 0.177852 0.00741695 0.170435
11 Reddit_A.txt 0.217189 0.00743627 0.209753
12 Reddit_A.txt 0.268642 0.0073616 0.26128
13 Reddit_A.txt 0.289897 0.00733753 0.282559
14 Reddit_A.txt 0.278361 0.00738836 0.270973
15 Reddit_A.txt 0.310822 0.00746955 0.303353
16 Reddit_A.txt 0.390356 0.0075153 0.382841
17 Reddit_A.txt 0.34755 0.00753329 0.340016
18 Reddit_A.txt 0.349972 0.00760056 0.342372
19 Reddit_A.txt 0.348927 0.00759839 0.341329
20 Reddit_A.txt 0.387996 0.00757266 0.380423
21 Reddit_A.txt 0.395489 0.00754676 0.387942
22 Reddit_A.txt 0.435391 0.00745862 0.427933
23 Reddit_A.txt 0.74867 0.0076426 0.741027
TACC:  Shutdown complete. Exiting. 
