TACC:  Starting up job 10066060 
TACC:  Starting parallel tasks... 
0 Reddit_feat_L1.txt 0.00055196 0.00040336 0.0001486
1 Reddit_feat_L1.txt 0.000552192 0.000390382 0.00016181
2 Reddit_feat_L1.txt 0.000670532 0.000535022 0.00013551
3 Reddit_feat_L1.txt 0.000565305 0.000441514 0.000123791
4 Reddit_feat_L1.txt 0.00060584 0.000482425 0.000123415
5 Reddit_feat_L1.txt 0.000596451 0.000472014 0.000124437
6 Reddit_feat_L1.txt 0.000649499 0.000519269 0.00013023
7 Reddit_feat_L1.txt 0.000535717 0.000385663 0.000150054
8 Reddit_feat_L1.txt 0.000678903 0.000546793 0.00013211
9 Reddit_feat_L1.txt 0.000577949 0.000444197 0.000133752
10 Reddit_feat_L1.txt 0.000656094 0.000532324 0.00012377
11 Reddit_feat_L1.txt 0.000576409 0.0004329 0.000143509
12 Reddit_feat_L1.txt 0.000581153 0.000431571 0.000149582
13 Reddit_feat_L1.txt 0.000548061 0.000398239 0.000149822
14 Reddit_feat_L1.txt 0.000639107 0.00049711 0.000141997
15 Reddit_feat_L1.txt 0.000484227 0.000357486 0.000126741
16 Reddit_feat_L1.txt 0.000502816 0.000375146 0.00012767
17 Reddit_feat_L1.txt 0.000518389 0.000375977 0.000142412
18 Reddit_feat_L1.txt 0.000663211 0.000536596 0.000126615
19 Reddit_feat_L1.txt 0.000537079 0.000417506 0.000119573
20 Reddit_feat_L1.txt 0.00063367 0.00047833 0.00015534
21 Reddit_feat_L1.txt 0.000614332 0.000474388 0.000139944
22 Reddit_feat_L1.txt 0.00065137 0.000519536 0.000131834
23 Reddit_feat_L1.txt 0.000529309 0.000388829 0.00014048
24 Reddit_feat_L1.txt 0.000700464 0.00054091 0.000159554
25 Reddit_feat_L1.txt 0.000578404 0.00044546 0.000132944
26 Reddit_feat_L1.txt 0.000672227 0.00052088 0.000151347
27 Reddit_feat_L1.txt 0.000560559 0.000424494 0.000136065
28 Reddit_feat_L1.txt 0.00056479 0.000427121 0.000137669
29 Reddit_feat_L1.txt 0.000526454 0.000392179 0.000134275
30 Reddit_feat_L1.txt 0.000629047 0.000498222 0.000130825
31 Reddit_feat_L1.txt 0.000495517 0.000362476 0.000133041
32 Reddit_feat_L1.txt 0.000509256 0.000379807 0.000129449
33 Reddit_feat_L1.txt 0.000499017 0.000376647 0.00012237
34 Reddit_feat_L1.txt 0.000664717 0.000536264 0.000128453
35 Reddit_feat_L1.txt 0.000558036 0.000424871 0.000133165
36 Reddit_feat_L1.txt 0.000635371 0.000482546 0.000152825
37 Reddit_feat_L1.txt 0.000607511 0.000477422 0.000130089
38 Reddit_feat_L1.txt 0.000662715 0.000506232 0.000156483
39 Reddit_feat_L1.txt 0.000534818 0.00039064 0.000144178
40 Reddit_feat_L1.txt 0.000681345 0.000533235 0.00014811
41 Reddit_feat_L1.txt 0.000584956 0.000445295 0.000139661
42 Reddit_feat_L1.txt 0.000636455 0.000506521 0.000129934
43 Reddit_feat_L1.txt 0.000562312 0.000421048 0.000141264
44 Reddit_feat_L1.txt 0.000571829 0.000423877 0.000147952
45 Reddit_feat_L1.txt 0.000535536 0.000396251 0.000139285
46 Reddit_feat_L1.txt 0.000650718 0.000499348 0.00015137
47 Reddit_feat_L1.txt 0.000489528 0.000359109 0.000130419
48 Reddit_feat_L1.txt 0.000526986 0.000373871 0.000153115
49 Reddit_feat_L1.txt 0.000519469 0.000373155 0.000146314
50 Reddit_feat_L1.txt 0.000688442 0.00053294 0.000155502
51 Reddit_feat_L1.txt 0.000563524 0.000412823 0.000150701
52 Reddit_feat_L1.txt 0.00061227 0.000478496 0.000133774
53 Reddit_feat_L1.txt 0.000618834 0.000479127 0.000139707
54 Reddit_feat_L1.txt 0.000629983 0.000498796 0.000131187
55 Reddit_feat_L1.txt 0.000507264 0.000378348 0.000128916
56 Reddit_feat_L1.txt 0.000667891 0.00052741 0.000140481
57 Reddit_feat_L1.txt 0.000564986 0.000440225 0.000124761
58 Reddit_feat_L1.txt 0.00062963 0.000496627 0.000133003
59 Reddit_feat_L1.txt 0.000581788 0.000429538 0.00015225
60 Reddit_feat_L1.txt 0.000593465 0.000429997 0.000163468
61 Reddit_feat_L1.txt 0.000548823 0.000396738 0.000152085
62 Reddit_feat_L1.txt 0.000642691 0.000496628 0.000146063
63 Reddit_feat_L1.txt 0.000499771 0.000352673 0.000147098
64 Reddit_feat_L1.txt 0.000510267 0.000374166 0.000136101
65 Reddit_feat_L1.txt 0.000499068 0.00036916 0.000129908
66 Reddit_feat_L1.txt 0.000672492 0.000525562 0.00014693
67 Reddit_feat_L1.txt 0.00054978 0.000407652 0.000142128
68 Reddit_feat_L1.txt 0.000605878 0.000461304 0.000144574
69 Reddit_feat_L1.txt 0.000606383 0.000458717 0.000147666
70 Reddit_feat_L1.txt 0.000615187 0.000479192 0.000135995
71 Reddit_feat_L1.txt 0.00051378 0.000373009 0.000140771
72 Reddit_feat_L1.txt 0.000660777 0.000521272 0.000139505
73 Reddit_feat_L1.txt 0.000575753 0.000441347 0.000134406
74 Reddit_feat_L1.txt 0.000625387 0.000496771 0.000128616
75 Reddit_feat_L1.txt 0.000569869 0.000428482 0.000141387
76 Reddit_feat_L1.txt 0.000562245 0.000434948 0.000127297
77 Reddit_feat_L1.txt 0.000527047 0.000402349 0.000124698
78 Reddit_feat_L1.txt 0.000629036 0.000498685 0.000130351
79 Reddit_feat_L1.txt 0.000481166 0.000353404 0.000127762
80 Reddit_feat_L1.txt 0.000506881 0.000375384 0.000131497
81 Reddit_feat_L1.txt 0.000488218 0.000368716 0.000119502
82 Reddit_feat_L1.txt 0.000647742 0.000525383 0.000122359
83 Reddit_feat_L1.txt 0.000546142 0.000413233 0.000132909
84 Reddit_feat_L1.txt 0.000638913 0.000481219 0.000157694
85 Reddit_feat_L1.txt 0.000638588 0.000478752 0.000159836
86 Reddit_feat_L1.txt 0.000662752 0.000498245 0.000164507
87 Reddit_feat_L1.txt 0.000517544 0.000392869 0.000124675
88 Reddit_feat_L1.txt 0.000686596 0.000532631 0.000153965
89 Reddit_feat_L1.txt 0.000592374 0.000446383 0.000145991
90 Reddit_feat_L1.txt 0.000648609 0.000504147 0.000144462
91 Reddit_feat_L1.txt 0.000573546 0.000430515 0.000143031
92 Reddit_feat_L1.txt 0.000571019 0.000430122 0.000140897
93 Reddit_feat_L1.txt 0.000535666 0.000393015 0.000142651
94 Reddit_feat_L1.txt 0.000647771 0.000495924 0.000151847
95 Reddit_feat_L1.txt 0.000507388 0.000358336 0.000149052
96 Reddit_feat_L1.txt 0.000517363 0.000382357 0.000135006
97 Reddit_feat_L1.txt 0.000531667 0.00039028 0.000141387
98 Reddit_feat_L1.txt 0.000680032 0.000539371 0.000140661
99 Reddit_feat_L1.txt 0.000559899 0.000431532 0.000128367
100 Reddit_feat_L1.txt 0.000616396 0.000483521 0.000132875
101 Reddit_feat_L1.txt 0.000632441 0.000485933 0.000146508
102 Reddit_feat_L1.txt 0.000667468 0.000501625 0.000165843
103 Reddit_feat_L1.txt 0.000549494 0.000393304 0.00015619
104 Reddit_feat_L1.txt 0.000684471 0.000529111 0.00015536
105 Reddit_feat_L1.txt 0.000584009 0.000437379 0.00014663
106 Reddit_feat_L1.txt 0.000643037 0.000498368 0.000144669
107 Reddit_feat_L1.txt 0.000590866 0.000438442 0.000152424
108 Reddit_feat_L1.txt 0.000581862 0.000436225 0.000145637
109 Reddit_feat_L1.txt 0.000554531 0.000404896 0.000149635
110 Reddit_feat_L1.txt 0.000647972 0.000501402 0.00014657
111 Reddit_feat_L1.txt 0.000514602 0.000367902 0.0001467
112 Reddit_feat_L1.txt 0.000534079 0.000385613 0.000148466
113 Reddit_feat_L1.txt 0.000539038 0.000373485 0.000165553
114 Reddit_feat_L1.txt 0.000695965 0.00052097 0.000174995
115 Reddit_feat_L1.txt 0.000591155 0.000418432 0.000172723
116 Reddit_feat_L1.txt 0.000646608 0.000468772 0.000177836
117 Reddit_feat_L1.txt 0.000642767 0.000472572 0.000170195
118 Reddit_feat_L1.txt 0.000670811 0.000486546 0.000184265
119 Reddit_feat_L1.txt 0.000544862 0.000388798 0.000156064
120 Reddit_feat_L1.txt 0.000660322 0.000532596 0.000127726
121 Reddit_feat_L1.txt 0.000574092 0.000443341 0.000130751
122 Reddit_feat_L1.txt 0.000623968 0.000500999 0.000122969
123 Reddit_feat_L1.txt 0.000570504 0.000435065 0.000135439
124 Reddit_feat_L1.txt 0.000567349 0.000432258 0.000135091
125 Reddit_feat_L1.txt 0.000531279 0.000400674 0.000130605
126 Reddit_feat_L1.txt 0.000614892 0.000484826 0.000130066
127 Reddit_feat_L1.txt 0.000491036 0.000352069 0.000138967
128 Reddit_feat_L1.txt 0.000489344 0.000358098 0.000131246
129 Reddit_feat_L1.txt 0.000493575 0.000352849 0.000140726
130 Reddit_feat_L1.txt 0.000619563 0.000451236 0.000168327
131 Reddit_feat_L1.txt 0.000500973 0.000335319 0.000165654
132 Reddit_feat_L1.txt 0.000563209 0.000398875 0.000164334
133 Reddit_feat_L1.txt 0.000521754 0.00035295 0.000168804
134 Reddit_feat_L1.txt 0.000610889 0.000445368 0.000165521
135 Reddit_feat_L1.txt 0.000506071 0.000346046 0.000160025
136 Reddit_feat_L1.txt 0.000603082 0.000449748 0.000153334
137 Reddit_feat_L1.txt 0.000472756 0.000342238 0.000130518
138 Reddit_feat_L1.txt 0.000571707 0.000449958 0.000121749
139 Reddit_feat_L1.txt 0.000490124 0.000327646 0.000162478
140 Reddit_feat_L1.txt 0.000519603 0.000365852 0.000153751
141 Reddit_feat_L1.txt 0.000470366 0.000327493 0.000142873
142 Reddit_feat_L1.txt 0.000575575 0.000415712 0.000159863
143 Reddit_feat_L1.txt 0.00060138 0.000331719 0.000269661
0 Reddit_A.txt 0.00904388 0.00861866 0.000425222
1 Reddit_A.txt 0.00941311 0.00857416 0.000838951
2 Reddit_A.txt 0.0101506 0.00852968 0.00162089
3 Reddit_A.txt 0.0102975 0.00849947 0.001798
4 Reddit_A.txt 0.0103898 0.00846242 0.00192739
5 Reddit_A.txt 0.0115071 0.00842411 0.00308298
6 Reddit_A.txt 0.01025 0.00837922 0.00187075
7 Reddit_A.txt 0.0120945 0.00833435 0.00376018
8 Reddit_A.txt 0.0140749 0.00835341 0.00572151
9 Reddit_A.txt 0.011564 0.00835326 0.00321075
10 Reddit_A.txt 0.0120744 0.00831842 0.00375599
11 Reddit_A.txt 0.0121467 0.00828208 0.00386465
12 Reddit_A.txt 0.010807 0.00825099 0.00255604
13 Reddit_A.txt 0.0109676 0.00821156 0.00275604
14 Reddit_A.txt 0.0161914 0.00817069 0.00802075
15 Reddit_A.txt 0.0107097 0.00814182 0.00256789
16 Reddit_A.txt 0.0111277 0.0081071 0.00302061
17 Reddit_A.txt 0.013255 0.00807217 0.00518287
18 Reddit_A.txt 0.0140457 0.00804402 0.0060017
19 Reddit_A.txt 0.013788 0.00802401 0.00576396
20 Reddit_A.txt 0.0144613 0.00800563 0.00645564
21 Reddit_A.txt 0.011909 0.0080029 0.00390607
22 Reddit_A.txt 0.0138034 0.00796044 0.00584292
23 Reddit_A.txt 0.0138558 0.00794021 0.00591558
24 Reddit_A.txt 0.0128168 0.00791003 0.00490673
25 Reddit_A.txt 0.0142059 0.00787828 0.00632766
26 Reddit_A.txt 0.0157151 0.00785368 0.00786141
27 Reddit_A.txt 0.0119191 0.00784245 0.00407662
28 Reddit_A.txt 0.0130012 0.00780341 0.00519778
29 Reddit_A.txt 0.0138184 0.00777601 0.00604243
30 Reddit_A.txt 0.0134892 0.00774752 0.00574163
31 Reddit_A.txt 0.0137075 0.00771921 0.00598827
32 Reddit_A.txt 0.0164956 0.00774878 0.00874682
33 Reddit_A.txt 0.0196503 0.00777592 0.0118743
34 Reddit_A.txt 0.0143076 0.00780334 0.00650426
35 Reddit_A.txt 0.0151731 0.00783281 0.00734027
36 Reddit_A.txt 0.0150792 0.0078511 0.00722812
37 Reddit_A.txt 0.0147411 0.00788137 0.00685971
38 Reddit_A.txt 0.0195306 0.00791003 0.0116206
39 Reddit_A.txt 0.0150816 0.00791068 0.00717089
40 Reddit_A.txt 0.0152123 0.00793376 0.00727857
41 Reddit_A.txt 0.0196406 0.0079602 0.0116804
42 Reddit_A.txt 0.0177477 0.00798625 0.00976144
43 Reddit_A.txt 0.0186396 0.00801784 0.0106217
44 Reddit_A.txt 0.0188051 0.00804744 0.0107577
45 Reddit_A.txt 0.0179126 0.00804593 0.00986665
46 Reddit_A.txt 0.019476 0.00803535 0.0114407
47 Reddit_A.txt 0.0191168 0.00807605 0.0110407
48 Reddit_A.txt 0.0182876 0.00809225 0.0101954
49 Reddit_A.txt 0.016204 0.00813233 0.00807165
50 Reddit_A.txt 0.0248684 0.00817651 0.0166919
51 Reddit_A.txt 0.0176731 0.00819728 0.00947581
52 Reddit_A.txt 0.0187372 0.00821883 0.0105184
53 Reddit_A.txt 0.0204641 0.00824631 0.0122178
54 Reddit_A.txt 0.0208595 0.00826248 0.012597
55 Reddit_A.txt 0.022273 0.00829863 0.0139744
56 Reddit_A.txt 0.0232572 0.00832932 0.0149279
57 Reddit_A.txt 0.0183857 0.00832958 0.0100562
58 Reddit_A.txt 0.0229823 0.00829912 0.0146832
59 Reddit_A.txt 0.0215265 0.0082757 0.0132508
60 Reddit_A.txt 0.0203409 0.00824563 0.0120953
61 Reddit_A.txt 0.0225435 0.00821676 0.0143267
62 Reddit_A.txt 0.0221993 0.00819063 0.0140087
63 Reddit_A.txt 0.0210991 0.00820544 0.0128937
64 Reddit_A.txt 0.0201733 0.00822738 0.0119459
65 Reddit_A.txt 0.0228173 0.00825769 0.0145596
66 Reddit_A.txt 0.0252557 0.00827586 0.0169798
67 Reddit_A.txt 0.0229541 0.00830985 0.0146442
68 Reddit_A.txt 0.0272821 0.00833893 0.0189431
69 Reddit_A.txt 0.0272687 0.00835468 0.018914
70 Reddit_A.txt 0.0219589 0.00838584 0.0135731
71 Reddit_A.txt 0.022893 0.00841194 0.014481
72 Reddit_A.txt 0.02863 0.00843192 0.0201981
73 Reddit_A.txt 0.025679 0.00846463 0.0172144
74 Reddit_A.txt 0.0263394 0.00849525 0.0178442
75 Reddit_A.txt 0.0286239 0.00849353 0.0201304
76 Reddit_A.txt 0.0305851 0.00846276 0.0221223
77 Reddit_A.txt 0.0270756 0.00843667 0.0186389
78 Reddit_A.txt 0.0230687 0.00840871 0.01466
79 Reddit_A.txt 0.0338209 0.00838025 0.0254407
80 Reddit_A.txt 0.0333576 0.00841087 0.0249467
81 Reddit_A.txt 0.0234432 0.00841049 0.0150327
82 Reddit_A.txt 0.0294443 0.00837942 0.0210649
83 Reddit_A.txt 0.0327492 0.00834975 0.0243994
84 Reddit_A.txt 0.0273272 0.00832011 0.019007
85 Reddit_A.txt 0.030198 0.00829351 0.0219045
86 Reddit_A.txt 0.0306158 0.00826167 0.0223541
87 Reddit_A.txt 0.0300779 0.00824201 0.0218359
88 Reddit_A.txt 0.0275935 0.00820873 0.0193848
89 Reddit_A.txt 0.0286662 0.00817848 0.0204878
90 Reddit_A.txt 0.0275521 0.00816043 0.0193916
91 Reddit_A.txt 0.0357975 0.00813567 0.0276619
92 Reddit_A.txt 0.0418673 0.00814621 0.0337211
93 Reddit_A.txt 0.0324837 0.00817096 0.0243128
94 Reddit_A.txt 0.0312145 0.00817052 0.023044
95 Reddit_A.txt 0.0376639 0.00816476 0.0294992
96 Reddit_A.txt 0.0354839 0.00816598 0.027318
97 Reddit_A.txt 0.0347717 0.00813394 0.0266378
98 Reddit_A.txt 0.041161 0.00809318 0.0330678
99 Reddit_A.txt 0.0381966 0.0080669 0.0301297
100 Reddit_A.txt 0.0319086 0.00803277 0.0238758
101 Reddit_A.txt 0.031728 0.0080277 0.0237003
102 Reddit_A.txt 0.0324094 0.00801186 0.0243975
103 Reddit_A.txt 0.030965 0.00797362 0.0229913
104 Reddit_A.txt 0.0354567 0.0079389 0.0275178
105 Reddit_A.txt 0.0433154 0.00791913 0.0353963
106 Reddit_A.txt 0.0264746 0.00787724 0.0185974
107 Reddit_A.txt 0.0336067 0.00784808 0.0257586
108 Reddit_A.txt 0.0320268 0.00781787 0.0242089
109 Reddit_A.txt 0.0299603 0.00778631 0.022174
110 Reddit_A.txt 0.0378556 0.0077493 0.0301063
111 Reddit_A.txt 0.036348 0.00773622 0.0286117
112 Reddit_A.txt 0.0283217 0.00776676 0.020555
113 Reddit_A.txt 0.034011 0.00779389 0.0262171
114 Reddit_A.txt 0.0342671 0.00782034 0.0264467
115 Reddit_A.txt 0.0325559 0.00784992 0.024706
116 Reddit_A.txt 0.0377175 0.0078813 0.0298362
117 Reddit_A.txt 0.0352801 0.00788094 0.0273991
118 Reddit_A.txt 0.028868 0.00790902 0.020959
119 Reddit_A.txt 0.0346889 0.00794967 0.0267392
120 Reddit_A.txt 0.0289382 0.00801269 0.0209255
121 Reddit_A.txt 0.0373258 0.00804453 0.0292812
122 Reddit_A.txt 0.0382306 0.00807453 0.030156
123 Reddit_A.txt 0.0379267 0.00809839 0.0298283
124 Reddit_A.txt 0.037577 0.00814433 0.0294326
125 Reddit_A.txt 0.0408054 0.00818053 0.0326248
126 Reddit_A.txt 0.0355418 0.00819512 0.0273467
127 Reddit_A.txt 0.033717 0.00823211 0.0254849
128 Reddit_A.txt 0.0473591 0.00827073 0.0390883
129 Reddit_A.txt 0.0370231 0.0082919 0.0287312
130 Reddit_A.txt 0.0394425 0.00835347 0.031089
131 Reddit_A.txt 0.0342514 0.00839297 0.0258584
132 Reddit_A.txt 0.0439673 0.0084274 0.0355399
133 Reddit_A.txt 0.0405903 0.00846234 0.032128
134 Reddit_A.txt 0.0416651 0.008502 0.0331631
135 Reddit_A.txt 0.038861 0.00852392 0.0303371
136 Reddit_A.txt 0.041373 0.00857419 0.0327988
137 Reddit_A.txt 0.0406698 0.00859699 0.0320728
138 Reddit_A.txt 0.0398547 0.00860903 0.0312457
139 Reddit_A.txt 0.0369813 0.00863981 0.0283415
140 Reddit_A.txt 0.0425389 0.00865487 0.033884
141 Reddit_A.txt 0.157864 0.00865608 0.149208
142 Reddit_A.txt 0.088568 0.00862229 0.0799457
143 Reddit_A.txt 0.0315712 0.00861438 0.0229568
TACC:  Shutdown complete. Exiting. 
