TACC:  Starting up job 10066093 
TACC:  Starting parallel tasks... 
0 Pubmed_feat_L2.txt 0.000212646 0.00019435 1.8296e-05
1 Pubmed_feat_L2.txt 0.000178194 0.000160292 1.7902e-05
2 Pubmed_feat_L2.txt 0.000235916 0.000218135 1.7781e-05
3 Pubmed_feat_L2.txt 0.000172798 0.000154991 1.7807e-05
4 Pubmed_feat_L2.txt 0.000218696 0.000200858 1.7838e-05
5 Pubmed_feat_L2.txt 0.000172214 0.000154535 1.7679e-05
6 Pubmed_feat_L2.txt 0.000246273 0.000228152 1.8121e-05
7 Pubmed_feat_L2.txt 0.000185232 0.000168408 1.6824e-05
8 Pubmed_feat_L2.txt 0.000213257 0.000196574 1.6683e-05
9 Pubmed_feat_L2.txt 0.000175626 0.000152277 2.3349e-05
10 Pubmed_feat_L2.txt 0.000222069 0.00020528 1.6789e-05
11 Pubmed_feat_L2.txt 0.000166422 0.000144764 2.1658e-05
12 Pubmed_feat_L2.txt 0.000225174 0.00020705 1.8124e-05
13 Pubmed_feat_L2.txt 0.000177126 0.000159435 1.7691e-05
14 Pubmed_feat_L2.txt 0.000239203 0.000221345 1.7858e-05
15 Pubmed_feat_L2.txt 0.000177067 0.000158794 1.8273e-05
16 Pubmed_feat_L2.txt 0.000203674 0.000186773 1.6901e-05
17 Pubmed_feat_L2.txt 0.000177417 0.000160349 1.7068e-05
18 Pubmed_feat_L2.txt 0.000236353 0.000218693 1.766e-05
19 Pubmed_feat_L2.txt 0.000190211 0.00017331 1.6901e-05
20 Pubmed_feat_L2.txt 0.000219415 0.000202669 1.6746e-05
21 Pubmed_feat_L2.txt 0.000173783 0.000155743 1.804e-05
22 Pubmed_feat_L2.txt 0.000236919 0.000218806 1.8113e-05
23 Pubmed_feat_L2.txt 0.0001791 0.000161332 1.7768e-05
24 Pubmed_feat_L2.txt 0.000205149 0.000186861 1.8288e-05
25 Pubmed_feat_L2.txt 0.000178143 0.000161001 1.7142e-05
26 Pubmed_feat_L2.txt 0.000232237 0.000215419 1.6818e-05
27 Pubmed_feat_L2.txt 0.000185478 0.000167025 1.8453e-05
28 Pubmed_feat_L2.txt 0.000217862 0.000200558 1.7304e-05
29 Pubmed_feat_L2.txt 0.000169094 0.00015234 1.6754e-05
30 Pubmed_feat_L2.txt 0.00025975 0.000225304 3.4446e-05
31 Pubmed_feat_L2.txt 0.000184176 0.0001672 1.6976e-05
32 Pubmed_feat_L2.txt 0.000222479 0.000195544 2.6935e-05
33 Pubmed_feat_L2.txt 0.000172012 0.000154223 1.7789e-05
34 Pubmed_feat_L2.txt 0.00022955 0.00021254 1.701e-05
35 Pubmed_feat_L2.txt 0.000162052 0.000144933 1.7119e-05
36 Pubmed_feat_L2.txt 0.000226417 0.000208144 1.8273e-05
37 Pubmed_feat_L2.txt 0.000184062 0.000166087 1.7975e-05
38 Pubmed_feat_L2.txt 0.000237525 0.000219756 1.7769e-05
39 Pubmed_feat_L2.txt 0.00017062 0.000152094 1.8526e-05
40 Pubmed_feat_L2.txt 0.0001931 0.000176134 1.6966e-05
41 Pubmed_feat_L2.txt 0.000162651 0.000146096 1.6555e-05
42 Pubmed_feat_L2.txt 0.000252733 0.000224226 2.8507e-05
43 Pubmed_feat_L2.txt 0.00017512 0.000158307 1.6813e-05
44 Pubmed_feat_L2.txt 0.000223804 0.000206975 1.6829e-05
45 Pubmed_feat_L2.txt 0.00017988 0.000161489 1.8391e-05
46 Pubmed_feat_L2.txt 0.000228736 0.000211911 1.6825e-05
47 Pubmed_feat_L2.txt 0.000171962 0.000155281 1.6681e-05
48 Pubmed_feat_L2.txt 0.000206966 0.000188235 1.8731e-05
49 Pubmed_feat_L2.txt 0.000179721 0.00016215 1.7571e-05
50 Pubmed_feat_L2.txt 0.000235386 0.000217709 1.7677e-05
51 Pubmed_feat_L2.txt 0.00016419 0.000145943 1.8247e-05
52 Pubmed_feat_L2.txt 0.000209238 0.00019201 1.7228e-05
53 Pubmed_feat_L2.txt 0.000173605 0.000156822 1.6783e-05
54 Pubmed_feat_L2.txt 0.000242509 0.000224421 1.8088e-05
55 Pubmed_feat_L2.txt 0.000187553 0.00016979 1.7763e-05
56 Pubmed_feat_L2.txt 0.000210832 0.000193152 1.768e-05
57 Pubmed_feat_L2.txt 0.000173461 0.000154988 1.8473e-05
58 Pubmed_feat_L2.txt 0.000230549 0.000212519 1.803e-05
59 Pubmed_feat_L2.txt 0.000163742 0.000145563 1.8179e-05
60 Pubmed_feat_L2.txt 0.000223094 0.000205205 1.7889e-05
61 Pubmed_feat_L2.txt 0.000184624 0.00016666 1.7964e-05
62 Pubmed_feat_L2.txt 0.000234873 0.00021714 1.7733e-05
63 Pubmed_feat_L2.txt 0.000177444 0.000159513 1.7931e-05
64 Pubmed_feat_L2.txt 0.000190473 0.000172729 1.7744e-05
65 Pubmed_feat_L2.txt 0.000157744 0.000139608 1.8136e-05
66 Pubmed_feat_L2.txt 0.000228315 0.000209682 1.8633e-05
67 Pubmed_feat_L2.txt 0.00016384 0.00014603 1.781e-05
68 Pubmed_feat_L2.txt 0.000213726 0.00019643 1.7296e-05
69 Pubmed_feat_L2.txt 0.000154377 0.000136501 1.7876e-05
70 Pubmed_feat_L2.txt 0.000210158 0.000193462 1.6696e-05
71 Pubmed_feat_L2.txt 0.000150736 0.000130484 2.0252e-05
0 Pubmed_A.txt 0.000437116 0.000433089 4.027e-06
1 Pubmed_A.txt 0.000477274 0.000473522 3.752e-06
2 Pubmed_A.txt 0.000445202 0.000441056 4.146e-06
3 Pubmed_A.txt 0.000477614 0.000471594 6.02e-06
4 Pubmed_A.txt 0.000524522 0.000519721 4.801e-06
5 Pubmed_A.txt 0.000454284 0.000449969 4.315e-06
6 Pubmed_A.txt 0.000488705 0.000482326 6.379e-06
7 Pubmed_A.txt 0.000515718 0.000511921 3.797e-06
8 Pubmed_A.txt 0.000435833 0.000431996 3.837e-06
9 Pubmed_A.txt 0.000471141 0.000466032 5.109e-06
10 Pubmed_A.txt 0.000440885 0.000437315 3.57e-06
11 Pubmed_A.txt 0.000476322 0.000472669 3.653e-06
12 Pubmed_A.txt 0.000520432 0.000516863 3.569e-06
13 Pubmed_A.txt 0.000453847 0.000449654 4.193e-06
14 Pubmed_A.txt 0.000493863 0.000488192 5.671e-06
15 Pubmed_A.txt 0.000516692 0.000510158 6.534e-06
16 Pubmed_A.txt 0.000441208 0.000436254 4.954e-06
17 Pubmed_A.txt 0.000477081 0.000472532 4.549e-06
18 Pubmed_A.txt 0.000445759 0.000438657 7.102e-06
19 Pubmed_A.txt 0.000478104 0.000473077 5.027e-06
20 Pubmed_A.txt 0.000526616 0.000521815 4.801e-06
21 Pubmed_A.txt 0.000450009 0.000444522 5.487e-06
22 Pubmed_A.txt 0.000492546 0.000487647 4.899e-06
23 Pubmed_A.txt 0.000522441 0.000514993 7.448e-06
24 Pubmed_A.txt 0.000436522 0.000430439 6.083e-06
25 Pubmed_A.txt 0.000475766 0.000470121 5.645e-06
26 Pubmed_A.txt 0.000442936 0.000438317 4.619e-06
27 Pubmed_A.txt 0.000472204 0.000465802 6.402e-06
28 Pubmed_A.txt 0.000528076 0.000522475 5.601e-06
29 Pubmed_A.txt 0.000452983 0.000445883 7.1e-06
30 Pubmed_A.txt 0.000494268 0.000481349 1.2919e-05
31 Pubmed_A.txt 0.000521172 0.000513933 7.239e-06
32 Pubmed_A.txt 0.000434646 0.000425326 9.32e-06
33 Pubmed_A.txt 0.000477731 0.000467225 1.0506e-05
34 Pubmed_A.txt 0.000447531 0.000437454 1.0077e-05
35 Pubmed_A.txt 0.000482803 0.00047278 1.0023e-05
36 Pubmed_A.txt 0.000518066 0.000508894 9.172e-06
37 Pubmed_A.txt 0.00045334 0.000443248 1.0092e-05
38 Pubmed_A.txt 0.000499971 0.000488251 1.172e-05
39 Pubmed_A.txt 0.000522141 0.000507904 1.4237e-05
40 Pubmed_A.txt 0.000441138 0.000425763 1.5375e-05
41 Pubmed_A.txt 0.000483324 0.000472087 1.1237e-05
42 Pubmed_A.txt 0.000438763 0.000431906 6.857e-06
43 Pubmed_A.txt 0.000487261 0.000475078 1.2183e-05
44 Pubmed_A.txt 0.000528318 0.000511644 1.6674e-05
45 Pubmed_A.txt 0.000454145 0.000438207 1.5938e-05
46 Pubmed_A.txt 0.000500362 0.000487205 1.3157e-05
47 Pubmed_A.txt 0.000517351 0.000509296 8.055e-06
48 Pubmed_A.txt 0.000434713 0.000420425 1.4288e-05
49 Pubmed_A.txt 0.000484149 0.00047112 1.3029e-05
50 Pubmed_A.txt 0.000451244 0.000439579 1.1665e-05
51 Pubmed_A.txt 0.000479053 0.000468637 1.0416e-05
52 Pubmed_A.txt 0.000517897 0.000509792 8.105e-06
53 Pubmed_A.txt 0.000447971 0.000442474 5.497e-06
54 Pubmed_A.txt 0.000486922 0.000478367 8.555e-06
55 Pubmed_A.txt 0.000515536 0.000507211 8.325e-06
56 Pubmed_A.txt 0.00042945 0.0004227 6.75e-06
57 Pubmed_A.txt 0.000474121 0.000464871 9.25e-06
58 Pubmed_A.txt 0.000444941 0.000437653 7.288e-06
59 Pubmed_A.txt 0.000477234 0.000469272 7.962e-06
60 Pubmed_A.txt 0.000522297 0.000503899 1.8398e-05
61 Pubmed_A.txt 0.000455779 0.000441799 1.398e-05
62 Pubmed_A.txt 0.00049601 0.000482231 1.3779e-05
63 Pubmed_A.txt 0.000517409 0.000502108 1.5301e-05
64 Pubmed_A.txt 0.000404886 0.00038891 1.5976e-05
65 Pubmed_A.txt 0.000443808 0.00043419 9.618e-06
66 Pubmed_A.txt 0.000400573 0.000390242 1.0331e-05
67 Pubmed_A.txt 0.000446417 0.000436306 1.0111e-05
68 Pubmed_A.txt 0.000445343 0.000434686 1.0657e-05
69 Pubmed_A.txt 0.00041503 0.000392818 2.2212e-05
70 Pubmed_A.txt 0.000476487 0.000452747 2.374e-05
71 Pubmed_A.txt 0.000447241 0.000427831 1.941e-05
TACC:  Shutdown complete. Exiting. 
