TACC:  Starting up job 10066060 
TACC:  Starting parallel tasks... 
0 Reddit_feat_L2.txt 0.00129406 0.000377154 0.000916905
1 Reddit_feat_L2.txt 0.00122656 0.00031562 0.000910937
2 Reddit_feat_L2.txt 0.00113051 0.000444122 0.000686387
3 Reddit_feat_L2.txt 0.00139832 0.000353893 0.00104443
4 Reddit_feat_L2.txt 0.00100287 0.000394028 0.000608843
5 Reddit_feat_L2.txt 0.00168535 0.000317202 0.00136814
6 Reddit_feat_L2.txt 0.00120152 0.000379991 0.00082153
7 Reddit_feat_L2.txt 0.00158753 0.000330909 0.00125662
8 Reddit_feat_L2.txt 0.00175796 0.0003241 0.00143386
9 Reddit_feat_L2.txt 0.00110897 0.000242672 0.000866301
10 Reddit_feat_L2.txt 0.00116295 0.000377114 0.000785838
11 Reddit_feat_L2.txt 0.00126433 0.000291914 0.00097242
12 Reddit_feat_L2.txt 0.000865799 0.000380957 0.000484842
13 Reddit_feat_L2.txt 0.000635794 0.000313007 0.000322787
14 Reddit_feat_L2.txt 0.000966729 0.000401913 0.000564816
15 Reddit_feat_L2.txt 0.000820815 0.000366835 0.00045398
16 Reddit_feat_L2.txt 0.00068197 0.00036658 0.00031539
17 Reddit_feat_L2.txt 0.00123972 0.000316792 0.000922931
18 Reddit_feat_L2.txt 0.00163245 0.000368161 0.00126429
19 Reddit_feat_L2.txt 0.00113671 0.000289439 0.000847275
20 Reddit_feat_L2.txt 0.000754242 0.000327734 0.000426508
21 Reddit_feat_L2.txt 0.000634156 0.000249477 0.000384679
22 Reddit_feat_L2.txt 0.00068381 0.000347962 0.000335848
23 Reddit_feat_L2.txt 0.000637469 0.000321774 0.000315695
24 Reddit_feat_L2.txt 0.000752841 0.000387497 0.000365344
25 Reddit_feat_L2.txt 0.000593108 0.000294165 0.000298943
26 Reddit_feat_L2.txt 0.00086377 0.000417255 0.000446515
27 Reddit_feat_L2.txt 0.000618042 0.000346406 0.000271636
28 Reddit_feat_L2.txt 0.000649429 0.00037921 0.000270219
29 Reddit_feat_L2.txt 0.000547013 0.000287799 0.000259214
30 Reddit_feat_L2.txt 0.000730422 0.0003491 0.000381322
31 Reddit_feat_L2.txt 0.000592805 0.000299362 0.000293443
32 Reddit_feat_L2.txt 0.000636657 0.000311599 0.000325058
33 Reddit_feat_L2.txt 0.000724536 0.000268183 0.000456353
34 Reddit_feat_L2.txt 0.000665537 0.000390026 0.000275511
35 Reddit_feat_L2.txt 0.000690308 0.000309527 0.000380781
36 Reddit_feat_L2.txt 0.00076808 0.000406085 0.000361995
37 Reddit_feat_L2.txt 0.000738302 0.000335073 0.000403229
38 Reddit_feat_L2.txt 0.000797268 0.00043523 0.000362038
39 Reddit_feat_L2.txt 0.000649851 0.000405239 0.000244612
40 Reddit_feat_L2.txt 0.000640181 0.000403281 0.0002369
41 Reddit_feat_L2.txt 0.000537262 0.000323158 0.000214104
42 Reddit_feat_L2.txt 0.000704427 0.000363147 0.00034128
43 Reddit_feat_L2.txt 0.000543855 0.000287689 0.000256166
44 Reddit_feat_L2.txt 0.000648698 0.000331241 0.000317457
45 Reddit_feat_L2.txt 0.000509533 0.000242112 0.000267421
46 Reddit_feat_L2.txt 0.000608275 0.000348647 0.000259628
47 Reddit_feat_L2.txt 0.000539082 0.0003049 0.000234182
48 Reddit_feat_L2.txt 0.000643222 0.000350811 0.000292411
49 Reddit_feat_L2.txt 0.000578556 0.000309629 0.000268927
50 Reddit_feat_L2.txt 0.000800213 0.000436812 0.000363401
51 Reddit_feat_L2.txt 0.000579587 0.000359018 0.000220569
52 Reddit_feat_L2.txt 0.000622757 0.00038384 0.000238917
53 Reddit_feat_L2.txt 0.00052683 0.00031366 0.00021317
54 Reddit_feat_L2.txt 0.000678432 0.000360601 0.000317831
55 Reddit_feat_L2.txt 0.000574473 0.000333791 0.000240682
56 Reddit_feat_L2.txt 0.000684405 0.000329539 0.000354866
57 Reddit_feat_L2.txt 0.000602964 0.000238935 0.000364029
58 Reddit_feat_L2.txt 0.000558948 0.000361166 0.000197782
59 Reddit_feat_L2.txt 0.000686203 0.000290142 0.000396061
60 Reddit_feat_L2.txt 0.0006596 0.00039626 0.00026334
61 Reddit_feat_L2.txt 0.000482878 0.000311342 0.000171536
62 Reddit_feat_L2.txt 0.000712455 0.000411884 0.000300571
63 Reddit_feat_L2.txt 0.000590326 0.000372417 0.000217909
64 Reddit_feat_L2.txt 0.000555809 0.000375545 0.000180264
65 Reddit_feat_L2.txt 0.00066545 0.000328953 0.000336497
66 Reddit_feat_L2.txt 0.000731996 0.00038249 0.000349506
67 Reddit_feat_L2.txt 0.000734125 0.000306184 0.000427941
68 Reddit_feat_L2.txt 0.000558102 0.000355915 0.000202187
69 Reddit_feat_L2.txt 0.000432307 0.000258252 0.000174055
70 Reddit_feat_L2.txt 0.000697738 0.00036732 0.000330418
71 Reddit_feat_L2.txt 0.00069046 0.000347121 0.000343339
72 Reddit_feat_L2.txt 0.000687627 0.000345535 0.000342092
73 Reddit_feat_L2.txt 0.000576118 0.000251505 0.000324613
74 Reddit_feat_L2.txt 0.000620066 0.000377782 0.000242284
75 Reddit_feat_L2.txt 0.000508648 0.000307489 0.000201159
76 Reddit_feat_L2.txt 0.000524588 0.000336531 0.000188057
77 Reddit_feat_L2.txt 0.000695754 0.000253188 0.000442566
78 Reddit_feat_L2.txt 0.000729995 0.000341015 0.00038898
79 Reddit_feat_L2.txt 0.000606947 0.000313168 0.000293779
80 Reddit_feat_L2.txt 0.000523882 0.000309676 0.000214206
81 Reddit_feat_L2.txt 0.000482893 0.000265582 0.000217311
82 Reddit_feat_L2.txt 0.000645196 0.000370983 0.000274213
83 Reddit_feat_L2.txt 0.000452222 0.000303346 0.000148876
84 Reddit_feat_L2.txt 0.000845532 0.000413796 0.000431736
85 Reddit_feat_L2.txt 0.000488126 0.00032617 0.000161956
86 Reddit_feat_L2.txt 0.000658935 0.000435051 0.000223884
87 Reddit_feat_L2.txt 0.000591752 0.000397748 0.000194004
88 Reddit_feat_L2.txt 0.00058144 0.000397063 0.000184377
89 Reddit_feat_L2.txt 0.000549547 0.000306582 0.000242965
90 Reddit_feat_L2.txt 0.000687485 0.00037005 0.000317435
91 Reddit_feat_L2.txt 0.000501889 0.000294234 0.000207655
92 Reddit_feat_L2.txt 0.000498504 0.000325248 0.000173256
93 Reddit_feat_L2.txt 0.00047104 0.000241 0.00023004
94 Reddit_feat_L2.txt 0.000550435 0.00034193 0.000208505
95 Reddit_feat_L2.txt 0.000452745 0.00030865 0.000144095
96 Reddit_feat_L2.txt 0.000550037 0.000346334 0.000203703
97 Reddit_feat_L2.txt 0.000542986 0.00032662 0.000216366
98 Reddit_feat_L2.txt 0.000563925 0.000426195 0.00013773
99 Reddit_feat_L2.txt 0.000703345 0.000352188 0.000351157
100 Reddit_feat_L2.txt 0.000567966 0.000391618 0.000176348
101 Reddit_feat_L2.txt 0.000636181 0.000324132 0.000312049
102 Reddit_feat_L2.txt 0.000560213 0.000354991 0.000205222
103 Reddit_feat_L2.txt 0.000585323 0.000331351 0.000253972
104 Reddit_feat_L2.txt 0.000647181 0.000324136 0.000323045
105 Reddit_feat_L2.txt 0.00041188 0.000243834 0.000168046
106 Reddit_feat_L2.txt 0.000752676 0.000366463 0.000386213
107 Reddit_feat_L2.txt 0.000448762 0.00029485 0.000153912
108 Reddit_feat_L2.txt 0.000581741 0.000398479 0.000183262
109 Reddit_feat_L2.txt 0.000455862 0.000313496 0.000142366
110 Reddit_feat_L2.txt 0.00062677 0.000419844 0.000206926
111 Reddit_feat_L2.txt 0.00057785 0.000372319 0.000205531
112 Reddit_feat_L2.txt 0.000506881 0.000364938 0.000141943
113 Reddit_feat_L2.txt 0.000463073 0.000331431 0.000131642
114 Reddit_feat_L2.txt 0.000574831 0.000371692 0.000203139
115 Reddit_feat_L2.txt 0.000536589 0.000302584 0.000234005
116 Reddit_feat_L2.txt 0.000491419 0.000342589 0.00014883
117 Reddit_feat_L2.txt 0.000426293 0.000261184 0.000165109
118 Reddit_feat_L2.txt 0.000568795 0.000356952 0.000211843
119 Reddit_feat_L2.txt 0.000509975 0.000328426 0.000181549
120 Reddit_feat_L2.txt 0.000539006 0.000390813 0.000148193
121 Reddit_feat_L2.txt 0.000498732 0.000286559 0.000212173
122 Reddit_feat_L2.txt 0.000587337 0.000421422 0.000165915
123 Reddit_feat_L2.txt 0.00053583 0.000351713 0.000184117
124 Reddit_feat_L2.txt 0.000773597 0.000367216 0.000406381
125 Reddit_feat_L2.txt 0.000417371 0.000289665 0.000127706
126 Reddit_feat_L2.txt 0.000580966 0.000336227 0.000244739
127 Reddit_feat_L2.txt 0.000477308 0.000303275 0.000174033
128 Reddit_feat_L2.txt 0.000478057 0.000287234 0.000190823
129 Reddit_feat_L2.txt 0.000426375 0.000226554 0.000199821
130 Reddit_feat_L2.txt 0.000724581 0.0003622 0.000362381
131 Reddit_feat_L2.txt 0.000452309 0.000268363 0.000183946
132 Reddit_feat_L2.txt 0.000625803 0.000378542 0.000247261
133 Reddit_feat_L2.txt 0.00059042 0.000296053 0.000294367
134 Reddit_feat_L2.txt 0.000859526 0.000396502 0.000463024
135 Reddit_feat_L2.txt 0.000543251 0.00036765 0.000175601
136 Reddit_feat_L2.txt 0.000533199 0.000370126 0.000163073
137 Reddit_feat_L2.txt 0.000459252 0.000270157 0.000189095
138 Reddit_feat_L2.txt 0.000523424 0.000347514 0.00017591
139 Reddit_feat_L2.txt 0.000457995 0.000259111 0.000198884
140 Reddit_feat_L2.txt 0.000454142 0.000301358 0.000152784
141 Reddit_feat_L2.txt 0.000363594 0.000209955 0.000153639
142 Reddit_feat_L2.txt 0.000444217 0.000325068 0.000119149
143 Reddit_feat_L2.txt 0.00042829 0.000275085 0.000153205
0 Reddit_A.txt 0.0199286 0.0187249 0.00120373
1 Reddit_A.txt 0.0209966 0.0188057 0.00219085
2 Reddit_A.txt 0.0223202 0.0188905 0.00342974
3 Reddit_A.txt 0.02322 0.0188912 0.00432884
4 Reddit_A.txt 0.023552 0.0188083 0.00474363
5 Reddit_A.txt 0.0262367 0.0187124 0.00752428
6 Reddit_A.txt 0.0234113 0.0185986 0.00481272
7 Reddit_A.txt 0.027821 0.0185236 0.00929739
8 Reddit_A.txt 0.0320701 0.0184516 0.0136184
9 Reddit_A.txt 0.0262852 0.0184006 0.00788461
10 Reddit_A.txt 0.0274266 0.0183298 0.00909676
11 Reddit_A.txt 0.0277723 0.0182566 0.00951569
12 Reddit_A.txt 0.0247653 0.0182792 0.00648611
13 Reddit_A.txt 0.0250627 0.0183544 0.00670828
14 Reddit_A.txt 0.036894 0.0184255 0.0184685
15 Reddit_A.txt 0.0247796 0.0184781 0.00630149
16 Reddit_A.txt 0.0259894 0.0185515 0.00743792
17 Reddit_A.txt 0.031199 0.0186219 0.0125771
18 Reddit_A.txt 0.0335693 0.0187156 0.0148538
19 Reddit_A.txt 0.0330163 0.0187884 0.0142279
20 Reddit_A.txt 0.0327333 0.0188618 0.0138715
21 Reddit_A.txt 0.0285833 0.0188612 0.00972211
22 Reddit_A.txt 0.0332495 0.0187864 0.0144631
23 Reddit_A.txt 0.032913 0.0187124 0.0142006
24 Reddit_A.txt 0.0308597 0.0186233 0.0122364
25 Reddit_A.txt 0.0341836 0.0185491 0.0156345
26 Reddit_A.txt 0.0358298 0.0184776 0.0173522
27 Reddit_A.txt 0.0285482 0.0184399 0.0101084
28 Reddit_A.txt 0.0314602 0.0183565 0.0131037
29 Reddit_A.txt 0.0325999 0.0182783 0.0143217
30 Reddit_A.txt 0.0327766 0.0181762 0.0146004
31 Reddit_A.txt 0.0331798 0.0181035 0.0150763
32 Reddit_A.txt 0.0374125 0.0180268 0.0193857
33 Reddit_A.txt 0.0472638 0.0179796 0.0292842
34 Reddit_A.txt 0.034158 0.0179148 0.0162432
35 Reddit_A.txt 0.0356438 0.0179857 0.0176582
36 Reddit_A.txt 0.036837 0.0180711 0.0187659
37 Reddit_A.txt 0.0354134 0.0181378 0.0172756
38 Reddit_A.txt 0.0439632 0.0182119 0.0257513
39 Reddit_A.txt 0.0362302 0.0182745 0.0179557
40 Reddit_A.txt 0.0367996 0.0183426 0.0184571
41 Reddit_A.txt 0.0468353 0.0184149 0.0284204
42 Reddit_A.txt 0.0423416 0.0185087 0.0238329
43 Reddit_A.txt 0.044929 0.0185779 0.026351
44 Reddit_A.txt 0.0426174 0.0186523 0.0239651
45 Reddit_A.txt 0.0435744 0.0186505 0.0249239
46 Reddit_A.txt 0.0467925 0.0185785 0.028214
47 Reddit_A.txt 0.0453707 0.0185052 0.0268654
48 Reddit_A.txt 0.0443321 0.0184205 0.0259116
49 Reddit_A.txt 0.0387541 0.0183797 0.0203744
50 Reddit_A.txt 0.0573129 0.0184534 0.0388595
51 Reddit_A.txt 0.042705 0.0184965 0.0242085
52 Reddit_A.txt 0.045476 0.0185662 0.0269098
53 Reddit_A.txt 0.0483892 0.0186369 0.0297524
54 Reddit_A.txt 0.0508144 0.0187131 0.0321013
55 Reddit_A.txt 0.0537321 0.0187834 0.0349487
56 Reddit_A.txt 0.0529441 0.018854 0.0340901
57 Reddit_A.txt 0.0445395 0.0188528 0.0256867
58 Reddit_A.txt 0.0551362 0.0187811 0.0363551
59 Reddit_A.txt 0.0508951 0.0187136 0.0321815
60 Reddit_A.txt 0.0494062 0.0186253 0.0307809
61 Reddit_A.txt 0.0549682 0.018556 0.0364122
62 Reddit_A.txt 0.0503173 0.018484 0.0318333
63 Reddit_A.txt 0.0515681 0.01843 0.0331381
64 Reddit_A.txt 0.0487211 0.0185003 0.0302208
65 Reddit_A.txt 0.0540882 0.0185687 0.0355195
66 Reddit_A.txt 0.0619513 0.0186495 0.0433019
67 Reddit_A.txt 0.0543698 0.0187191 0.0356507
68 Reddit_A.txt 0.0615219 0.0187911 0.0427308
69 Reddit_A.txt 0.065703 0.0187891 0.0469139
70 Reddit_A.txt 0.0531544 0.0187189 0.0344355
71 Reddit_A.txt 0.0535475 0.01865 0.0348974
72 Reddit_A.txt 0.0692617 0.0185696 0.0506921
73 Reddit_A.txt 0.0609009 0.0184986 0.0424023
74 Reddit_A.txt 0.0595795 0.0184296 0.04115
75 Reddit_A.txt 0.0684963 0.018397 0.0500992
76 Reddit_A.txt 0.0730446 0.0183763 0.0546683
77 Reddit_A.txt 0.0641899 0.01836 0.0458299
78 Reddit_A.txt 0.0546174 0.0182657 0.0363517
79 Reddit_A.txt 0.0792104 0.0181941 0.0610163
80 Reddit_A.txt 0.0754402 0.0182365 0.0572037
81 Reddit_A.txt 0.0561465 0.0182911 0.0378554
82 Reddit_A.txt 0.0707757 0.0183645 0.0524112
83 Reddit_A.txt 0.0782615 0.0184398 0.0598218
84 Reddit_A.txt 0.0653757 0.0185212 0.0468545
85 Reddit_A.txt 0.0739901 0.0185908 0.0553993
86 Reddit_A.txt 0.0714814 0.018661 0.0528203
87 Reddit_A.txt 0.0733323 0.0186609 0.0546714
88 Reddit_A.txt 0.0671442 0.018589 0.0485552
89 Reddit_A.txt 0.0703443 0.0185205 0.0518238
90 Reddit_A.txt 0.0626779 0.018441 0.0442369
91 Reddit_A.txt 0.0804015 0.0183677 0.0620338
92 Reddit_A.txt 0.0915512 0.018288 0.0732632
93 Reddit_A.txt 0.069082 0.0182337 0.0508484
94 Reddit_A.txt 0.0659294 0.0181633 0.0477661
95 Reddit_A.txt 0.0785702 0.01809 0.0604801
96 Reddit_A.txt 0.0868282 0.0180127 0.0688155
97 Reddit_A.txt 0.0850647 0.0180829 0.0669818
98 Reddit_A.txt 0.0980291 0.0181564 0.0798727
99 Reddit_A.txt 0.0928354 0.0181557 0.0746797
100 Reddit_A.txt 0.0780397 0.0180847 0.059955
101 Reddit_A.txt 0.0761513 0.0180147 0.0581366
102 Reddit_A.txt 0.0774456 0.0179184 0.0595272
103 Reddit_A.txt 0.0738161 0.0178439 0.0559723
104 Reddit_A.txt 0.0827245 0.0178617 0.0648628
105 Reddit_A.txt 0.106753 0.017861 0.0888924
106 Reddit_A.txt 0.0644938 0.0177978 0.046696
107 Reddit_A.txt 0.081692 0.0178665 0.0638255
108 Reddit_A.txt 0.0784692 0.0179616 0.0605076
109 Reddit_A.txt 0.0731336 0.0180321 0.0551014
110 Reddit_A.txt 0.0905467 0.0181036 0.0724432
111 Reddit_A.txt 0.0897032 0.0181061 0.0715971
112 Reddit_A.txt 0.0699433 0.0181334 0.0518099
113 Reddit_A.txt 0.08273 0.0182081 0.0645219
114 Reddit_A.txt 0.0848793 0.018294 0.0665853
115 Reddit_A.txt 0.0795602 0.0183649 0.0611953
116 Reddit_A.txt 0.0889591 0.0184385 0.0705206
117 Reddit_A.txt 0.087502 0.0184361 0.0690659
118 Reddit_A.txt 0.0707061 0.0183603 0.0523458
119 Reddit_A.txt 0.0851596 0.0183255 0.0668342
120 Reddit_A.txt 0.0703994 0.0183704 0.052029
121 Reddit_A.txt 0.0923389 0.0184268 0.0739121
122 Reddit_A.txt 0.0910385 0.0184259 0.0726126
123 Reddit_A.txt 0.0945247 0.0183877 0.076137
124 Reddit_A.txt 0.0927013 0.0184311 0.0742702
125 Reddit_A.txt 0.100157 0.0185051 0.0816521
126 Reddit_A.txt 0.0874486 0.0185687 0.0688799
127 Reddit_A.txt 0.0844041 0.0186435 0.0657606
128 Reddit_A.txt 0.11529 0.0187159 0.0965745
129 Reddit_A.txt 0.0905698 0.0187319 0.071838
130 Reddit_A.txt 0.0965365 0.0187863 0.0777502
131 Reddit_A.txt 0.0839684 0.0188447 0.0651237
132 Reddit_A.txt 0.10856 0.0189154 0.0896449
133 Reddit_A.txt 0.101099 0.0189678 0.0821316
134 Reddit_A.txt 0.100421 0.0189681 0.081453
135 Reddit_A.txt 0.0965005 0.0189349 0.0775656
136 Reddit_A.txt 0.102661 0.0188791 0.0837816
137 Reddit_A.txt 0.100944 0.018828 0.0821159
138 Reddit_A.txt 0.103125 0.0187743 0.0843507
139 Reddit_A.txt 0.0936491 0.0187225 0.0749266
140 Reddit_A.txt 0.105694 0.0186953 0.0869991
141 Reddit_A.txt 0.400748 0.0186908 0.382057
142 Reddit_A.txt 0.229923 0.0185933 0.21133
143 Reddit_A.txt 0.0767958 0.0186355 0.0581604
TACC:  Shutdown complete. Exiting. 
