TACC:  Starting up job 10065896 
TACC:  Starting parallel tasks... 
0 Reddit_feat_L2.txt 0.0119499 0.000346787 0.0116031
1 Reddit_feat_L2.txt 0.00665269 0.000343547 0.00630914
2 Reddit_feat_L2.txt 0.00376407 0.000359523 0.00340454
3 Reddit_feat_L2.txt 0.00373353 0.000271763 0.00346177
4 Reddit_feat_L2.txt 0.00294418 0.000341297 0.00260288
5 Reddit_feat_L2.txt 0.00366081 0.000344021 0.00331678
6 Reddit_feat_L2.txt 0.00310848 0.000362035 0.00274645
7 Reddit_feat_L2.txt 0.00349342 0.000274611 0.00321881
8 Reddit_feat_L2.txt 0.00357296 0.000337705 0.00323525
9 Reddit_feat_L2.txt 0.00271712 0.00033545 0.00238167
10 Reddit_feat_L2.txt 0.00223501 0.000350092 0.00188492
11 Reddit_feat_L2.txt 0.00202394 0.000271177 0.00175276
0 Reddit_A.txt 0.0880322 0.0152886 0.0727436
1 Reddit_A.txt 0.145153 0.0153951 0.129758
2 Reddit_A.txt 0.193129 0.0153963 0.177732
3 Reddit_A.txt 0.276466 0.0148893 0.261576
4 Reddit_A.txt 0.352104 0.0143752 0.337729
5 Reddit_A.txt 0.421402 0.01467 0.406732
6 Reddit_A.txt 0.609249 0.0159478 0.593301
7 Reddit_A.txt 0.647631 0.0166135 0.631017
8 Reddit_A.txt 0.80189 0.016615 0.785275
9 Reddit_A.txt 0.769595 0.0160564 0.753539
10 Reddit_A.txt 0.864688 0.0152256 0.849462
11 Reddit_A.txt 1.32033 0.0152847 1.30505
TACC:  Shutdown complete. Exiting. 
