TACC:  Starting up job 10065896 
TACC:  Starting parallel tasks... 
0 Reddit_feat_L1.txt 0.00198194 0.000467734 0.00151421
1 Reddit_feat_L1.txt 0.00188252 0.000257046 0.00162547
2 Reddit_feat_L1.txt 0.00211585 0.000463483 0.00165237
3 Reddit_feat_L1.txt 0.00210591 0.000384525 0.00172139
4 Reddit_feat_L1.txt 0.00214181 0.000467222 0.00167458
5 Reddit_feat_L1.txt 0.00198496 0.000268196 0.00171676
6 Reddit_feat_L1.txt 0.00202307 0.000448504 0.00157457
7 Reddit_feat_L1.txt 0.00215369 0.000377134 0.00177656
8 Reddit_feat_L1.txt 0.00211897 0.000386083 0.00173289
9 Reddit_feat_L1.txt 0.00214314 0.000252315 0.00189083
10 Reddit_feat_L1.txt 0.00207631 0.000392173 0.00168413
11 Reddit_feat_L1.txt 0.00211233 0.000343477 0.00176886
0 Reddit_A.txt 0.0356677 0.0060984 0.0295693
1 Reddit_A.txt 0.0590412 0.00571305 0.0533281
2 Reddit_A.txt 0.0804093 0.00576379 0.0746455
3 Reddit_A.txt 0.107575 0.0057628 0.101812
4 Reddit_A.txt 0.138123 0.0056755 0.132448
5 Reddit_A.txt 0.166647 0.00580899 0.160838
6 Reddit_A.txt 0.235124 0.0062399 0.228884
7 Reddit_A.txt 0.254002 0.00646458 0.247537
8 Reddit_A.txt 0.310574 0.00646429 0.304109
9 Reddit_A.txt 0.300966 0.00632717 0.294639
10 Reddit_A.txt 0.343026 0.00632703 0.336699
11 Reddit_A.txt 0.525834 0.00609762 0.519737
TACC:  Shutdown complete. Exiting. 
