TACC:  Starting up job 10065896 
TACC:  Starting parallel tasks... 
0 Reddit_feat_L2.txt 0.0117028 0.000515298 0.0111875
1 Reddit_feat_L2.txt 0.00634545 0.000214341 0.0061311
2 Reddit_feat_L2.txt 0.00387876 0.000509924 0.00336884
3 Reddit_feat_L2.txt 0.00291964 0.000249121 0.00267052
4 Reddit_feat_L2.txt 0.00392757 0.00051216 0.00341541
5 Reddit_feat_L2.txt 0.00342133 0.000216635 0.00320469
6 Reddit_feat_L2.txt 0.003124 0.0005116 0.0026124
7 Reddit_feat_L2.txt 0.00238462 0.000248076 0.00213655
8 Reddit_feat_L2.txt 0.00262771 0.000508459 0.00211925
9 Reddit_feat_L2.txt 0.00158935 0.000191385 0.00139796
10 Reddit_feat_L2.txt 0.00341426 0.000503364 0.0029109
11 Reddit_feat_L2.txt 0.00299705 0.000246028 0.00275102
0 Reddit_A.txt 0.0867483 0.0151276 0.0716207
1 Reddit_A.txt 0.142894 0.0155292 0.127365
2 Reddit_A.txt 0.190205 0.0155302 0.174675
3 Reddit_A.txt 0.276218 0.0150289 0.261189
4 Reddit_A.txt 0.352512 0.0142604 0.338251
5 Reddit_A.txt 0.422224 0.0144187 0.407806
6 Reddit_A.txt 0.606307 0.0156663 0.590641
7 Reddit_A.txt 0.649625 0.0163084 0.633316
8 Reddit_A.txt 0.798548 0.0163063 0.782241
9 Reddit_A.txt 0.767702 0.0158594 0.751842
10 Reddit_A.txt 0.864589 0.0158596 0.84873
11 Reddit_A.txt 1.31236 0.0151248 1.29724
TACC:  Shutdown complete. Exiting. 
