TACC:  Starting up job 10024561 
TACC:  Starting parallel tasks... 
0 Pubmed_feat_L2.txt 0.00103542 0.00102994 5.48e-06
1 Pubmed_feat_L2.txt 0.000955998 0.000951443 4.555e-06
2 Pubmed_feat_L2.txt 0.000945761 0.000941161 4.6e-06
3 Pubmed_feat_L2.txt 0.000953176 0.000948609 4.567e-06
4 Pubmed_feat_L2.txt 0.000864575 0.000859792 4.783e-06
5 Pubmed_feat_L2.txt 0.00100597 0.00100093 5.045e-06
6 Pubmed_feat_L2.txt 0.00113793 0.0011334 4.528e-06
7 Pubmed_feat_L2.txt 0.00114733 0.00114216 5.169e-06
8 Pubmed_feat_L2.txt 0.000946936 0.000942336 4.6e-06
9 Pubmed_feat_L2.txt 0.000864624 0.000860188 4.436e-06
10 Pubmed_feat_L2.txt 0.00108663 0.00108206 4.562e-06
11 Pubmed_feat_L2.txt 0.00101282 0.00100837 4.446e-06
12 Pubmed_feat_L2.txt 0.00115269 0.00114819 4.507e-06
13 Pubmed_feat_L2.txt 0.000990959 0.000986354 4.605e-06
14 Pubmed_feat_L2.txt 0.00102821 0.00102365 4.562e-06
15 Pubmed_feat_L2.txt 0.000994204 0.000989679 4.525e-06
16 Pubmed_feat_L2.txt 0.000967522 0.000962977 4.545e-06
17 Pubmed_feat_L2.txt 0.00106562 0.00106103 4.585e-06
18 Pubmed_feat_L2.txt 0.00106937 0.0010649 4.47e-06
19 Pubmed_feat_L2.txt 0.00115963 0.00115512 4.503e-06
20 Pubmed_feat_L2.txt 0.00100416 0.000999626 4.537e-06
21 Pubmed_feat_L2.txt 0.00097909 0.000973933 5.157e-06
22 Pubmed_feat_L2.txt 0.00105765 0.00105314 4.516e-06
23 Pubmed_feat_L2.txt 0.00113359 0.00112896 4.63e-06
24 Pubmed_feat_L2.txt 0.0010462 0.00104146 4.733e-06
25 Pubmed_feat_L2.txt 0.000906597 0.000901585 5.012e-06
26 Pubmed_feat_L2.txt 0.00104691 0.00104179 5.121e-06
27 Pubmed_feat_L2.txt 0.000963064 0.000957874 5.19e-06
28 Pubmed_feat_L2.txt 0.0010111 0.00100654 4.559e-06
29 Pubmed_feat_L2.txt 0.00106217 0.00105704 5.129e-06
30 Pubmed_feat_L2.txt 0.00107902 0.00107452 4.498e-06
31 Pubmed_feat_L2.txt 0.000969651 0.000965171 4.48e-06
32 Pubmed_feat_L2.txt 0.000856376 0.000851708 4.668e-06
33 Pubmed_feat_L2.txt 0.000992063 0.00098754 4.523e-06
34 Pubmed_feat_L2.txt 0.00111651 0.00111199 4.518e-06
35 Pubmed_feat_L2.txt 0.00103996 0.00103487 5.083e-06
36 Pubmed_feat_L2.txt 0.00109314 0.00108849 4.651e-06
37 Pubmed_feat_L2.txt 0.00109744 0.00109289 4.553e-06
38 Pubmed_feat_L2.txt 0.00102344 0.00101886 4.573e-06
39 Pubmed_feat_L2.txt 0.00102346 0.00101872 4.737e-06
40 Pubmed_feat_L2.txt 0.00109126 0.00108671 4.547e-06
41 Pubmed_feat_L2.txt 0.00106844 0.00106401 4.431e-06
42 Pubmed_feat_L2.txt 0.00101967 0.00101514 4.529e-06
43 Pubmed_feat_L2.txt 0.00108849 0.00108348 5.012e-06
44 Pubmed_feat_L2.txt 0.00106179 0.00105639 5.398e-06
45 Pubmed_feat_L2.txt 0.0010137 0.00100868 5.024e-06
46 Pubmed_feat_L2.txt 0.00100422 0.000999765 4.45e-06
47 Pubmed_feat_L2.txt 0.00102029 0.00101574 4.554e-06
48 Pubmed_feat_L2.txt 0.000976753 0.00097178 4.973e-06
49 Pubmed_feat_L2.txt 0.00093677 0.000932337 4.433e-06
50 Pubmed_feat_L2.txt 0.00100866 0.00100407 4.584e-06
51 Pubmed_feat_L2.txt 0.00112613 0.00112112 5.011e-06
52 Pubmed_feat_L2.txt 0.00100316 0.000998472 4.685e-06
53 Pubmed_feat_L2.txt 0.00105194 0.0010474 4.536e-06
54 Pubmed_feat_L2.txt 0.00106119 0.0010568 4.397e-06
55 Pubmed_feat_L2.txt 0.00112682 0.00112218 4.643e-06
56 Pubmed_feat_L2.txt 0.00105827 0.00105378 4.492e-06
57 Pubmed_feat_L2.txt 0.00120047 0.00119535 5.12e-06
58 Pubmed_feat_L2.txt 0.0011195 0.00111451 4.994e-06
59 Pubmed_feat_L2.txt 0.00108913 0.00108462 4.514e-06
60 Pubmed_feat_L2.txt 0.00114602 0.00114087 5.151e-06
61 Pubmed_feat_L2.txt 0.00108627 0.00108116 5.115e-06
62 Pubmed_feat_L2.txt 0.00108452 0.00108003 4.49e-06
63 Pubmed_feat_L2.txt 0.00119229 0.00118771 4.584e-06
64 Pubmed_feat_L2.txt 0.000912298 0.00090763 4.668e-06
65 Pubmed_feat_L2.txt 0.00102836 0.00102368 4.68e-06
66 Pubmed_feat_L2.txt 0.00108045 0.00107589 4.56e-06
67 Pubmed_feat_L2.txt 0.00103972 0.00103513 4.585e-06
68 Pubmed_feat_L2.txt 0.00117331 0.00116843 4.876e-06
69 Pubmed_feat_L2.txt 0.00119746 0.00119226 5.205e-06
70 Pubmed_feat_L2.txt 0.00117602 0.00117154 4.476e-06
71 Pubmed_feat_L2.txt 0.00118126 0.00117615 5.114e-06
72 Pubmed_feat_L2.txt 0.00101192 0.0010073 4.613e-06
73 Pubmed_feat_L2.txt 0.00104463 0.00103959 5.045e-06
74 Pubmed_feat_L2.txt 0.00110925 0.00110476 4.492e-06
75 Pubmed_feat_L2.txt 0.00113329 0.00112811 5.188e-06
76 Pubmed_feat_L2.txt 0.00105924 0.00105474 4.498e-06
77 Pubmed_feat_L2.txt 0.00102729 0.00102283 4.459e-06
78 Pubmed_feat_L2.txt 0.00101806 0.0010136 4.459e-06
79 Pubmed_feat_L2.txt 0.000996713 0.000992289 4.424e-06
80 Pubmed_feat_L2.txt 0.000949089 0.000944617 4.472e-06
81 Pubmed_feat_L2.txt 0.00109581 0.00109077 5.047e-06
82 Pubmed_feat_L2.txt 0.00114763 0.00114247 5.158e-06
83 Pubmed_feat_L2.txt 0.00110673 0.00110215 4.579e-06
84 Pubmed_feat_L2.txt 0.00105493 0.00105049 4.444e-06
85 Pubmed_feat_L2.txt 0.00101511 0.00101001 5.093e-06
86 Pubmed_feat_L2.txt 0.00102241 0.00101783 4.581e-06
87 Pubmed_feat_L2.txt 0.00104448 0.00103938 5.093e-06
88 Pubmed_feat_L2.txt 0.00113319 0.00112863 4.557e-06
89 Pubmed_feat_L2.txt 0.00112182 0.00111721 4.605e-06
90 Pubmed_feat_L2.txt 0.00100848 0.00100391 4.573e-06
91 Pubmed_feat_L2.txt 0.00102317 0.00101801 5.152e-06
92 Pubmed_feat_L2.txt 0.00101536 0.00101071 4.651e-06
93 Pubmed_feat_L2.txt 0.00101098 0.00100585 5.131e-06
94 Pubmed_feat_L2.txt 0.00109392 0.00108943 4.488e-06
95 Pubmed_feat_L2.txt 0.00104919 0.0010441 5.096e-06
96 Pubmed_feat_L2.txt 0.000928113 0.000922972 5.141e-06
97 Pubmed_feat_L2.txt 0.000976953 0.000972142 4.811e-06
98 Pubmed_feat_L2.txt 0.000913002 0.000908493 4.509e-06
99 Pubmed_feat_L2.txt 0.0010636 0.00105855 5.051e-06
100 Pubmed_feat_L2.txt 0.000971711 0.000967265 4.446e-06
101 Pubmed_feat_L2.txt 0.00107439 0.00106987 4.524e-06
102 Pubmed_feat_L2.txt 0.0011263 0.00112184 4.463e-06
103 Pubmed_feat_L2.txt 0.00103534 0.00103081 4.524e-06
104 Pubmed_feat_L2.txt 0.00106689 0.00106166 5.227e-06
105 Pubmed_feat_L2.txt 0.00108822 0.00108378 4.439e-06
106 Pubmed_feat_L2.txt 0.00110714 0.00110263 4.508e-06
107 Pubmed_feat_L2.txt 0.00112095 0.00111583 5.116e-06
108 Pubmed_feat_L2.txt 0.00101769 0.0010131 4.597e-06
109 Pubmed_feat_L2.txt 0.00101994 0.00101543 4.511e-06
110 Pubmed_feat_L2.txt 0.00117688 0.00117234 4.546e-06
111 Pubmed_feat_L2.txt 0.00112334 0.00111838 4.959e-06
112 Pubmed_feat_L2.txt 0.00105041 0.00104522 5.182e-06
113 Pubmed_feat_L2.txt 0.00108864 0.00108418 4.46e-06
114 Pubmed_feat_L2.txt 0.00109369 0.00108909 4.597e-06
115 Pubmed_feat_L2.txt 0.00105113 0.00104613 5.002e-06
116 Pubmed_feat_L2.txt 0.00101245 0.00100796 4.484e-06
117 Pubmed_feat_L2.txt 0.00107648 0.00107144 5.043e-06
118 Pubmed_feat_L2.txt 0.00103397 0.00102888 5.094e-06
119 Pubmed_feat_L2.txt 0.00108334 0.00107887 4.467e-06
120 Pubmed_feat_L2.txt 0.0011055 0.00110092 4.586e-06
121 Pubmed_feat_L2.txt 0.001112 0.00110742 4.578e-06
122 Pubmed_feat_L2.txt 0.00112036 0.00111574 4.621e-06
123 Pubmed_feat_L2.txt 0.00116847 0.00116387 4.602e-06
124 Pubmed_feat_L2.txt 0.00119128 0.00118679 4.491e-06
125 Pubmed_feat_L2.txt 0.00111926 0.00111401 5.249e-06
126 Pubmed_feat_L2.txt 0.00111877 0.00111428 4.496e-06
127 Pubmed_feat_L2.txt 0.0011264 0.00112187 4.526e-06
128 Pubmed_feat_L2.txt 0.00095483 0.000949685 5.145e-06
129 Pubmed_feat_L2.txt 0.000997518 0.000992894 4.624e-06
130 Pubmed_feat_L2.txt 0.00104077 0.00103561 5.155e-06
131 Pubmed_feat_L2.txt 0.00105838 0.0010533 5.078e-06
132 Pubmed_feat_L2.txt 0.00104993 0.00104532 4.611e-06
133 Pubmed_feat_L2.txt 0.00110603 0.00110148 4.555e-06
134 Pubmed_feat_L2.txt 0.00109652 0.00109198 4.543e-06
135 Pubmed_feat_L2.txt 0.000983175 0.000978488 4.687e-06
136 Pubmed_feat_L2.txt 0.00100034 0.0009958 4.543e-06
137 Pubmed_feat_L2.txt 0.00100839 0.0010033 5.093e-06
138 Pubmed_feat_L2.txt 0.000988965 0.000984357 4.608e-06
139 Pubmed_feat_L2.txt 0.00112338 0.00111877 4.607e-06
140 Pubmed_feat_L2.txt 0.00102526 0.0010207 4.561e-06
141 Pubmed_feat_L2.txt 0.00105709 0.00105196 5.132e-06
142 Pubmed_feat_L2.txt 0.000984667 0.000980062 4.605e-06
143 Pubmed_feat_L2.txt 0.00115969 0.00115526 4.436e-06
144 Pubmed_feat_L2.txt 0.000932844 0.000927759 5.085e-06
145 Pubmed_feat_L2.txt 0.00100019 0.000995586 4.605e-06
146 Pubmed_feat_L2.txt 0.000966719 0.00096219 4.529e-06
147 Pubmed_feat_L2.txt 0.000946566 0.000941915 4.651e-06
148 Pubmed_feat_L2.txt 0.00111367 0.0011091 4.566e-06
149 Pubmed_feat_L2.txt 0.00102292 0.00101829 4.635e-06
150 Pubmed_feat_L2.txt 0.00101657 0.00101201 4.564e-06
151 Pubmed_feat_L2.txt 0.00100729 0.00100216 5.129e-06
152 Pubmed_feat_L2.txt 0.000940754 0.000936034 4.72e-06
153 Pubmed_feat_L2.txt 0.00113887 0.00113431 4.56e-06
154 Pubmed_feat_L2.txt 0.00107945 0.00107471 4.744e-06
155 Pubmed_feat_L2.txt 0.00110518 0.00110064 4.539e-06
156 Pubmed_feat_L2.txt 0.000986265 0.000981824 4.441e-06
157 Pubmed_feat_L2.txt 0.00105104 0.0010464 4.643e-06
158 Pubmed_feat_L2.txt 0.00107785 0.00107262 5.228e-06
159 Pubmed_feat_L2.txt 0.0010053 0.00100061 4.688e-06
160 Pubmed_feat_L2.txt 0.00100376 0.000999226 4.531e-06
161 Pubmed_feat_L2.txt 0.00101528 0.00101015 5.133e-06
162 Pubmed_feat_L2.txt 0.00102173 0.0010172 4.531e-06
163 Pubmed_feat_L2.txt 0.00114653 0.00114114 5.385e-06
164 Pubmed_feat_L2.txt 0.00107082 0.00106614 4.675e-06
165 Pubmed_feat_L2.txt 0.00102821 0.00102343 4.776e-06
166 Pubmed_feat_L2.txt 0.00103794 0.00103338 4.56e-06
167 Pubmed_feat_L2.txt 0.00103752 0.00103299 4.531e-06
168 Pubmed_feat_L2.txt 0.00105923 0.00105454 4.691e-06
169 Pubmed_feat_L2.txt 0.00109321 0.00108803 5.183e-06
170 Pubmed_feat_L2.txt 0.00116953 0.00116493 4.601e-06
171 Pubmed_feat_L2.txt 0.00108166 0.00107654 5.116e-06
172 Pubmed_feat_L2.txt 0.00110058 0.00109581 4.769e-06
173 Pubmed_feat_L2.txt 0.00112932 0.00112419 5.125e-06
174 Pubmed_feat_L2.txt 0.00112945 0.00112486 4.589e-06
175 Pubmed_feat_L2.txt 0.00112474 0.00112028 4.459e-06
176 Pubmed_feat_L2.txt 0.0011082 0.00110367 4.531e-06
177 Pubmed_feat_L2.txt 0.00109572 0.00109061 5.113e-06
178 Pubmed_feat_L2.txt 0.00107727 0.0010727 4.576e-06
179 Pubmed_feat_L2.txt 0.00117053 0.00116595 4.584e-06
180 Pubmed_feat_L2.txt 0.00108804 0.00108344 4.593e-06
181 Pubmed_feat_L2.txt 0.00114083 0.00113574 5.084e-06
182 Pubmed_feat_L2.txt 0.00102918 0.00102467 4.514e-06
183 Pubmed_feat_L2.txt 0.00111531 0.00111076 4.55e-06
184 Pubmed_feat_L2.txt 0.00109677 0.00109212 4.655e-06
185 Pubmed_feat_L2.txt 0.0010733 0.00106812 5.183e-06
186 Pubmed_feat_L2.txt 0.00110153 0.00109696 4.571e-06
187 Pubmed_feat_L2.txt 0.00110386 0.00109858 5.278e-06
188 Pubmed_feat_L2.txt 0.00114923 0.00114459 4.64e-06
189 Pubmed_feat_L2.txt 0.00112296 0.00111837 4.596e-06
190 Pubmed_feat_L2.txt 0.00107033 0.00106573 4.606e-06
191 Pubmed_feat_L2.txt 0.0010148 0.0010103 4.496e-06
192 Pubmed_feat_L2.txt 0.00101746 0.00101229 5.169e-06
193 Pubmed_feat_L2.txt 0.000779978 0.000774982 4.996e-06
194 Pubmed_feat_L2.txt 0.000940446 0.000935802 4.644e-06
195 Pubmed_feat_L2.txt 0.000934221 0.000929667 4.554e-06
196 Pubmed_feat_L2.txt 0.000982738 0.000978101 4.637e-06
197 Pubmed_feat_L2.txt 0.000811418 0.000806266 5.152e-06
198 Pubmed_feat_L2.txt 0.00111469 0.00110961 5.077e-06
199 Pubmed_feat_L2.txt 0.00093842 0.000933198 5.222e-06
200 Pubmed_feat_L2.txt 0.00109223 0.00108757 4.655e-06
201 Pubmed_feat_L2.txt 0.00102894 0.0010237 5.236e-06
202 Pubmed_feat_L2.txt 0.00114514 0.00114062 4.521e-06
203 Pubmed_feat_L2.txt 0.00088373 0.000879173 4.557e-06
204 Pubmed_feat_L2.txt 0.00100782 0.00100327 4.554e-06
205 Pubmed_feat_L2.txt 0.00116131 0.00115609 5.217e-06
206 Pubmed_feat_L2.txt 0.00103858 0.00103358 5.001e-06
207 Pubmed_feat_L2.txt 0.000979571 0.000975028 4.543e-06
208 Pubmed_feat_L2.txt 0.000812399 0.000807229 5.17e-06
209 Pubmed_feat_L2.txt 0.000953745 0.0009486 5.145e-06
210 Pubmed_feat_L2.txt 0.000908039 0.000903499 4.54e-06
211 Pubmed_feat_L2.txt 0.00100837 0.00100394 4.434e-06
212 Pubmed_feat_L2.txt 0.000899545 0.000894969 4.576e-06
213 Pubmed_feat_L2.txt 0.000963507 0.000958878 4.629e-06
214 Pubmed_feat_L2.txt 0.00102064 0.00101561 5.034e-06
215 Pubmed_feat_L2.txt 0.00118731 0.00118218 5.132e-06
216 Pubmed_feat_L2.txt 0.00104609 0.00104131 4.785e-06
217 Pubmed_feat_L2.txt 0.000889603 0.000884874 4.729e-06
218 Pubmed_feat_L2.txt 0.000968336 0.000959749 8.587e-06
219 Pubmed_feat_L2.txt 0.000918078 0.000912907 5.171e-06
220 Pubmed_feat_L2.txt 0.000936482 0.000931869 4.613e-06
221 Pubmed_feat_L2.txt 0.00103056 0.00102598 4.582e-06
222 Pubmed_feat_L2.txt 0.0010383 0.00103331 4.989e-06
223 Pubmed_feat_L2.txt 0.00103919 0.00103463 4.555e-06
224 Pubmed_feat_L2.txt 0.000995393 0.000990816 4.577e-06
225 Pubmed_feat_L2.txt 0.0011506 0.00114598 4.619e-06
226 Pubmed_feat_L2.txt 0.00090624 0.000901742 4.498e-06
227 Pubmed_feat_L2.txt 0.001087 0.00108238 4.611e-06
228 Pubmed_feat_L2.txt 0.00105971 0.00105457 5.141e-06
229 Pubmed_feat_L2.txt 0.00114271 0.00113815 4.559e-06
230 Pubmed_feat_L2.txt 0.000973349 0.000968614 4.735e-06
231 Pubmed_feat_L2.txt 0.0010175 0.00101293 4.563e-06
232 Pubmed_feat_L2.txt 0.00106132 0.00105679 4.53e-06
233 Pubmed_feat_L2.txt 0.0010996 0.00109448 5.118e-06
234 Pubmed_feat_L2.txt 0.00109358 0.00108833 5.253e-06
235 Pubmed_feat_L2.txt 0.00110607 0.00110144 4.636e-06
236 Pubmed_feat_L2.txt 0.000951671 0.000947085 4.586e-06
237 Pubmed_feat_L2.txt 0.0010454 0.00104032 5.077e-06
238 Pubmed_feat_L2.txt 0.000935238 0.000930654 4.584e-06
239 Pubmed_feat_L2.txt 0.00107238 0.00106779 4.593e-06
240 Pubmed_feat_L2.txt 0.000891638 0.000886392 5.246e-06
241 Pubmed_feat_L2.txt 0.000948839 0.00094434 4.499e-06
242 Pubmed_feat_L2.txt 0.00107616 0.0010717 4.456e-06
243 Pubmed_feat_L2.txt 0.000997305 0.0009922 5.105e-06
244 Pubmed_feat_L2.txt 0.00101021 0.00100565 4.562e-06
245 Pubmed_feat_L2.txt 0.00110286 0.00109777 5.089e-06
246 Pubmed_feat_L2.txt 0.000956804 0.000952343 4.461e-06
247 Pubmed_feat_L2.txt 0.001064 0.0010595 4.496e-06
248 Pubmed_feat_L2.txt 0.000942864 0.00093774 5.124e-06
249 Pubmed_feat_L2.txt 0.00106328 0.00105877 4.508e-06
250 Pubmed_feat_L2.txt 0.00107209 0.00106764 4.457e-06
251 Pubmed_feat_L2.txt 0.00108384 0.00107935 4.494e-06
252 Pubmed_feat_L2.txt 0.00107888 0.00107425 4.623e-06
253 Pubmed_feat_L2.txt 0.00116223 0.0011577 4.528e-06
254 Pubmed_feat_L2.txt 0.00116401 0.00115941 4.597e-06
255 Pubmed_feat_L2.txt 0.00121388 0.00120929 4.596e-06
256 Pubmed_feat_L2.txt 0.00111376 0.00110907 4.693e-06
257 Pubmed_feat_L2.txt 0.00109858 0.00109403 4.546e-06
258 Pubmed_feat_L2.txt 0.000927848 0.000923397 4.451e-06
259 Pubmed_feat_L2.txt 0.00110263 0.00109802 4.605e-06
260 Pubmed_feat_L2.txt 0.00109162 0.00108738 4.238e-06
261 Pubmed_feat_L2.txt 0.00109564 0.00109053 5.107e-06
262 Pubmed_feat_L2.txt 0.00116251 0.00115796 4.551e-06
263 Pubmed_feat_L2.txt 0.00106364 0.00105918 4.457e-06
264 Pubmed_feat_L2.txt 0.00118076 0.00117624 4.516e-06
265 Pubmed_feat_L2.txt 0.00111729 0.00111281 4.487e-06
266 Pubmed_feat_L2.txt 0.00109528 0.00109086 4.429e-06
267 Pubmed_feat_L2.txt 0.00103872 0.00103417 4.558e-06
268 Pubmed_feat_L2.txt 0.00114613 0.00114155 4.573e-06
269 Pubmed_feat_L2.txt 0.00094915 0.000944637 4.513e-06
270 Pubmed_feat_L2.txt 0.00112057 0.00111607 4.501e-06
271 Pubmed_feat_L2.txt 0.00114229 0.00113768 4.618e-06
272 Pubmed_feat_L2.txt 0.000959088 0.000954499 4.589e-06
273 Pubmed_feat_L2.txt 0.00110551 0.00110083 4.678e-06
274 Pubmed_feat_L2.txt 0.00107287 0.00106843 4.445e-06
275 Pubmed_feat_L2.txt 0.00111647 0.00111194 4.527e-06
276 Pubmed_feat_L2.txt 0.00103908 0.00103459 4.489e-06
277 Pubmed_feat_L2.txt 0.00108495 0.00108039 4.56e-06
278 Pubmed_feat_L2.txt 0.00107533 0.00107083 4.502e-06
279 Pubmed_feat_L2.txt 0.00109341 0.00108876 4.651e-06
280 Pubmed_feat_L2.txt 0.0011875 0.00118243 5.071e-06
281 Pubmed_feat_L2.txt 0.001051 0.00104583 5.174e-06
282 Pubmed_feat_L2.txt 0.00106775 0.00106265 5.105e-06
283 Pubmed_feat_L2.txt 0.00105872 0.00105408 4.641e-06
284 Pubmed_feat_L2.txt 0.00104283 0.00103832 4.519e-06
285 Pubmed_feat_L2.txt 0.0010919 0.00108737 4.528e-06
286 Pubmed_feat_L2.txt 0.00107946 0.00107487 4.59e-06
287 Pubmed_feat_L2.txt 0.00112864 0.00112407 4.569e-06
288 Pubmed_feat_L2.txt 0.000868005 0.00086337 4.635e-06
289 Pubmed_feat_L2.txt 0.000903922 0.00089937 4.552e-06
290 Pubmed_feat_L2.txt 0.000925954 0.000921418 4.536e-06
291 Pubmed_feat_L2.txt 0.00096941 0.000964295 5.115e-06
292 Pubmed_feat_L2.txt 0.000885566 0.000880981 4.585e-06
293 Pubmed_feat_L2.txt 0.000913322 0.000908208 5.114e-06
294 Pubmed_feat_L2.txt 0.00104534 0.00104085 4.486e-06
295 Pubmed_feat_L2.txt 0.00103102 0.00102586 5.155e-06
296 Pubmed_feat_L2.txt 0.000900287 0.000895773 4.514e-06
297 Pubmed_feat_L2.txt 0.000990006 0.00098546 4.546e-06
298 Pubmed_feat_L2.txt 0.000949432 0.00094482 4.612e-06
299 Pubmed_feat_L2.txt 0.000958069 0.000953483 4.586e-06
300 Pubmed_feat_L2.txt 0.00101137 0.00100681 4.561e-06
301 Pubmed_feat_L2.txt 0.00100256 0.000997128 5.431e-06
302 Pubmed_feat_L2.txt 0.00106469 0.00106018 4.505e-06
303 Pubmed_feat_L2.txt 0.00113089 0.00112628 4.608e-06
304 Pubmed_feat_L2.txt 0.00108118 0.00107658 4.601e-06
305 Pubmed_feat_L2.txt 0.00105062 0.00104602 4.598e-06
306 Pubmed_feat_L2.txt 0.00101594 0.00101133 4.611e-06
307 Pubmed_feat_L2.txt 0.00106972 0.00106514 4.582e-06
308 Pubmed_feat_L2.txt 0.00104638 0.00104183 4.554e-06
309 Pubmed_feat_L2.txt 0.00102117 0.00101606 5.105e-06
310 Pubmed_feat_L2.txt 0.00104488 0.00104029 4.597e-06
311 Pubmed_feat_L2.txt 0.00109583 0.00109125 4.577e-06
312 Pubmed_feat_L2.txt 0.000970735 0.000966056 4.679e-06
313 Pubmed_feat_L2.txt 0.00105961 0.00105506 4.554e-06
314 Pubmed_feat_L2.txt 0.00115888 0.00115438 4.503e-06
315 Pubmed_feat_L2.txt 0.00104165 0.00103654 5.105e-06
316 Pubmed_feat_L2.txt 0.00108671 0.00108211 4.596e-06
317 Pubmed_feat_L2.txt 0.0010926 0.00108807 4.533e-06
318 Pubmed_feat_L2.txt 0.00104215 0.0010375 4.654e-06
319 Pubmed_feat_L2.txt 0.00117685 0.00117232 4.529e-06
320 Pubmed_feat_L2.txt 0.000982971 0.000978441 4.53e-06
321 Pubmed_feat_L2.txt 0.00107158 0.00106643 5.148e-06
322 Pubmed_feat_L2.txt 0.0011015 0.00109702 4.48e-06
323 Pubmed_feat_L2.txt 0.00104236 0.00103789 4.469e-06
324 Pubmed_feat_L2.txt 0.000987939 0.000983394 4.545e-06
325 Pubmed_feat_L2.txt 0.000962785 0.000958404 4.381e-06
326 Pubmed_feat_L2.txt 0.00112503 0.00112044 4.591e-06
327 Pubmed_feat_L2.txt 0.0010653 0.00106076 4.546e-06
328 Pubmed_feat_L2.txt 0.00102827 0.0010237 4.57e-06
329 Pubmed_feat_L2.txt 0.00103056 0.00102541 5.148e-06
330 Pubmed_feat_L2.txt 0.00106278 0.00105821 4.566e-06
331 Pubmed_feat_L2.txt 0.00118804 0.00118356 4.481e-06
332 Pubmed_feat_L2.txt 0.00111678 0.00111221 4.57e-06
333 Pubmed_feat_L2.txt 0.00093001 0.000925393 4.617e-06
334 Pubmed_feat_L2.txt 0.00113288 0.00112832 4.556e-06
335 Pubmed_feat_L2.txt 0.00100405 0.000998857 5.191e-06
336 Pubmed_feat_L2.txt 0.000975252 0.000970117 5.135e-06
337 Pubmed_feat_L2.txt 0.00091982 0.000915343 4.477e-06
338 Pubmed_feat_L2.txt 0.000922572 0.000917999 4.573e-06
339 Pubmed_feat_L2.txt 0.00108198 0.00107744 4.544e-06
340 Pubmed_feat_L2.txt 0.00100917 0.0010047 4.465e-06
341 Pubmed_feat_L2.txt 0.00105023 0.00104526 4.969e-06
342 Pubmed_feat_L2.txt 0.00105904 0.00105462 4.422e-06
343 Pubmed_feat_L2.txt 0.00111164 0.00110666 4.978e-06
344 Pubmed_feat_L2.txt 0.00115318 0.00114803 5.15e-06
345 Pubmed_feat_L2.txt 0.00110526 0.00110008 5.182e-06
346 Pubmed_feat_L2.txt 0.00112358 0.00111897 4.613e-06
347 Pubmed_feat_L2.txt 0.0010901 0.00108551 4.587e-06
348 Pubmed_feat_L2.txt 0.00113275 0.00112816 4.587e-06
349 Pubmed_feat_L2.txt 0.000967627 0.000960513 7.114e-06
350 Pubmed_feat_L2.txt 0.00104014 0.00103554 4.601e-06
351 Pubmed_feat_L2.txt 0.00106647 0.00106186 4.611e-06
352 Pubmed_feat_L2.txt 0.000988027 0.000982937 5.09e-06
353 Pubmed_feat_L2.txt 0.0011154 0.00111082 4.575e-06
354 Pubmed_feat_L2.txt 0.00104291 0.00103831 4.597e-06
355 Pubmed_feat_L2.txt 0.00109733 0.00109276 4.572e-06
356 Pubmed_feat_L2.txt 0.00114547 0.00114077 4.697e-06
357 Pubmed_feat_L2.txt 0.00107526 0.00107057 4.686e-06
358 Pubmed_feat_L2.txt 0.00108837 0.00108384 4.533e-06
359 Pubmed_feat_L2.txt 0.00106987 0.00106522 4.649e-06
360 Pubmed_feat_L2.txt 0.00107825 0.00107347 4.774e-06
361 Pubmed_feat_L2.txt 0.00105346 0.00104892 4.539e-06
362 Pubmed_feat_L2.txt 0.00107884 0.00107419 4.65e-06
363 Pubmed_feat_L2.txt 0.00112347 0.00111884 4.635e-06
364 Pubmed_feat_L2.txt 0.00117099 0.00116628 4.706e-06
365 Pubmed_feat_L2.txt 0.0011108 0.00110622 4.581e-06
366 Pubmed_feat_L2.txt 0.00117716 0.00117262 4.547e-06
367 Pubmed_feat_L2.txt 0.00115028 0.00114589 4.39e-06
368 Pubmed_feat_L2.txt 0.00104571 0.00104077 4.938e-06
369 Pubmed_feat_L2.txt 0.00104458 0.00104007 4.511e-06
370 Pubmed_feat_L2.txt 0.00112832 0.00112367 4.65e-06
371 Pubmed_feat_L2.txt 0.00110102 0.00109638 4.642e-06
372 Pubmed_feat_L2.txt 0.00106253 0.00105785 4.679e-06
373 Pubmed_feat_L2.txt 0.00113723 0.00113271 4.518e-06
374 Pubmed_feat_L2.txt 0.0011341 0.00112866 5.44e-06
375 Pubmed_feat_L2.txt 0.00109672 0.00109214 4.576e-06
376 Pubmed_feat_L2.txt 0.00114995 0.00114552 4.424e-06
377 Pubmed_feat_L2.txt 0.00105812 0.00105354 4.573e-06
378 Pubmed_feat_L2.txt 0.00112624 0.00112166 4.571e-06
379 Pubmed_feat_L2.txt 0.00109954 0.00109486 4.673e-06
380 Pubmed_feat_L2.txt 0.00110305 0.00109848 4.571e-06
381 Pubmed_feat_L2.txt 0.00110774 0.00110321 4.531e-06
382 Pubmed_feat_L2.txt 0.00104797 0.00104353 4.444e-06
383 Pubmed_feat_L2.txt 0.0011034 0.00108649 1.691e-05
0 Pubmed_A.txt 0.000854372 0.000852772 1.6e-06
1 Pubmed_A.txt 0.000845712 0.000844071 1.641e-06
2 Pubmed_A.txt 0.000853588 0.000851825 1.763e-06
3 Pubmed_A.txt 0.000846462 0.000844902 1.56e-06
4 Pubmed_A.txt 0.0008573 0.000855853 1.447e-06
5 Pubmed_A.txt 0.000854889 0.000853125 1.764e-06
6 Pubmed_A.txt 0.00086236 0.000860689 1.671e-06
7 Pubmed_A.txt 0.000853714 0.000852278 1.436e-06
8 Pubmed_A.txt 0.000864447 0.000863138 1.309e-06
9 Pubmed_A.txt 0.000860301 0.000858851 1.45e-06
10 Pubmed_A.txt 0.000872348 0.000870361 1.987e-06
11 Pubmed_A.txt 0.00086437 0.000862926 1.444e-06
12 Pubmed_A.txt 0.00086473 0.000863098 1.632e-06
13 Pubmed_A.txt 0.000860829 0.0008591 1.729e-06
14 Pubmed_A.txt 0.000865638 0.000863854 1.784e-06
15 Pubmed_A.txt 0.000858232 0.000856343 1.889e-06
16 Pubmed_A.txt 0.000939425 0.000937742 1.683e-06
17 Pubmed_A.txt 0.000936437 0.000933802 2.635e-06
18 Pubmed_A.txt 0.00094557 0.000943598 1.972e-06
19 Pubmed_A.txt 0.000937059 0.000935214 1.845e-06
20 Pubmed_A.txt 0.000938696 0.000936661 2.035e-06
21 Pubmed_A.txt 0.000935064 0.000933164 1.9e-06
22 Pubmed_A.txt 0.000941497 0.000940141 1.356e-06
23 Pubmed_A.txt 0.000933469 0.000931871 1.598e-06
24 Pubmed_A.txt 0.000892864 0.000890482 2.382e-06
25 Pubmed_A.txt 0.000886556 0.000884631 1.925e-06
26 Pubmed_A.txt 0.000892854 0.000890821 2.033e-06
27 Pubmed_A.txt 0.00088593 0.00088428 1.65e-06
28 Pubmed_A.txt 0.000888289 0.000886452 1.837e-06
29 Pubmed_A.txt 0.000883936 0.000882445 1.491e-06
30 Pubmed_A.txt 0.000891225 0.000889758 1.467e-06
31 Pubmed_A.txt 0.000883017 0.000881158 1.859e-06
32 Pubmed_A.txt 0.000758619 0.000756802 1.817e-06
33 Pubmed_A.txt 0.000755257 0.000752634 2.623e-06
34 Pubmed_A.txt 0.000767465 0.000765268 2.197e-06
35 Pubmed_A.txt 0.000759662 0.000757543 2.119e-06
36 Pubmed_A.txt 0.000762107 0.000760016 2.091e-06
37 Pubmed_A.txt 0.000757033 0.000755293 1.74e-06
38 Pubmed_A.txt 0.000757322 0.000755479 1.843e-06
39 Pubmed_A.txt 0.000750318 0.000748703 1.615e-06
40 Pubmed_A.txt 0.000763402 0.000761921 1.481e-06
41 Pubmed_A.txt 0.000759245 0.0007578 1.445e-06
42 Pubmed_A.txt 0.000765578 0.000763737 1.841e-06
43 Pubmed_A.txt 0.00075887 0.000757001 1.869e-06
44 Pubmed_A.txt 0.000758022 0.000756677 1.345e-06
45 Pubmed_A.txt 0.000754851 0.000753206 1.645e-06
46 Pubmed_A.txt 0.000756291 0.000754795 1.496e-06
47 Pubmed_A.txt 0.000750359 0.000748684 1.675e-06
48 Pubmed_A.txt 0.000861183 0.00085964 1.543e-06
49 Pubmed_A.txt 0.000857895 0.000856538 1.357e-06
50 Pubmed_A.txt 0.000868637 0.000866748 1.889e-06
51 Pubmed_A.txt 0.000861323 0.000859026 2.297e-06
52 Pubmed_A.txt 0.000867156 0.000865284 1.872e-06
53 Pubmed_A.txt 0.000862622 0.000860844 1.778e-06
54 Pubmed_A.txt 0.000869049 0.000867637 1.412e-06
55 Pubmed_A.txt 0.000861597 0.000860279 1.318e-06
56 Pubmed_A.txt 0.000856857 0.000855235 1.622e-06
57 Pubmed_A.txt 0.000852491 0.000851122 1.369e-06
58 Pubmed_A.txt 0.000864195 0.00086277 1.425e-06
59 Pubmed_A.txt 0.000856646 0.000855121 1.525e-06
60 Pubmed_A.txt 0.000866878 0.000865378 1.5e-06
61 Pubmed_A.txt 0.000862345 0.00086097 1.375e-06
62 Pubmed_A.txt 0.000867107 0.000865197 1.91e-06
63 Pubmed_A.txt 0.000861025 0.000859495 1.53e-06
64 Pubmed_A.txt 0.000935876 0.000934395 1.481e-06
65 Pubmed_A.txt 0.000931543 0.000930192 1.351e-06
66 Pubmed_A.txt 0.000939252 0.000937736 1.516e-06
67 Pubmed_A.txt 0.000932313 0.000930754 1.559e-06
68 Pubmed_A.txt 0.00093463 0.000933176 1.454e-06
69 Pubmed_A.txt 0.000924969 0.000923254 1.715e-06
70 Pubmed_A.txt 0.00093522 0.000933604 1.616e-06
71 Pubmed_A.txt 0.000927923 0.000926456 1.467e-06
72 Pubmed_A.txt 0.000879928 0.000878116 1.812e-06
73 Pubmed_A.txt 0.000875484 0.000873576 1.908e-06
74 Pubmed_A.txt 0.00088348 0.000881823 1.657e-06
75 Pubmed_A.txt 0.000876268 0.000874267 2.001e-06
76 Pubmed_A.txt 0.000886167 0.000884999 1.168e-06
77 Pubmed_A.txt 0.000882714 0.000881047 1.667e-06
78 Pubmed_A.txt 0.000886378 0.000883968 2.41e-06
79 Pubmed_A.txt 0.000879051 0.000875877 3.174e-06
80 Pubmed_A.txt 0.000757978 0.00075555 2.428e-06
81 Pubmed_A.txt 0.000752121 0.000750177 1.944e-06
82 Pubmed_A.txt 0.000761276 0.00075874 2.536e-06
83 Pubmed_A.txt 0.000754427 0.000751834 2.593e-06
84 Pubmed_A.txt 0.000760569 0.000758403 2.166e-06
85 Pubmed_A.txt 0.000754775 0.000752876 1.899e-06
86 Pubmed_A.txt 0.000751937 0.000749789 2.148e-06
87 Pubmed_A.txt 0.000746144 0.000744159 1.985e-06
88 Pubmed_A.txt 0.000759966 0.000758172 1.794e-06
89 Pubmed_A.txt 0.000755074 0.000753514 1.56e-06
90 Pubmed_A.txt 0.000758354 0.000756241 2.113e-06
91 Pubmed_A.txt 0.000751211 0.000749917 1.294e-06
92 Pubmed_A.txt 0.000757529 0.00075565 1.879e-06
93 Pubmed_A.txt 0.000752516 0.000750578 1.938e-06
94 Pubmed_A.txt 0.000754276 0.000752538 1.738e-06
95 Pubmed_A.txt 0.000747819 0.000746014 1.805e-06
96 Pubmed_A.txt 0.000867496 0.000864955 2.541e-06
97 Pubmed_A.txt 0.000862234 0.000859994 2.24e-06
98 Pubmed_A.txt 0.00087068 0.000867933 2.747e-06
99 Pubmed_A.txt 0.000863675 0.000861789 1.886e-06
100 Pubmed_A.txt 0.00087189 0.000870386 1.504e-06
101 Pubmed_A.txt 0.000868746 0.000866181 2.565e-06
102 Pubmed_A.txt 0.00086941 0.000867995 1.415e-06
103 Pubmed_A.txt 0.000861245 0.000859758 1.487e-06
104 Pubmed_A.txt 0.000864443 0.000862238 2.205e-06
105 Pubmed_A.txt 0.000860012 0.000858577 1.435e-06
106 Pubmed_A.txt 0.000871784 0.000869722 2.062e-06
107 Pubmed_A.txt 0.000863089 0.00086172 1.369e-06
108 Pubmed_A.txt 0.000872246 0.000870551 1.695e-06
109 Pubmed_A.txt 0.00086774 0.000865987 1.753e-06
110 Pubmed_A.txt 0.000874386 0.000872363 2.023e-06
111 Pubmed_A.txt 0.000866917 0.000864795 2.122e-06
112 Pubmed_A.txt 0.000941761 0.000939515 2.246e-06
113 Pubmed_A.txt 0.000936972 0.00093482 2.152e-06
114 Pubmed_A.txt 0.000943822 0.00094172 2.102e-06
115 Pubmed_A.txt 0.000935387 0.000933932 1.455e-06
116 Pubmed_A.txt 0.000939864 0.000937761 2.103e-06
117 Pubmed_A.txt 0.000935505 0.000933625 1.88e-06
118 Pubmed_A.txt 0.000944193 0.000941984 2.209e-06
119 Pubmed_A.txt 0.000935815 0.000933857 1.958e-06
120 Pubmed_A.txt 0.000886356 0.000884412 1.944e-06
121 Pubmed_A.txt 0.000876534 0.000874981 1.553e-06
122 Pubmed_A.txt 0.000886734 0.000884494 2.24e-06
123 Pubmed_A.txt 0.000878637 0.000877137 1.5e-06
124 Pubmed_A.txt 0.000888819 0.00088698 1.839e-06
125 Pubmed_A.txt 0.000885256 0.000882861 2.395e-06
126 Pubmed_A.txt 0.000896311 0.000891571 4.74e-06
127 Pubmed_A.txt 0.000885593 0.000882637 2.956e-06
128 Pubmed_A.txt 0.000760709 0.000758963 1.746e-06
129 Pubmed_A.txt 0.000757015 0.000754846 2.169e-06
130 Pubmed_A.txt 0.000766988 0.000763534 3.454e-06
131 Pubmed_A.txt 0.000758276 0.000756518 1.758e-06
132 Pubmed_A.txt 0.00076772 0.000765906 1.814e-06
133 Pubmed_A.txt 0.000763572 0.000761636 1.936e-06
134 Pubmed_A.txt 0.000768677 0.000765275 3.402e-06
135 Pubmed_A.txt 0.000760818 0.000758877 1.941e-06
136 Pubmed_A.txt 0.000767605 0.00076594 1.665e-06
137 Pubmed_A.txt 0.000762988 0.000761379 1.609e-06
138 Pubmed_A.txt 0.000761881 0.000759954 1.927e-06
139 Pubmed_A.txt 0.000755278 0.000753494 1.784e-06
140 Pubmed_A.txt 0.000767705 0.000765878 1.827e-06
141 Pubmed_A.txt 0.000763793 0.000761656 2.137e-06
142 Pubmed_A.txt 0.000763754 0.000762155 1.599e-06
143 Pubmed_A.txt 0.000758295 0.000756861 1.434e-06
144 Pubmed_A.txt 0.000847652 0.000845933 1.719e-06
145 Pubmed_A.txt 0.000843471 0.000841365 2.106e-06
146 Pubmed_A.txt 0.00085206 0.000849959 2.101e-06
147 Pubmed_A.txt 0.000844753 0.000842695 2.058e-06
148 Pubmed_A.txt 0.000859224 0.000857249 1.975e-06
149 Pubmed_A.txt 0.000855671 0.000853078 2.593e-06
150 Pubmed_A.txt 0.000855539 0.000852741 2.798e-06
151 Pubmed_A.txt 0.000847231 0.000845139 2.092e-06
152 Pubmed_A.txt 0.000856074 0.000854144 1.93e-06
153 Pubmed_A.txt 0.000852078 0.000850108 1.97e-06
154 Pubmed_A.txt 0.000862681 0.000861088 1.593e-06
155 Pubmed_A.txt 0.000856342 0.000853725 2.617e-06
156 Pubmed_A.txt 0.000853582 0.000851427 2.155e-06
157 Pubmed_A.txt 0.000851921 0.000848187 3.734e-06
158 Pubmed_A.txt 0.000858745 0.000857088 1.657e-06
159 Pubmed_A.txt 0.000852524 0.000850413 2.111e-06
160 Pubmed_A.txt 0.000933145 0.000930588 2.557e-06
161 Pubmed_A.txt 0.000927366 0.000925854 1.512e-06
162 Pubmed_A.txt 0.000937968 0.000935502 2.466e-06
163 Pubmed_A.txt 0.000930928 0.000928345 2.583e-06
164 Pubmed_A.txt 0.000930845 0.000927458 3.387e-06
165 Pubmed_A.txt 0.000926886 0.000922985 3.901e-06
166 Pubmed_A.txt 0.000933196 0.000929765 3.431e-06
167 Pubmed_A.txt 0.000926985 0.000923228 3.757e-06
168 Pubmed_A.txt 0.00087485 0.000873172 1.678e-06
169 Pubmed_A.txt 0.000870595 0.000868677 1.918e-06
170 Pubmed_A.txt 0.000886021 0.00088382 2.201e-06
171 Pubmed_A.txt 0.000878419 0.000876421 1.998e-06
172 Pubmed_A.txt 0.000881171 0.000877623 3.548e-06
173 Pubmed_A.txt 0.000880332 0.000876532 3.8e-06
174 Pubmed_A.txt 0.000878464 0.000875218 3.246e-06
175 Pubmed_A.txt 0.000872054 0.000868851 3.203e-06
176 Pubmed_A.txt 0.000742222 0.000739325 2.897e-06
177 Pubmed_A.txt 0.00073817 0.00073439 3.78e-06
178 Pubmed_A.txt 0.000747504 0.00074414 3.364e-06
179 Pubmed_A.txt 0.000741372 0.000737559 3.813e-06
180 Pubmed_A.txt 0.000748835 0.000746691 2.144e-06
181 Pubmed_A.txt 0.000746726 0.000743298 3.428e-06
182 Pubmed_A.txt 0.000750313 0.000746284 4.029e-06
183 Pubmed_A.txt 0.000742446 0.000739341 3.105e-06
184 Pubmed_A.txt 0.000740399 0.000736858 3.541e-06
185 Pubmed_A.txt 0.000735549 0.000732779 2.77e-06
186 Pubmed_A.txt 0.000745306 0.000739542 5.764e-06
187 Pubmed_A.txt 0.000734644 0.000731717 2.927e-06
188 Pubmed_A.txt 0.00074841 0.000745488 2.922e-06
189 Pubmed_A.txt 0.000745908 0.000741039 4.869e-06
190 Pubmed_A.txt 0.000751551 0.000747087 4.464e-06
191 Pubmed_A.txt 0.00074527 0.00074192 3.35e-06
192 Pubmed_A.txt 0.00088753 0.000883739 3.791e-06
193 Pubmed_A.txt 0.000881649 0.000879287 2.362e-06
194 Pubmed_A.txt 0.000890058 0.000886843 3.215e-06
195 Pubmed_A.txt 0.000882989 0.000879783 3.206e-06
196 Pubmed_A.txt 0.000886932 0.000884071 2.861e-06
197 Pubmed_A.txt 0.000882738 0.00087975 2.988e-06
198 Pubmed_A.txt 0.00088867 0.000885462 3.208e-06
199 Pubmed_A.txt 0.000882988 0.000878836 4.152e-06
200 Pubmed_A.txt 0.000877704 0.000874909 2.795e-06
201 Pubmed_A.txt 0.000875332 0.000871154 4.178e-06
202 Pubmed_A.txt 0.000884924 0.000880651 4.273e-06
203 Pubmed_A.txt 0.000876141 0.000873007 3.134e-06
204 Pubmed_A.txt 0.000884926 0.000881302 3.624e-06
205 Pubmed_A.txt 0.000882738 0.00087757 5.168e-06
206 Pubmed_A.txt 0.000887939 0.000882782 5.157e-06
207 Pubmed_A.txt 0.000879112 0.00087548 3.632e-06
208 Pubmed_A.txt 0.000953507 0.000948463 5.044e-06
209 Pubmed_A.txt 0.000950378 0.000945036 5.342e-06
210 Pubmed_A.txt 0.000960478 0.000953164 7.314e-06
211 Pubmed_A.txt 0.000949613 0.000946435 3.178e-06
212 Pubmed_A.txt 0.000951057 0.000948118 2.939e-06
213 Pubmed_A.txt 0.000947338 0.000944078 3.26e-06
214 Pubmed_A.txt 0.000959661 0.000951701 7.96e-06
215 Pubmed_A.txt 0.000949324 0.00094402 5.304e-06
216 Pubmed_A.txt 0.000917688 0.000913749 3.939e-06
217 Pubmed_A.txt 0.000914477 0.000908909 5.568e-06
218 Pubmed_A.txt 0.000923349 0.000912699 1.065e-05
219 Pubmed_A.txt 0.000912249 0.000906301 5.948e-06
220 Pubmed_A.txt 0.000904637 0.000900571 4.066e-06
221 Pubmed_A.txt 0.000899949 0.000895464 4.485e-06
222 Pubmed_A.txt 0.000907871 0.000900769 7.102e-06
223 Pubmed_A.txt 0.000896835 0.000894387 2.448e-06
224 Pubmed_A.txt 0.000753996 0.000752191 1.805e-06
225 Pubmed_A.txt 0.000749817 0.000747269 2.548e-06
226 Pubmed_A.txt 0.000757471 0.000754936 2.535e-06
227 Pubmed_A.txt 0.000749878 0.000747556 2.322e-06
228 Pubmed_A.txt 0.000756294 0.000753603 2.691e-06
229 Pubmed_A.txt 0.000750813 0.000748553 2.26e-06
230 Pubmed_A.txt 0.000763649 0.000761261 2.388e-06
231 Pubmed_A.txt 0.000756467 0.000753857 2.61e-06
232 Pubmed_A.txt 0.000762203 0.000758235 3.968e-06
233 Pubmed_A.txt 0.000757668 0.000754218 3.45e-06
234 Pubmed_A.txt 0.000762689 0.000754605 8.084e-06
235 Pubmed_A.txt 0.000752308 0.000748601 3.707e-06
236 Pubmed_A.txt 0.000760235 0.000756864 3.371e-06
237 Pubmed_A.txt 0.000757589 0.000753029 4.56e-06
238 Pubmed_A.txt 0.000763137 0.000758395 4.742e-06
239 Pubmed_A.txt 0.000758068 0.000752699 5.369e-06
240 Pubmed_A.txt 0.000850694 0.00084624 4.454e-06
241 Pubmed_A.txt 0.000847463 0.000842035 5.428e-06
242 Pubmed_A.txt 0.000854214 0.000847729 6.485e-06
243 Pubmed_A.txt 0.000846178 0.000840422 5.756e-06
244 Pubmed_A.txt 0.000860814 0.00085673 4.084e-06
245 Pubmed_A.txt 0.000854585 0.00085119 3.395e-06
246 Pubmed_A.txt 0.000861224 0.000858016 3.208e-06
247 Pubmed_A.txt 0.000854473 0.000849945 4.528e-06
248 Pubmed_A.txt 0.00085105 0.000848132 2.918e-06
249 Pubmed_A.txt 0.000849892 0.000844541 5.351e-06
250 Pubmed_A.txt 0.000870198 0.00086227 7.928e-06
251 Pubmed_A.txt 0.00085751 0.000854457 3.053e-06
252 Pubmed_A.txt 0.00085983 0.00085758 2.25e-06
253 Pubmed_A.txt 0.000855037 0.000853112 1.925e-06
254 Pubmed_A.txt 0.000865156 0.000861533 3.623e-06
255 Pubmed_A.txt 0.000857107 0.000854258 2.849e-06
256 Pubmed_A.txt 0.000938682 0.000934242 4.44e-06
257 Pubmed_A.txt 0.000934755 0.000930239 4.516e-06
258 Pubmed_A.txt 0.000935971 0.00092948 6.491e-06
259 Pubmed_A.txt 0.000925533 0.000921614 3.919e-06
260 Pubmed_A.txt 0.000934172 0.00092899 5.182e-06
261 Pubmed_A.txt 0.000926906 0.000924377 2.529e-06
262 Pubmed_A.txt 0.000934641 0.000931761 2.88e-06
263 Pubmed_A.txt 0.000929916 0.000923841 6.075e-06
264 Pubmed_A.txt 0.00087515 0.000869987 5.163e-06
265 Pubmed_A.txt 0.000869345 0.00086539 3.955e-06
266 Pubmed_A.txt 0.000885079 0.000879941 5.138e-06
267 Pubmed_A.txt 0.000876238 0.00087326 2.978e-06
268 Pubmed_A.txt 0.000881104 0.000878066 3.038e-06
269 Pubmed_A.txt 0.000877357 0.000873997 3.36e-06
270 Pubmed_A.txt 0.000886139 0.000881022 5.117e-06
271 Pubmed_A.txt 0.000879484 0.000874118 5.366e-06
272 Pubmed_A.txt 0.000748832 0.000745773 3.059e-06
273 Pubmed_A.txt 0.000742733 0.000740693 2.04e-06
274 Pubmed_A.txt 0.000753 0.00074611 6.89e-06
275 Pubmed_A.txt 0.00074373 0.000740789 2.941e-06
276 Pubmed_A.txt 0.000756713 0.000754145 2.568e-06
277 Pubmed_A.txt 0.000747124 0.000745115 2.009e-06
278 Pubmed_A.txt 0.000747345 0.000743646 3.699e-06
279 Pubmed_A.txt 0.000739444 0.00073723 2.214e-06
280 Pubmed_A.txt 0.000748252 0.000745546 2.706e-06
281 Pubmed_A.txt 0.000744172 0.000741537 2.635e-06
282 Pubmed_A.txt 0.000752503 0.000749337 3.166e-06
283 Pubmed_A.txt 0.000746047 0.000743199 2.848e-06
284 Pubmed_A.txt 0.000749209 0.000747184 2.025e-06
285 Pubmed_A.txt 0.000746468 0.00074384 2.628e-06
286 Pubmed_A.txt 0.000761077 0.000758924 2.153e-06
287 Pubmed_A.txt 0.000754238 0.000752303 1.935e-06
288 Pubmed_A.txt 0.000846266 0.000844351 1.915e-06
289 Pubmed_A.txt 0.000843509 0.000840757 2.752e-06
290 Pubmed_A.txt 0.000854951 0.00085202 2.931e-06
291 Pubmed_A.txt 0.000848631 0.000843891 4.74e-06
292 Pubmed_A.txt 0.000860559 0.000858683 1.876e-06
293 Pubmed_A.txt 0.000857236 0.000854658 2.578e-06
294 Pubmed_A.txt 0.000861846 0.000859326 2.52e-06
295 Pubmed_A.txt 0.000855117 0.000851611 3.506e-06
296 Pubmed_A.txt 0.000857003 0.000854333 2.67e-06
297 Pubmed_A.txt 0.000852113 0.000849496 2.617e-06
298 Pubmed_A.txt 0.000859328 0.000856607 2.721e-06
299 Pubmed_A.txt 0.000850598 0.000848364 2.234e-06
300 Pubmed_A.txt 0.000864423 0.000862234 2.189e-06
301 Pubmed_A.txt 0.000861474 0.000858531 2.943e-06
302 Pubmed_A.txt 0.00086446 0.000862874 1.586e-06
303 Pubmed_A.txt 0.000857185 0.000854755 2.43e-06
304 Pubmed_A.txt 0.000950076 0.00094709 2.986e-06
305 Pubmed_A.txt 0.000945752 0.000942992 2.76e-06
306 Pubmed_A.txt 0.00095205 0.000947067 4.983e-06
307 Pubmed_A.txt 0.000942935 0.000940069 2.866e-06
308 Pubmed_A.txt 0.000936321 0.000933334 2.987e-06
309 Pubmed_A.txt 0.000932384 0.000929522 2.862e-06
310 Pubmed_A.txt 0.000943782 0.000941012 2.77e-06
311 Pubmed_A.txt 0.000935695 0.000932845 2.85e-06
312 Pubmed_A.txt 0.000885806 0.00088383 1.976e-06
313 Pubmed_A.txt 0.000881626 0.000879004 2.622e-06
314 Pubmed_A.txt 0.000890546 0.000887245 3.301e-06
315 Pubmed_A.txt 0.000880405 0.00087847 1.935e-06
316 Pubmed_A.txt 0.000888059 0.000885483 2.576e-06
317 Pubmed_A.txt 0.000882693 0.00088124 1.453e-06
318 Pubmed_A.txt 0.000887359 0.000885011 2.348e-06
319 Pubmed_A.txt 0.00088346 0.000878997 4.463e-06
320 Pubmed_A.txt 0.000755977 0.000753297 2.68e-06
321 Pubmed_A.txt 0.00075244 0.000748967 3.473e-06
322 Pubmed_A.txt 0.000762923 0.000756382 6.541e-06
323 Pubmed_A.txt 0.000757233 0.000749863 7.37e-06
324 Pubmed_A.txt 0.000767806 0.000762873 4.933e-06
325 Pubmed_A.txt 0.000762623 0.000757541 5.082e-06
326 Pubmed_A.txt 0.000764543 0.000757645 6.898e-06
327 Pubmed_A.txt 0.000759404 0.000752886 6.518e-06
328 Pubmed_A.txt 0.000762336 0.000756521 5.815e-06
329 Pubmed_A.txt 0.000757019 0.000753565 3.454e-06
330 Pubmed_A.txt 0.000758761 0.000755181 3.58e-06
331 Pubmed_A.txt 0.000749548 0.000747593 1.955e-06
332 Pubmed_A.txt 0.000760042 0.000757523 2.519e-06
333 Pubmed_A.txt 0.000758982 0.000753251 5.731e-06
334 Pubmed_A.txt 0.000757104 0.00075539 1.714e-06
335 Pubmed_A.txt 0.000755683 0.000747961 7.722e-06
336 Pubmed_A.txt 0.000837336 0.000832659 4.677e-06
337 Pubmed_A.txt 0.000832148 0.000828812 3.336e-06
338 Pubmed_A.txt 0.000847147 0.000838978 8.169e-06
339 Pubmed_A.txt 0.000834738 0.000832211 2.527e-06
340 Pubmed_A.txt 0.000849935 0.000847387 2.548e-06
341 Pubmed_A.txt 0.000849927 0.000842479 7.448e-06
342 Pubmed_A.txt 0.000853293 0.000849643 3.65e-06
343 Pubmed_A.txt 0.000845363 0.000841261 4.102e-06
344 Pubmed_A.txt 0.000859434 0.000854574 4.86e-06
345 Pubmed_A.txt 0.0008562 0.000849765 6.435e-06
346 Pubmed_A.txt 0.000865039 0.000858418 6.621e-06
347 Pubmed_A.txt 0.000855583 0.00085119 4.393e-06
348 Pubmed_A.txt 0.000852602 0.000849692 2.91e-06
349 Pubmed_A.txt 0.000848186 0.000845661 2.525e-06
350 Pubmed_A.txt 0.000856873 0.000853739 3.134e-06
351 Pubmed_A.txt 0.000850225 0.000846681 3.544e-06
352 Pubmed_A.txt 0.000938425 0.000933662 4.763e-06
353 Pubmed_A.txt 0.000931877 0.000928924 2.953e-06
354 Pubmed_A.txt 0.000940795 0.000937897 2.898e-06
355 Pubmed_A.txt 0.00093293 0.00093014 2.79e-06
356 Pubmed_A.txt 0.000922436 0.000918069 4.367e-06
357 Pubmed_A.txt 0.000917763 0.000915207 2.556e-06
358 Pubmed_A.txt 0.000928968 0.000925596 3.372e-06
359 Pubmed_A.txt 0.000923623 0.000917809 5.814e-06
360 Pubmed_A.txt 0.000875802 0.000872353 3.449e-06
361 Pubmed_A.txt 0.000870418 0.000867918 2.5e-06
362 Pubmed_A.txt 0.000879273 0.000875141 4.132e-06
363 Pubmed_A.txt 0.000869085 0.000867267 1.818e-06
364 Pubmed_A.txt 0.000880141 0.000877272 2.869e-06
365 Pubmed_A.txt 0.000876151 0.00087415 2.001e-06
366 Pubmed_A.txt 0.000882389 0.000879558 2.831e-06
367 Pubmed_A.txt 0.000875236 0.000871537 3.699e-06
368 Pubmed_A.txt 0.000758915 0.000754304 4.611e-06
369 Pubmed_A.txt 0.000753231 0.000750058 3.173e-06
370 Pubmed_A.txt 0.000768699 0.000758421 1.0278e-05
371 Pubmed_A.txt 0.000757957 0.000751887 6.07e-06
372 Pubmed_A.txt 0.000754034 0.000746303 7.731e-06
373 Pubmed_A.txt 0.00074702 0.000742141 4.879e-06
374 Pubmed_A.txt 0.000754433 0.000746796 7.637e-06
375 Pubmed_A.txt 0.000747405 0.000740231 7.174e-06
376 Pubmed_A.txt 0.000760198 0.000748701 1.1497e-05
377 Pubmed_A.txt 0.000749313 0.00074276 6.553e-06
378 Pubmed_A.txt 0.000764838 0.000758996 5.842e-06
379 Pubmed_A.txt 0.000755508 0.000752599 2.909e-06
380 Pubmed_A.txt 0.000767319 0.000760117 7.202e-06
381 Pubmed_A.txt 0.000762739 0.000755555 7.184e-06
382 Pubmed_A.txt 0.000762168 0.000758572 3.596e-06
383 Pubmed_A.txt 0.000763972 0.000751511 1.2461e-05
TACC:  Shutdown complete. Exiting. 
