TACC:  Starting up job 10024561 
TACC:  Starting parallel tasks... 
0 Reddit_feat_L1.txt 0.00230894 0.00225213 5.6811e-05
1 Reddit_feat_L1.txt 0.00110924 0.00105173 5.7518e-05
2 Reddit_feat_L1.txt 0.00255098 0.00248474 6.6235e-05
3 Reddit_feat_L1.txt 0.00119828 0.00113051 6.777e-05
4 Reddit_feat_L1.txt 0.00246198 0.00240038 6.1603e-05
5 Reddit_feat_L1.txt 0.00110822 0.00104661 6.1606e-05
6 Reddit_feat_L1.txt 0.00242095 0.00236011 6.0848e-05
7 Reddit_feat_L1.txt 0.0011678 0.00110911 5.8688e-05
8 Reddit_feat_L1.txt 0.00230137 0.00223645 6.4919e-05
9 Reddit_feat_L1.txt 0.00118218 0.00112437 5.7807e-05
10 Reddit_feat_L1.txt 0.00240866 0.00233923 6.9429e-05
11 Reddit_feat_L1.txt 0.00125309 0.00118299 7.0095e-05
12 Reddit_feat_L1.txt 0.00248462 0.0024237 6.0917e-05
13 Reddit_feat_L1.txt 0.00122501 0.00116527 5.9738e-05
14 Reddit_feat_L1.txt 0.00243037 0.00236205 6.8321e-05
15 Reddit_feat_L1.txt 0.00116051 0.00110095 5.9562e-05
16 Reddit_feat_L1.txt 0.00233496 0.00226752 6.7438e-05
17 Reddit_feat_L1.txt 0.00112179 0.00105845 6.3344e-05
18 Reddit_feat_L1.txt 0.00248854 0.00242758 6.0954e-05
19 Reddit_feat_L1.txt 0.00107814 0.00101678 6.1359e-05
20 Reddit_feat_L1.txt 0.00253798 0.00247302 6.4964e-05
21 Reddit_feat_L1.txt 0.00106633 0.00100973 5.6593e-05
22 Reddit_feat_L1.txt 0.00232446 0.00225647 6.7996e-05
23 Reddit_feat_L1.txt 0.00104119 0.00097472 6.6469e-05
24 Reddit_feat_L1.txt 0.00245981 0.00238682 7.2999e-05
25 Reddit_feat_L1.txt 0.00115646 0.00108422 7.2246e-05
26 Reddit_feat_L1.txt 0.00240831 0.00234445 6.3866e-05
27 Reddit_feat_L1.txt 0.0011138 0.00105361 6.0187e-05
28 Reddit_feat_L1.txt 0.00225075 0.00218867 6.2081e-05
29 Reddit_feat_L1.txt 0.00106068 0.000991232 6.945e-05
30 Reddit_feat_L1.txt 0.00243466 0.00236294 7.1717e-05
31 Reddit_feat_L1.txt 0.00111587 0.00103808 7.7796e-05
32 Reddit_feat_L1.txt 0.00217227 0.0021042 6.8063e-05
33 Reddit_feat_L1.txt 0.00105259 0.000992472 6.0119e-05
34 Reddit_feat_L1.txt 0.00217301 0.00210859 6.4416e-05
35 Reddit_feat_L1.txt 0.00106174 0.000999576 6.2168e-05
36 Reddit_feat_L1.txt 0.00229888 0.00222894 6.9933e-05
37 Reddit_feat_L1.txt 0.00123163 0.00116236 6.9267e-05
38 Reddit_feat_L1.txt 0.00231952 0.00225493 6.4583e-05
39 Reddit_feat_L1.txt 0.00125641 0.00118636 7.0048e-05
40 Reddit_feat_L1.txt 0.00228872 0.00221784 7.0877e-05
41 Reddit_feat_L1.txt 0.00124593 0.00118615 5.9784e-05
42 Reddit_feat_L1.txt 0.00220661 0.00214106 6.5552e-05
43 Reddit_feat_L1.txt 0.00107513 0.0010156 5.9526e-05
44 Reddit_feat_L1.txt 0.00230506 0.00223111 7.3946e-05
45 Reddit_feat_L1.txt 0.00110933 0.00103958 6.9749e-05
46 Reddit_feat_L1.txt 0.00232362 0.00225811 6.5513e-05
47 Reddit_feat_L1.txt 0.00107545 0.000996757 7.8693e-05
48 Reddit_feat_L1.txt 0.00240281 0.00233711 6.5702e-05
49 Reddit_feat_L1.txt 0.00108354 0.00101753 6.6007e-05
50 Reddit_feat_L1.txt 0.00238524 0.00232034 6.4898e-05
51 Reddit_feat_L1.txt 0.00113479 0.00107642 5.8372e-05
52 Reddit_feat_L1.txt 0.0024643 0.00240358 6.0724e-05
53 Reddit_feat_L1.txt 0.00109475 0.00101992 7.4828e-05
54 Reddit_feat_L1.txt 0.00250759 0.00242998 7.7607e-05
55 Reddit_feat_L1.txt 0.00122132 0.00114674 7.4573e-05
56 Reddit_feat_L1.txt 0.0024929 0.0024166 7.6299e-05
57 Reddit_feat_L1.txt 0.00111485 0.0010454 6.9448e-05
58 Reddit_feat_L1.txt 0.00226373 0.00219239 7.1338e-05
59 Reddit_feat_L1.txt 0.00114785 0.00107721 7.0641e-05
60 Reddit_feat_L1.txt 0.00247635 0.00240945 6.6895e-05
61 Reddit_feat_L1.txt 0.0011045 0.00104407 6.0425e-05
62 Reddit_feat_L1.txt 0.00251425 0.00244314 7.1106e-05
63 Reddit_feat_L1.txt 0.00107648 0.000996745 7.9739e-05
64 Reddit_feat_L1.txt 0.00242685 0.00234771 7.9144e-05
65 Reddit_feat_L1.txt 0.00112148 0.00104013 8.1344e-05
66 Reddit_feat_L1.txt 0.00237301 0.00229834 7.4668e-05
67 Reddit_feat_L1.txt 0.00115338 0.00108525 6.813e-05
68 Reddit_feat_L1.txt 0.00253404 0.00246797 6.6072e-05
69 Reddit_feat_L1.txt 0.00119067 0.00112822 6.2448e-05
70 Reddit_feat_L1.txt 0.00240243 0.0023249 7.7526e-05
71 Reddit_feat_L1.txt 0.0011103 0.0010279 8.24e-05
72 Reddit_feat_L1.txt 0.00238496 0.00231646 6.85e-05
73 Reddit_feat_L1.txt 0.00120716 0.00114187 6.529e-05
74 Reddit_feat_L1.txt 0.00237239 0.00230164 7.0742e-05
75 Reddit_feat_L1.txt 0.00123682 0.00117054 6.628e-05
76 Reddit_feat_L1.txt 0.00236657 0.00229713 6.9438e-05
77 Reddit_feat_L1.txt 0.00109991 0.00103058 6.9335e-05
78 Reddit_feat_L1.txt 0.00239004 0.00232363 6.6408e-05
79 Reddit_feat_L1.txt 0.00114045 0.00107658 6.3868e-05
80 Reddit_feat_L1.txt 0.00230204 0.00223564 6.6393e-05
81 Reddit_feat_L1.txt 0.00108981 0.00102831 6.15e-05
82 Reddit_feat_L1.txt 0.00262647 0.00256082 6.565e-05
83 Reddit_feat_L1.txt 0.00119823 0.00113449 6.3736e-05
84 Reddit_feat_L1.txt 0.00251756 0.00244661 7.0951e-05
85 Reddit_feat_L1.txt 0.00125556 0.00118805 6.7518e-05
86 Reddit_feat_L1.txt 0.002288 0.00222203 6.5969e-05
87 Reddit_feat_L1.txt 0.00115758 0.00109388 6.3706e-05
88 Reddit_feat_L1.txt 0.00241348 0.00235186 6.1624e-05
89 Reddit_feat_L1.txt 0.00117993 0.00111553 6.4401e-05
90 Reddit_feat_L1.txt 0.00232456 0.00226253 6.2022e-05
91 Reddit_feat_L1.txt 0.00111516 0.00104451 7.0652e-05
92 Reddit_feat_L1.txt 0.00223435 0.00216859 6.5756e-05
93 Reddit_feat_L1.txt 0.00110538 0.00104305 6.2333e-05
94 Reddit_feat_L1.txt 0.00250946 0.00243898 7.0486e-05
95 Reddit_feat_L1.txt 0.00112969 0.00105971 6.9971e-05
96 Reddit_feat_L1.txt 0.00230364 0.00221482 8.8828e-05
97 Reddit_feat_L1.txt 0.00123721 0.00113559 0.00010162
98 Reddit_feat_L1.txt 0.00232371 0.00223665 8.7058e-05
99 Reddit_feat_L1.txt 0.00115216 0.00107121 8.095e-05
100 Reddit_feat_L1.txt 0.00235622 0.00227498 8.1248e-05
101 Reddit_feat_L1.txt 0.00113114 0.00103688 9.4259e-05
102 Reddit_feat_L1.txt 0.00233632 0.00224146 9.4862e-05
103 Reddit_feat_L1.txt 0.0011658 0.00106429 0.000101518
104 Reddit_feat_L1.txt 0.00235313 0.00226004 9.3087e-05
105 Reddit_feat_L1.txt 0.00118496 0.00108551 9.945e-05
106 Reddit_feat_L1.txt 0.00235675 0.00227317 8.3579e-05
107 Reddit_feat_L1.txt 0.00119535 0.0010974 9.7951e-05
108 Reddit_feat_L1.txt 0.00233042 0.00223694 9.3477e-05
109 Reddit_feat_L1.txt 0.00117307 0.00107941 9.366e-05
110 Reddit_feat_L1.txt 0.0023996 0.00231233 8.7269e-05
111 Reddit_feat_L1.txt 0.00122953 0.00113503 9.4499e-05
112 Reddit_feat_L1.txt 0.00251018 0.00242866 8.1517e-05
113 Reddit_feat_L1.txt 0.00116251 0.00107824 8.4263e-05
114 Reddit_feat_L1.txt 0.00242257 0.0023339 8.8667e-05
115 Reddit_feat_L1.txt 0.00120364 0.00110165 0.000101995
116 Reddit_feat_L1.txt 0.00250185 0.00242269 7.9155e-05
117 Reddit_feat_L1.txt 0.00116409 0.00106378 0.000100312
118 Reddit_feat_L1.txt 0.00248658 0.00239841 8.8174e-05
119 Reddit_feat_L1.txt 0.00119449 0.00109771 9.6773e-05
120 Reddit_feat_L1.txt 0.00242898 0.00235564 7.3341e-05
121 Reddit_feat_L1.txt 0.00117641 0.00110942 6.6998e-05
122 Reddit_feat_L1.txt 0.00224568 0.00216881 7.6872e-05
123 Reddit_feat_L1.txt 0.00116522 0.00108337 8.1842e-05
124 Reddit_feat_L1.txt 0.002421 0.00234409 7.6909e-05
125 Reddit_feat_L1.txt 0.00119483 0.00112896 6.5873e-05
126 Reddit_feat_L1.txt 0.00247649 0.00241066 6.5831e-05
127 Reddit_feat_L1.txt 0.00108957 0.00101834 7.1234e-05
128 Reddit_feat_L1.txt 0.00236988 0.00229044 7.9441e-05
129 Reddit_feat_L1.txt 0.00119757 0.00112509 7.2478e-05
130 Reddit_feat_L1.txt 0.00252933 0.00245398 7.5347e-05
131 Reddit_feat_L1.txt 0.0011712 0.00109384 7.7356e-05
132 Reddit_feat_L1.txt 0.0024228 0.00234951 7.3292e-05
133 Reddit_feat_L1.txt 0.00115502 0.00108491 7.0105e-05
134 Reddit_feat_L1.txt 0.00236184 0.00228173 8.0107e-05
135 Reddit_feat_L1.txt 0.00116812 0.00109056 7.7553e-05
136 Reddit_feat_L1.txt 0.0024641 0.002385 7.9101e-05
137 Reddit_feat_L1.txt 0.00117611 0.00109664 7.9476e-05
138 Reddit_feat_L1.txt 0.00251879 0.00244583 7.296e-05
139 Reddit_feat_L1.txt 0.0011488 0.00106902 7.9782e-05
140 Reddit_feat_L1.txt 0.00246275 0.00240375 5.8999e-05
141 Reddit_feat_L1.txt 0.00113834 0.00106919 6.9156e-05
142 Reddit_feat_L1.txt 0.00246465 0.00238737 7.7279e-05
143 Reddit_feat_L1.txt 0.00107602 0.00101141 6.4614e-05
144 Reddit_feat_L1.txt 0.00231122 0.00224366 6.756e-05
145 Reddit_feat_L1.txt 0.00112066 0.00105294 6.7717e-05
146 Reddit_feat_L1.txt 0.00261105 0.0025311 7.9955e-05
147 Reddit_feat_L1.txt 0.00112309 0.00105728 6.5808e-05
148 Reddit_feat_L1.txt 0.00250881 0.00243041 7.8397e-05
149 Reddit_feat_L1.txt 0.00111355 0.00105397 5.958e-05
150 Reddit_feat_L1.txt 0.00234963 0.00227449 7.5148e-05
151 Reddit_feat_L1.txt 0.00114687 0.00107189 7.4979e-05
152 Reddit_feat_L1.txt 0.00239603 0.0023335 6.2528e-05
153 Reddit_feat_L1.txt 0.00119067 0.00112736 6.3313e-05
154 Reddit_feat_L1.txt 0.00232963 0.00226904 6.0589e-05
155 Reddit_feat_L1.txt 0.00114744 0.00108054 6.6898e-05
156 Reddit_feat_L1.txt 0.00231005 0.00223765 7.2399e-05
157 Reddit_feat_L1.txt 0.00112567 0.0010534 7.2264e-05
158 Reddit_feat_L1.txt 0.00260989 0.00251666 9.3226e-05
159 Reddit_feat_L1.txt 0.00120715 0.00112897 7.8187e-05
160 Reddit_feat_L1.txt 0.00226245 0.0021752 8.7248e-05
161 Reddit_feat_L1.txt 0.00118672 0.00110718 7.9543e-05
162 Reddit_feat_L1.txt 0.00237151 0.00228672 8.4794e-05
163 Reddit_feat_L1.txt 0.00117439 0.00109306 8.1328e-05
164 Reddit_feat_L1.txt 0.00234558 0.00226971 7.5872e-05
165 Reddit_feat_L1.txt 0.0011479 0.00107631 7.1592e-05
166 Reddit_feat_L1.txt 0.00225344 0.00218076 7.2678e-05
167 Reddit_feat_L1.txt 0.00116003 0.00108443 7.5599e-05
168 Reddit_feat_L1.txt 0.00237005 0.00229673 7.3322e-05
169 Reddit_feat_L1.txt 0.00130056 0.00122298 7.7586e-05
170 Reddit_feat_L1.txt 0.00234461 0.00226964 7.4979e-05
171 Reddit_feat_L1.txt 0.00122359 0.00115447 6.9115e-05
172 Reddit_feat_L1.txt 0.00236018 0.00229249 6.769e-05
173 Reddit_feat_L1.txt 0.00117032 0.00110915 6.1166e-05
174 Reddit_feat_L1.txt 0.00232878 0.00225778 7.1003e-05
175 Reddit_feat_L1.txt 0.0012043 0.00113402 7.028e-05
176 Reddit_feat_L1.txt 0.00248866 0.00241309 7.5573e-05
177 Reddit_feat_L1.txt 0.00119995 0.00112194 7.8006e-05
178 Reddit_feat_L1.txt 0.00241847 0.0023552 6.3266e-05
179 Reddit_feat_L1.txt 0.00115846 0.0010913 6.7163e-05
180 Reddit_feat_L1.txt 0.00249322 0.00241615 7.7067e-05
181 Reddit_feat_L1.txt 0.00118018 0.00110971 7.0474e-05
182 Reddit_feat_L1.txt 0.00252906 0.00245474 7.4317e-05
183 Reddit_feat_L1.txt 0.00117479 0.00110447 7.0319e-05
184 Reddit_feat_L1.txt 0.00244236 0.00237033 7.2035e-05
185 Reddit_feat_L1.txt 0.00112592 0.00104686 7.906e-05
186 Reddit_feat_L1.txt 0.00229808 0.00222134 7.6734e-05
187 Reddit_feat_L1.txt 0.00119796 0.00113464 6.3319e-05
188 Reddit_feat_L1.txt 0.00256621 0.00249393 7.2276e-05
189 Reddit_feat_L1.txt 0.00119056 0.00111209 7.8468e-05
190 Reddit_feat_L1.txt 0.00254459 0.00246802 7.6568e-05
191 Reddit_feat_L1.txt 0.00113861 0.00107534 6.3276e-05
192 Reddit_feat_L1.txt 0.00237098 0.00229872 7.226e-05
193 Reddit_feat_L1.txt 0.00117739 0.00110549 7.1899e-05
194 Reddit_feat_L1.txt 0.00246452 0.00239301 7.1507e-05
195 Reddit_feat_L1.txt 0.00117257 0.00110514 6.7427e-05
196 Reddit_feat_L1.txt 0.00247808 0.00240878 6.9306e-05
197 Reddit_feat_L1.txt 0.00120268 0.00113885 6.3832e-05
198 Reddit_feat_L1.txt 0.00240882 0.00234252 6.6294e-05
199 Reddit_feat_L1.txt 0.00112342 0.00105944 6.3981e-05
200 Reddit_feat_L1.txt 0.00245129 0.00238542 6.5866e-05
201 Reddit_feat_L1.txt 0.00122672 0.00115036 7.6354e-05
202 Reddit_feat_L1.txt 0.0024606 0.00238065 7.9944e-05
203 Reddit_feat_L1.txt 0.00116521 0.00109691 6.8295e-05
204 Reddit_feat_L1.txt 0.00244806 0.00238461 6.3457e-05
205 Reddit_feat_L1.txt 0.00119836 0.00113539 6.2969e-05
206 Reddit_feat_L1.txt 0.00244403 0.00237547 6.8564e-05
207 Reddit_feat_L1.txt 0.00107382 0.00101043 6.3386e-05
208 Reddit_feat_L1.txt 0.00237189 0.00230151 7.0386e-05
209 Reddit_feat_L1.txt 0.00117406 0.00110903 6.5026e-05
210 Reddit_feat_L1.txt 0.00254997 0.00248026 6.971e-05
211 Reddit_feat_L1.txt 0.00106191 0.000999479 6.243e-05
212 Reddit_feat_L1.txt 0.00253459 0.00246303 7.1561e-05
213 Reddit_feat_L1.txt 0.00110165 0.00103169 6.9957e-05
214 Reddit_feat_L1.txt 0.00232982 0.00225776 7.2068e-05
215 Reddit_feat_L1.txt 0.00114204 0.00107683 6.5209e-05
216 Reddit_feat_L1.txt 0.00236231 0.00230434 5.7963e-05
217 Reddit_feat_L1.txt 0.00114308 0.00108459 5.849e-05
218 Reddit_feat_L1.txt 0.00238382 0.00231715 6.6674e-05
219 Reddit_feat_L1.txt 0.00112965 0.00106564 6.4003e-05
220 Reddit_feat_L1.txt 0.00229146 0.00222697 6.4488e-05
221 Reddit_feat_L1.txt 0.00120145 0.00113583 6.5625e-05
222 Reddit_feat_L1.txt 0.0025194 0.00245303 6.6376e-05
223 Reddit_feat_L1.txt 0.00105227 0.000980685 7.1588e-05
224 Reddit_feat_L1.txt 0.00223003 0.00215644 7.359e-05
225 Reddit_feat_L1.txt 0.00106731 0.000988592 7.8719e-05
226 Reddit_feat_L1.txt 0.00228919 0.00219067 9.8525e-05
227 Reddit_feat_L1.txt 0.00109593 0.00101815 7.7779e-05
228 Reddit_feat_L1.txt 0.00232839 0.00224998 7.8412e-05
229 Reddit_feat_L1.txt 0.00109357 0.00101199 8.1583e-05
230 Reddit_feat_L1.txt 0.00230568 0.00221443 9.1254e-05
231 Reddit_feat_L1.txt 0.00116478 0.00108589 7.8892e-05
232 Reddit_feat_L1.txt 0.00233999 0.00227645 6.3536e-05
233 Reddit_feat_L1.txt 0.00126331 0.00119602 6.7284e-05
234 Reddit_feat_L1.txt 0.00231045 0.00224834 6.211e-05
235 Reddit_feat_L1.txt 0.00113214 0.0010503 8.1846e-05
236 Reddit_feat_L1.txt 0.00228713 0.00220663 8.0502e-05
237 Reddit_feat_L1.txt 0.00124508 0.0011731 7.1978e-05
238 Reddit_feat_L1.txt 0.00231411 0.00223586 7.8257e-05
239 Reddit_feat_L1.txt 0.00119333 0.00111649 7.684e-05
240 Reddit_feat_L1.txt 0.00248534 0.0024058 7.9548e-05
241 Reddit_feat_L1.txt 0.00115881 0.00109471 6.4098e-05
242 Reddit_feat_L1.txt 0.00255875 0.00248589 7.2859e-05
243 Reddit_feat_L1.txt 0.00119102 0.00111952 7.1498e-05
244 Reddit_feat_L1.txt 0.00252642 0.00245382 7.2603e-05
245 Reddit_feat_L1.txt 0.00116595 0.00109807 6.788e-05
246 Reddit_feat_L1.txt 0.00248882 0.00241831 7.0505e-05
247 Reddit_feat_L1.txt 0.00120568 0.0011341 7.1584e-05
248 Reddit_feat_L1.txt 0.00248384 0.00241155 7.2296e-05
249 Reddit_feat_L1.txt 0.00119761 0.00112211 7.5501e-05
250 Reddit_feat_L1.txt 0.00230324 0.00222742 7.5821e-05
251 Reddit_feat_L1.txt 0.00123067 0.00115657 7.4091e-05
252 Reddit_feat_L1.txt 0.00245955 0.00237933 8.0222e-05
253 Reddit_feat_L1.txt 0.00118024 0.00109626 8.3983e-05
254 Reddit_feat_L1.txt 0.00244866 0.00237818 7.0473e-05
255 Reddit_feat_L1.txt 0.00112158 0.0010444 7.7173e-05
256 Reddit_feat_L1.txt 0.00233888 0.00225714 8.1741e-05
257 Reddit_feat_L1.txt 0.00117899 0.00111963 5.9364e-05
258 Reddit_feat_L1.txt 0.00247459 0.0024091 6.5492e-05
259 Reddit_feat_L1.txt 0.00121803 0.00114713 7.0898e-05
260 Reddit_feat_L1.txt 0.00244185 0.00237534 6.6514e-05
261 Reddit_feat_L1.txt 0.00129764 0.00122544 7.2201e-05
262 Reddit_feat_L1.txt 0.002455 0.00238776 6.7243e-05
263 Reddit_feat_L1.txt 0.00134454 0.00128015 6.4384e-05
264 Reddit_feat_L1.txt 0.00245354 0.00238405 6.9496e-05
265 Reddit_feat_L1.txt 0.00124394 0.00118463 5.9312e-05
266 Reddit_feat_L1.txt 0.00245392 0.00239181 6.2108e-05
267 Reddit_feat_L1.txt 0.00119255 0.00112861 6.3942e-05
268 Reddit_feat_L1.txt 0.00248556 0.00241895 6.6607e-05
269 Reddit_feat_L1.txt 0.00122793 0.00116099 6.6948e-05
270 Reddit_feat_L1.txt 0.00249618 0.0024273 6.8884e-05
271 Reddit_feat_L1.txt 0.00122462 0.00114327 8.1346e-05
272 Reddit_feat_L1.txt 0.00233553 0.00224838 8.7147e-05
273 Reddit_feat_L1.txt 0.00115167 0.00106492 8.6753e-05
274 Reddit_feat_L1.txt 0.00256522 0.00248774 7.7487e-05
275 Reddit_feat_L1.txt 0.00117264 0.00109323 7.9414e-05
276 Reddit_feat_L1.txt 0.00255198 0.00246979 8.2185e-05
277 Reddit_feat_L1.txt 0.00120335 0.00112258 8.0771e-05
278 Reddit_feat_L1.txt 0.0024441 0.0023647 7.9405e-05
279 Reddit_feat_L1.txt 0.00121894 0.00113709 8.1847e-05
280 Reddit_feat_L1.txt 0.00241527 0.00233653 7.8745e-05
281 Reddit_feat_L1.txt 0.00123207 0.00116292 6.9147e-05
282 Reddit_feat_L1.txt 0.0023825 0.00230127 8.1236e-05
283 Reddit_feat_L1.txt 0.00118616 0.00111277 7.339e-05
284 Reddit_feat_L1.txt 0.00233016 0.00225705 7.311e-05
285 Reddit_feat_L1.txt 0.00117371 0.00110556 6.815e-05
286 Reddit_feat_L1.txt 0.00254818 0.00246493 8.3245e-05
287 Reddit_feat_L1.txt 0.00123745 0.00115641 8.1037e-05
288 Reddit_feat_L1.txt 0.00206204 0.00199691 6.5128e-05
289 Reddit_feat_L1.txt 0.00126247 0.00117986 8.2612e-05
290 Reddit_feat_L1.txt 0.00235275 0.00228276 6.9994e-05
291 Reddit_feat_L1.txt 0.00100924 0.000931655 7.7584e-05
292 Reddit_feat_L1.txt 0.00223668 0.00216061 7.607e-05
293 Reddit_feat_L1.txt 0.00123091 0.00116137 6.9539e-05
294 Reddit_feat_L1.txt 0.00223771 0.00216714 7.0568e-05
295 Reddit_feat_L1.txt 0.0010192 0.000943322 7.5877e-05
296 Reddit_feat_L1.txt 0.00222467 0.00214457 8.0095e-05
297 Reddit_feat_L1.txt 0.00113749 0.00106785 6.9639e-05
298 Reddit_feat_L1.txt 0.00232099 0.00224381 7.7176e-05
299 Reddit_feat_L1.txt 0.00128965 0.00121628 7.3365e-05
300 Reddit_feat_L1.txt 0.00217705 0.00209918 7.7871e-05
301 Reddit_feat_L1.txt 0.00106532 0.0009878 7.7515e-05
302 Reddit_feat_L1.txt 0.0023208 0.00223193 8.8872e-05
303 Reddit_feat_L1.txt 0.00113637 0.00104993 8.6438e-05
304 Reddit_feat_L1.txt 0.00235196 0.00225519 9.6766e-05
305 Reddit_feat_L1.txt 0.00115936 0.00107959 7.9779e-05
306 Reddit_feat_L1.txt 0.0023571 0.00226649 9.0613e-05
307 Reddit_feat_L1.txt 0.00105277 0.000973071 7.9701e-05
308 Reddit_feat_L1.txt 0.00232035 0.00223509 8.5254e-05
309 Reddit_feat_L1.txt 0.00118893 0.00110286 8.6071e-05
310 Reddit_feat_L1.txt 0.00254574 0.00245536 9.0379e-05
311 Reddit_feat_L1.txt 0.00119458 0.00110957 8.5014e-05
312 Reddit_feat_L1.txt 0.00235487 0.00226974 8.513e-05
313 Reddit_feat_L1.txt 0.00112073 0.00103147 8.926e-05
314 Reddit_feat_L1.txt 0.00216264 0.00207592 8.6728e-05
315 Reddit_feat_L1.txt 0.00125013 0.00114849 0.000101644
316 Reddit_feat_L1.txt 0.00236156 0.00227362 8.7936e-05
317 Reddit_feat_L1.txt 0.00104259 0.000954559 8.8035e-05
318 Reddit_feat_L1.txt 0.00249398 0.00240546 8.8521e-05
319 Reddit_feat_L1.txt 0.00111038 0.00104427 6.6112e-05
320 Reddit_feat_L1.txt 0.00229582 0.00222866 6.7161e-05
321 Reddit_feat_L1.txt 0.00120632 0.0011473 5.9017e-05
322 Reddit_feat_L1.txt 0.00242716 0.00235469 7.247e-05
323 Reddit_feat_L1.txt 0.00117716 0.0011162 6.0959e-05
324 Reddit_feat_L1.txt 0.00241644 0.00234425 7.2183e-05
325 Reddit_feat_L1.txt 0.00118177 0.00111774 6.4024e-05
326 Reddit_feat_L1.txt 0.00220201 0.00213866 6.3357e-05
327 Reddit_feat_L1.txt 0.00120658 0.00114572 6.0857e-05
328 Reddit_feat_L1.txt 0.00241889 0.00235029 6.8598e-05
329 Reddit_feat_L1.txt 0.00114249 0.00106867 7.3816e-05
330 Reddit_feat_L1.txt 0.00238135 0.00230348 7.787e-05
331 Reddit_feat_L1.txt 0.00116985 0.00109832 7.1525e-05
332 Reddit_feat_L1.txt 0.00234793 0.00227647 7.1462e-05
333 Reddit_feat_L1.txt 0.0010689 0.00100558 6.332e-05
334 Reddit_feat_L1.txt 0.00242903 0.00235917 6.9855e-05
335 Reddit_feat_L1.txt 0.00102708 0.000956215 7.0868e-05
336 Reddit_feat_L1.txt 0.00235701 0.00229195 6.5059e-05
337 Reddit_feat_L1.txt 0.00109659 0.00102924 6.735e-05
338 Reddit_feat_L1.txt 0.00247472 0.0024136 6.1121e-05
339 Reddit_feat_L1.txt 0.00123855 0.00116679 7.1761e-05
340 Reddit_feat_L1.txt 0.00257505 0.00250519 6.9856e-05
341 Reddit_feat_L1.txt 0.00117931 0.00111691 6.2403e-05
342 Reddit_feat_L1.txt 0.0024092 0.00234306 6.6136e-05
343 Reddit_feat_L1.txt 0.00111532 0.00104708 6.8237e-05
344 Reddit_feat_L1.txt 0.00245463 0.0023865 6.8138e-05
345 Reddit_feat_L1.txt 0.00110952 0.00103282 7.6699e-05
346 Reddit_feat_L1.txt 0.00241859 0.00234357 7.5026e-05
347 Reddit_feat_L1.txt 0.00123257 0.00114441 8.8153e-05
348 Reddit_feat_L1.txt 0.00229853 0.0022136 8.4924e-05
349 Reddit_feat_L1.txt 0.00116223 0.00106963 9.2592e-05
350 Reddit_feat_L1.txt 0.00257837 0.00249818 8.0188e-05
351 Reddit_feat_L1.txt 0.00122151 0.00113743 8.4081e-05
352 Reddit_feat_L1.txt 0.00223479 0.00215803 7.6766e-05
353 Reddit_feat_L1.txt 0.00123187 0.00114912 8.2751e-05
354 Reddit_feat_L1.txt 0.00232135 0.00224351 7.784e-05
355 Reddit_feat_L1.txt 0.00119098 0.0011062 8.4782e-05
356 Reddit_feat_L1.txt 0.00235424 0.00227114 8.3104e-05
357 Reddit_feat_L1.txt 0.00132735 0.00124337 8.3989e-05
358 Reddit_feat_L1.txt 0.0022296 0.00215742 7.2183e-05
359 Reddit_feat_L1.txt 0.00118583 0.00110514 8.0689e-05
360 Reddit_feat_L1.txt 0.0023193 0.00223035 8.8944e-05
361 Reddit_feat_L1.txt 0.00118575 0.00110532 8.0431e-05
362 Reddit_feat_L1.txt 0.00230594 0.00224057 6.5368e-05
363 Reddit_feat_L1.txt 0.00122058 0.00114627 7.4305e-05
364 Reddit_feat_L1.txt 0.00228986 0.0022101 7.9755e-05
365 Reddit_feat_L1.txt 0.00112592 0.0010569 6.9018e-05
366 Reddit_feat_L1.txt 0.0023883 0.0023174 7.0904e-05
367 Reddit_feat_L1.txt 0.0011504 0.00108545 6.4948e-05
368 Reddit_feat_L1.txt 0.00244284 0.00238567 5.717e-05
369 Reddit_feat_L1.txt 0.00114629 0.00108539 6.0899e-05
370 Reddit_feat_L1.txt 0.00239306 0.00231879 7.4273e-05
371 Reddit_feat_L1.txt 0.00129595 0.00120979 8.6164e-05
372 Reddit_feat_L1.txt 0.00247768 0.00240028 7.7398e-05
373 Reddit_feat_L1.txt 0.00128268 0.00120403 7.8656e-05
374 Reddit_feat_L1.txt 0.00251372 0.00243589 7.783e-05
375 Reddit_feat_L1.txt 0.00117264 0.00109915 7.3495e-05
376 Reddit_feat_L1.txt 0.00243437 0.00236427 7.0103e-05
377 Reddit_feat_L1.txt 0.00113535 0.00105861 7.6739e-05
378 Reddit_feat_L1.txt 0.00226565 0.00219924 6.6407e-05
379 Reddit_feat_L1.txt 0.00130923 0.00122443 8.4799e-05
380 Reddit_feat_L1.txt 0.00240739 0.00232635 8.1039e-05
381 Reddit_feat_L1.txt 0.00122705 0.00115184 7.521e-05
382 Reddit_feat_L1.txt 0.00242153 0.00235984 6.1689e-05
383 Reddit_feat_L1.txt 0.00137741 0.00112404 0.000253372
0 Reddit_A.txt 0.0233194 0.0231183 0.000201114
1 Reddit_A.txt 0.0233187 0.023071 0.0002477
2 Reddit_A.txt 0.0233476 0.0230237 0.0003239
3 Reddit_A.txt 0.0233827 0.0229853 0.00039743
4 Reddit_A.txt 0.0235086 0.0229411 0.000567558
5 Reddit_A.txt 0.0233251 0.0229227 0.000402419
6 Reddit_A.txt 0.0233456 0.0228746 0.000470957
7 Reddit_A.txt 0.0234079 0.0228619 0.000546017
8 Reddit_A.txt 0.0236266 0.0228053 0.000821331
9 Reddit_A.txt 0.0238472 0.022812 0.00103525
10 Reddit_A.txt 0.0235133 0.0227205 0.000792816
11 Reddit_A.txt 0.0236483 0.0227174 0.000930952
12 Reddit_A.txt 0.0235649 0.0226407 0.000924192
13 Reddit_A.txt 0.0243655 0.0226298 0.00173569
14 Reddit_A.txt 0.0241557 0.0226245 0.00153122
15 Reddit_A.txt 0.0244144 0.0225908 0.00182359
16 Reddit_A.txt 0.0239932 0.0225808 0.00141238
17 Reddit_A.txt 0.0232132 0.0225371 0.000676078
18 Reddit_A.txt 0.0233823 0.0225327 0.000849589
19 Reddit_A.txt 0.0240993 0.0225003 0.00159894
20 Reddit_A.txt 0.0248789 0.0225555 0.00232346
21 Reddit_A.txt 0.0251013 0.0225864 0.0025149
22 Reddit_A.txt 0.0253442 0.022581 0.00276315
23 Reddit_A.txt 0.0250113 0.0225938 0.00241756
24 Reddit_A.txt 0.0251203 0.0226093 0.00251105
25 Reddit_A.txt 0.0242113 0.0225931 0.00161824
26 Reddit_A.txt 0.0238417 0.0225483 0.0012934
27 Reddit_A.txt 0.0244874 0.0225423 0.00194519
28 Reddit_A.txt 0.0236599 0.0224851 0.00117481
29 Reddit_A.txt 0.0251986 0.0224808 0.00271779
30 Reddit_A.txt 0.0250461 0.022432 0.00261414
31 Reddit_A.txt 0.0238728 0.0224184 0.00145442
32 Reddit_A.txt 0.0239776 0.0223681 0.00160954
33 Reddit_A.txt 0.0237233 0.0223695 0.00135382
34 Reddit_A.txt 0.0237473 0.0223033 0.00144398
35 Reddit_A.txt 0.0235252 0.0222798 0.00124541
36 Reddit_A.txt 0.0237073 0.0222738 0.00143356
37 Reddit_A.txt 0.0257264 0.0222158 0.00351056
38 Reddit_A.txt 0.0237946 0.0222107 0.00158391
39 Reddit_A.txt 0.0271412 0.0221399 0.00500131
40 Reddit_A.txt 0.023624 0.0221338 0.00149018
41 Reddit_A.txt 0.0232689 0.0220761 0.00119272
42 Reddit_A.txt 0.0239525 0.022036 0.00191645
43 Reddit_A.txt 0.0237718 0.0221519 0.00161987
44 Reddit_A.txt 0.0239506 0.0222941 0.00165648
45 Reddit_A.txt 0.0247371 0.022749 0.00198814
46 Reddit_A.txt 0.0255423 0.0227657 0.00277669
47 Reddit_A.txt 0.0267172 0.0239463 0.00277091
48 Reddit_A.txt 0.0270646 0.0239397 0.00312483
49 Reddit_A.txt 0.0270381 0.0239237 0.00311435
50 Reddit_A.txt 0.0272145 0.023909 0.00330549
51 Reddit_A.txt 0.0271489 0.0239041 0.00324472
52 Reddit_A.txt 0.0268756 0.0238887 0.00298695
53 Reddit_A.txt 0.0268371 0.023872 0.00296503
54 Reddit_A.txt 0.0262227 0.0238627 0.00235995
55 Reddit_A.txt 0.0262943 0.0238504 0.00244383
56 Reddit_A.txt 0.0261501 0.0238416 0.00230856
57 Reddit_A.txt 0.0265736 0.0238341 0.00273946
58 Reddit_A.txt 0.0262888 0.0238213 0.00246749
59 Reddit_A.txt 0.0261174 0.0238109 0.00230643
60 Reddit_A.txt 0.0272535 0.0236837 0.00356977
61 Reddit_A.txt 0.0288997 0.0236793 0.00522042
62 Reddit_A.txt 0.0259621 0.0236719 0.00229017
63 Reddit_A.txt 0.0269429 0.0236575 0.00328536
64 Reddit_A.txt 0.0275789 0.0236487 0.00393028
65 Reddit_A.txt 0.0260825 0.0236339 0.00244865
66 Reddit_A.txt 0.0263755 0.0236235 0.00275204
67 Reddit_A.txt 0.0277743 0.0236142 0.00416016
68 Reddit_A.txt 0.0269441 0.0236079 0.0033362
69 Reddit_A.txt 0.0265485 0.0235936 0.00295494
70 Reddit_A.txt 0.0266989 0.0235836 0.00311529
71 Reddit_A.txt 0.0271723 0.0235726 0.00359962
72 Reddit_A.txt 0.0260427 0.0235992 0.00244346
73 Reddit_A.txt 0.0263674 0.0236082 0.00275917
74 Reddit_A.txt 0.0262993 0.0236116 0.00268774
75 Reddit_A.txt 0.0273244 0.0236258 0.00369867
76 Reddit_A.txt 0.0266097 0.0236075 0.0030022
77 Reddit_A.txt 0.0272963 0.0236151 0.0036812
78 Reddit_A.txt 0.0272934 0.0236131 0.00368036
79 Reddit_A.txt 0.0267884 0.0236312 0.00315713
80 Reddit_A.txt 0.0268947 0.0236497 0.00324502
81 Reddit_A.txt 0.0274143 0.0236809 0.00373341
82 Reddit_A.txt 0.0269914 0.0236728 0.00331864
83 Reddit_A.txt 0.0281524 0.0236845 0.00446786
84 Reddit_A.txt 0.026946 0.0237411 0.0032049
85 Reddit_A.txt 0.0269607 0.0237579 0.00320278
86 Reddit_A.txt 0.0271537 0.0238068 0.00334691
87 Reddit_A.txt 0.0280001 0.023885 0.00411508
88 Reddit_A.txt 0.0278457 0.0240053 0.00384045
89 Reddit_A.txt 0.0296591 0.0240658 0.00559331
90 Reddit_A.txt 0.0324291 0.024175 0.00825407
91 Reddit_A.txt 0.0275547 0.0241932 0.00336149
92 Reddit_A.txt 0.0280197 0.0241834 0.00383629
93 Reddit_A.txt 0.0281192 0.0241816 0.00393757
94 Reddit_A.txt 0.0285133 0.0241619 0.00435145
95 Reddit_A.txt 0.0328192 0.0292292 0.00359001
96 Reddit_A.txt 0.0332589 0.0292242 0.00403462
97 Reddit_A.txt 0.0331347 0.0292281 0.0039066
98 Reddit_A.txt 0.0345332 0.0292297 0.00530344
99 Reddit_A.txt 0.0331972 0.0291454 0.00405184
100 Reddit_A.txt 0.0334491 0.0291472 0.00430188
101 Reddit_A.txt 0.0333284 0.0290641 0.00426429
102 Reddit_A.txt 0.0352598 0.0290622 0.00619764
103 Reddit_A.txt 0.0327698 0.0290755 0.00369432
104 Reddit_A.txt 0.0339325 0.0291018 0.00483067
105 Reddit_A.txt 0.0325419 0.029017 0.00352496
106 Reddit_A.txt 0.0332443 0.0290145 0.00422986
107 Reddit_A.txt 0.0333773 0.0289352 0.00444212
108 Reddit_A.txt 0.0336105 0.0289313 0.00467919
109 Reddit_A.txt 0.033072 0.0288479 0.00422414
110 Reddit_A.txt 0.0341796 0.0288398 0.00533978
111 Reddit_A.txt 0.0373675 0.0288374 0.00853
112 Reddit_A.txt 0.0344456 0.0287989 0.00564669
113 Reddit_A.txt 0.0337275 0.0287946 0.00493289
114 Reddit_A.txt 0.0341026 0.028791 0.00531167
115 Reddit_A.txt 0.0365147 0.0286942 0.00782048
116 Reddit_A.txt 0.0325203 0.0286904 0.00382986
117 Reddit_A.txt 0.034562 0.0285723 0.00598967
118 Reddit_A.txt 0.0328523 0.0285693 0.00428295
119 Reddit_A.txt 0.0329403 0.0285518 0.00438856
120 Reddit_A.txt 0.0353557 0.0292085 0.00614712
121 Reddit_A.txt 0.03488 0.0292917 0.00558831
122 Reddit_A.txt 0.0358791 0.0293272 0.00655195
123 Reddit_A.txt 0.0354499 0.0293448 0.00610517
124 Reddit_A.txt 0.0345802 0.0293514 0.00522873
125 Reddit_A.txt 0.036058 0.0293809 0.00667712
126 Reddit_A.txt 0.0350274 0.0294153 0.00561206
127 Reddit_A.txt 0.0361534 0.0294384 0.00671499
128 Reddit_A.txt 0.035952 0.0294462 0.00650579
129 Reddit_A.txt 0.0350574 0.0294405 0.00561684
130 Reddit_A.txt 0.034119 0.0294004 0.00471861
131 Reddit_A.txt 0.0345865 0.0293956 0.0051909
132 Reddit_A.txt 0.0340663 0.0293771 0.00468921
133 Reddit_A.txt 0.0355087 0.029381 0.00612767
134 Reddit_A.txt 0.0357823 0.0293785 0.00640381
135 Reddit_A.txt 0.0377371 0.0293739 0.00836321
136 Reddit_A.txt 0.0337388 0.0293368 0.00440208
137 Reddit_A.txt 0.0352353 0.0293311 0.00590417
138 Reddit_A.txt 0.035532 0.0292968 0.00623518
139 Reddit_A.txt 0.0355678 0.0292881 0.0062797
140 Reddit_A.txt 0.0361981 0.0292849 0.00691315
141 Reddit_A.txt 0.0358487 0.0292797 0.00656905
142 Reddit_A.txt 0.0364618 0.0292185 0.0072433
143 Reddit_A.txt 0.0355876 0.0292131 0.00637447
144 Reddit_A.txt 0.034996 0.0292063 0.00578971
145 Reddit_A.txt 0.036576 0.0291346 0.00744139
146 Reddit_A.txt 0.0377224 0.0291272 0.0085952
147 Reddit_A.txt 0.0346988 0.0290238 0.00567493
148 Reddit_A.txt 0.0377397 0.0289592 0.00878043
149 Reddit_A.txt 0.0355934 0.0289505 0.00664286
150 Reddit_A.txt 0.0354854 0.0288608 0.00662466
151 Reddit_A.txt 0.0357727 0.0288514 0.00692126
152 Reddit_A.txt 0.0340782 0.028844 0.00523417
153 Reddit_A.txt 0.0346819 0.0287547 0.00592713
154 Reddit_A.txt 0.0369752 0.0287448 0.00823042
155 Reddit_A.txt 0.0377686 0.0287326 0.00903597
156 Reddit_A.txt 0.0350025 0.0287228 0.00627972
157 Reddit_A.txt 0.0362639 0.0286966 0.00756727
158 Reddit_A.txt 0.0353709 0.0286912 0.00667969
159 Reddit_A.txt 0.03665 0.028554 0.00809605
160 Reddit_A.txt 0.034488 0.0284244 0.00606363
161 Reddit_A.txt 0.0353397 0.0284081 0.00693164
162 Reddit_A.txt 0.0355244 0.0283263 0.00719806
163 Reddit_A.txt 0.0355441 0.0283212 0.00722289
164 Reddit_A.txt 0.0385252 0.028305 0.0102202
165 Reddit_A.txt 0.0347928 0.028298 0.00649484
166 Reddit_A.txt 0.0344681 0.028291 0.00617709
167 Reddit_A.txt 0.0343397 0.0281493 0.00619046
168 Reddit_A.txt 0.0360039 0.0281513 0.00785263
169 Reddit_A.txt 0.034987 0.0280734 0.0069136
170 Reddit_A.txt 0.0351886 0.0280686 0.00712003
171 Reddit_A.txt 0.0347065 0.028055 0.0066515
172 Reddit_A.txt 0.0333168 0.027874 0.0054428
173 Reddit_A.txt 0.0371043 0.0278698 0.00923446
174 Reddit_A.txt 0.0376987 0.0276611 0.0100376
175 Reddit_A.txt 0.0338553 0.027522 0.00633329
176 Reddit_A.txt 0.0346548 0.027512 0.00714278
177 Reddit_A.txt 0.0351206 0.0275017 0.00761893
178 Reddit_A.txt 0.0410939 0.027498 0.0135958
179 Reddit_A.txt 0.035091 0.0272805 0.00781054
180 Reddit_A.txt 0.0349375 0.0271758 0.00776176
181 Reddit_A.txt 0.0328928 0.027169 0.00572383
182 Reddit_A.txt 0.0365477 0.0269861 0.00956161
183 Reddit_A.txt 0.0351123 0.0269794 0.00813291
184 Reddit_A.txt 0.0353176 0.0269691 0.00834853
185 Reddit_A.txt 0.03756 0.0267646 0.0107954
186 Reddit_A.txt 0.0370465 0.0267654 0.0102811
187 Reddit_A.txt 0.0333896 0.0267513 0.00663836
188 Reddit_A.txt 0.0347401 0.0267508 0.00798927
189 Reddit_A.txt 0.0351199 0.0267404 0.00837952
190 Reddit_A.txt 0.0357414 0.0264993 0.00924209
191 Reddit_A.txt 0.0343319 0.0264619 0.00786998
192 Reddit_A.txt 0.0341146 0.0264619 0.00765271
193 Reddit_A.txt 0.0380506 0.0264346 0.011616
194 Reddit_A.txt 0.0381464 0.0264244 0.011722
195 Reddit_A.txt 0.0371821 0.0264177 0.0107643
196 Reddit_A.txt 0.0330326 0.0263691 0.0066635
197 Reddit_A.txt 0.0349476 0.0263641 0.00858356
198 Reddit_A.txt 0.0329027 0.0263551 0.00654765
199 Reddit_A.txt 0.0347999 0.0263197 0.0084802
200 Reddit_A.txt 0.0363732 0.0263077 0.0100655
201 Reddit_A.txt 0.0329307 0.0263037 0.00662704
202 Reddit_A.txt 0.0434351 0.0263012 0.0171339
203 Reddit_A.txt 0.0369721 0.026296 0.0106761
204 Reddit_A.txt 0.0382644 0.0262859 0.0119785
205 Reddit_A.txt 0.0355078 0.0262474 0.00926037
206 Reddit_A.txt 0.0372931 0.026243 0.0110502
207 Reddit_A.txt 0.0355653 0.0262362 0.00932908
208 Reddit_A.txt 0.033253 0.0261833 0.0070697
209 Reddit_A.txt 0.0323029 0.0261799 0.0061229
210 Reddit_A.txt 0.0374546 0.0261711 0.0112835
211 Reddit_A.txt 0.0449879 0.0261673 0.0188206
212 Reddit_A.txt 0.0350119 0.0261677 0.00884418
213 Reddit_A.txt 0.0354339 0.0261618 0.00927219
214 Reddit_A.txt 0.0357104 0.0261263 0.00958406
215 Reddit_A.txt 0.0401933 0.0261158 0.0140775
216 Reddit_A.txt 0.0359113 0.0260757 0.00983567
217 Reddit_A.txt 0.0336459 0.0260639 0.00758202
218 Reddit_A.txt 0.0355368 0.0260014 0.0095354
219 Reddit_A.txt 0.039953 0.0260036 0.0139494
220 Reddit_A.txt 0.0336732 0.0259544 0.0077188
221 Reddit_A.txt 0.0361245 0.0259442 0.0101803
222 Reddit_A.txt 0.0382454 0.0259036 0.0123418
223 Reddit_A.txt 0.0398474 0.0258917 0.0139557
224 Reddit_A.txt 0.0388925 0.0258362 0.0130563
225 Reddit_A.txt 0.0335853 0.0258225 0.00776287
226 Reddit_A.txt 0.0350322 0.0257807 0.00925146
227 Reddit_A.txt 0.0368602 0.0257734 0.0110868
228 Reddit_A.txt 0.040784 0.0257159 0.0150681
229 Reddit_A.txt 0.0341324 0.0257118 0.00842063
230 Reddit_A.txt 0.0355061 0.0257048 0.00980129
231 Reddit_A.txt 0.0365051 0.0256576 0.0108474
232 Reddit_A.txt 0.0382221 0.0256459 0.0125762
233 Reddit_A.txt 0.0343721 0.0255828 0.00878927
234 Reddit_A.txt 0.0398217 0.0255745 0.0142472
235 Reddit_A.txt 0.0352944 0.0255177 0.00977671
236 Reddit_A.txt 0.035428 0.0255137 0.00991433
237 Reddit_A.txt 0.0367191 0.0254602 0.0112588
238 Reddit_A.txt 0.0398091 0.0254541 0.014355
239 Reddit_A.txt 0.0366942 0.0254534 0.0112408
240 Reddit_A.txt 0.0345239 0.0254034 0.00912047
241 Reddit_A.txt 0.036925 0.0254058 0.0115191
242 Reddit_A.txt 0.033968 0.0258534 0.00811468
243 Reddit_A.txt 0.0379231 0.0259772 0.0119459
244 Reddit_A.txt 0.0402544 0.0260099 0.0142445
245 Reddit_A.txt 0.0388476 0.0260134 0.0128342
246 Reddit_A.txt 0.0420457 0.0260165 0.0160292
247 Reddit_A.txt 0.0427647 0.0259941 0.0167706
248 Reddit_A.txt 0.0374048 0.0259948 0.01141
249 Reddit_A.txt 0.0381373 0.0259455 0.0121918
250 Reddit_A.txt 0.0354419 0.025945 0.00949682
251 Reddit_A.txt 0.0359038 0.0259031 0.0100007
252 Reddit_A.txt 0.0358066 0.0258958 0.00991075
253 Reddit_A.txt 0.0397576 0.0259505 0.0138071
254 Reddit_A.txt 0.0392836 0.0259667 0.0133169
255 Reddit_A.txt 0.0383603 0.0259494 0.0124109
256 Reddit_A.txt 0.0429264 0.026046 0.0168804
257 Reddit_A.txt 0.0426149 0.0260791 0.0165358
258 Reddit_A.txt 0.0400092 0.0260834 0.0139258
259 Reddit_A.txt 0.0439538 0.0260808 0.017873
260 Reddit_A.txt 0.0367857 0.026059 0.0107267
261 Reddit_A.txt 0.0397077 0.0260638 0.0136439
262 Reddit_A.txt 0.0405572 0.0260491 0.014508
263 Reddit_A.txt 0.0440594 0.0260465 0.0180129
264 Reddit_A.txt 0.0413544 0.0260125 0.0153419
265 Reddit_A.txt 0.0440166 0.026009 0.0180077
266 Reddit_A.txt 0.0393703 0.0259655 0.0134048
267 Reddit_A.txt 0.0385689 0.0259598 0.012609
268 Reddit_A.txt 0.0375753 0.0259055 0.0116698
269 Reddit_A.txt 0.0408315 0.0258924 0.0149391
270 Reddit_A.txt 0.0378088 0.0258889 0.0119199
271 Reddit_A.txt 0.0384798 0.0258759 0.012604
272 Reddit_A.txt 0.0407156 0.0258588 0.0148568
273 Reddit_A.txt 0.0390337 0.0258558 0.0131779
274 Reddit_A.txt 0.0371468 0.0258476 0.0112992
275 Reddit_A.txt 0.0377684 0.0258394 0.0119291
276 Reddit_A.txt 0.0370744 0.0257971 0.0112774
277 Reddit_A.txt 0.0408399 0.0257875 0.0150524
278 Reddit_A.txt 0.0444103 0.0257795 0.0186308
279 Reddit_A.txt 0.034519 0.0257367 0.00878229
280 Reddit_A.txt 0.0502013 0.0257215 0.0244798
281 Reddit_A.txt 0.0423994 0.0257121 0.0166873
282 Reddit_A.txt 0.0399461 0.0256769 0.0142692
283 Reddit_A.txt 0.0360853 0.025674 0.0104114
284 Reddit_A.txt 0.0370711 0.0256569 0.0114143
285 Reddit_A.txt 0.0359159 0.0256507 0.0102651
286 Reddit_A.txt 0.0407005 0.0256088 0.0150917
287 Reddit_A.txt 0.0404646 0.0255674 0.0148972
288 Reddit_A.txt 0.0385749 0.0255697 0.0130052
289 Reddit_A.txt 0.0402912 0.0255275 0.0147638
290 Reddit_A.txt 0.037267 0.0254877 0.0117793
291 Reddit_A.txt 0.033952 0.0254603 0.00849167
292 Reddit_A.txt 0.0390173 0.0254595 0.0135578
293 Reddit_A.txt 0.0395493 0.0254103 0.0141391
294 Reddit_A.txt 0.0369122 0.025404 0.0115083
295 Reddit_A.txt 0.0399725 0.0254006 0.0145718
296 Reddit_A.txt 0.0444906 0.0253923 0.0190983
297 Reddit_A.txt 0.0405257 0.0253836 0.0151421
298 Reddit_A.txt 0.0392779 0.02535 0.013928
299 Reddit_A.txt 0.0377608 0.0253466 0.0124142
300 Reddit_A.txt 0.0365176 0.0253329 0.0111847
301 Reddit_A.txt 0.0370533 0.025332 0.0117213
302 Reddit_A.txt 0.0365131 0.0253191 0.011194
303 Reddit_A.txt 0.0432676 0.0252757 0.0179918
304 Reddit_A.txt 0.0384687 0.0252643 0.0132044
305 Reddit_A.txt 0.0402924 0.0252554 0.015037
306 Reddit_A.txt 0.0420711 0.0252212 0.0168499
307 Reddit_A.txt 0.0395587 0.0252157 0.014343
308 Reddit_A.txt 0.0376655 0.0252081 0.0124574
309 Reddit_A.txt 0.0397984 0.0252017 0.0145967
310 Reddit_A.txt 0.0428944 0.0251984 0.017696
311 Reddit_A.txt 0.0376598 0.0251891 0.0124707
312 Reddit_A.txt 0.0361679 0.0251411 0.0110268
313 Reddit_A.txt 0.0431098 0.0250917 0.0180181
314 Reddit_A.txt 0.0421949 0.0250809 0.017114
315 Reddit_A.txt 0.0367143 0.0250654 0.0116489
316 Reddit_A.txt 0.0381536 0.0250663 0.0130874
317 Reddit_A.txt 0.0359936 0.0250096 0.010984
318 Reddit_A.txt 0.0418532 0.024975 0.0168782
319 Reddit_A.txt 0.0392738 0.02496 0.0143137
320 Reddit_A.txt 0.0362772 0.0249305 0.0113467
321 Reddit_A.txt 0.0386405 0.0249291 0.0137114
322 Reddit_A.txt 0.0357908 0.0249194 0.0108714
323 Reddit_A.txt 0.0400368 0.0249197 0.0151171
324 Reddit_A.txt 0.0468132 0.0249147 0.0218985
325 Reddit_A.txt 0.0357218 0.0249114 0.0108104
326 Reddit_A.txt 0.0396701 0.0249029 0.0147672
327 Reddit_A.txt 0.0421919 0.0248977 0.0172942
328 Reddit_A.txt 0.0414043 0.0248878 0.0165165
329 Reddit_A.txt 0.0463099 0.0248841 0.0214258
330 Reddit_A.txt 0.0360446 0.0248669 0.0111777
331 Reddit_A.txt 0.0360778 0.0248056 0.0112722
332 Reddit_A.txt 0.0405285 0.0247576 0.0157709
333 Reddit_A.txt 0.0485711 0.0247484 0.0238227
334 Reddit_A.txt 0.0409679 0.0247167 0.0162512
335 Reddit_A.txt 0.041499 0.0247154 0.0167837
336 Reddit_A.txt 0.0432881 0.0247234 0.0185647
337 Reddit_A.txt 0.0413765 0.024715 0.0166616
338 Reddit_A.txt 0.0406959 0.0247074 0.0159885
339 Reddit_A.txt 0.0429502 0.0247043 0.0182458
340 Reddit_A.txt 0.0373241 0.024622 0.0127021
341 Reddit_A.txt 0.0424032 0.0246142 0.017789
342 Reddit_A.txt 0.0428234 0.0245896 0.0182339
343 Reddit_A.txt 0.0440808 0.0245813 0.0194996
344 Reddit_A.txt 0.0421602 0.0245747 0.0175855
345 Reddit_A.txt 0.0382021 0.0245083 0.0136939
346 Reddit_A.txt 0.0424183 0.0245015 0.0179168
347 Reddit_A.txt 0.0450745 0.0244298 0.0206447
348 Reddit_A.txt 0.0417493 0.0244169 0.0173323
349 Reddit_A.txt 0.0374104 0.0243998 0.0130106
350 Reddit_A.txt 0.0391389 0.0243238 0.0148151
351 Reddit_A.txt 0.0408363 0.0243101 0.0165262
352 Reddit_A.txt 0.0387208 0.0242265 0.0144944
353 Reddit_A.txt 0.0448693 0.0242144 0.0206549
354 Reddit_A.txt 0.045821 0.0241493 0.0216716
355 Reddit_A.txt 0.0487931 0.0241378 0.0246553
356 Reddit_A.txt 0.0387736 0.0240584 0.0147151
357 Reddit_A.txt 0.0349411 0.0240469 0.0108942
358 Reddit_A.txt 0.0384409 0.0239733 0.0144676
359 Reddit_A.txt 0.0452852 0.0239686 0.0213166
360 Reddit_A.txt 0.0459373 0.0239206 0.0220167
361 Reddit_A.txt 0.0410003 0.0239069 0.0170935
362 Reddit_A.txt 0.0416532 0.0238466 0.0178066
363 Reddit_A.txt 0.0457504 0.0238377 0.0219127
364 Reddit_A.txt 0.0431989 0.0237773 0.0194216
365 Reddit_A.txt 0.0444332 0.0237627 0.0206704
366 Reddit_A.txt 0.0414599 0.0237551 0.0177048
367 Reddit_A.txt 0.0459043 0.0236849 0.0222194
368 Reddit_A.txt 0.0391468 0.0236847 0.0154622
369 Reddit_A.txt 0.0473195 0.0236145 0.023705
370 Reddit_A.txt 0.0429761 0.0236029 0.0193732
371 Reddit_A.txt 0.0421433 0.0235324 0.0186108
372 Reddit_A.txt 0.0399389 0.0235229 0.0164161
373 Reddit_A.txt 0.0439553 0.0234517 0.0205036
374 Reddit_A.txt 0.0377967 0.023429 0.0143677
375 Reddit_A.txt 0.0464997 0.0233696 0.0231302
376 Reddit_A.txt 0.0469535 0.0233637 0.0235898
377 Reddit_A.txt 0.136405 0.0232881 0.113117
378 Reddit_A.txt 0.100609 0.0232779 0.0773309
379 Reddit_A.txt 0.0788988 0.0232017 0.0556971
380 Reddit_A.txt 0.0638031 0.0231885 0.0406146
381 Reddit_A.txt 0.0529768 0.023157 0.0298199
382 Reddit_A.txt 0.0426172 0.0231162 0.019501
383 Reddit_A.txt 0.0311136 0.0231164 0.00799718
TACC:  Shutdown complete. Exiting. 
