TACC:  Starting up job 10024561 
TACC:  Starting parallel tasks... 
0 Citeseer_feat_L2.txt 0.00175916 0.00175754 1.618e-06
1 Citeseer_feat_L2.txt 0.00102022 0.00101852 1.7e-06
2 Citeseer_feat_L2.txt 0.00199466 0.0019931 1.556e-06
3 Citeseer_feat_L2.txt 0.00122967 0.00122791 1.757e-06
4 Citeseer_feat_L2.txt 0.00178163 0.00177989 1.736e-06
5 Citeseer_feat_L2.txt 0.000988096 0.000986411 1.685e-06
6 Citeseer_feat_L2.txt 0.00224448 0.00224294 1.535e-06
7 Citeseer_feat_L2.txt 0.00130893 0.0013074 1.53e-06
8 Citeseer_feat_L2.txt 0.00192964 0.00192805 1.593e-06
9 Citeseer_feat_L2.txt 0.00103721 0.00103552 1.69e-06
10 Citeseer_feat_L2.txt 0.00226408 0.00226245 1.629e-06
11 Citeseer_feat_L2.txt 0.00123808 0.00123636 1.725e-06
12 Citeseer_feat_L2.txt 0.001993 0.00199144 1.561e-06
13 Citeseer_feat_L2.txt 0.000951846 0.000950304 1.542e-06
14 Citeseer_feat_L2.txt 0.00217806 0.00217658 1.478e-06
15 Citeseer_feat_L2.txt 0.00122948 0.00122804 1.444e-06
16 Citeseer_feat_L2.txt 0.00191011 0.00190857 1.54e-06
17 Citeseer_feat_L2.txt 0.000989844 0.000988288 1.556e-06
18 Citeseer_feat_L2.txt 0.00195531 0.00195366 1.643e-06
19 Citeseer_feat_L2.txt 0.00120298 0.00120138 1.593e-06
20 Citeseer_feat_L2.txt 0.00194728 0.00194566 1.614e-06
21 Citeseer_feat_L2.txt 0.000976547 0.000974984 1.563e-06
22 Citeseer_feat_L2.txt 0.00210043 0.00209887 1.568e-06
23 Citeseer_feat_L2.txt 0.00122161 0.00122004 1.575e-06
24 Citeseer_feat_L2.txt 0.00195889 0.00195698 1.915e-06
25 Citeseer_feat_L2.txt 0.000981628 0.000979969 1.659e-06
26 Citeseer_feat_L2.txt 0.00210276 0.00210107 1.692e-06
27 Citeseer_feat_L2.txt 0.0012556 0.00125395 1.657e-06
28 Citeseer_feat_L2.txt 0.00195193 0.00195043 1.5e-06
29 Citeseer_feat_L2.txt 0.000954554 0.000952997 1.557e-06
30 Citeseer_feat_L2.txt 0.00209223 0.00209056 1.67e-06
31 Citeseer_feat_L2.txt 0.00125542 0.00125367 1.753e-06
32 Citeseer_feat_L2.txt 0.00195654 0.00195494 1.606e-06
33 Citeseer_feat_L2.txt 0.00101599 0.00101432 1.674e-06
34 Citeseer_feat_L2.txt 0.00187508 0.00187344 1.634e-06
35 Citeseer_feat_L2.txt 0.00122627 0.00122478 1.497e-06
36 Citeseer_feat_L2.txt 0.0019108 0.00190914 1.659e-06
37 Citeseer_feat_L2.txt 0.000986313 0.000984633 1.68e-06
38 Citeseer_feat_L2.txt 0.00223318 0.00223157 1.612e-06
39 Citeseer_feat_L2.txt 0.00121111 0.00120949 1.62e-06
40 Citeseer_feat_L2.txt 0.00191702 0.00191546 1.562e-06
41 Citeseer_feat_L2.txt 0.00099562 0.0009939 1.72e-06
42 Citeseer_feat_L2.txt 0.00214544 0.00214383 1.612e-06
43 Citeseer_feat_L2.txt 0.00122787 0.00122621 1.659e-06
44 Citeseer_feat_L2.txt 0.00202553 0.00202369 1.839e-06
45 Citeseer_feat_L2.txt 0.00103744 0.00103598 1.463e-06
46 Citeseer_feat_L2.txt 0.00207107 0.00206955 1.526e-06
47 Citeseer_feat_L2.txt 0.00121903 0.00121748 1.557e-06
48 Citeseer_feat_L2.txt 0.00171501 0.00171356 1.449e-06
49 Citeseer_feat_L2.txt 0.00106295 0.00106136 1.597e-06
50 Citeseer_feat_L2.txt 0.00215522 0.00215371 1.513e-06
51 Citeseer_feat_L2.txt 0.00106708 0.00106551 1.576e-06
52 Citeseer_feat_L2.txt 0.00181955 0.00181793 1.614e-06
53 Citeseer_feat_L2.txt 0.0010128 0.0010114 1.404e-06
54 Citeseer_feat_L2.txt 0.00201379 0.00201211 1.682e-06
55 Citeseer_feat_L2.txt 0.00119076 0.00118907 1.691e-06
56 Citeseer_feat_L2.txt 0.00187378 0.00187229 1.487e-06
57 Citeseer_feat_L2.txt 0.00101424 0.00101269 1.555e-06
58 Citeseer_feat_L2.txt 0.00201237 0.00201091 1.46e-06
59 Citeseer_feat_L2.txt 0.00127253 0.00127102 1.503e-06
60 Citeseer_feat_L2.txt 0.00177798 0.00177097 7.008e-06
61 Citeseer_feat_L2.txt 0.000899914 0.000898345 1.569e-06
62 Citeseer_feat_L2.txt 0.00205169 0.0020501 1.584e-06
63 Citeseer_feat_L2.txt 0.00126217 0.00126051 1.664e-06
64 Citeseer_feat_L2.txt 0.00170531 0.00170372 1.586e-06
65 Citeseer_feat_L2.txt 0.000949529 0.000947989 1.54e-06
66 Citeseer_feat_L2.txt 0.00208 0.0020783 1.695e-06
67 Citeseer_feat_L2.txt 0.00114491 0.00114335 1.557e-06
68 Citeseer_feat_L2.txt 0.00182616 0.00182446 1.697e-06
69 Citeseer_feat_L2.txt 0.000869857 0.000868292 1.565e-06
70 Citeseer_feat_L2.txt 0.00214986 0.00214825 1.609e-06
71 Citeseer_feat_L2.txt 0.00114663 0.00114507 1.56e-06
72 Citeseer_feat_L2.txt 0.00179443 0.00179268 1.748e-06
73 Citeseer_feat_L2.txt 0.000871437 0.000869842 1.595e-06
74 Citeseer_feat_L2.txt 0.00214682 0.00214514 1.68e-06
75 Citeseer_feat_L2.txt 0.00120745 0.00120593 1.513e-06
76 Citeseer_feat_L2.txt 0.00181476 0.00181323 1.531e-06
77 Citeseer_feat_L2.txt 0.000973201 0.000971774 1.427e-06
78 Citeseer_feat_L2.txt 0.00208422 0.00208262 1.601e-06
79 Citeseer_feat_L2.txt 0.00127205 0.00127073 1.327e-06
80 Citeseer_feat_L2.txt 0.00185237 0.00185089 1.485e-06
81 Citeseer_feat_L2.txt 0.000817743 0.000815908 1.835e-06
82 Citeseer_feat_L2.txt 0.00175936 0.00175781 1.553e-06
83 Citeseer_feat_L2.txt 0.00117226 0.00117057 1.689e-06
84 Citeseer_feat_L2.txt 0.00182841 0.00182664 1.769e-06
85 Citeseer_feat_L2.txt 0.000843301 0.000841776 1.525e-06
86 Citeseer_feat_L2.txt 0.00190896 0.00190748 1.483e-06
87 Citeseer_feat_L2.txt 0.00127344 0.00127192 1.52e-06
88 Citeseer_feat_L2.txt 0.00180648 0.00180495 1.533e-06
89 Citeseer_feat_L2.txt 0.000933917 0.000932339 1.578e-06
90 Citeseer_feat_L2.txt 0.00208664 0.00208498 1.666e-06
91 Citeseer_feat_L2.txt 0.00121421 0.0012127 1.505e-06
92 Citeseer_feat_L2.txt 0.00191175 0.00190998 1.776e-06
93 Citeseer_feat_L2.txt 0.000958174 0.000956454 1.72e-06
94 Citeseer_feat_L2.txt 0.00210539 0.0021037 1.698e-06
95 Citeseer_feat_L2.txt 0.00122705 0.00122556 1.483e-06
96 Citeseer_feat_L2.txt 0.00192746 0.00192585 1.612e-06
97 Citeseer_feat_L2.txt 0.000926124 0.000924703 1.421e-06
98 Citeseer_feat_L2.txt 0.00187483 0.00187328 1.544e-06
99 Citeseer_feat_L2.txt 0.00127338 0.00127169 1.688e-06
100 Citeseer_feat_L2.txt 0.00190532 0.00190368 1.639e-06
101 Citeseer_feat_L2.txt 0.000930757 0.00092919 1.567e-06
102 Citeseer_feat_L2.txt 0.00251352 0.00251188 1.639e-06
103 Citeseer_feat_L2.txt 0.00117934 0.00117765 1.684e-06
104 Citeseer_feat_L2.txt 0.00195995 0.00195827 1.683e-06
105 Citeseer_feat_L2.txt 0.00100034 0.000998815 1.525e-06
106 Citeseer_feat_L2.txt 0.0024067 0.00240499 1.713e-06
107 Citeseer_feat_L2.txt 0.00119908 0.00119741 1.665e-06
108 Citeseer_feat_L2.txt 0.00218262 0.00218112 1.501e-06
109 Citeseer_feat_L2.txt 0.000989765 0.000988298 1.467e-06
110 Citeseer_feat_L2.txt 0.00237379 0.0023722 1.589e-06
111 Citeseer_feat_L2.txt 0.00126668 0.00126468 2.006e-06
112 Citeseer_feat_L2.txt 0.00183003 0.0018285 1.532e-06
113 Citeseer_feat_L2.txt 0.00100197 0.00100033 1.643e-06
114 Citeseer_feat_L2.txt 0.00208827 0.00208671 1.563e-06
115 Citeseer_feat_L2.txt 0.00119014 0.0011885 1.643e-06
116 Citeseer_feat_L2.txt 0.00221025 0.00220867 1.573e-06
117 Citeseer_feat_L2.txt 0.00100205 0.00100054 1.508e-06
118 Citeseer_feat_L2.txt 0.00215103 0.00214951 1.522e-06
119 Citeseer_feat_L2.txt 0.00123518 0.00123349 1.688e-06
120 Citeseer_feat_L2.txt 0.00188523 0.00188353 1.7e-06
121 Citeseer_feat_L2.txt 0.00091702 0.000915522 1.498e-06
122 Citeseer_feat_L2.txt 0.002215 0.00221345 1.546e-06
123 Citeseer_feat_L2.txt 0.00126871 0.00126705 1.661e-06
124 Citeseer_feat_L2.txt 0.00184665 0.00184502 1.629e-06
125 Citeseer_feat_L2.txt 0.00091473 0.000912023 2.707e-06
126 Citeseer_feat_L2.txt 0.00209846 0.00209672 1.736e-06
127 Citeseer_feat_L2.txt 0.0012354 0.00123391 1.49e-06
128 Citeseer_feat_L2.txt 0.00173971 0.00173803 1.683e-06
129 Citeseer_feat_L2.txt 0.000968464 0.000966715 1.749e-06
130 Citeseer_feat_L2.txt 0.00197305 0.0019715 1.548e-06
131 Citeseer_feat_L2.txt 0.00121964 0.00121794 1.696e-06
132 Citeseer_feat_L2.txt 0.00182224 0.00182049 1.75e-06
133 Citeseer_feat_L2.txt 0.00103161 0.00102994 1.673e-06
134 Citeseer_feat_L2.txt 0.00226277 0.0022612 1.561e-06
135 Citeseer_feat_L2.txt 0.00114311 0.00114144 1.662e-06
136 Citeseer_feat_L2.txt 0.00186616 0.00186445 1.709e-06
137 Citeseer_feat_L2.txt 0.00103381 0.00103227 1.542e-06
138 Citeseer_feat_L2.txt 0.00228325 0.00228158 1.67e-06
139 Citeseer_feat_L2.txt 0.00118734 0.00118591 1.435e-06
140 Citeseer_feat_L2.txt 0.00191345 0.00191157 1.884e-06
141 Citeseer_feat_L2.txt 0.00107831 0.00107662 1.687e-06
142 Citeseer_feat_L2.txt 0.00218504 0.00218348 1.564e-06
143 Citeseer_feat_L2.txt 0.0011871 0.00118563 1.465e-06
144 Citeseer_feat_L2.txt 0.00190105 0.00189939 1.659e-06
145 Citeseer_feat_L2.txt 0.000878233 0.000876754 1.479e-06
146 Citeseer_feat_L2.txt 0.00198468 0.00198296 1.715e-06
147 Citeseer_feat_L2.txt 0.0011154 0.00111373 1.662e-06
148 Citeseer_feat_L2.txt 0.00185123 0.00184951 1.718e-06
149 Citeseer_feat_L2.txt 0.000943167 0.000941473 1.694e-06
150 Citeseer_feat_L2.txt 0.00215632 0.00215476 1.561e-06
151 Citeseer_feat_L2.txt 0.00113187 0.00113044 1.426e-06
152 Citeseer_feat_L2.txt 0.00190353 0.00190193 1.603e-06
153 Citeseer_feat_L2.txt 0.000881838 0.000880163 1.675e-06
154 Citeseer_feat_L2.txt 0.00205101 0.00204937 1.635e-06
155 Citeseer_feat_L2.txt 0.00113727 0.00113567 1.597e-06
156 Citeseer_feat_L2.txt 0.00198806 0.00198636 1.702e-06
157 Citeseer_feat_L2.txt 0.000917376 0.000915614 1.762e-06
158 Citeseer_feat_L2.txt 0.00206806 0.00206646 1.606e-06
159 Citeseer_feat_L2.txt 0.00119936 0.00119776 1.602e-06
160 Citeseer_feat_L2.txt 0.00191735 0.00191548 1.87e-06
161 Citeseer_feat_L2.txt 0.000900373 0.000898631 1.742e-06
162 Citeseer_feat_L2.txt 0.00181195 0.00181027 1.689e-06
163 Citeseer_feat_L2.txt 0.00112215 0.00112047 1.679e-06
164 Citeseer_feat_L2.txt 0.00190732 0.00190587 1.45e-06
165 Citeseer_feat_L2.txt 0.000995665 0.000994142 1.523e-06
166 Citeseer_feat_L2.txt 0.00206578 0.00206416 1.622e-06
167 Citeseer_feat_L2.txt 0.00118058 0.00117905 1.523e-06
168 Citeseer_feat_L2.txt 0.00188258 0.00188099 1.587e-06
169 Citeseer_feat_L2.txt 0.000913823 0.000912192 1.631e-06
170 Citeseer_feat_L2.txt 0.00209897 0.00209734 1.631e-06
171 Citeseer_feat_L2.txt 0.00116159 0.00116008 1.505e-06
172 Citeseer_feat_L2.txt 0.00198983 0.00198829 1.536e-06
173 Citeseer_feat_L2.txt 0.000918 0.000916232 1.768e-06
174 Citeseer_feat_L2.txt 0.00203018 0.00202865 1.525e-06
175 Citeseer_feat_L2.txt 0.00114601 0.00114442 1.591e-06
176 Citeseer_feat_L2.txt 0.00182388 0.00182236 1.527e-06
177 Citeseer_feat_L2.txt 0.000966693 0.000965235 1.458e-06
178 Citeseer_feat_L2.txt 0.00208891 0.00208727 1.638e-06
179 Citeseer_feat_L2.txt 0.00114996 0.00114828 1.68e-06
180 Citeseer_feat_L2.txt 0.00190091 0.00189919 1.725e-06
181 Citeseer_feat_L2.txt 0.000939468 0.000937778 1.69e-06
182 Citeseer_feat_L2.txt 0.00210633 0.0021048 1.529e-06
183 Citeseer_feat_L2.txt 0.00125863 0.00125713 1.498e-06
184 Citeseer_feat_L2.txt 0.00185833 0.00185675 1.574e-06
185 Citeseer_feat_L2.txt 0.000915415 0.000913658 1.757e-06
186 Citeseer_feat_L2.txt 0.00212944 0.00212792 1.526e-06
187 Citeseer_feat_L2.txt 0.00128872 0.00128722 1.499e-06
188 Citeseer_feat_L2.txt 0.00175856 0.00175693 1.63e-06
189 Citeseer_feat_L2.txt 0.000898859 0.000897181 1.678e-06
190 Citeseer_feat_L2.txt 0.00199921 0.00199734 1.869e-06
191 Citeseer_feat_L2.txt 0.0012778 0.00127625 1.555e-06
192 Citeseer_feat_L2.txt 0.00173694 0.00173527 1.67e-06
193 Citeseer_feat_L2.txt 0.00105709 0.00105567 1.428e-06
194 Citeseer_feat_L2.txt 0.00192998 0.0019284 1.588e-06
195 Citeseer_feat_L2.txt 0.00130398 0.00130241 1.574e-06
196 Citeseer_feat_L2.txt 0.00180912 0.00180761 1.505e-06
197 Citeseer_feat_L2.txt 0.000925296 0.000923613 1.683e-06
198 Citeseer_feat_L2.txt 0.0021545 0.00215285 1.65e-06
199 Citeseer_feat_L2.txt 0.00118541 0.00118384 1.569e-06
200 Citeseer_feat_L2.txt 0.00194087 0.00193927 1.601e-06
201 Citeseer_feat_L2.txt 0.000873904 0.00087208 1.824e-06
202 Citeseer_feat_L2.txt 0.00220655 0.00220507 1.482e-06
203 Citeseer_feat_L2.txt 0.00108185 0.00108027 1.58e-06
204 Citeseer_feat_L2.txt 0.00183627 0.00183469 1.58e-06
205 Citeseer_feat_L2.txt 0.000924311 0.000922541 1.77e-06
206 Citeseer_feat_L2.txt 0.00209304 0.00209155 1.487e-06
207 Citeseer_feat_L2.txt 0.00106847 0.00106675 1.72e-06
208 Citeseer_feat_L2.txt 0.00197715 0.00197559 1.551e-06
209 Citeseer_feat_L2.txt 0.00103767 0.00103596 1.704e-06
210 Citeseer_feat_L2.txt 0.00175686 0.00175531 1.554e-06
211 Citeseer_feat_L2.txt 0.00105638 0.00105468 1.702e-06
212 Citeseer_feat_L2.txt 0.00199985 0.00199829 1.564e-06
213 Citeseer_feat_L2.txt 0.000953312 0.000951688 1.624e-06
214 Citeseer_feat_L2.txt 0.00205079 0.00204921 1.572e-06
215 Citeseer_feat_L2.txt 0.0012148 0.00121328 1.519e-06
216 Citeseer_feat_L2.txt 0.00191318 0.00191151 1.672e-06
217 Citeseer_feat_L2.txt 0.000885225 0.000883521 1.704e-06
218 Citeseer_feat_L2.txt 0.00217245 0.00217074 1.706e-06
219 Citeseer_feat_L2.txt 0.00117841 0.00117669 1.724e-06
220 Citeseer_feat_L2.txt 0.00191843 0.0019169 1.527e-06
221 Citeseer_feat_L2.txt 0.000879682 0.000878157 1.525e-06
222 Citeseer_feat_L2.txt 0.0020445 0.00204295 1.549e-06
223 Citeseer_feat_L2.txt 0.00123918 0.00123767 1.509e-06
224 Citeseer_feat_L2.txt 0.00181909 0.00181752 1.563e-06
225 Citeseer_feat_L2.txt 0.000836898 0.000835264 1.634e-06
226 Citeseer_feat_L2.txt 0.0019509 0.00194937 1.534e-06
227 Citeseer_feat_L2.txt 0.00122087 0.00121912 1.745e-06
228 Citeseer_feat_L2.txt 0.00180201 0.0018005 1.507e-06
229 Citeseer_feat_L2.txt 0.00092346 0.000921818 1.642e-06
230 Citeseer_feat_L2.txt 0.00250483 0.00250325 1.581e-06
231 Citeseer_feat_L2.txt 0.00127561 0.00127415 1.459e-06
232 Citeseer_feat_L2.txt 0.00201663 0.00201509 1.539e-06
233 Citeseer_feat_L2.txt 0.00102133 0.0010199 1.427e-06
234 Citeseer_feat_L2.txt 0.00224733 0.0022457 1.627e-06
235 Citeseer_feat_L2.txt 0.00126102 0.00125963 1.398e-06
236 Citeseer_feat_L2.txt 0.00211414 0.00211258 1.561e-06
237 Citeseer_feat_L2.txt 0.000942828 0.000941193 1.635e-06
238 Citeseer_feat_L2.txt 0.00245238 0.00245071 1.668e-06
239 Citeseer_feat_L2.txt 0.00131613 0.00131453 1.597e-06
240 Citeseer_feat_L2.txt 0.00182987 0.00182808 1.797e-06
241 Citeseer_feat_L2.txt 0.000968669 0.000965424 3.245e-06
242 Citeseer_feat_L2.txt 0.00210506 0.00210343 1.632e-06
243 Citeseer_feat_L2.txt 0.00128234 0.00128077 1.57e-06
244 Citeseer_feat_L2.txt 0.00231238 0.00231081 1.569e-06
245 Citeseer_feat_L2.txt 0.00102065 0.00101895 1.702e-06
246 Citeseer_feat_L2.txt 0.00211673 0.00211502 1.704e-06
247 Citeseer_feat_L2.txt 0.0013192 0.00131746 1.74e-06
248 Citeseer_feat_L2.txt 0.00198466 0.00198303 1.632e-06
249 Citeseer_feat_L2.txt 0.00095294 0.000951398 1.542e-06
250 Citeseer_feat_L2.txt 0.0021176 0.00211603 1.565e-06
251 Citeseer_feat_L2.txt 0.00131514 0.00131373 1.413e-06
252 Citeseer_feat_L2.txt 0.00183244 0.00183087 1.571e-06
253 Citeseer_feat_L2.txt 0.000960007 0.000958363 1.644e-06
254 Citeseer_feat_L2.txt 0.00208004 0.00207851 1.531e-06
255 Citeseer_feat_L2.txt 0.00127038 0.00126863 1.746e-06
256 Citeseer_feat_L2.txt 0.00175369 0.00175205 1.642e-06
257 Citeseer_feat_L2.txt 0.000960557 0.000958682 1.875e-06
258 Citeseer_feat_L2.txt 0.00205748 0.00205574 1.743e-06
259 Citeseer_feat_L2.txt 0.00126028 0.00125863 1.642e-06
260 Citeseer_feat_L2.txt 0.0018139 0.00181224 1.666e-06
261 Citeseer_feat_L2.txt 0.000984693 0.000983136 1.557e-06
262 Citeseer_feat_L2.txt 0.00222435 0.0022227 1.645e-06
263 Citeseer_feat_L2.txt 0.00118427 0.00118255 1.725e-06
264 Citeseer_feat_L2.txt 0.00186324 0.00186146 1.78e-06
265 Citeseer_feat_L2.txt 0.000981252 0.000979717 1.535e-06
266 Citeseer_feat_L2.txt 0.00219119 0.0021895 1.687e-06
267 Citeseer_feat_L2.txt 0.00129496 0.00129337 1.591e-06
268 Citeseer_feat_L2.txt 0.00199383 0.00199211 1.72e-06
269 Citeseer_feat_L2.txt 0.000988838 0.000987021 1.817e-06
270 Citeseer_feat_L2.txt 0.00215478 0.00215311 1.667e-06
271 Citeseer_feat_L2.txt 0.00123663 0.00123505 1.582e-06
272 Citeseer_feat_L2.txt 0.00192191 0.00192018 1.725e-06
273 Citeseer_feat_L2.txt 0.000938984 0.000937636 1.348e-06
274 Citeseer_feat_L2.txt 0.00188575 0.00188404 1.704e-06
275 Citeseer_feat_L2.txt 0.00129243 0.0012908 1.628e-06
276 Citeseer_feat_L2.txt 0.0020209 0.0020193 1.603e-06
277 Citeseer_feat_L2.txt 0.000929268 0.000927452 1.816e-06
278 Citeseer_feat_L2.txt 0.00205522 0.0020536 1.627e-06
279 Citeseer_feat_L2.txt 0.00120106 0.00119942 1.631e-06
280 Citeseer_feat_L2.txt 0.00187401 0.00187238 1.637e-06
281 Citeseer_feat_L2.txt 0.000969302 0.000967863 1.439e-06
282 Citeseer_feat_L2.txt 0.00208218 0.00208042 1.763e-06
283 Citeseer_feat_L2.txt 0.00120652 0.00120486 1.658e-06
284 Citeseer_feat_L2.txt 0.00189408 0.0018924 1.683e-06
285 Citeseer_feat_L2.txt 0.000940375 0.000938713 1.662e-06
286 Citeseer_feat_L2.txt 0.00202055 0.00201892 1.626e-06
287 Citeseer_feat_L2.txt 0.00119656 0.00119489 1.669e-06
288 Citeseer_feat_L2.txt 0.00189195 0.00189027 1.681e-06
289 Citeseer_feat_L2.txt 0.00100456 0.00100302 1.54e-06
290 Citeseer_feat_L2.txt 0.00192368 0.00192199 1.688e-06
291 Citeseer_feat_L2.txt 0.00127281 0.00127122 1.592e-06
292 Citeseer_feat_L2.txt 0.00191161 0.00190998 1.639e-06
293 Citeseer_feat_L2.txt 0.000985515 0.000983888 1.627e-06
294 Citeseer_feat_L2.txt 0.00219354 0.0021919 1.64e-06
295 Citeseer_feat_L2.txt 0.00124741 0.00124577 1.645e-06
296 Citeseer_feat_L2.txt 0.00193944 0.00193787 1.568e-06
297 Citeseer_feat_L2.txt 0.000971443 0.000969732 1.711e-06
298 Citeseer_feat_L2.txt 0.002133 0.0021313 1.701e-06
299 Citeseer_feat_L2.txt 0.00120192 0.00120041 1.518e-06
300 Citeseer_feat_L2.txt 0.00206483 0.00206323 1.592e-06
301 Citeseer_feat_L2.txt 0.000979414 0.000977975 1.439e-06
302 Citeseer_feat_L2.txt 0.00212244 0.00212078 1.655e-06
303 Citeseer_feat_L2.txt 0.00119357 0.00119191 1.66e-06
304 Citeseer_feat_L2.txt 0.00188438 0.00188289 1.49e-06
305 Citeseer_feat_L2.txt 0.00106971 0.00106814 1.574e-06
306 Citeseer_feat_L2.txt 0.00221304 0.00221137 1.674e-06
307 Citeseer_feat_L2.txt 0.00119788 0.00119615 1.732e-06
308 Citeseer_feat_L2.txt 0.0018844 0.00188301 1.386e-06
309 Citeseer_feat_L2.txt 0.00100959 0.00100787 1.721e-06
310 Citeseer_feat_L2.txt 0.00217063 0.00216902 1.613e-06
311 Citeseer_feat_L2.txt 0.00126385 0.00126214 1.707e-06
312 Citeseer_feat_L2.txt 0.00190806 0.00190616 1.898e-06
313 Citeseer_feat_L2.txt 0.000961847 0.000960143 1.704e-06
314 Citeseer_feat_L2.txt 0.00215274 0.00215108 1.658e-06
315 Citeseer_feat_L2.txt 0.00129843 0.0012968 1.63e-06
316 Citeseer_feat_L2.txt 0.00180448 0.00180287 1.614e-06
317 Citeseer_feat_L2.txt 0.000987551 0.000986063 1.488e-06
318 Citeseer_feat_L2.txt 0.00211658 0.00211487 1.71e-06
319 Citeseer_feat_L2.txt 0.00127803 0.00127634 1.695e-06
320 Citeseer_feat_L2.txt 0.00176002 0.00175836 1.66e-06
321 Citeseer_feat_L2.txt 0.00102901 0.00102723 1.783e-06
322 Citeseer_feat_L2.txt 0.00201142 0.00200975 1.666e-06
323 Citeseer_feat_L2.txt 0.00126334 0.00126174 1.602e-06
324 Citeseer_feat_L2.txt 0.0017858 0.00178416 1.642e-06
325 Citeseer_feat_L2.txt 0.000932274 0.000930716 1.558e-06
326 Citeseer_feat_L2.txt 0.0022701 0.00226836 1.742e-06
327 Citeseer_feat_L2.txt 0.00129544 0.00129381 1.634e-06
328 Citeseer_feat_L2.txt 0.00188639 0.0018848 1.592e-06
329 Citeseer_feat_L2.txt 0.00100327 0.00100161 1.66e-06
330 Citeseer_feat_L2.txt 0.00225421 0.00225251 1.698e-06
331 Citeseer_feat_L2.txt 0.00124869 0.00124708 1.611e-06
332 Citeseer_feat_L2.txt 0.00193432 0.00193265 1.67e-06
333 Citeseer_feat_L2.txt 0.000980191 0.000978694 1.497e-06
334 Citeseer_feat_L2.txt 0.00220434 0.00220264 1.708e-06
335 Citeseer_feat_L2.txt 0.00121996 0.00121833 1.626e-06
336 Citeseer_feat_L2.txt 0.00190112 0.00189945 1.661e-06
337 Citeseer_feat_L2.txt 0.000951601 0.000949992 1.609e-06
338 Citeseer_feat_L2.txt 0.0019459 0.00194419 1.71e-06
339 Citeseer_feat_L2.txt 0.00124607 0.0012444 1.674e-06
340 Citeseer_feat_L2.txt 0.00204176 0.00204004 1.721e-06
341 Citeseer_feat_L2.txt 0.00100227 0.00100047 1.801e-06
342 Citeseer_feat_L2.txt 0.00210935 0.00210767 1.688e-06
343 Citeseer_feat_L2.txt 0.00119654 0.00119485 1.69e-06
344 Citeseer_feat_L2.txt 0.00187614 0.00187445 1.684e-06
345 Citeseer_feat_L2.txt 0.00100962 0.00100793 1.695e-06
346 Citeseer_feat_L2.txt 0.002186 0.00218434 1.66e-06
347 Citeseer_feat_L2.txt 0.00128627 0.00128458 1.686e-06
348 Citeseer_feat_L2.txt 0.00197704 0.00197537 1.673e-06
349 Citeseer_feat_L2.txt 0.000968359 0.000966736 1.623e-06
350 Citeseer_feat_L2.txt 0.00200352 0.00200197 1.56e-06
351 Citeseer_feat_L2.txt 0.00128481 0.00128319 1.617e-06
352 Citeseer_feat_L2.txt 0.00194812 0.00194643 1.691e-06
353 Citeseer_feat_L2.txt 0.000952724 0.000951063 1.661e-06
354 Citeseer_feat_L2.txt 0.00187487 0.00187321 1.659e-06
355 Citeseer_feat_L2.txt 0.00117325 0.00117163 1.626e-06
356 Citeseer_feat_L2.txt 0.00189877 0.0018971 1.668e-06
357 Citeseer_feat_L2.txt 0.00095021 0.000948506 1.704e-06
358 Citeseer_feat_L2.txt 0.00217079 0.00216917 1.615e-06
359 Citeseer_feat_L2.txt 0.00117317 0.00117135 1.821e-06
360 Citeseer_feat_L2.txt 0.00193916 0.00193749 1.675e-06
361 Citeseer_feat_L2.txt 0.000918955 0.000917287 1.668e-06
362 Citeseer_feat_L2.txt 0.00221722 0.00221553 1.689e-06
363 Citeseer_feat_L2.txt 0.00119802 0.00119634 1.676e-06
364 Citeseer_feat_L2.txt 0.00216203 0.00216021 1.814e-06
365 Citeseer_feat_L2.txt 0.000913444 0.00091177 1.674e-06
366 Citeseer_feat_L2.txt 0.00208488 0.00208311 1.773e-06
367 Citeseer_feat_L2.txt 0.00116226 0.00116061 1.646e-06
368 Citeseer_feat_L2.txt 0.00188838 0.00188661 1.764e-06
369 Citeseer_feat_L2.txt 0.000945443 0.000943609 1.834e-06
370 Citeseer_feat_L2.txt 0.00208861 0.00208691 1.704e-06
371 Citeseer_feat_L2.txt 0.00125946 0.00125777 1.694e-06
372 Citeseer_feat_L2.txt 0.0022016 0.00219993 1.669e-06
373 Citeseer_feat_L2.txt 0.000896983 0.000895444 1.539e-06
374 Citeseer_feat_L2.txt 0.00207521 0.00207348 1.723e-06
375 Citeseer_feat_L2.txt 0.00132124 0.0013187 2.546e-06
376 Citeseer_feat_L2.txt 0.0019227 0.00192101 1.691e-06
377 Citeseer_feat_L2.txt 0.00100993 0.00100835 1.588e-06
378 Citeseer_feat_L2.txt 0.00219308 0.00219133 1.745e-06
379 Citeseer_feat_L2.txt 0.00121186 0.00121012 1.736e-06
380 Citeseer_feat_L2.txt 0.00181953 0.00181784 1.687e-06
381 Citeseer_feat_L2.txt 0.000965669 0.000963868 1.801e-06
382 Citeseer_feat_L2.txt 0.00204805 0.00204644 1.611e-06
383 Citeseer_feat_L2.txt 0.00128458 0.00125089 3.3698e-05
0 Citeseer_A.txt 0.00082456 0.000823257 1.303e-06
1 Citeseer_A.txt 0.000822018 0.000821218 8e-07
2 Citeseer_A.txt 0.000830237 0.000829677 5.6e-07
3 Citeseer_A.txt 0.000822976 0.000822065 9.11e-07
4 Citeseer_A.txt 0.000835278 0.000834548 7.3e-07
5 Citeseer_A.txt 0.000835357 0.000834436 9.21e-07
6 Citeseer_A.txt 0.000832342 0.000831703 6.39e-07
7 Citeseer_A.txt 0.000823296 0.000822207 1.089e-06
8 Citeseer_A.txt 0.000845439 0.000844786 6.53e-07
9 Citeseer_A.txt 0.000838475 0.000837661 8.14e-07
10 Citeseer_A.txt 0.000830526 0.000829803 7.23e-07
11 Citeseer_A.txt 0.000824348 0.000823382 9.66e-07
12 Citeseer_A.txt 0.000854679 0.000854064 6.15e-07
13 Citeseer_A.txt 0.00085371 0.000852971 7.39e-07
14 Citeseer_A.txt 0.00088873 0.000887921 8.09e-07
15 Citeseer_A.txt 0.000824382 0.000823739 6.43e-07
16 Citeseer_A.txt 0.000886705 0.000886045 6.6e-07
17 Citeseer_A.txt 0.000885116 0.000884302 8.14e-07
18 Citeseer_A.txt 0.000892454 0.000891754 7e-07
19 Citeseer_A.txt 0.000879527 0.000878704 8.23e-07
20 Citeseer_A.txt 0.000883559 0.00088281 7.49e-07
21 Citeseer_A.txt 0.000854422 0.000853585 8.37e-07
22 Citeseer_A.txt 0.00089553 0.000894842 6.88e-07
23 Citeseer_A.txt 0.00088856 0.000887843 7.17e-07
24 Citeseer_A.txt 0.000841447 0.000840731 7.16e-07
25 Citeseer_A.txt 0.000835273 0.000834567 7.06e-07
26 Citeseer_A.txt 0.000846784 0.000846112 6.72e-07
27 Citeseer_A.txt 0.00082851 0.000827833 6.77e-07
28 Citeseer_A.txt 0.000876836 0.000866548 1.0288e-05
29 Citeseer_A.txt 0.000835261 0.00083446 8.01e-07
30 Citeseer_A.txt 0.000894534 0.000893815 7.19e-07
31 Citeseer_A.txt 0.000892202 0.000891483 7.19e-07
32 Citeseer_A.txt 0.000767322 0.000766757 5.65e-07
33 Citeseer_A.txt 0.000763487 0.000762834 6.53e-07
34 Citeseer_A.txt 0.000781741 0.000781072 6.69e-07
35 Citeseer_A.txt 0.000768431 0.000767954 4.77e-07
36 Citeseer_A.txt 0.000772286 0.000771652 6.34e-07
37 Citeseer_A.txt 0.000767957 0.000767153 8.04e-07
38 Citeseer_A.txt 0.000774118 0.000773415 7.03e-07
39 Citeseer_A.txt 0.000767436 0.000766748 6.88e-07
40 Citeseer_A.txt 0.000778772 0.000778172 6e-07
41 Citeseer_A.txt 0.000769228 0.000768462 7.66e-07
42 Citeseer_A.txt 0.000778841 0.000778253 5.88e-07
43 Citeseer_A.txt 0.000769951 0.000769235 7.16e-07
44 Citeseer_A.txt 0.000779422 0.000778805 6.17e-07
45 Citeseer_A.txt 0.000769619 0.000768757 8.62e-07
46 Citeseer_A.txt 0.000778502 0.000777843 6.59e-07
47 Citeseer_A.txt 0.000768058 0.000767272 7.86e-07
48 Citeseer_A.txt 0.000835813 0.000835194 6.19e-07
49 Citeseer_A.txt 0.000834923 0.000834009 9.14e-07
50 Citeseer_A.txt 0.000843162 0.000842551 6.11e-07
51 Citeseer_A.txt 0.000833595 0.000832954 6.41e-07
52 Citeseer_A.txt 0.000855332 0.000854708 6.24e-07
53 Citeseer_A.txt 0.000867698 0.000866842 8.56e-07
54 Citeseer_A.txt 0.000846359 0.000845777 5.82e-07
55 Citeseer_A.txt 0.00083385 0.000832952 8.98e-07
56 Citeseer_A.txt 0.000841394 0.000840794 6e-07
57 Citeseer_A.txt 0.00083445 0.000833544 9.06e-07
58 Citeseer_A.txt 0.000864279 0.000863565 7.14e-07
59 Citeseer_A.txt 0.000861219 0.000860515 7.04e-07
60 Citeseer_A.txt 0.000870189 0.00086962 5.69e-07
61 Citeseer_A.txt 0.000864229 0.000863661 5.68e-07
62 Citeseer_A.txt 0.000846854 0.000846204 6.5e-07
63 Citeseer_A.txt 0.000838809 0.000838249 5.6e-07
64 Citeseer_A.txt 0.00086945 0.000868723 7.27e-07
65 Citeseer_A.txt 0.000866731 0.000865952 7.79e-07
66 Citeseer_A.txt 0.000870359 0.000869614 7.45e-07
67 Citeseer_A.txt 0.000869253 0.000868315 9.38e-07
68 Citeseer_A.txt 0.000867626 0.000866928 6.98e-07
69 Citeseer_A.txt 0.000864945 0.000864084 8.61e-07
70 Citeseer_A.txt 0.000868097 0.000867445 6.52e-07
71 Citeseer_A.txt 0.000863821 0.00086308 7.41e-07
72 Citeseer_A.txt 0.000863919 0.000863166 7.53e-07
73 Citeseer_A.txt 0.00084811 0.000847518 5.92e-07
74 Citeseer_A.txt 0.000871018 0.000870325 6.93e-07
75 Citeseer_A.txt 0.000864793 0.000863982 8.11e-07
76 Citeseer_A.txt 0.000862204 0.000861489 7.15e-07
77 Citeseer_A.txt 0.000846915 0.000846111 8.04e-07
78 Citeseer_A.txt 0.00085699 0.000856244 7.46e-07
79 Citeseer_A.txt 0.000866455 0.000865768 6.87e-07
80 Citeseer_A.txt 0.000772061 0.000771492 5.69e-07
81 Citeseer_A.txt 0.00076698 0.00076617 8.1e-07
82 Citeseer_A.txt 0.00076977 0.000768697 1.073e-06
83 Citeseer_A.txt 0.000763176 0.000762464 7.12e-07
84 Citeseer_A.txt 0.000777097 0.000776412 6.85e-07
85 Citeseer_A.txt 0.000772154 0.000771493 6.61e-07
86 Citeseer_A.txt 0.000774668 0.000773692 9.76e-07
87 Citeseer_A.txt 0.00076841 0.000767732 6.78e-07
88 Citeseer_A.txt 0.000773621 0.000773053 5.68e-07
89 Citeseer_A.txt 0.000768679 0.000767967 7.12e-07
90 Citeseer_A.txt 0.000771087 0.000770514 5.73e-07
91 Citeseer_A.txt 0.00076475 0.000763972 7.78e-07
92 Citeseer_A.txt 0.000775482 0.000774771 7.11e-07
93 Citeseer_A.txt 0.000770851 0.00077006 7.91e-07
94 Citeseer_A.txt 0.000776338 0.000775289 1.049e-06
95 Citeseer_A.txt 0.000770179 0.000769457 7.22e-07
96 Citeseer_A.txt 0.000834148 0.000833199 9.49e-07
97 Citeseer_A.txt 0.000831353 0.000830573 7.8e-07
98 Citeseer_A.txt 0.000834481 0.000833867 6.14e-07
99 Citeseer_A.txt 0.00082765 0.00082694 7.1e-07
100 Citeseer_A.txt 0.000845178 0.000844582 5.96e-07
101 Citeseer_A.txt 0.000843528 0.000842937 5.91e-07
102 Citeseer_A.txt 0.000844262 0.000843682 5.8e-07
103 Citeseer_A.txt 0.000831805 0.000831119 6.86e-07
104 Citeseer_A.txt 0.000829982 0.000829378 6.04e-07
105 Citeseer_A.txt 0.00082558 0.000824741 8.39e-07
106 Citeseer_A.txt 0.000850613 0.000849971 6.42e-07
107 Citeseer_A.txt 0.000836527 0.0008357 8.27e-07
108 Citeseer_A.txt 0.000838167 0.000837185 9.82e-07
109 Citeseer_A.txt 0.000833764 0.000832999 7.65e-07
110 Citeseer_A.txt 0.000834567 0.000833636 9.31e-07
111 Citeseer_A.txt 0.00082695 0.000826104 8.46e-07
112 Citeseer_A.txt 0.000858739 0.000858068 6.71e-07
113 Citeseer_A.txt 0.000854918 0.000853987 9.31e-07
114 Citeseer_A.txt 0.000863381 0.000862795 5.86e-07
115 Citeseer_A.txt 0.000856196 0.000855444 7.52e-07
116 Citeseer_A.txt 0.000854911 0.000854319 5.92e-07
117 Citeseer_A.txt 0.000851974 0.000851295 6.79e-07
118 Citeseer_A.txt 0.000858666 0.000857856 8.1e-07
119 Citeseer_A.txt 0.000853032 0.000852148 8.84e-07
120 Citeseer_A.txt 0.000837225 0.000836578 6.47e-07
121 Citeseer_A.txt 0.0008345 0.000833765 7.35e-07
122 Citeseer_A.txt 0.000843629 0.000843068 5.61e-07
123 Citeseer_A.txt 0.000847996 0.000847291 7.05e-07
124 Citeseer_A.txt 0.000848119 0.000847372 7.47e-07
125 Citeseer_A.txt 0.000845056 0.000843931 1.125e-06
126 Citeseer_A.txt 0.000851993 0.000851377 6.16e-07
127 Citeseer_A.txt 0.000842934 0.000842287 6.47e-07
128 Citeseer_A.txt 0.000772751 0.000771924 8.27e-07
129 Citeseer_A.txt 0.000765722 0.000764885 8.37e-07
130 Citeseer_A.txt 0.000772997 0.000772464 5.33e-07
131 Citeseer_A.txt 0.00076653 0.000765722 8.08e-07
132 Citeseer_A.txt 0.00077303 0.000772434 5.96e-07
133 Citeseer_A.txt 0.000767747 0.000767036 7.11e-07
134 Citeseer_A.txt 0.000773438 0.000772548 8.9e-07
135 Citeseer_A.txt 0.000767357 0.000766466 8.91e-07
136 Citeseer_A.txt 0.000769089 0.000768466 6.23e-07
137 Citeseer_A.txt 0.000765569 0.000764769 8e-07
138 Citeseer_A.txt 0.000775948 0.000775275 6.73e-07
139 Citeseer_A.txt 0.00077542 0.000774855 5.65e-07
140 Citeseer_A.txt 0.000774181 0.000773456 7.25e-07
141 Citeseer_A.txt 0.000773129 0.000772353 7.76e-07
142 Citeseer_A.txt 0.000777676 0.000777101 5.75e-07
143 Citeseer_A.txt 0.000772981 0.000772231 7.5e-07
144 Citeseer_A.txt 0.000828592 0.000827668 9.24e-07
145 Citeseer_A.txt 0.000826153 0.000825346 8.07e-07
146 Citeseer_A.txt 0.000833661 0.00083303 6.31e-07
147 Citeseer_A.txt 0.000827894 0.000827253 6.41e-07
148 Citeseer_A.txt 0.000830633 0.000829834 7.99e-07
149 Citeseer_A.txt 0.000827206 0.000826182 1.024e-06
150 Citeseer_A.txt 0.000832802 0.000832165 6.37e-07
151 Citeseer_A.txt 0.00082637 0.000825568 8.02e-07
152 Citeseer_A.txt 0.000843108 0.000842149 9.59e-07
153 Citeseer_A.txt 0.000834895 0.000833967 9.28e-07
154 Citeseer_A.txt 0.000847454 0.000846793 6.61e-07
155 Citeseer_A.txt 0.000839631 0.000838824 8.07e-07
156 Citeseer_A.txt 0.000846485 0.000845819 6.66e-07
157 Citeseer_A.txt 0.000840801 0.000839966 8.35e-07
158 Citeseer_A.txt 0.000856117 0.0008555 6.17e-07
159 Citeseer_A.txt 0.000851996 0.000851191 8.05e-07
160 Citeseer_A.txt 0.000860151 0.000859454 6.97e-07
161 Citeseer_A.txt 0.000856694 0.000855992 7.02e-07
162 Citeseer_A.txt 0.000864856 0.000864095 7.61e-07
163 Citeseer_A.txt 0.000858435 0.00085756 8.75e-07
164 Citeseer_A.txt 0.0008587 0.000858005 6.95e-07
165 Citeseer_A.txt 0.000854352 0.000853523 8.29e-07
166 Citeseer_A.txt 0.000859888 0.000858821 1.067e-06
167 Citeseer_A.txt 0.000853623 0.000852698 9.25e-07
168 Citeseer_A.txt 0.000851598 0.000850547 1.051e-06
169 Citeseer_A.txt 0.000839558 0.000838655 9.03e-07
170 Citeseer_A.txt 0.000842337 0.000841402 9.35e-07
171 Citeseer_A.txt 0.000836122 0.000835231 8.91e-07
172 Citeseer_A.txt 0.00084704 0.000846225 8.15e-07
173 Citeseer_A.txt 0.000842381 0.00084153 8.51e-07
174 Citeseer_A.txt 0.000849006 0.000848323 6.83e-07
175 Citeseer_A.txt 0.000845385 0.000844803 5.82e-07
176 Citeseer_A.txt 0.000775707 0.000774782 9.25e-07
177 Citeseer_A.txt 0.000770725 0.000770076 6.49e-07
178 Citeseer_A.txt 0.000780964 0.000780154 8.1e-07
179 Citeseer_A.txt 0.000772198 0.000771479 7.19e-07
180 Citeseer_A.txt 0.000781464 0.000780345 1.119e-06
181 Citeseer_A.txt 0.000781726 0.000780908 8.18e-07
182 Citeseer_A.txt 0.000785342 0.00078431 1.032e-06
183 Citeseer_A.txt 0.00078153 0.000780831 6.99e-07
184 Citeseer_A.txt 0.000785122 0.00078401 1.112e-06
185 Citeseer_A.txt 0.000782509 0.000781341 1.168e-06
186 Citeseer_A.txt 0.000781402 0.000780316 1.086e-06
187 Citeseer_A.txt 0.000774316 0.000773414 9.02e-07
188 Citeseer_A.txt 0.000781471 0.000780705 7.66e-07
189 Citeseer_A.txt 0.000776035 0.000775305 7.3e-07
190 Citeseer_A.txt 0.00078337 0.000782777 5.93e-07
191 Citeseer_A.txt 0.000783734 0.00078265 1.084e-06
192 Citeseer_A.txt 0.000824484 0.000823444 1.04e-06
193 Citeseer_A.txt 0.000826186 0.000825152 1.034e-06
194 Citeseer_A.txt 0.000851915 0.000851116 7.99e-07
195 Citeseer_A.txt 0.000821196 0.000820316 8.8e-07
196 Citeseer_A.txt 0.00082651 0.000825469 1.041e-06
197 Citeseer_A.txt 0.000821855 0.000820877 9.78e-07
198 Citeseer_A.txt 0.000829495 0.000828528 9.67e-07
199 Citeseer_A.txt 0.000832059 0.00083086 1.199e-06
200 Citeseer_A.txt 0.00082807 0.000826971 1.099e-06
201 Citeseer_A.txt 0.000825864 0.000825065 7.99e-07
202 Citeseer_A.txt 0.000831821 0.000830839 9.82e-07
203 Citeseer_A.txt 0.000826044 0.000825174 8.7e-07
204 Citeseer_A.txt 0.000846824 0.000846045 7.79e-07
205 Citeseer_A.txt 0.000844224 0.000843378 8.46e-07
206 Citeseer_A.txt 0.000834358 0.000833579 7.79e-07
207 Citeseer_A.txt 0.000828261 0.000827421 8.4e-07
208 Citeseer_A.txt 0.000860543 0.000859445 1.098e-06
209 Citeseer_A.txt 0.000858581 0.000857793 7.88e-07
210 Citeseer_A.txt 0.000863532 0.000862449 1.083e-06
211 Citeseer_A.txt 0.000859073 0.000858225 8.48e-07
212 Citeseer_A.txt 0.00085923 0.000858322 9.08e-07
213 Citeseer_A.txt 0.000859996 0.000859185 8.11e-07
214 Citeseer_A.txt 0.000858455 0.000857714 7.41e-07
215 Citeseer_A.txt 0.00086585 0.000865013 8.37e-07
216 Citeseer_A.txt 0.000872194 0.000871563 6.31e-07
217 Citeseer_A.txt 0.000832848 0.000831813 1.035e-06
218 Citeseer_A.txt 0.000857341 0.000856318 1.023e-06
219 Citeseer_A.txt 0.000832116 0.000831303 8.13e-07
220 Citeseer_A.txt 0.000874308 0.000873397 9.11e-07
221 Citeseer_A.txt 0.000833612 0.000832813 7.99e-07
222 Citeseer_A.txt 0.000847517 0.000846681 8.36e-07
223 Citeseer_A.txt 0.000844598 0.000843813 7.85e-07
224 Citeseer_A.txt 0.000780044 0.000779204 8.4e-07
225 Citeseer_A.txt 0.000765832 0.00076508 7.52e-07
226 Citeseer_A.txt 0.000779453 0.000778552 9.01e-07
227 Citeseer_A.txt 0.000781042 0.000780275 7.67e-07
228 Citeseer_A.txt 0.000781342 0.000780124 1.218e-06
229 Citeseer_A.txt 0.000768513 0.000767687 8.26e-07
230 Citeseer_A.txt 0.000779238 0.000778244 9.94e-07
231 Citeseer_A.txt 0.000777461 0.000776603 8.58e-07
232 Citeseer_A.txt 0.000780099 0.000779049 1.05e-06
233 Citeseer_A.txt 0.000765404 0.000764401 1.003e-06
234 Citeseer_A.txt 0.000778786 0.00077772 1.066e-06
235 Citeseer_A.txt 0.00076819 0.000767422 7.68e-07
236 Citeseer_A.txt 0.000778205 0.00077706 1.145e-06
237 Citeseer_A.txt 0.000777115 0.000776298 8.17e-07
238 Citeseer_A.txt 0.000779128 0.000778182 9.46e-07
239 Citeseer_A.txt 0.000774292 0.000773193 1.099e-06
240 Citeseer_A.txt 0.00083261 0.000831194 1.416e-06
241 Citeseer_A.txt 0.000828649 0.000827616 1.033e-06
242 Citeseer_A.txt 0.000844183 0.000843135 1.048e-06
243 Citeseer_A.txt 0.000875158 0.000874335 8.23e-07
244 Citeseer_A.txt 0.000849216 0.000848524 6.92e-07
245 Citeseer_A.txt 0.000859302 0.00085866 6.42e-07
246 Citeseer_A.txt 0.000844487 0.000843524 9.63e-07
247 Citeseer_A.txt 0.000834947 0.000833713 1.234e-06
248 Citeseer_A.txt 0.000839222 0.000838215 1.007e-06
249 Citeseer_A.txt 0.000835531 0.000834546 9.85e-07
250 Citeseer_A.txt 0.000878779 0.000878029 7.5e-07
251 Citeseer_A.txt 0.000843903 0.0008429 1.003e-06
252 Citeseer_A.txt 0.00086818 0.000867209 9.71e-07
253 Citeseer_A.txt 0.000843776 0.000842952 8.24e-07
254 Citeseer_A.txt 0.000847153 0.000846187 9.66e-07
255 Citeseer_A.txt 0.000837015 0.000836368 6.47e-07
256 Citeseer_A.txt 0.000877715 0.000876806 9.09e-07
257 Citeseer_A.txt 0.000879987 0.000879187 8e-07
258 Citeseer_A.txt 0.000875293 0.000874326 9.67e-07
259 Citeseer_A.txt 0.000867874 0.00086676 1.114e-06
260 Citeseer_A.txt 0.000870718 0.000869736 9.82e-07
261 Citeseer_A.txt 0.000862145 0.00086104 1.105e-06
262 Citeseer_A.txt 0.000879137 0.000878127 1.01e-06
263 Citeseer_A.txt 0.000861474 0.00086043 1.044e-06
264 Citeseer_A.txt 0.000846742 0.000845781 9.61e-07
265 Citeseer_A.txt 0.000849732 0.000848701 1.031e-06
266 Citeseer_A.txt 0.000850537 0.00084955 9.87e-07
267 Citeseer_A.txt 0.000840809 0.000839668 1.141e-06
268 Citeseer_A.txt 0.000886447 0.000885359 1.088e-06
269 Citeseer_A.txt 0.000850343 0.00084935 9.93e-07
270 Citeseer_A.txt 0.000882985 0.00088217 8.15e-07
271 Citeseer_A.txt 0.000879408 0.000878653 7.55e-07
272 Citeseer_A.txt 0.00078726 0.000786308 9.52e-07
273 Citeseer_A.txt 0.000783417 0.00078231 1.107e-06
274 Citeseer_A.txt 0.000786466 0.000785319 1.147e-06
275 Citeseer_A.txt 0.000780055 0.000779293 7.62e-07
276 Citeseer_A.txt 0.000778467 0.000777534 9.33e-07
277 Citeseer_A.txt 0.000774485 0.000773607 8.78e-07
278 Citeseer_A.txt 0.000780086 0.000779441 6.45e-07
279 Citeseer_A.txt 0.000774499 0.000773541 9.58e-07
280 Citeseer_A.txt 0.000779541 0.000778731 8.1e-07
281 Citeseer_A.txt 0.000778799 0.000777751 1.048e-06
282 Citeseer_A.txt 0.000781576 0.000780711 8.65e-07
283 Citeseer_A.txt 0.000776583 0.000775588 9.95e-07
284 Citeseer_A.txt 0.000784687 0.000783738 9.49e-07
285 Citeseer_A.txt 0.000781167 0.000780099 1.068e-06
286 Citeseer_A.txt 0.000782399 0.000781342 1.057e-06
287 Citeseer_A.txt 0.00077705 0.00077602 1.03e-06
288 Citeseer_A.txt 0.00080081 0.00079975 1.06e-06
289 Citeseer_A.txt 0.000799084 0.000797135 1.949e-06
290 Citeseer_A.txt 0.000810515 0.00080944 1.075e-06
291 Citeseer_A.txt 0.000803464 0.000802415 1.049e-06
292 Citeseer_A.txt 0.000819697 0.000818667 1.03e-06
293 Citeseer_A.txt 0.000814207 0.000812999 1.208e-06
294 Citeseer_A.txt 0.000816605 0.000815513 1.092e-06
295 Citeseer_A.txt 0.000809124 0.000807887 1.237e-06
296 Citeseer_A.txt 0.000855674 0.000853542 2.132e-06
297 Citeseer_A.txt 0.000855106 0.00085398 1.126e-06
298 Citeseer_A.txt 0.00081181 0.000810937 8.73e-07
299 Citeseer_A.txt 0.000806472 0.000805512 9.6e-07
300 Citeseer_A.txt 0.000814265 0.000813487 7.78e-07
301 Citeseer_A.txt 0.000810173 0.00080925 9.23e-07
302 Citeseer_A.txt 0.000812479 0.000811599 8.8e-07
303 Citeseer_A.txt 0.000805283 0.000804308 9.75e-07
304 Citeseer_A.txt 0.000841199 0.000840197 1.002e-06
305 Citeseer_A.txt 0.000855728 0.000854767 9.61e-07
306 Citeseer_A.txt 0.000853065 0.000852403 6.62e-07
307 Citeseer_A.txt 0.000856241 0.000855151 1.09e-06
308 Citeseer_A.txt 0.000853512 0.000852805 7.07e-07
309 Citeseer_A.txt 0.000843706 0.000842863 8.43e-07
310 Citeseer_A.txt 0.00083949 0.000838742 7.48e-07
311 Citeseer_A.txt 0.000829359 0.000828335 1.024e-06
312 Citeseer_A.txt 0.000826887 0.000825676 1.211e-06
313 Citeseer_A.txt 0.000821565 0.000820377 1.188e-06
314 Citeseer_A.txt 0.000852035 0.000851057 9.78e-07
315 Citeseer_A.txt 0.000822975 0.000821832 1.143e-06
316 Citeseer_A.txt 0.000834763 0.000833915 8.48e-07
317 Citeseer_A.txt 0.000824491 0.000823608 8.83e-07
318 Citeseer_A.txt 0.000837739 0.000836756 9.83e-07
319 Citeseer_A.txt 0.000823997 0.000822721 1.276e-06
320 Citeseer_A.txt 0.000748886 0.000748028 8.58e-07
321 Citeseer_A.txt 0.000743965 0.000743253 7.12e-07
322 Citeseer_A.txt 0.000750792 0.000749857 9.35e-07
323 Citeseer_A.txt 0.000746869 0.00074502 1.849e-06
324 Citeseer_A.txt 0.000746333 0.000744923 1.41e-06
325 Citeseer_A.txt 0.000743838 0.000742955 8.83e-07
326 Citeseer_A.txt 0.000749918 0.000748896 1.022e-06
327 Citeseer_A.txt 0.000740031 0.000739202 8.29e-07
328 Citeseer_A.txt 0.000751362 0.000750604 7.58e-07
329 Citeseer_A.txt 0.00074936 0.000748337 1.023e-06
330 Citeseer_A.txt 0.000753707 0.00075293 7.77e-07
331 Citeseer_A.txt 0.000748461 0.000747334 1.127e-06
332 Citeseer_A.txt 0.000743817 0.000742921 8.96e-07
333 Citeseer_A.txt 0.000748566 0.0007473 1.266e-06
334 Citeseer_A.txt 0.000743807 0.00074302 7.87e-07
335 Citeseer_A.txt 0.000739366 0.000738383 9.83e-07
336 Citeseer_A.txt 0.000843212 0.000841929 1.283e-06
337 Citeseer_A.txt 0.00084035 0.000839368 9.82e-07
338 Citeseer_A.txt 0.000845791 0.00084431 1.481e-06
339 Citeseer_A.txt 0.000839162 0.000838058 1.104e-06
340 Citeseer_A.txt 0.000854278 0.000853322 9.56e-07
341 Citeseer_A.txt 0.000849169 0.000847816 1.353e-06
342 Citeseer_A.txt 0.000862287 0.000861163 1.124e-06
343 Citeseer_A.txt 0.000855293 0.000854279 1.014e-06
344 Citeseer_A.txt 0.000838928 0.000838167 7.61e-07
345 Citeseer_A.txt 0.000836162 0.000834864 1.298e-06
346 Citeseer_A.txt 0.0008401 0.000839076 1.024e-06
347 Citeseer_A.txt 0.00083545 0.000834381 1.069e-06
348 Citeseer_A.txt 0.000854508 0.000853578 9.3e-07
349 Citeseer_A.txt 0.000848169 0.000847288 8.81e-07
350 Citeseer_A.txt 0.000839625 0.000838746 8.79e-07
351 Citeseer_A.txt 0.000834524 0.000832948 1.576e-06
352 Citeseer_A.txt 0.000868162 0.000866677 1.485e-06
353 Citeseer_A.txt 0.000863386 0.00086242 9.66e-07
354 Citeseer_A.txt 0.000870078 0.000869092 9.86e-07
355 Citeseer_A.txt 0.000863677 0.000862655 1.022e-06
356 Citeseer_A.txt 0.00086555 0.000864672 8.78e-07
357 Citeseer_A.txt 0.00086224 0.000861105 1.135e-06
358 Citeseer_A.txt 0.000868508 0.000867832 6.76e-07
359 Citeseer_A.txt 0.00086239 0.000861122 1.268e-06
360 Citeseer_A.txt 0.000850788 0.00084975 1.038e-06
361 Citeseer_A.txt 0.00084571 0.000845027 6.83e-07
362 Citeseer_A.txt 0.000848481 0.00084776 7.21e-07
363 Citeseer_A.txt 0.00084066 0.000840136 5.24e-07
364 Citeseer_A.txt 0.00085327 0.000852289 9.81e-07
365 Citeseer_A.txt 0.000847469 0.000846459 1.01e-06
366 Citeseer_A.txt 0.000857124 0.00085625 8.74e-07
367 Citeseer_A.txt 0.000850032 0.000848875 1.157e-06
368 Citeseer_A.txt 0.000787999 0.000786897 1.102e-06
369 Citeseer_A.txt 0.000776564 0.000775626 9.38e-07
370 Citeseer_A.txt 0.000788507 0.000787484 1.023e-06
371 Citeseer_A.txt 0.000780662 0.000779719 9.43e-07
372 Citeseer_A.txt 0.000794501 0.000793491 1.01e-06
373 Citeseer_A.txt 0.000780123 0.000779361 7.62e-07
374 Citeseer_A.txt 0.00079245 0.000791593 8.57e-07
375 Citeseer_A.txt 0.000787414 0.000786143 1.271e-06
376 Citeseer_A.txt 0.00078672 0.000785658 1.062e-06
377 Citeseer_A.txt 0.000772873 0.000771651 1.222e-06
378 Citeseer_A.txt 0.000780739 0.000779643 1.096e-06
379 Citeseer_A.txt 0.000772391 0.000771347 1.044e-06
380 Citeseer_A.txt 0.000791878 0.000790648 1.23e-06
381 Citeseer_A.txt 0.000782404 0.000781393 1.011e-06
382 Citeseer_A.txt 0.000793188 0.00079183 1.358e-06
383 Citeseer_A.txt 0.000789472 0.00077427 1.5202e-05
TACC:  Shutdown complete. Exiting. 
