TACC:  Starting up job 10024561 
TACC:  Starting parallel tasks... 
0 Reddit_feat_L2.txt 0.00240226 0.00194113 0.000461133
1 Reddit_feat_L2.txt 0.00143849 0.00097368 0.000464808
2 Reddit_feat_L2.txt 0.00246114 0.00204193 0.000419206
3 Reddit_feat_L2.txt 0.00166339 0.00128035 0.000383049
4 Reddit_feat_L2.txt 0.00258615 0.00205587 0.000530279
5 Reddit_feat_L2.txt 0.00124444 0.000962982 0.00028146
6 Reddit_feat_L2.txt 0.00254444 0.00220093 0.000343508
7 Reddit_feat_L2.txt 0.00157407 0.00125443 0.000319643
8 Reddit_feat_L2.txt 0.00242726 0.00206125 0.000366011
9 Reddit_feat_L2.txt 0.00155985 0.00099072 0.000569131
10 Reddit_feat_L2.txt 0.00250213 0.00205937 0.000442764
11 Reddit_feat_L2.txt 0.00157043 0.00129576 0.000274669
12 Reddit_feat_L2.txt 0.00218553 0.00198754 0.000197988
13 Reddit_feat_L2.txt 0.00150957 0.000934125 0.000575446
14 Reddit_feat_L2.txt 0.00303578 0.00242422 0.000611556
15 Reddit_feat_L2.txt 0.00187406 0.00126433 0.000609737
16 Reddit_feat_L2.txt 0.00265881 0.00212009 0.000538722
17 Reddit_feat_L2.txt 0.00116166 0.000972909 0.000188755
18 Reddit_feat_L2.txt 0.00269846 0.00237415 0.000324312
19 Reddit_feat_L2.txt 0.00191429 0.00138899 0.000525298
20 Reddit_feat_L2.txt 0.00293632 0.0023302 0.000606127
21 Reddit_feat_L2.txt 0.00152471 0.000922215 0.00060249
22 Reddit_feat_L2.txt 0.0027755 0.00216792 0.00060758
23 Reddit_feat_L2.txt 0.00187563 0.00126467 0.000610961
24 Reddit_feat_L2.txt 0.00279892 0.00219563 0.000603284
25 Reddit_feat_L2.txt 0.00128505 0.000912774 0.000372278
26 Reddit_feat_L2.txt 0.00245416 0.00219924 0.000254925
27 Reddit_feat_L2.txt 0.00175679 0.00129883 0.000457955
28 Reddit_feat_L2.txt 0.00234138 0.00215046 0.000190923
29 Reddit_feat_L2.txt 0.0015098 0.000934613 0.000575191
30 Reddit_feat_L2.txt 0.00276681 0.00219894 0.000567871
31 Reddit_feat_L2.txt 0.00160801 0.00140811 0.000199901
32 Reddit_feat_L2.txt 0.00219242 0.00199291 0.000199505
33 Reddit_feat_L2.txt 0.00118502 0.00100453 0.000180493
34 Reddit_feat_L2.txt 0.00240163 0.00219815 0.000203484
35 Reddit_feat_L2.txt 0.00145565 0.00130464 0.000151013
36 Reddit_feat_L2.txt 0.00236641 0.00219975 0.00016666
37 Reddit_feat_L2.txt 0.00119086 0.00110202 8.8837e-05
38 Reddit_feat_L2.txt 0.00251952 0.00230049 0.000219031
39 Reddit_feat_L2.txt 0.00174848 0.00132487 0.000423612
40 Reddit_feat_L2.txt 0.00240258 0.00219317 0.000209415
41 Reddit_feat_L2.txt 0.00116604 0.00100256 0.000163478
42 Reddit_feat_L2.txt 0.00239875 0.00216279 0.000235965
43 Reddit_feat_L2.txt 0.00143285 0.00129814 0.000134708
44 Reddit_feat_L2.txt 0.00234028 0.00218223 0.000158047
45 Reddit_feat_L2.txt 0.00114875 0.000965729 0.000183017
46 Reddit_feat_L2.txt 0.00318137 0.00273198 0.000449392
47 Reddit_feat_L2.txt 0.00195828 0.00135517 0.000603114
48 Reddit_feat_L2.txt 0.00299206 0.00239822 0.000593846
49 Reddit_feat_L2.txt 0.0015752 0.00101737 0.000557829
50 Reddit_feat_L2.txt 0.00303829 0.00242571 0.000612579
51 Reddit_feat_L2.txt 0.00191877 0.00136337 0.0005554
52 Reddit_feat_L2.txt 0.00264027 0.00238849 0.000251777
53 Reddit_feat_L2.txt 0.00121662 0.000927717 0.000288899
54 Reddit_feat_L2.txt 0.00269784 0.0025161 0.000181747
55 Reddit_feat_L2.txt 0.00155689 0.00137542 0.000181468
56 Reddit_feat_L2.txt 0.00263137 0.00244516 0.00018621
57 Reddit_feat_L2.txt 0.00122291 0.00104633 0.000176577
58 Reddit_feat_L2.txt 0.00257643 0.00241054 0.000165895
59 Reddit_feat_L2.txt 0.00150861 0.0013296 0.00017901
60 Reddit_feat_L2.txt 0.00248219 0.00233527 0.000146921
61 Reddit_feat_L2.txt 0.00120809 0.00101927 0.00018882
62 Reddit_feat_L2.txt 0.00255838 0.00241947 0.000138914
63 Reddit_feat_L2.txt 0.00136663 0.00123891 0.000127717
64 Reddit_feat_L2.txt 0.00207566 0.00193604 0.000139617
65 Reddit_feat_L2.txt 0.00117778 0.00102563 0.000152159
66 Reddit_feat_L2.txt 0.00227387 0.00210935 0.000164513
67 Reddit_feat_L2.txt 0.00143905 0.00131863 0.000120419
68 Reddit_feat_L2.txt 0.00220107 0.00205099 0.000150083
69 Reddit_feat_L2.txt 0.00114468 0.000964732 0.000179947
70 Reddit_feat_L2.txt 0.00235073 0.00212718 0.000223556
71 Reddit_feat_L2.txt 0.00148134 0.00129994 0.000181398
72 Reddit_feat_L2.txt 0.0022121 0.00209075 0.000121347
73 Reddit_feat_L2.txt 0.00111759 0.0009779 0.000139685
74 Reddit_feat_L2.txt 0.00225235 0.0021084 0.000143942
75 Reddit_feat_L2.txt 0.00142662 0.00126067 0.000165946
76 Reddit_feat_L2.txt 0.00204998 0.00195004 9.9937e-05
77 Reddit_feat_L2.txt 0.00110741 0.000991306 0.0001161
78 Reddit_feat_L2.txt 0.00258892 0.00246456 0.000124358
79 Reddit_feat_L2.txt 0.00136954 0.00123772 0.00013182
80 Reddit_feat_L2.txt 0.00230176 0.00219687 0.000104892
81 Reddit_feat_L2.txt 0.001233 0.00103966 0.000193348
82 Reddit_feat_L2.txt 0.0024557 0.00230156 0.000154138
83 Reddit_feat_L2.txt 0.00152278 0.00137125 0.00015153
84 Reddit_feat_L2.txt 0.00247684 0.00232866 0.00014818
85 Reddit_feat_L2.txt 0.00112191 0.000968831 0.000153081
86 Reddit_feat_L2.txt 0.00237659 0.00221757 0.000159022
87 Reddit_feat_L2.txt 0.00137174 0.00125331 0.000118435
88 Reddit_feat_L2.txt 0.00226909 0.00217215 9.694e-05
89 Reddit_feat_L2.txt 0.00121128 0.00102263 0.000188655
90 Reddit_feat_L2.txt 0.00253234 0.00224425 0.000288089
91 Reddit_feat_L2.txt 0.00134198 0.001203 0.000138974
92 Reddit_feat_L2.txt 0.00227251 0.00215044 0.000122065
93 Reddit_feat_L2.txt 0.00101946 0.000889701 0.000129754
94 Reddit_feat_L2.txt 0.00232198 0.00219178 0.000130205
95 Reddit_feat_L2.txt 0.0014581 0.00124502 0.000213088
96 Reddit_feat_L2.txt 0.00219769 0.00201482 0.000182871
97 Reddit_feat_L2.txt 0.00117124 0.0010394 0.000131835
98 Reddit_feat_L2.txt 0.00244312 0.00225609 0.000187035
99 Reddit_feat_L2.txt 0.00156119 0.00135083 0.000210365
100 Reddit_feat_L2.txt 0.00239679 0.00220732 0.000189469
101 Reddit_feat_L2.txt 0.00113243 0.000943891 0.00018854
102 Reddit_feat_L2.txt 0.0023067 0.00220204 0.000104666
103 Reddit_feat_L2.txt 0.00147496 0.00129534 0.000179626
104 Reddit_feat_L2.txt 0.00232655 0.00222825 9.8293e-05
105 Reddit_feat_L2.txt 0.00110889 0.000973147 0.000135746
106 Reddit_feat_L2.txt 0.00220261 0.00211091 9.1703e-05
107 Reddit_feat_L2.txt 0.00137175 0.00125568 0.000116072
108 Reddit_feat_L2.txt 0.00227394 0.00220223 7.1711e-05
109 Reddit_feat_L2.txt 0.00107575 0.000943487 0.000132261
110 Reddit_feat_L2.txt 0.00253978 0.00244837 9.1415e-05
111 Reddit_feat_L2.txt 0.00138742 0.00130221 8.5216e-05
112 Reddit_feat_L2.txt 0.00248732 0.00229928 0.000188039
113 Reddit_feat_L2.txt 0.00113089 0.00101162 0.000119273
114 Reddit_feat_L2.txt 0.00250736 0.00242791 7.9449e-05
115 Reddit_feat_L2.txt 0.00146691 0.00135104 0.000115864
116 Reddit_feat_L2.txt 0.00238299 0.00228999 9.2998e-05
117 Reddit_feat_L2.txt 0.00112895 0.000996804 0.000132149
118 Reddit_feat_L2.txt 0.00279229 0.00265507 0.000137222
119 Reddit_feat_L2.txt 0.00151355 0.00134082 0.000172725
120 Reddit_feat_L2.txt 0.00241999 0.00232903 9.0959e-05
121 Reddit_feat_L2.txt 0.00118633 0.00100456 0.000181767
122 Reddit_feat_L2.txt 0.00246806 0.00236653 0.000101531
123 Reddit_feat_L2.txt 0.00139533 0.00126213 0.000133198
124 Reddit_feat_L2.txt 0.00247694 0.00237481 0.000102134
125 Reddit_feat_L2.txt 0.000991573 0.000917057 7.4516e-05
126 Reddit_feat_L2.txt 0.00249407 0.0023737 0.000120367
127 Reddit_feat_L2.txt 0.00133651 0.00124571 9.0797e-05
128 Reddit_feat_L2.txt 0.00206494 0.00194559 0.000119346
129 Reddit_feat_L2.txt 0.00110716 0.000982011 0.000125153
130 Reddit_feat_L2.txt 0.00214358 0.00202906 0.000114521
131 Reddit_feat_L2.txt 0.00138369 0.00128354 0.000100152
132 Reddit_feat_L2.txt 0.00212407 0.00198549 0.000138581
133 Reddit_feat_L2.txt 0.0011692 0.0010329 0.000136301
134 Reddit_feat_L2.txt 0.00238484 0.00218632 0.000198521
135 Reddit_feat_L2.txt 0.00141595 0.00126202 0.000153935
136 Reddit_feat_L2.txt 0.00213639 0.00199508 0.000141311
137 Reddit_feat_L2.txt 0.00110697 0.00101104 9.593e-05
138 Reddit_feat_L2.txt 0.00220308 0.00205527 0.000147809
139 Reddit_feat_L2.txt 0.00132034 0.00124083 7.9506e-05
140 Reddit_feat_L2.txt 0.00221092 0.00209554 0.000115383
141 Reddit_feat_L2.txt 0.00105429 0.000933933 0.00012036
142 Reddit_feat_L2.txt 0.00250658 0.00242733 7.9248e-05
143 Reddit_feat_L2.txt 0.00144516 0.0013187 0.000126463
144 Reddit_feat_L2.txt 0.00240233 0.00222651 0.000175826
145 Reddit_feat_L2.txt 0.00108299 0.000985198 9.7794e-05
146 Reddit_feat_L2.txt 0.00256169 0.00244589 0.000115802
147 Reddit_feat_L2.txt 0.0013743 0.00127144 0.000102861
148 Reddit_feat_L2.txt 0.0024845 0.00236764 0.000116856
149 Reddit_feat_L2.txt 0.00107214 0.000934506 0.000137634
150 Reddit_feat_L2.txt 0.00237414 0.00219347 0.000180672
151 Reddit_feat_L2.txt 0.00137079 0.00124742 0.000123367
152 Reddit_feat_L2.txt 0.00241462 0.00220939 0.000205227
153 Reddit_feat_L2.txt 0.00113952 0.000916599 0.000222918
154 Reddit_feat_L2.txt 0.00229455 0.00221083 8.3721e-05
155 Reddit_feat_L2.txt 0.00134203 0.00124845 9.3578e-05
156 Reddit_feat_L2.txt 0.00232593 0.00221133 0.0001146
157 Reddit_feat_L2.txt 0.00114768 0.000905411 0.000242272
158 Reddit_feat_L2.txt 0.00242635 0.00223663 0.000189719
159 Reddit_feat_L2.txt 0.00150924 0.00138777 0.000121468
160 Reddit_feat_L2.txt 0.0021737 0.00208658 8.7127e-05
161 Reddit_feat_L2.txt 0.00112333 0.00100591 0.000117423
162 Reddit_feat_L2.txt 0.00233315 0.0022522 8.0949e-05
163 Reddit_feat_L2.txt 0.00133107 0.00126145 6.9626e-05
164 Reddit_feat_L2.txt 0.00225191 0.00217019 8.1721e-05
165 Reddit_feat_L2.txt 0.00103976 0.000971855 6.7903e-05
166 Reddit_feat_L2.txt 0.00232871 0.00223791 9.0803e-05
167 Reddit_feat_L2.txt 0.00153246 0.00131892 0.000213539
168 Reddit_feat_L2.txt 0.00234618 0.00223491 0.00011127
169 Reddit_feat_L2.txt 0.00112757 0.00101161 0.000115958
170 Reddit_feat_L2.txt 0.0022843 0.00220512 7.9183e-05
171 Reddit_feat_L2.txt 0.00141122 0.00132283 8.8385e-05
172 Reddit_feat_L2.txt 0.00230536 0.00222992 7.5443e-05
173 Reddit_feat_L2.txt 0.00108017 0.00100743 7.274e-05
174 Reddit_feat_L2.txt 0.00286693 0.00278107 8.5858e-05
175 Reddit_feat_L2.txt 0.00156014 0.00132505 0.000235087
176 Reddit_feat_L2.txt 0.00246596 0.00234705 0.000118908
177 Reddit_feat_L2.txt 0.00108161 0.00101203 6.9579e-05
178 Reddit_feat_L2.txt 0.00270168 0.00236877 0.000332917
179 Reddit_feat_L2.txt 0.00141884 0.00128384 0.000134998
180 Reddit_feat_L2.txt 0.00245494 0.00234227 0.000112665
181 Reddit_feat_L2.txt 0.00122845 0.00101474 0.000213714
182 Reddit_feat_L2.txt 0.00275125 0.00262886 0.00012239
183 Reddit_feat_L2.txt 0.0014009 0.00133627 6.4625e-05
184 Reddit_feat_L2.txt 0.00252452 0.00241613 0.000108389
185 Reddit_feat_L2.txt 0.00105638 0.000997929 5.8454e-05
186 Reddit_feat_L2.txt 0.00254271 0.00247689 6.5825e-05
187 Reddit_feat_L2.txt 0.00143435 0.00132636 0.000107988
188 Reddit_feat_L2.txt 0.00271588 0.00248213 0.000233755
189 Reddit_feat_L2.txt 0.00109568 0.00100153 9.4151e-05
190 Reddit_feat_L2.txt 0.00256006 0.00246601 9.405e-05
191 Reddit_feat_L2.txt 0.00156044 0.00136115 0.000199292
192 Reddit_feat_L2.txt 0.00217123 0.00196696 0.000204278
193 Reddit_feat_L2.txt 0.00112799 0.0010135 0.000114486
194 Reddit_feat_L2.txt 0.00222891 0.00203678 0.000192128
195 Reddit_feat_L2.txt 0.0014207 0.00135444 6.626e-05
196 Reddit_feat_L2.txt 0.00228997 0.00204258 0.000247393
197 Reddit_feat_L2.txt 0.00110656 0.000990245 0.000116318
198 Reddit_feat_L2.txt 0.00239788 0.0022438 0.000154085
199 Reddit_feat_L2.txt 0.00139458 0.00131219 8.2383e-05
200 Reddit_feat_L2.txt 0.0021639 0.0020428 0.0001211
201 Reddit_feat_L2.txt 0.0010172 0.000938468 7.8727e-05
202 Reddit_feat_L2.txt 0.00213683 0.00206437 7.2454e-05
203 Reddit_feat_L2.txt 0.00145399 0.00136606 8.7938e-05
204 Reddit_feat_L2.txt 0.00214425 0.00205627 8.7979e-05
205 Reddit_feat_L2.txt 0.0011363 0.000979025 0.00015727
206 Reddit_feat_L2.txt 0.00276446 0.00249028 0.000274183
207 Reddit_feat_L2.txt 0.00141668 0.00127284 0.00014384
208 Reddit_feat_L2.txt 0.00231741 0.00216158 0.000155832
209 Reddit_feat_L2.txt 0.00121531 0.00102734 0.000187963
210 Reddit_feat_L2.txt 0.00259616 0.00241963 0.00017653
211 Reddit_feat_L2.txt 0.00152089 0.00135331 0.00016758
212 Reddit_feat_L2.txt 0.00246113 0.00236216 9.8963e-05
213 Reddit_feat_L2.txt 0.00111034 0.000985731 0.00012461
214 Reddit_feat_L2.txt 0.00234088 0.00224987 9.1012e-05
215 Reddit_feat_L2.txt 0.00139195 0.00130315 8.8802e-05
216 Reddit_feat_L2.txt 0.00230697 0.00220579 0.000101172
217 Reddit_feat_L2.txt 0.00112466 0.000992088 0.000132568
218 Reddit_feat_L2.txt 0.00232292 0.00224338 7.9545e-05
219 Reddit_feat_L2.txt 0.00145679 0.00132519 0.000131601
220 Reddit_feat_L2.txt 0.00240106 0.00222153 0.000179532
221 Reddit_feat_L2.txt 0.00104255 0.000976752 6.5794e-05
222 Reddit_feat_L2.txt 0.00229598 0.00221912 7.6861e-05
223 Reddit_feat_L2.txt 0.0013759 0.00131441 6.1489e-05
224 Reddit_feat_L2.txt 0.00233116 0.00207698 0.000254184
225 Reddit_feat_L2.txt 0.001191 0.000999146 0.000191855
226 Reddit_feat_L2.txt 0.00231794 0.00224657 7.1364e-05
227 Reddit_feat_L2.txt 0.00141455 0.00135089 6.3669e-05
228 Reddit_feat_L2.txt 0.00228076 0.00219999 8.0767e-05
229 Reddit_feat_L2.txt 0.00106088 0.000976017 8.486e-05
230 Reddit_feat_L2.txt 0.00231123 0.00224783 6.3405e-05
231 Reddit_feat_L2.txt 0.00141056 0.00124771 0.000162855
232 Reddit_feat_L2.txt 0.00231766 0.00220768 0.000109979
233 Reddit_feat_L2.txt 0.00104232 0.00096785 7.4473e-05
234 Reddit_feat_L2.txt 0.00228084 0.00218923 9.1606e-05
235 Reddit_feat_L2.txt 0.00137869 0.00128855 9.0144e-05
236 Reddit_feat_L2.txt 0.00223871 0.0021387 0.000100011
237 Reddit_feat_L2.txt 0.0011319 0.000982711 0.000149193
238 Reddit_feat_L2.txt 0.00253342 0.0024481 8.5316e-05
239 Reddit_feat_L2.txt 0.00141189 0.00130256 0.000109329
240 Reddit_feat_L2.txt 0.00248694 0.00240663 8.0306e-05
241 Reddit_feat_L2.txt 0.00097028 0.000883503 8.6777e-05
242 Reddit_feat_L2.txt 0.00254147 0.00232137 0.000220096
243 Reddit_feat_L2.txt 0.00147292 0.00133369 0.000139232
244 Reddit_feat_L2.txt 0.00234469 0.00225709 8.7601e-05
245 Reddit_feat_L2.txt 0.00109013 0.000964262 0.000125872
246 Reddit_feat_L2.txt 0.0027266 0.00266647 6.0129e-05
247 Reddit_feat_L2.txt 0.00134596 0.00128378 6.2178e-05
248 Reddit_feat_L2.txt 0.00249267 0.00239802 9.4652e-05
249 Reddit_feat_L2.txt 0.00114058 0.00102461 0.000115972
250 Reddit_feat_L2.txt 0.00244333 0.00233383 0.000109496
251 Reddit_feat_L2.txt 0.00140368 0.00131922 8.4456e-05
252 Reddit_feat_L2.txt 0.00256291 0.00241036 0.000152543
253 Reddit_feat_L2.txt 0.00100686 0.000913581 9.3274e-05
254 Reddit_feat_L2.txt 0.00254609 0.00247139 7.4696e-05
255 Reddit_feat_L2.txt 0.001436 0.00135974 7.6259e-05
256 Reddit_feat_L2.txt 0.00215146 0.00206223 8.923e-05
257 Reddit_feat_L2.txt 0.00103706 0.000949334 8.773e-05
258 Reddit_feat_L2.txt 0.00225343 0.00213813 0.000115301
259 Reddit_feat_L2.txt 0.00136685 0.001288 7.8843e-05
260 Reddit_feat_L2.txt 0.00220682 0.00211296 9.3867e-05
261 Reddit_feat_L2.txt 0.0012173 0.00106299 0.000154311
262 Reddit_feat_L2.txt 0.00224439 0.00217471 6.9681e-05
263 Reddit_feat_L2.txt 0.00139948 0.00132549 7.3987e-05
264 Reddit_feat_L2.txt 0.00237984 0.00202695 0.000352882
265 Reddit_feat_L2.txt 0.0010271 0.000964717 6.2386e-05
266 Reddit_feat_L2.txt 0.00229471 0.00221289 8.1812e-05
267 Reddit_feat_L2.txt 0.00139934 0.00129738 0.000101958
268 Reddit_feat_L2.txt 0.00205963 0.0019607 9.8932e-05
269 Reddit_feat_L2.txt 0.0010435 0.000967457 7.6042e-05
270 Reddit_feat_L2.txt 0.00257242 0.00244078 0.000131645
271 Reddit_feat_L2.txt 0.00161805 0.00137889 0.000239152
272 Reddit_feat_L2.txt 0.00225883 0.00215288 0.000105944
273 Reddit_feat_L2.txt 0.00104373 0.000968465 7.5268e-05
274 Reddit_feat_L2.txt 0.00245705 0.00238818 6.8872e-05
275 Reddit_feat_L2.txt 0.00156088 0.00138189 0.00017899
276 Reddit_feat_L2.txt 0.00239651 0.00225832 0.000138194
277 Reddit_feat_L2.txt 0.0011238 0.000967175 0.000156628
278 Reddit_feat_L2.txt 0.00228912 0.00216908 0.000120043
279 Reddit_feat_L2.txt 0.00150937 0.00132998 0.000179388
280 Reddit_feat_L2.txt 0.00228439 0.00220526 7.9128e-05
281 Reddit_feat_L2.txt 0.00100189 0.00090251 9.9379e-05
282 Reddit_feat_L2.txt 0.00229965 0.00223721 6.244e-05
283 Reddit_feat_L2.txt 0.00134071 0.00126225 7.8458e-05
284 Reddit_feat_L2.txt 0.00244458 0.00221164 0.000232936
285 Reddit_feat_L2.txt 0.00118455 0.000946814 0.000237732
286 Reddit_feat_L2.txt 0.00223805 0.00216349 7.4565e-05
287 Reddit_feat_L2.txt 0.00142076 0.00132807 9.269e-05
288 Reddit_feat_L2.txt 0.0021603 0.0020789 8.1396e-05
289 Reddit_feat_L2.txt 0.00100288 0.000933764 6.9115e-05
290 Reddit_feat_L2.txt 0.00234761 0.00226438 8.3223e-05
291 Reddit_feat_L2.txt 0.00139585 0.00130634 8.9517e-05
292 Reddit_feat_L2.txt 0.00223877 0.00217737 6.1394e-05
293 Reddit_feat_L2.txt 0.00105228 0.000943833 0.000108446
294 Reddit_feat_L2.txt 0.00227054 0.00216914 0.000101404
295 Reddit_feat_L2.txt 0.00143551 0.00135539 8.0116e-05
296 Reddit_feat_L2.txt 0.00223882 0.00216968 6.9139e-05
297 Reddit_feat_L2.txt 0.00116902 0.00106265 0.000106367
298 Reddit_feat_L2.txt 0.00223975 0.00212943 0.000110328
299 Reddit_feat_L2.txt 0.00138637 0.00129798 8.8387e-05
300 Reddit_feat_L2.txt 0.002279 0.00220908 6.9913e-05
301 Reddit_feat_L2.txt 0.0010985 0.00101474 8.3766e-05
302 Reddit_feat_L2.txt 0.00275757 0.00269806 5.9516e-05
303 Reddit_feat_L2.txt 0.00138009 0.00130341 7.6684e-05
304 Reddit_feat_L2.txt 0.00249422 0.00238679 0.000107424
305 Reddit_feat_L2.txt 0.000991732 0.00091105 8.0682e-05
306 Reddit_feat_L2.txt 0.00239965 0.00232833 7.1324e-05
307 Reddit_feat_L2.txt 0.0014578 0.0013491 0.000108692
308 Reddit_feat_L2.txt 0.00253021 0.0023689 0.000161309
309 Reddit_feat_L2.txt 0.00106019 0.000970453 8.9739e-05
310 Reddit_feat_L2.txt 0.00262326 0.00253531 8.7948e-05
311 Reddit_feat_L2.txt 0.00133385 0.00125221 8.1638e-05
312 Reddit_feat_L2.txt 0.00241324 0.00232235 9.0896e-05
313 Reddit_feat_L2.txt 0.00102634 0.000918807 0.000107535
314 Reddit_feat_L2.txt 0.00254942 0.00247287 7.6546e-05
315 Reddit_feat_L2.txt 0.00138537 0.00125826 0.000127104
316 Reddit_feat_L2.txt 0.00244625 0.00235701 8.9243e-05
317 Reddit_feat_L2.txt 0.00104028 0.000918347 0.000121932
318 Reddit_feat_L2.txt 0.00245481 0.00236787 8.6931e-05
319 Reddit_feat_L2.txt 0.00142492 0.00130004 0.000124885
320 Reddit_feat_L2.txt 0.00201457 0.00194885 6.572e-05
321 Reddit_feat_L2.txt 0.00101718 0.00095249 6.4686e-05
322 Reddit_feat_L2.txt 0.00210977 0.00202521 8.4559e-05
323 Reddit_feat_L2.txt 0.00140055 0.00127681 0.000123741
324 Reddit_feat_L2.txt 0.00211017 0.00202109 8.9088e-05
325 Reddit_feat_L2.txt 0.00112836 0.000991429 0.000136926
326 Reddit_feat_L2.txt 0.00225854 0.00217741 8.1127e-05
327 Reddit_feat_L2.txt 0.0013713 0.00129969 7.1611e-05
328 Reddit_feat_L2.txt 0.00217803 0.00208357 9.4463e-05
329 Reddit_feat_L2.txt 0.00114125 0.00107588 6.5362e-05
330 Reddit_feat_L2.txt 0.00231548 0.00209835 0.000217134
331 Reddit_feat_L2.txt 0.001695 0.00136298 0.000332021
332 Reddit_feat_L2.txt 0.00224624 0.00212571 0.00012053
333 Reddit_feat_L2.txt 0.00116179 0.001077 8.4784e-05
334 Reddit_feat_L2.txt 0.00256559 0.00248805 7.7536e-05
335 Reddit_feat_L2.txt 0.00131437 0.00125189 6.2479e-05
336 Reddit_feat_L2.txt 0.00229885 0.00213881 0.000160031
337 Reddit_feat_L2.txt 0.00111111 0.00104526 6.5844e-05
338 Reddit_feat_L2.txt 0.00254706 0.00247663 7.0429e-05
339 Reddit_feat_L2.txt 0.00141724 0.00135088 6.6355e-05
340 Reddit_feat_L2.txt 0.00247148 0.00238131 9.0168e-05
341 Reddit_feat_L2.txt 0.00109565 0.00100013 9.5525e-05
342 Reddit_feat_L2.txt 0.0023818 0.00228387 9.7931e-05
343 Reddit_feat_L2.txt 0.00139357 0.00130159 9.1982e-05
344 Reddit_feat_L2.txt 0.00231728 0.00222767 8.9616e-05
345 Reddit_feat_L2.txt 0.00115 0.00103697 0.000113028
346 Reddit_feat_L2.txt 0.0023738 0.0023 7.3791e-05
347 Reddit_feat_L2.txt 0.001433 0.00135256 8.0434e-05
348 Reddit_feat_L2.txt 0.00241827 0.00224514 0.000173126
349 Reddit_feat_L2.txt 0.00128579 0.00099636 0.000289429
350 Reddit_feat_L2.txt 0.00231932 0.00223674 8.2581e-05
351 Reddit_feat_L2.txt 0.00142491 0.00135979 6.5113e-05
352 Reddit_feat_L2.txt 0.00226211 0.00209154 0.00017057
353 Reddit_feat_L2.txt 0.00108899 0.00100966 7.9333e-05
354 Reddit_feat_L2.txt 0.00234463 0.00225615 8.8475e-05
355 Reddit_feat_L2.txt 0.00148226 0.00140322 7.9039e-05
356 Reddit_feat_L2.txt 0.00239963 0.00223365 0.000165977
357 Reddit_feat_L2.txt 0.00126676 0.000994782 0.000271975
358 Reddit_feat_L2.txt 0.00242226 0.00223696 0.000185291
359 Reddit_feat_L2.txt 0.00153191 0.00127141 0.000260502
360 Reddit_feat_L2.txt 0.0023198 0.00224725 7.2555e-05
361 Reddit_feat_L2.txt 0.00112799 0.00104918 7.8814e-05
362 Reddit_feat_L2.txt 0.00228489 0.0021496 0.000135293
363 Reddit_feat_L2.txt 0.00141785 0.0013382 7.9655e-05
364 Reddit_feat_L2.txt 0.00229186 0.00221443 7.7432e-05
365 Reddit_feat_L2.txt 0.0011187 0.00102752 9.1175e-05
366 Reddit_feat_L2.txt 0.00260116 0.00248016 0.000120997
367 Reddit_feat_L2.txt 0.00141615 0.00133703 7.9116e-05
368 Reddit_feat_L2.txt 0.00247398 0.00240115 7.2832e-05
369 Reddit_feat_L2.txt 0.00112931 0.00104159 8.7717e-05
370 Reddit_feat_L2.txt 0.00244792 0.00237579 7.2127e-05
371 Reddit_feat_L2.txt 0.00142782 0.00133626 9.1557e-05
372 Reddit_feat_L2.txt 0.0024965 0.00239302 0.00010348
373 Reddit_feat_L2.txt 0.00114356 0.00102598 0.00011758
374 Reddit_feat_L2.txt 0.00273296 0.00264884 8.4126e-05
375 Reddit_feat_L2.txt 0.00142247 0.00134236 8.0111e-05
376 Reddit_feat_L2.txt 0.00253534 0.00240905 0.000126285
377 Reddit_feat_L2.txt 0.00114488 0.00103936 0.000105528
378 Reddit_feat_L2.txt 0.00254434 0.00248572 5.8619e-05
379 Reddit_feat_L2.txt 0.0014141 0.00135195 6.2153e-05
380 Reddit_feat_L2.txt 0.00253758 0.00247246 6.5114e-05
381 Reddit_feat_L2.txt 0.00107383 0.00100433 6.9496e-05
382 Reddit_feat_L2.txt 0.00255245 0.00247706 7.5395e-05
383 Reddit_feat_L2.txt 0.00146148 0.00134305 0.000118432
0 Reddit_A.txt 0.0236042 0.023185 0.000419286
1 Reddit_A.txt 0.0239552 0.0232152 0.000740011
2 Reddit_A.txt 0.0241225 0.0232436 0.000878885
3 Reddit_A.txt 0.0243413 0.0232818 0.0010595
4 Reddit_A.txt 0.0248471 0.0233148 0.0015323
5 Reddit_A.txt 0.0242626 0.0233598 0.000902871
6 Reddit_A.txt 0.0245993 0.0233784 0.00122088
7 Reddit_A.txt 0.0247464 0.0234212 0.00132519
8 Reddit_A.txt 0.0254112 0.0234534 0.00195786
9 Reddit_A.txt 0.0261141 0.0234953 0.00261875
10 Reddit_A.txt 0.0254824 0.0235204 0.001962
11 Reddit_A.txt 0.0252057 0.0235439 0.00166176
12 Reddit_A.txt 0.0254649 0.023568 0.00189687
13 Reddit_A.txt 0.0278583 0.0235974 0.00426097
14 Reddit_A.txt 0.0273746 0.0236393 0.00373534
15 Reddit_A.txt 0.0280916 0.0236619 0.00442971
16 Reddit_A.txt 0.0270643 0.023693 0.00337131
17 Reddit_A.txt 0.0252722 0.0237236 0.00154861
18 Reddit_A.txt 0.0255941 0.0237656 0.00182854
19 Reddit_A.txt 0.0275576 0.0237878 0.00376986
20 Reddit_A.txt 0.0294291 0.02383 0.00559908
21 Reddit_A.txt 0.0299318 0.0238522 0.00607967
22 Reddit_A.txt 0.0305137 0.0238857 0.00662804
23 Reddit_A.txt 0.0303755 0.0239156 0.0064599
24 Reddit_A.txt 0.0299386 0.0239134 0.00602513
25 Reddit_A.txt 0.0275046 0.0238828 0.00362189
26 Reddit_A.txt 0.0266549 0.0238543 0.00280062
27 Reddit_A.txt 0.0283633 0.0238222 0.00454109
28 Reddit_A.txt 0.0262992 0.0237904 0.00250881
29 Reddit_A.txt 0.0302535 0.0237641 0.00648944
30 Reddit_A.txt 0.0299375 0.0237294 0.0062081
31 Reddit_A.txt 0.0268378 0.0237001 0.00313768
32 Reddit_A.txt 0.0272693 0.023673 0.00359635
33 Reddit_A.txt 0.02632 0.0236445 0.00267551
34 Reddit_A.txt 0.0266356 0.023609 0.00302657
35 Reddit_A.txt 0.0260029 0.0235742 0.00242869
36 Reddit_A.txt 0.0265525 0.0235525 0.00299996
37 Reddit_A.txt 0.0318722 0.0234999 0.00837225
38 Reddit_A.txt 0.0267542 0.0234755 0.00327868
39 Reddit_A.txt 0.0356172 0.0234344 0.0121828
40 Reddit_A.txt 0.0267408 0.0234162 0.00332459
41 Reddit_A.txt 0.0257094 0.023367 0.00234237
42 Reddit_A.txt 0.0275136 0.0233366 0.00417697
43 Reddit_A.txt 0.0267578 0.0233056 0.00345215
44 Reddit_A.txt 0.0267645 0.0232754 0.0034891
45 Reddit_A.txt 0.0275586 0.0232371 0.00432151
46 Reddit_A.txt 0.0295927 0.0232716 0.00632114
47 Reddit_A.txt 0.0302897 0.0233078 0.00698183
48 Reddit_A.txt 0.0306552 0.0233307 0.00732458
49 Reddit_A.txt 0.0305466 0.0233489 0.0071977
50 Reddit_A.txt 0.0314136 0.0233849 0.0080287
51 Reddit_A.txt 0.0311251 0.0234261 0.00769896
52 Reddit_A.txt 0.0300807 0.0234675 0.00661311
53 Reddit_A.txt 0.030195 0.0234984 0.0066966
54 Reddit_A.txt 0.0286573 0.0235314 0.00512596
55 Reddit_A.txt 0.028763 0.0235451 0.00521796
56 Reddit_A.txt 0.0285749 0.0235829 0.00499204
57 Reddit_A.txt 0.0294906 0.0236089 0.00588167
58 Reddit_A.txt 0.0288523 0.0236375 0.00521479
59 Reddit_A.txt 0.0283296 0.0236782 0.00465144
60 Reddit_A.txt 0.0315851 0.0237066 0.00787841
61 Reddit_A.txt 0.0353027 0.0237421 0.0115606
62 Reddit_A.txt 0.0284169 0.0237792 0.00463768
63 Reddit_A.txt 0.0309092 0.0238033 0.00710584
64 Reddit_A.txt 0.0330089 0.0238318 0.00917706
65 Reddit_A.txt 0.0289359 0.0238662 0.00506977
66 Reddit_A.txt 0.0295068 0.0238944 0.00561232
67 Reddit_A.txt 0.0333879 0.0239326 0.00945532
68 Reddit_A.txt 0.0312712 0.0239652 0.00730602
69 Reddit_A.txt 0.0300639 0.0239964 0.00606749
70 Reddit_A.txt 0.0306811 0.0240331 0.00664801
71 Reddit_A.txt 0.033536 0.0240591 0.00947696
72 Reddit_A.txt 0.0289761 0.0240641 0.00491199
73 Reddit_A.txt 0.0296816 0.0240356 0.00564596
74 Reddit_A.txt 0.0296996 0.0239979 0.00570164
75 Reddit_A.txt 0.0318868 0.0239631 0.00792365
76 Reddit_A.txt 0.0303158 0.0239354 0.00638043
77 Reddit_A.txt 0.0318467 0.0239204 0.00792629
78 Reddit_A.txt 0.0319296 0.0238766 0.00805302
79 Reddit_A.txt 0.0303418 0.0238408 0.00650101
80 Reddit_A.txt 0.0308716 0.0238142 0.00705747
81 Reddit_A.txt 0.0316001 0.0237801 0.00782002
82 Reddit_A.txt 0.030854 0.0237512 0.00710288
83 Reddit_A.txt 0.0336365 0.0237577 0.00987888
84 Reddit_A.txt 0.030591 0.0237867 0.00680437
85 Reddit_A.txt 0.0303703 0.0238275 0.00654278
86 Reddit_A.txt 0.0309944 0.0238594 0.00713496
87 Reddit_A.txt 0.0328361 0.0238875 0.00894867
88 Reddit_A.txt 0.0323049 0.0239218 0.00838304
89 Reddit_A.txt 0.0365708 0.0239559 0.0126149
90 Reddit_A.txt 0.0437183 0.0239874 0.0197309
91 Reddit_A.txt 0.0313581 0.0240172 0.0073409
92 Reddit_A.txt 0.0328154 0.0240485 0.00876689
93 Reddit_A.txt 0.032727 0.0240919 0.00863507
94 Reddit_A.txt 0.0339752 0.0241234 0.00985173
95 Reddit_A.txt 0.032861 0.0241571 0.0087039
96 Reddit_A.txt 0.032779 0.0241731 0.00860583
97 Reddit_A.txt 0.0374327 0.0241968 0.0132359
98 Reddit_A.txt 0.0363197 0.0241982 0.0121215
99 Reddit_A.txt 0.0330967 0.0241654 0.00893131
100 Reddit_A.txt 0.0336072 0.0241314 0.0094758
101 Reddit_A.txt 0.0331886 0.0240986 0.00908993
102 Reddit_A.txt 0.0382539 0.024073 0.014181
103 Reddit_A.txt 0.0318024 0.0240322 0.00777018
104 Reddit_A.txt 0.0347396 0.024004 0.0107356
105 Reddit_A.txt 0.0315972 0.0239899 0.00760735
106 Reddit_A.txt 0.0333211 0.0240206 0.00930044
107 Reddit_A.txt 0.033711 0.0240533 0.00965769
108 Reddit_A.txt 0.0344233 0.0240841 0.0103391
109 Reddit_A.txt 0.0331833 0.0241153 0.00906803
110 Reddit_A.txt 0.0359842 0.0241488 0.0118354
111 Reddit_A.txt 0.0445494 0.0241789 0.0203705
112 Reddit_A.txt 0.0369327 0.0242118 0.0127209
113 Reddit_A.txt 0.0352355 0.0242434 0.0109921
114 Reddit_A.txt 0.0360305 0.0242715 0.011759
115 Reddit_A.txt 0.0427029 0.0243207 0.0183822
116 Reddit_A.txt 0.0325463 0.0243403 0.008206
117 Reddit_A.txt 0.0377497 0.0243702 0.0133795
118 Reddit_A.txt 0.033679 0.024402 0.00927705
119 Reddit_A.txt 0.0357183 0.0244344 0.0112839
120 Reddit_A.txt 0.0382834 0.0244346 0.0138488
121 Reddit_A.txt 0.0370256 0.0244052 0.0126205
122 Reddit_A.txt 0.0395149 0.0243718 0.0151431
123 Reddit_A.txt 0.03877 0.0243451 0.0144249
124 Reddit_A.txt 0.0358841 0.0243131 0.0115709
125 Reddit_A.txt 0.0394007 0.024279 0.0151216
126 Reddit_A.txt 0.0365905 0.0242465 0.0123439
127 Reddit_A.txt 0.0395533 0.0242209 0.0153324
128 Reddit_A.txt 0.0392113 0.0241814 0.0150299
129 Reddit_A.txt 0.0366932 0.0241512 0.012542
130 Reddit_A.txt 0.0342754 0.024125 0.0101504
131 Reddit_A.txt 0.0354452 0.0240876 0.0113576
132 Reddit_A.txt 0.0344201 0.024051 0.0103691
133 Reddit_A.txt 0.0377722 0.0240224 0.0137498
134 Reddit_A.txt 0.0389653 0.0239893 0.0149761
135 Reddit_A.txt 0.0439364 0.0239641 0.0199724
136 Reddit_A.txt 0.0336676 0.0239712 0.00969642
137 Reddit_A.txt 0.0375566 0.0240099 0.0135467
138 Reddit_A.txt 0.0379057 0.0240456 0.0138602
139 Reddit_A.txt 0.0379305 0.0240669 0.0138636
140 Reddit_A.txt 0.040176 0.0240973 0.0160787
141 Reddit_A.txt 0.0389764 0.024137 0.0148394
142 Reddit_A.txt 0.0408257 0.0241679 0.0166578
143 Reddit_A.txt 0.0383503 0.024203 0.0141473
144 Reddit_A.txt 0.0371139 0.024224 0.0128899
145 Reddit_A.txt 0.041779 0.0242613 0.0175177
146 Reddit_A.txt 0.0447253 0.0242983 0.020427
147 Reddit_A.txt 0.0371373 0.0243338 0.0128034
148 Reddit_A.txt 0.0457245 0.0243756 0.0213489
149 Reddit_A.txt 0.0398218 0.0244051 0.0154167
150 Reddit_A.txt 0.0397099 0.0244368 0.0152732
151 Reddit_A.txt 0.0405666 0.0244664 0.0161003
152 Reddit_A.txt 0.0359688 0.0244972 0.0114716
153 Reddit_A.txt 0.0379483 0.0245328 0.0134155
154 Reddit_A.txt 0.0436949 0.0245692 0.0191257
155 Reddit_A.txt 0.0460219 0.024602 0.0214199
156 Reddit_A.txt 0.038863 0.0246327 0.0142302
157 Reddit_A.txt 0.0420535 0.0246712 0.0173824
158 Reddit_A.txt 0.0394852 0.0247033 0.0147819
159 Reddit_A.txt 0.0433656 0.0247332 0.0186324
160 Reddit_A.txt 0.0382016 0.0247708 0.0134308
161 Reddit_A.txt 0.0402585 0.024798 0.0154605
162 Reddit_A.txt 0.0412181 0.0248303 0.0163878
163 Reddit_A.txt 0.0412621 0.0248585 0.0164036
164 Reddit_A.txt 0.0489152 0.0248964 0.0240188
165 Reddit_A.txt 0.039398 0.0249281 0.0144698
166 Reddit_A.txt 0.0383377 0.024954 0.0133837
167 Reddit_A.txt 0.0411953 0.024985 0.0162104
168 Reddit_A.txt 0.0431411 0.0249832 0.018158
169 Reddit_A.txt 0.0405998 0.0249558 0.015644
170 Reddit_A.txt 0.0415681 0.0249232 0.0166449
171 Reddit_A.txt 0.0399742 0.02489 0.0150843
172 Reddit_A.txt 0.0372086 0.0248619 0.0123467
173 Reddit_A.txt 0.0469037 0.0248303 0.0220734
174 Reddit_A.txt 0.0485063 0.0247945 0.0237118
175 Reddit_A.txt 0.0392237 0.0247687 0.0144549
176 Reddit_A.txt 0.0407101 0.0247365 0.0159736
177 Reddit_A.txt 0.0421314 0.0247004 0.017431
178 Reddit_A.txt 0.0572506 0.0246683 0.0325823
179 Reddit_A.txt 0.0427699 0.024633 0.0181369
180 Reddit_A.txt 0.0426936 0.0246025 0.0180911
181 Reddit_A.txt 0.0374753 0.0245635 0.0129118
182 Reddit_A.txt 0.046925 0.0245315 0.0223935
183 Reddit_A.txt 0.0434328 0.0244971 0.0189356
184 Reddit_A.txt 0.0441387 0.0244736 0.0196651
185 Reddit_A.txt 0.0505444 0.0244616 0.0260828
186 Reddit_A.txt 0.0489069 0.0244895 0.0244174
187 Reddit_A.txt 0.039546 0.0245188 0.0150271
188 Reddit_A.txt 0.0430479 0.0245496 0.0184984
189 Reddit_A.txt 0.0440973 0.0245846 0.0195127
190 Reddit_A.txt 0.0462627 0.0246095 0.0216531
191 Reddit_A.txt 0.0427075 0.0246507 0.0180568
192 Reddit_A.txt 0.0421169 0.0246744 0.0174425
193 Reddit_A.txt 0.0523609 0.0247283 0.0276326
194 Reddit_A.txt 0.0530888 0.0247643 0.0283245
195 Reddit_A.txt 0.0510541 0.0247925 0.0262616
196 Reddit_A.txt 0.0399934 0.0248214 0.015172
197 Reddit_A.txt 0.0450109 0.0248657 0.0201452
198 Reddit_A.txt 0.0395135 0.0248976 0.0146159
199 Reddit_A.txt 0.0447267 0.0249324 0.0197943
200 Reddit_A.txt 0.0480566 0.0249476 0.023109
201 Reddit_A.txt 0.0401073 0.0249825 0.0151248
202 Reddit_A.txt 0.0665522 0.025012 0.0415402
203 Reddit_A.txt 0.0502456 0.0250507 0.0251949
204 Reddit_A.txt 0.0533038 0.0250816 0.0282222
205 Reddit_A.txt 0.047114 0.0251101 0.0220039
206 Reddit_A.txt 0.0515726 0.0251383 0.0264343
207 Reddit_A.txt 0.0469821 0.0251832 0.0217989
208 Reddit_A.txt 0.0407966 0.0252138 0.0155828
209 Reddit_A.txt 0.0388739 0.0252409 0.013633
210 Reddit_A.txt 0.0519724 0.0252698 0.0267026
211 Reddit_A.txt 0.0714149 0.0253088 0.0461061
212 Reddit_A.txt 0.0454551 0.0253394 0.0201157
213 Reddit_A.txt 0.0467487 0.0253714 0.0213772
214 Reddit_A.txt 0.0478046 0.0254042 0.0224004
215 Reddit_A.txt 0.0610809 0.0254298 0.0356511
216 Reddit_A.txt 0.048523 0.0254335 0.0230895
217 Reddit_A.txt 0.0429799 0.025398 0.0175819
218 Reddit_A.txt 0.0476882 0.0253661 0.0223221
219 Reddit_A.txt 0.0591153 0.0253359 0.0337794
220 Reddit_A.txt 0.0429798 0.0253063 0.0176735
221 Reddit_A.txt 0.0497449 0.0252737 0.0244712
222 Reddit_A.txt 0.0549073 0.0252496 0.0296576
223 Reddit_A.txt 0.0584182 0.0252116 0.0332066
224 Reddit_A.txt 0.0571889 0.0251823 0.0320066
225 Reddit_A.txt 0.0434172 0.0251529 0.0182643
226 Reddit_A.txt 0.0465583 0.0251213 0.021437
227 Reddit_A.txt 0.0513107 0.0250906 0.0262201
228 Reddit_A.txt 0.0615261 0.0250498 0.0364763
229 Reddit_A.txt 0.0446129 0.0250186 0.0195943
230 Reddit_A.txt 0.0480383 0.0249872 0.0230511
231 Reddit_A.txt 0.0508935 0.0249514 0.0259421
232 Reddit_A.txt 0.05501 0.0249281 0.0300819
233 Reddit_A.txt 0.0452513 0.0248905 0.0203608
234 Reddit_A.txt 0.0590793 0.0249012 0.0341781
235 Reddit_A.txt 0.047591 0.024933 0.022658
236 Reddit_A.txt 0.0481109 0.0249643 0.0231466
237 Reddit_A.txt 0.0517927 0.0249979 0.0267948
238 Reddit_A.txt 0.0597217 0.025026 0.0346957
239 Reddit_A.txt 0.0513203 0.0250635 0.0262568
240 Reddit_A.txt 0.045573 0.0250891 0.020484
241 Reddit_A.txt 0.0525692 0.0251106 0.0274586
242 Reddit_A.txt 0.0439528 0.0251404 0.0188124
243 Reddit_A.txt 0.0538495 0.0251759 0.0286736
244 Reddit_A.txt 0.0600455 0.0251983 0.0348473
245 Reddit_A.txt 0.0558836 0.0252399 0.0306437
246 Reddit_A.txt 0.0648177 0.025268 0.0395496
247 Reddit_A.txt 0.0660531 0.0253125 0.0407406
248 Reddit_A.txt 0.0527544 0.0253473 0.0274071
249 Reddit_A.txt 0.0555054 0.0253856 0.0301198
250 Reddit_A.txt 0.0478866 0.0254092 0.0224774
251 Reddit_A.txt 0.0489838 0.0254466 0.0235373
252 Reddit_A.txt 0.0488744 0.0254763 0.0233981
253 Reddit_A.txt 0.0586831 0.0255118 0.0331713
254 Reddit_A.txt 0.0572994 0.0255364 0.031763
255 Reddit_A.txt 0.0551905 0.0255762 0.0296143
256 Reddit_A.txt 0.0666887 0.0256132 0.0410755
257 Reddit_A.txt 0.0656506 0.0256362 0.0400144
258 Reddit_A.txt 0.0586287 0.0256702 0.0329585
259 Reddit_A.txt 0.0686694 0.0257002 0.0429692
260 Reddit_A.txt 0.0513297 0.0257292 0.0256005
261 Reddit_A.txt 0.0582973 0.0257699 0.0325274
262 Reddit_A.txt 0.0604828 0.0257949 0.0346879
263 Reddit_A.txt 0.0723404 0.0258304 0.04651
264 Reddit_A.txt 0.0628562 0.0258225 0.0370337
265 Reddit_A.txt 0.0692442 0.0257974 0.0434468
266 Reddit_A.txt 0.0582619 0.025764 0.0324979
267 Reddit_A.txt 0.0556302 0.025733 0.0298973
268 Reddit_A.txt 0.0537823 0.0257011 0.0280813
269 Reddit_A.txt 0.0618659 0.0256717 0.0361943
270 Reddit_A.txt 0.0539155 0.0256367 0.0282787
271 Reddit_A.txt 0.0556911 0.0256058 0.0300853
272 Reddit_A.txt 0.0614774 0.0255775 0.0358998
273 Reddit_A.txt 0.0570566 0.0255448 0.0315118
274 Reddit_A.txt 0.0523692 0.0255159 0.0268532
275 Reddit_A.txt 0.0542056 0.0254839 0.0287217
276 Reddit_A.txt 0.0519149 0.0254478 0.0264671
277 Reddit_A.txt 0.0612863 0.0254179 0.0358684
278 Reddit_A.txt 0.0709983 0.0253801 0.0456182
279 Reddit_A.txt 0.046093 0.0253511 0.020742
280 Reddit_A.txt 0.0854561 0.0253667 0.0600895
281 Reddit_A.txt 0.0650029 0.0253952 0.0396077
282 Reddit_A.txt 0.059706 0.0254195 0.0342865
283 Reddit_A.txt 0.0502992 0.0254499 0.0248493
284 Reddit_A.txt 0.052843 0.0254894 0.0273536
285 Reddit_A.txt 0.05008 0.0255242 0.0245558
286 Reddit_A.txt 0.0619783 0.0255512 0.0364272
287 Reddit_A.txt 0.0610869 0.0255916 0.0354954
288 Reddit_A.txt 0.0568954 0.0256078 0.0312876
289 Reddit_A.txt 0.061789 0.0256394 0.0361496
290 Reddit_A.txt 0.0539542 0.0256748 0.0282794
291 Reddit_A.txt 0.0459109 0.0256983 0.0202126
292 Reddit_A.txt 0.0587751 0.0257453 0.0330298
293 Reddit_A.txt 0.0606646 0.0257738 0.0348908
294 Reddit_A.txt 0.0531781 0.0258134 0.0273648
295 Reddit_A.txt 0.0612734 0.0258498 0.0354235
296 Reddit_A.txt 0.0731391 0.0258978 0.0472413
297 Reddit_A.txt 0.0628575 0.0259204 0.0369371
298 Reddit_A.txt 0.0600952 0.0259432 0.034152
299 Reddit_A.txt 0.0562551 0.0259711 0.030284
300 Reddit_A.txt 0.052966 0.026011 0.0269549
301 Reddit_A.txt 0.0541138 0.0260463 0.0280676
302 Reddit_A.txt 0.0527328 0.026071 0.0266618
303 Reddit_A.txt 0.0694143 0.0261069 0.0433074
304 Reddit_A.txt 0.0576857 0.0261438 0.0315419
305 Reddit_A.txt 0.0626942 0.0261769 0.0365173
306 Reddit_A.txt 0.0672219 0.0262077 0.0410143
307 Reddit_A.txt 0.0608257 0.0262501 0.0345756
308 Reddit_A.txt 0.0564237 0.0262802 0.0301435
309 Reddit_A.txt 0.0614378 0.0263168 0.035121
310 Reddit_A.txt 0.0696335 0.0263399 0.0432936
311 Reddit_A.txt 0.0596997 0.0263726 0.0333271
312 Reddit_A.txt 0.0525801 0.0263727 0.0262074
313 Reddit_A.txt 0.0704714 0.0263485 0.0441229
314 Reddit_A.txt 0.0684793 0.0263211 0.0421582
315 Reddit_A.txt 0.0544344 0.0262805 0.0281539
316 Reddit_A.txt 0.0580847 0.0262475 0.0318372
317 Reddit_A.txt 0.0529632 0.0262165 0.0267467
318 Reddit_A.txt 0.066849 0.0261843 0.0406647
319 Reddit_A.txt 0.0604078 0.0261549 0.0342529
320 Reddit_A.txt 0.0531869 0.0261115 0.0270754
321 Reddit_A.txt 0.0591804 0.0260896 0.0330908
322 Reddit_A.txt 0.0517674 0.0260554 0.025712
323 Reddit_A.txt 0.0622621 0.0260197 0.0362423
324 Reddit_A.txt 0.0794498 0.0260449 0.0534049
325 Reddit_A.txt 0.052369 0.0260844 0.0262846
326 Reddit_A.txt 0.0617997 0.0260998 0.0356999
327 Reddit_A.txt 0.06846 0.0261278 0.0423322
328 Reddit_A.txt 0.0660475 0.0261521 0.0398954
329 Reddit_A.txt 0.0789185 0.0261731 0.0527454
330 Reddit_A.txt 0.0528856 0.0261971 0.0266885
331 Reddit_A.txt 0.0532171 0.0262229 0.0269942
332 Reddit_A.txt 0.0641101 0.026254 0.0378561
333 Reddit_A.txt 0.0845574 0.0262793 0.0582781
334 Reddit_A.txt 0.0655842 0.0263059 0.0392784
335 Reddit_A.txt 0.0674581 0.0263285 0.0411295
336 Reddit_A.txt 0.0715886 0.0263417 0.0452468
337 Reddit_A.txt 0.0672963 0.0263079 0.0409884
338 Reddit_A.txt 0.0657289 0.026276 0.039453
339 Reddit_A.txt 0.0714618 0.0262714 0.0451904
340 Reddit_A.txt 0.0570459 0.0262979 0.0307479
341 Reddit_A.txt 0.0699495 0.0263241 0.0436254
342 Reddit_A.txt 0.0712018 0.0263628 0.044839
343 Reddit_A.txt 0.0746362 0.0263843 0.0482518
344 Reddit_A.txt 0.0698155 0.0264261 0.0433894
345 Reddit_A.txt 0.0594232 0.0264523 0.0329708
346 Reddit_A.txt 0.0706312 0.0264894 0.0441417
347 Reddit_A.txt 0.077237 0.0265088 0.0507282
348 Reddit_A.txt 0.0685677 0.0265387 0.042029
349 Reddit_A.txt 0.0582831 0.0265717 0.0317114
350 Reddit_A.txt 0.062382 0.0266011 0.035781
351 Reddit_A.txt 0.0666304 0.0266338 0.0399966
352 Reddit_A.txt 0.0622565 0.0266695 0.0355869
353 Reddit_A.txt 0.07799 0.026693 0.0512971
354 Reddit_A.txt 0.108355 0.0266929 0.0816621
355 Reddit_A.txt 0.0875585 0.0266778 0.0608807
356 Reddit_A.txt 0.0626102 0.0267122 0.0358981
357 Reddit_A.txt 0.0525542 0.0267442 0.0258099
358 Reddit_A.txt 0.0618961 0.0267864 0.0351096
359 Reddit_A.txt 0.0823156 0.0268175 0.055498
360 Reddit_A.txt 0.0808416 0.0268232 0.0540184
361 Reddit_A.txt 0.0680009 0.0267886 0.0412123
362 Reddit_A.txt 0.0691198 0.0267511 0.0423687
363 Reddit_A.txt 0.0796696 0.0267254 0.0529442
364 Reddit_A.txt 0.0739656 0.0267157 0.0472499
365 Reddit_A.txt 0.0772064 0.0267183 0.0504881
366 Reddit_A.txt 0.0689688 0.0267289 0.0422398
367 Reddit_A.txt 0.0802996 0.0267584 0.0535412
368 Reddit_A.txt 0.0640599 0.0267758 0.0372841
369 Reddit_A.txt 0.08362 0.0268108 0.0568092
370 Reddit_A.txt 0.0726935 0.0268265 0.045867
371 Reddit_A.txt 0.0715294 0.0268318 0.0446976
372 Reddit_A.txt 0.0655724 0.0268469 0.0387254
373 Reddit_A.txt 0.07633 0.0268682 0.0494617
374 Reddit_A.txt 0.0603055 0.0268961 0.0334094
375 Reddit_A.txt 0.0819128 0.0269184 0.0549944
376 Reddit_A.txt 0.0834614 0.0269525 0.0565089
377 Reddit_A.txt 0.312612 0.0269807 0.285631
378 Reddit_A.txt 0.2239 0.0269874 0.196912
379 Reddit_A.txt 0.168313 0.0270161 0.141296
380 Reddit_A.txt 0.131092 0.0270274 0.104064
381 Reddit_A.txt 0.102028 0.0270241 0.0750043
382 Reddit_A.txt 0.0755543 0.0270258 0.0485285
383 Reddit_A.txt 0.0425918 0.023183 0.0194088
TACC:  Shutdown complete. Exiting. 
