TACC:  Starting up job 10024561 
TACC:  Starting parallel tasks... 
0 Citeseer_feat_L2.txt 0.0017856 0.00178403 1.567e-06
1 Citeseer_feat_L2.txt 0.00101747 0.00101572 1.751e-06
2 Citeseer_feat_L2.txt 0.00147671 0.00147487 1.848e-06
3 Citeseer_feat_L2.txt 0.0009244 0.000922908 1.492e-06
4 Citeseer_feat_L2.txt 0.00163546 0.00163392 1.543e-06
5 Citeseer_feat_L2.txt 0.000977699 0.000976244 1.455e-06
6 Citeseer_feat_L2.txt 0.00197514 0.0019735 1.648e-06
7 Citeseer_feat_L2.txt 0.000984151 0.000982519 1.632e-06
8 Citeseer_feat_L2.txt 0.0020649 0.00206301 1.895e-06
9 Citeseer_feat_L2.txt 0.00103096 0.00102929 1.669e-06
10 Citeseer_feat_L2.txt 0.00217587 0.00217426 1.616e-06
11 Citeseer_feat_L2.txt 0.00089952 0.000898043 1.477e-06
12 Citeseer_feat_L2.txt 0.00187739 0.0018758 1.595e-06
13 Citeseer_feat_L2.txt 0.00106032 0.00105857 1.751e-06
14 Citeseer_feat_L2.txt 0.00220554 0.00220409 1.445e-06
15 Citeseer_feat_L2.txt 0.00099076 0.000989259 1.501e-06
16 Citeseer_feat_L2.txt 0.0020593 0.00205766 1.64e-06
17 Citeseer_feat_L2.txt 0.000953191 0.00095183 1.361e-06
18 Citeseer_feat_L2.txt 0.0022078 0.00220609 1.71e-06
19 Citeseer_feat_L2.txt 0.000853457 0.000851755 1.702e-06
20 Citeseer_feat_L2.txt 0.00211786 0.0021164 1.457e-06
21 Citeseer_feat_L2.txt 0.000997224 0.000995696 1.528e-06
22 Citeseer_feat_L2.txt 0.0021516 0.00214997 1.625e-06
23 Citeseer_feat_L2.txt 0.000949781 0.000948272 1.509e-06
24 Citeseer_feat_L2.txt 0.00215057 0.00214888 1.692e-06
25 Citeseer_feat_L2.txt 0.000849833 0.000848148 1.685e-06
26 Citeseer_feat_L2.txt 0.00213734 0.00213588 1.46e-06
27 Citeseer_feat_L2.txt 0.0010217 0.00102023 1.467e-06
28 Citeseer_feat_L2.txt 0.00199078 0.00198917 1.604e-06
29 Citeseer_feat_L2.txt 0.000850662 0.000849034 1.628e-06
30 Citeseer_feat_L2.txt 0.00199207 0.00199028 1.794e-06
31 Citeseer_feat_L2.txt 0.00104394 0.00104208 1.86e-06
32 Citeseer_feat_L2.txt 0.00191186 0.0019103 1.56e-06
33 Citeseer_feat_L2.txt 0.000836158 0.000834613 1.545e-06
34 Citeseer_feat_L2.txt 0.00205361 0.00205204 1.577e-06
35 Citeseer_feat_L2.txt 0.000943709 0.000942033 1.676e-06
36 Citeseer_feat_L2.txt 0.00196109 0.00195944 1.658e-06
37 Citeseer_feat_L2.txt 0.00087759 0.000875902 1.688e-06
38 Citeseer_feat_L2.txt 0.00216725 0.00216554 1.703e-06
39 Citeseer_feat_L2.txt 0.000938571 0.000936997 1.574e-06
40 Citeseer_feat_L2.txt 0.00208758 0.00208601 1.562e-06
41 Citeseer_feat_L2.txt 0.000843373 0.000841709 1.664e-06
42 Citeseer_feat_L2.txt 0.00205939 0.00205785 1.544e-06
43 Citeseer_feat_L2.txt 0.000883324 0.000881716 1.608e-06
44 Citeseer_feat_L2.txt 0.00184834 0.00184684 1.506e-06
45 Citeseer_feat_L2.txt 0.000879626 0.00087818 1.446e-06
46 Citeseer_feat_L2.txt 0.00198007 0.00197842 1.654e-06
47 Citeseer_feat_L2.txt 0.000839974 0.000838346 1.628e-06
48 Citeseer_feat_L2.txt 0.00225664 0.00225482 1.816e-06
49 Citeseer_feat_L2.txt 0.000881987 0.000880395 1.592e-06
50 Citeseer_feat_L2.txt 0.00213251 0.00213082 1.69e-06
51 Citeseer_feat_L2.txt 0.000881661 0.000879999 1.662e-06
52 Citeseer_feat_L2.txt 0.00221143 0.00220989 1.543e-06
53 Citeseer_feat_L2.txt 0.000931555 0.000930044 1.511e-06
54 Citeseer_feat_L2.txt 0.00218166 0.00217991 1.75e-06
55 Citeseer_feat_L2.txt 0.000921162 0.000919432 1.73e-06
56 Citeseer_feat_L2.txt 0.00201815 0.00201659 1.567e-06
57 Citeseer_feat_L2.txt 0.000971827 0.000970292 1.535e-06
58 Citeseer_feat_L2.txt 0.00229615 0.00229455 1.607e-06
59 Citeseer_feat_L2.txt 0.000904404 0.00090294 1.464e-06
60 Citeseer_feat_L2.txt 0.00198691 0.00198534 1.566e-06
61 Citeseer_feat_L2.txt 0.00094919 0.00094753 1.66e-06
62 Citeseer_feat_L2.txt 0.00220715 0.00220566 1.495e-06
63 Citeseer_feat_L2.txt 0.000783663 0.000781943 1.72e-06
64 Citeseer_feat_L2.txt 0.00174102 0.00173951 1.506e-06
65 Citeseer_feat_L2.txt 0.000977441 0.000975852 1.589e-06
66 Citeseer_feat_L2.txt 0.00149473 0.0014932 1.529e-06
67 Citeseer_feat_L2.txt 0.000914353 0.000912973 1.38e-06
68 Citeseer_feat_L2.txt 0.00166817 0.00166649 1.682e-06
69 Citeseer_feat_L2.txt 0.000909018 0.000907379 1.639e-06
70 Citeseer_feat_L2.txt 0.0019431 0.00194152 1.578e-06
71 Citeseer_feat_L2.txt 0.000889649 0.000887926 1.723e-06
72 Citeseer_feat_L2.txt 0.00199756 0.00199594 1.622e-06
73 Citeseer_feat_L2.txt 0.000926826 0.000925341 1.485e-06
74 Citeseer_feat_L2.txt 0.00214976 0.00214816 1.603e-06
75 Citeseer_feat_L2.txt 0.000839925 0.000838574 1.351e-06
76 Citeseer_feat_L2.txt 0.0016549 0.00165345 1.45e-06
77 Citeseer_feat_L2.txt 0.000924086 0.000922585 1.501e-06
78 Citeseer_feat_L2.txt 0.00217044 0.0021688 1.634e-06
79 Citeseer_feat_L2.txt 0.000838759 0.000837284 1.475e-06
80 Citeseer_feat_L2.txt 0.00210514 0.00210354 1.604e-06
81 Citeseer_feat_L2.txt 0.000971747 0.000970158 1.589e-06
82 Citeseer_feat_L2.txt 0.00209115 0.00208946 1.692e-06
83 Citeseer_feat_L2.txt 0.000889816 0.000888358 1.458e-06
84 Citeseer_feat_L2.txt 0.00201802 0.00201645 1.563e-06
85 Citeseer_feat_L2.txt 0.000827559 0.000826073 1.486e-06
86 Citeseer_feat_L2.txt 0.0020095 0.00200794 1.57e-06
87 Citeseer_feat_L2.txt 0.000836629 0.000834912 1.717e-06
88 Citeseer_feat_L2.txt 0.00213751 0.00213578 1.726e-06
89 Citeseer_feat_L2.txt 0.00104878 0.00104715 1.623e-06
90 Citeseer_feat_L2.txt 0.00210856 0.00210691 1.653e-06
91 Citeseer_feat_L2.txt 0.000783842 0.000782136 1.706e-06
92 Citeseer_feat_L2.txt 0.00198539 0.00198376 1.624e-06
93 Citeseer_feat_L2.txt 0.0007896 0.000788094 1.506e-06
94 Citeseer_feat_L2.txt 0.00210046 0.00209889 1.575e-06
95 Citeseer_feat_L2.txt 0.000830167 0.000828453 1.714e-06
96 Citeseer_feat_L2.txt 0.0019759 0.00197423 1.665e-06
97 Citeseer_feat_L2.txt 0.00097722 0.000975712 1.508e-06
98 Citeseer_feat_L2.txt 0.00221467 0.00221302 1.656e-06
99 Citeseer_feat_L2.txt 0.000940049 0.000938622 1.427e-06
100 Citeseer_feat_L2.txt 0.00193414 0.00193247 1.675e-06
101 Citeseer_feat_L2.txt 0.000911283 0.000909448 1.835e-06
102 Citeseer_feat_L2.txt 0.00211085 0.00210911 1.747e-06
103 Citeseer_feat_L2.txt 0.000912199 0.000910468 1.731e-06
104 Citeseer_feat_L2.txt 0.00210366 0.00210211 1.545e-06
105 Citeseer_feat_L2.txt 0.00091439 0.000912668 1.722e-06
106 Citeseer_feat_L2.txt 0.00212989 0.00212828 1.609e-06
107 Citeseer_feat_L2.txt 0.000986243 0.000984858 1.385e-06
108 Citeseer_feat_L2.txt 0.00199538 0.00199386 1.52e-06
109 Citeseer_feat_L2.txt 0.00093503 0.000933501 1.529e-06
110 Citeseer_feat_L2.txt 0.00214751 0.00214577 1.743e-06
111 Citeseer_feat_L2.txt 0.000993862 0.000992538 1.324e-06
112 Citeseer_feat_L2.txt 0.00225288 0.00225125 1.631e-06
113 Citeseer_feat_L2.txt 0.000931265 0.000929546 1.719e-06
114 Citeseer_feat_L2.txt 0.00236391 0.00236225 1.661e-06
115 Citeseer_feat_L2.txt 0.000919979 0.00091833 1.649e-06
116 Citeseer_feat_L2.txt 0.00216603 0.00216448 1.548e-06
117 Citeseer_feat_L2.txt 0.000886273 0.000884744 1.529e-06
118 Citeseer_feat_L2.txt 0.00233097 0.00232936 1.608e-06
119 Citeseer_feat_L2.txt 0.000994798 0.000993221 1.577e-06
120 Citeseer_feat_L2.txt 0.00208648 0.00208487 1.607e-06
121 Citeseer_feat_L2.txt 0.000894458 0.000892851 1.607e-06
122 Citeseer_feat_L2.txt 0.00227693 0.00227528 1.648e-06
123 Citeseer_feat_L2.txt 0.000915624 0.000914211 1.413e-06
124 Citeseer_feat_L2.txt 0.00190713 0.00190564 1.489e-06
125 Citeseer_feat_L2.txt 0.000866996 0.000865447 1.549e-06
126 Citeseer_feat_L2.txt 0.00224771 0.00224618 1.527e-06
127 Citeseer_feat_L2.txt 0.000929247 0.000927742 1.505e-06
128 Citeseer_feat_L2.txt 0.00179994 0.00179834 1.599e-06
129 Citeseer_feat_L2.txt 0.000922305 0.000920626 1.679e-06
130 Citeseer_feat_L2.txt 0.00162906 0.00162734 1.722e-06
131 Citeseer_feat_L2.txt 0.000957982 0.000956273 1.709e-06
132 Citeseer_feat_L2.txt 0.00173959 0.00173759 2.003e-06
133 Citeseer_feat_L2.txt 0.000974819 0.000973004 1.815e-06
134 Citeseer_feat_L2.txt 0.00197761 0.00197615 1.456e-06
135 Citeseer_feat_L2.txt 0.000927787 0.000926268 1.519e-06
136 Citeseer_feat_L2.txt 0.00210879 0.00210713 1.651e-06
137 Citeseer_feat_L2.txt 0.000921225 0.000919643 1.582e-06
138 Citeseer_feat_L2.txt 0.00220508 0.00220333 1.743e-06
139 Citeseer_feat_L2.txt 0.000951789 0.000950437 1.352e-06
140 Citeseer_feat_L2.txt 0.00180176 0.00180023 1.524e-06
141 Citeseer_feat_L2.txt 0.000968756 0.000967065 1.691e-06
142 Citeseer_feat_L2.txt 0.00216611 0.00216468 1.43e-06
143 Citeseer_feat_L2.txt 0.00092018 0.00091876 1.42e-06
144 Citeseer_feat_L2.txt 0.00205158 0.0020498 1.78e-06
145 Citeseer_feat_L2.txt 0.00097835 0.000976826 1.524e-06
146 Citeseer_feat_L2.txt 0.00220322 0.00220159 1.632e-06
147 Citeseer_feat_L2.txt 0.000969364 0.000967934 1.43e-06
148 Citeseer_feat_L2.txt 0.00212174 0.00212005 1.688e-06
149 Citeseer_feat_L2.txt 0.000978554 0.000976819 1.735e-06
150 Citeseer_feat_L2.txt 0.00212071 0.00211915 1.555e-06
151 Citeseer_feat_L2.txt 0.000858261 0.000856556 1.705e-06
152 Citeseer_feat_L2.txt 0.00208017 0.00207853 1.636e-06
153 Citeseer_feat_L2.txt 0.000978483 0.000976809 1.674e-06
154 Citeseer_feat_L2.txt 0.00217687 0.00217526 1.61e-06
155 Citeseer_feat_L2.txt 0.000905375 0.000903966 1.409e-06
156 Citeseer_feat_L2.txt 0.00181597 0.00181443 1.547e-06
157 Citeseer_feat_L2.txt 0.000833512 0.000832021 1.491e-06
158 Citeseer_feat_L2.txt 0.00202021 0.00201856 1.651e-06
159 Citeseer_feat_L2.txt 0.000931989 0.000930339 1.65e-06
160 Citeseer_feat_L2.txt 0.00191033 0.00190882 1.514e-06
161 Citeseer_feat_L2.txt 0.000884489 0.000882961 1.528e-06
162 Citeseer_feat_L2.txt 0.00207993 0.00207835 1.586e-06
163 Citeseer_feat_L2.txt 0.000968226 0.000966556 1.67e-06
164 Citeseer_feat_L2.txt 0.00195514 0.00195348 1.657e-06
165 Citeseer_feat_L2.txt 0.000979192 0.000977721 1.471e-06
166 Citeseer_feat_L2.txt 0.00212698 0.00212545 1.533e-06
167 Citeseer_feat_L2.txt 0.000833266 0.000831461 1.805e-06
168 Citeseer_feat_L2.txt 0.00214456 0.00214286 1.703e-06
169 Citeseer_feat_L2.txt 0.000922436 0.000920747 1.689e-06
170 Citeseer_feat_L2.txt 0.00206773 0.00206606 1.67e-06
171 Citeseer_feat_L2.txt 0.000997986 0.000996391 1.595e-06
172 Citeseer_feat_L2.txt 0.00195145 0.00194989 1.565e-06
173 Citeseer_feat_L2.txt 0.000846442 0.000844703 1.739e-06
174 Citeseer_feat_L2.txt 0.00201291 0.00201129 1.625e-06
175 Citeseer_feat_L2.txt 0.000888628 0.000887133 1.495e-06
176 Citeseer_feat_L2.txt 0.0021164 0.00211469 1.707e-06
177 Citeseer_feat_L2.txt 0.000867718 0.000866052 1.666e-06
178 Citeseer_feat_L2.txt 0.00230314 0.00230156 1.577e-06
179 Citeseer_feat_L2.txt 0.000877283 0.000875618 1.665e-06
180 Citeseer_feat_L2.txt 0.00216525 0.00216357 1.677e-06
181 Citeseer_feat_L2.txt 0.000986142 0.000984738 1.404e-06
182 Citeseer_feat_L2.txt 0.00220301 0.00220138 1.622e-06
183 Citeseer_feat_L2.txt 0.000803637 0.000802251 1.386e-06
184 Citeseer_feat_L2.txt 0.00207792 0.00207638 1.536e-06
185 Citeseer_feat_L2.txt 0.000945036 0.000943594 1.442e-06
186 Citeseer_feat_L2.txt 0.00225923 0.00225765 1.58e-06
187 Citeseer_feat_L2.txt 0.000808658 0.000806966 1.692e-06
188 Citeseer_feat_L2.txt 0.00191156 0.00190989 1.674e-06
189 Citeseer_feat_L2.txt 0.000977612 0.000976041 1.571e-06
190 Citeseer_feat_L2.txt 0.00226386 0.0022623 1.556e-06
191 Citeseer_feat_L2.txt 0.000983024 0.000981308 1.716e-06
192 Citeseer_feat_L2.txt 0.00183344 0.00183198 1.461e-06
193 Citeseer_feat_L2.txt 0.00101327 0.00101173 1.539e-06
194 Citeseer_feat_L2.txt 0.00162825 0.00162658 1.673e-06
195 Citeseer_feat_L2.txt 0.000949461 0.000947986 1.475e-06
196 Citeseer_feat_L2.txt 0.00174396 0.00174235 1.614e-06
197 Citeseer_feat_L2.txt 0.000925238 0.000923435 1.803e-06
198 Citeseer_feat_L2.txt 0.00194409 0.00194254 1.55e-06
199 Citeseer_feat_L2.txt 0.000949463 0.000948049 1.414e-06
200 Citeseer_feat_L2.txt 0.00209017 0.00208849 1.678e-06
201 Citeseer_feat_L2.txt 0.000931319 0.00092965 1.669e-06
202 Citeseer_feat_L2.txt 0.00215527 0.00215367 1.598e-06
203 Citeseer_feat_L2.txt 0.000994557 0.00099307 1.487e-06
204 Citeseer_feat_L2.txt 0.00175938 0.00175768 1.7e-06
205 Citeseer_feat_L2.txt 0.00101165 0.00100999 1.661e-06
206 Citeseer_feat_L2.txt 0.00215242 0.00215083 1.595e-06
207 Citeseer_feat_L2.txt 0.000940335 0.000938865 1.47e-06
208 Citeseer_feat_L2.txt 0.00215729 0.00215545 1.844e-06
209 Citeseer_feat_L2.txt 0.000927897 0.000926299 1.598e-06
210 Citeseer_feat_L2.txt 0.00212161 0.0021199 1.712e-06
211 Citeseer_feat_L2.txt 0.000926654 0.000925146 1.508e-06
212 Citeseer_feat_L2.txt 0.00210086 0.00209925 1.604e-06
213 Citeseer_feat_L2.txt 0.000929952 0.000928142 1.81e-06
214 Citeseer_feat_L2.txt 0.00214335 0.00214171 1.637e-06
215 Citeseer_feat_L2.txt 0.000936053 0.000934299 1.754e-06
216 Citeseer_feat_L2.txt 0.00206699 0.00206533 1.659e-06
217 Citeseer_feat_L2.txt 0.000977306 0.000975614 1.692e-06
218 Citeseer_feat_L2.txt 0.00215338 0.00215166 1.721e-06
219 Citeseer_feat_L2.txt 0.00103714 0.00103549 1.656e-06
220 Citeseer_feat_L2.txt 0.00192008 0.00191852 1.556e-06
221 Citeseer_feat_L2.txt 0.000917227 0.000915514 1.713e-06
222 Citeseer_feat_L2.txt 0.00208774 0.00208608 1.657e-06
223 Citeseer_feat_L2.txt 0.000909429 0.00090784 1.589e-06
224 Citeseer_feat_L2.txt 0.00192399 0.00192235 1.641e-06
225 Citeseer_feat_L2.txt 0.000922041 0.000920232 1.809e-06
226 Citeseer_feat_L2.txt 0.00218419 0.00218268 1.51e-06
227 Citeseer_feat_L2.txt 0.000943216 0.000941534 1.682e-06
228 Citeseer_feat_L2.txt 0.00196568 0.00196404 1.638e-06
229 Citeseer_feat_L2.txt 0.00090232 0.000900596 1.724e-06
230 Citeseer_feat_L2.txt 0.00209657 0.00209503 1.541e-06
231 Citeseer_feat_L2.txt 0.000982427 0.000980912 1.515e-06
232 Citeseer_feat_L2.txt 0.00208218 0.00208055 1.631e-06
233 Citeseer_feat_L2.txt 0.000941567 0.000939824 1.743e-06
234 Citeseer_feat_L2.txt 0.00215122 0.00214949 1.733e-06
235 Citeseer_feat_L2.txt 0.000907223 0.000905605 1.618e-06
236 Citeseer_feat_L2.txt 0.00193283 0.00193119 1.638e-06
237 Citeseer_feat_L2.txt 0.000929601 0.000927871 1.73e-06
238 Citeseer_feat_L2.txt 0.00219505 0.00219353 1.52e-06
239 Citeseer_feat_L2.txt 0.000911127 0.000909671 1.456e-06
240 Citeseer_feat_L2.txt 0.00226336 0.00226173 1.626e-06
241 Citeseer_feat_L2.txt 0.000950083 0.000948385 1.698e-06
242 Citeseer_feat_L2.txt 0.00229432 0.00229273 1.594e-06
243 Citeseer_feat_L2.txt 0.000896665 0.000895087 1.578e-06
244 Citeseer_feat_L2.txt 0.00220121 0.0021997 1.514e-06
245 Citeseer_feat_L2.txt 0.00092579 0.000924305 1.485e-06
246 Citeseer_feat_L2.txt 0.00225789 0.00225629 1.597e-06
247 Citeseer_feat_L2.txt 0.000897786 0.000896276 1.51e-06
248 Citeseer_feat_L2.txt 0.00214637 0.00214452 1.843e-06
249 Citeseer_feat_L2.txt 0.000911249 0.000909797 1.452e-06
250 Citeseer_feat_L2.txt 0.00229451 0.00229301 1.501e-06
251 Citeseer_feat_L2.txt 0.00093978 0.000938052 1.728e-06
252 Citeseer_feat_L2.txt 0.00195154 0.00194986 1.687e-06
253 Citeseer_feat_L2.txt 0.000921505 0.000919948 1.557e-06
254 Citeseer_feat_L2.txt 0.00228221 0.00228063 1.573e-06
255 Citeseer_feat_L2.txt 0.00091995 0.000918455 1.495e-06
256 Citeseer_feat_L2.txt 0.00176675 0.00176506 1.69e-06
257 Citeseer_feat_L2.txt 0.000963464 0.000961995 1.469e-06
258 Citeseer_feat_L2.txt 0.00163228 0.00163065 1.63e-06
259 Citeseer_feat_L2.txt 0.00101874 0.0010172 1.535e-06
260 Citeseer_feat_L2.txt 0.00175949 0.0017578 1.686e-06
261 Citeseer_feat_L2.txt 0.000953727 0.000952087 1.64e-06
262 Citeseer_feat_L2.txt 0.00195513 0.00195355 1.573e-06
263 Citeseer_feat_L2.txt 0.000999073 0.000997398 1.675e-06
264 Citeseer_feat_L2.txt 0.00212668 0.00212497 1.71e-06
265 Citeseer_feat_L2.txt 0.000969199 0.000967669 1.53e-06
266 Citeseer_feat_L2.txt 0.00214355 0.00214188 1.675e-06
267 Citeseer_feat_L2.txt 0.000948075 0.000946674 1.401e-06
268 Citeseer_feat_L2.txt 0.00181032 0.00180863 1.687e-06
269 Citeseer_feat_L2.txt 0.001001 0.000999484 1.515e-06
270 Citeseer_feat_L2.txt 0.0020966 0.00209486 1.744e-06
271 Citeseer_feat_L2.txt 0.00096761 0.000965857 1.753e-06
272 Citeseer_feat_L2.txt 0.00210863 0.00210688 1.749e-06
273 Citeseer_feat_L2.txt 0.000984963 0.000983381 1.582e-06
274 Citeseer_feat_L2.txt 0.00215519 0.00215343 1.763e-06
275 Citeseer_feat_L2.txt 0.000936372 0.000934703 1.669e-06
276 Citeseer_feat_L2.txt 0.00209542 0.00209386 1.556e-06
277 Citeseer_feat_L2.txt 0.000939032 0.000937431 1.601e-06
278 Citeseer_feat_L2.txt 0.00213574 0.00213402 1.719e-06
279 Citeseer_feat_L2.txt 0.000950859 0.000949138 1.721e-06
280 Citeseer_feat_L2.txt 0.00214932 0.00214761 1.71e-06
281 Citeseer_feat_L2.txt 0.000950489 0.000949069 1.42e-06
282 Citeseer_feat_L2.txt 0.0021988 0.00219711 1.691e-06
283 Citeseer_feat_L2.txt 0.000962147 0.000960509 1.638e-06
284 Citeseer_feat_L2.txt 0.00193475 0.00193321 1.533e-06
285 Citeseer_feat_L2.txt 0.000980035 0.000978411 1.624e-06
286 Citeseer_feat_L2.txt 0.00213239 0.00213072 1.669e-06
287 Citeseer_feat_L2.txt 0.00100232 0.00100083 1.49e-06
288 Citeseer_feat_L2.txt 0.00198395 0.00198234 1.607e-06
289 Citeseer_feat_L2.txt 0.000955343 0.000953693 1.65e-06
290 Citeseer_feat_L2.txt 0.00215468 0.00215297 1.711e-06
291 Citeseer_feat_L2.txt 0.000977446 0.000975762 1.684e-06
292 Citeseer_feat_L2.txt 0.00183239 0.0018307 1.689e-06
293 Citeseer_feat_L2.txt 0.000999858 0.000998149 1.709e-06
294 Citeseer_feat_L2.txt 0.00199384 0.00199216 1.683e-06
295 Citeseer_feat_L2.txt 0.000931271 0.000929497 1.774e-06
296 Citeseer_feat_L2.txt 0.00212668 0.00212491 1.767e-06
297 Citeseer_feat_L2.txt 0.000964857 0.000963198 1.659e-06
298 Citeseer_feat_L2.txt 0.0021398 0.00213805 1.757e-06
299 Citeseer_feat_L2.txt 0.000878412 0.000876736 1.676e-06
300 Citeseer_feat_L2.txt 0.00202874 0.00202716 1.581e-06
301 Citeseer_feat_L2.txt 0.00102993 0.00102828 1.645e-06
302 Citeseer_feat_L2.txt 0.00200222 0.00200058 1.644e-06
303 Citeseer_feat_L2.txt 0.00105804 0.0010563 1.741e-06
304 Citeseer_feat_L2.txt 0.00212407 0.00212235 1.72e-06
305 Citeseer_feat_L2.txt 0.00106254 0.00106068 1.867e-06
306 Citeseer_feat_L2.txt 0.00226457 0.00226305 1.513e-06
307 Citeseer_feat_L2.txt 0.000991818 0.000990115 1.703e-06
308 Citeseer_feat_L2.txt 0.00225523 0.00225358 1.643e-06
309 Citeseer_feat_L2.txt 0.000932664 0.000930974 1.69e-06
310 Citeseer_feat_L2.txt 0.002268 0.00226622 1.774e-06
311 Citeseer_feat_L2.txt 0.000962313 0.000960614 1.699e-06
312 Citeseer_feat_L2.txt 0.00219351 0.00219175 1.76e-06
313 Citeseer_feat_L2.txt 0.0010099 0.00100828 1.615e-06
314 Citeseer_feat_L2.txt 0.00220949 0.00220777 1.72e-06
315 Citeseer_feat_L2.txt 0.000937666 0.000936118 1.548e-06
316 Citeseer_feat_L2.txt 0.00186601 0.00185438 1.1634e-05
317 Citeseer_feat_L2.txt 0.000938299 0.000936703 1.596e-06
318 Citeseer_feat_L2.txt 0.00231194 0.0023103 1.637e-06
319 Citeseer_feat_L2.txt 0.000868566 0.000866862 1.704e-06
320 Citeseer_feat_L2.txt 0.00181875 0.00181703 1.724e-06
321 Citeseer_feat_L2.txt 0.000945416 0.000943765 1.651e-06
322 Citeseer_feat_L2.txt 0.00155248 0.00155082 1.658e-06
323 Citeseer_feat_L2.txt 0.000847911 0.000846421 1.49e-06
324 Citeseer_feat_L2.txt 0.00183872 0.00183698 1.74e-06
325 Citeseer_feat_L2.txt 0.000956315 0.000954641 1.674e-06
326 Citeseer_feat_L2.txt 0.00197815 0.00197638 1.773e-06
327 Citeseer_feat_L2.txt 0.000985702 0.000983927 1.775e-06
328 Citeseer_feat_L2.txt 0.00203992 0.00203826 1.663e-06
329 Citeseer_feat_L2.txt 0.0010627 0.00106099 1.714e-06
330 Citeseer_feat_L2.txt 0.00205827 0.00205653 1.737e-06
331 Citeseer_feat_L2.txt 0.000979368 0.000977634 1.734e-06
332 Citeseer_feat_L2.txt 0.00179607 0.00179441 1.668e-06
333 Citeseer_feat_L2.txt 0.000966945 0.000965268 1.677e-06
334 Citeseer_feat_L2.txt 0.00200905 0.00200734 1.709e-06
335 Citeseer_feat_L2.txt 0.0010307 0.00102902 1.685e-06
336 Citeseer_feat_L2.txt 0.00213078 0.00212914 1.639e-06
337 Citeseer_feat_L2.txt 0.000915074 0.00091344 1.634e-06
338 Citeseer_feat_L2.txt 0.00203782 0.0020361 1.713e-06
339 Citeseer_feat_L2.txt 0.000979264 0.000977513 1.751e-06
340 Citeseer_feat_L2.txt 0.00210826 0.00210662 1.639e-06
341 Citeseer_feat_L2.txt 0.000941031 0.000939377 1.654e-06
342 Citeseer_feat_L2.txt 0.00216447 0.0021627 1.766e-06
343 Citeseer_feat_L2.txt 0.000890532 0.000888726 1.806e-06
344 Citeseer_feat_L2.txt 0.00214864 0.00214696 1.677e-06
345 Citeseer_feat_L2.txt 0.000903801 0.000902121 1.68e-06
346 Citeseer_feat_L2.txt 0.00214063 0.00213888 1.754e-06
347 Citeseer_feat_L2.txt 0.00104995 0.00104821 1.743e-06
348 Citeseer_feat_L2.txt 0.00203879 0.00203719 1.605e-06
349 Citeseer_feat_L2.txt 0.000907136 0.00090557 1.566e-06
350 Citeseer_feat_L2.txt 0.00216297 0.00216139 1.586e-06
351 Citeseer_feat_L2.txt 0.00099465 0.000992972 1.678e-06
352 Citeseer_feat_L2.txt 0.00199664 0.00199496 1.673e-06
353 Citeseer_feat_L2.txt 0.000872235 0.000870634 1.601e-06
354 Citeseer_feat_L2.txt 0.00207552 0.00207377 1.746e-06
355 Citeseer_feat_L2.txt 0.000927703 0.000925996 1.707e-06
356 Citeseer_feat_L2.txt 0.00191445 0.00191274 1.712e-06
357 Citeseer_feat_L2.txt 0.00100928 0.00100751 1.77e-06
358 Citeseer_feat_L2.txt 0.00217034 0.00216851 1.83e-06
359 Citeseer_feat_L2.txt 0.00101059 0.00100904 1.553e-06
360 Citeseer_feat_L2.txt 0.00212098 0.00211917 1.815e-06
361 Citeseer_feat_L2.txt 0.000988344 0.000986567 1.777e-06
362 Citeseer_feat_L2.txt 0.00219268 0.00219102 1.666e-06
363 Citeseer_feat_L2.txt 0.000895921 0.000894286 1.635e-06
364 Citeseer_feat_L2.txt 0.00192936 0.00192763 1.73e-06
365 Citeseer_feat_L2.txt 0.000928948 0.000927281 1.667e-06
366 Citeseer_feat_L2.txt 0.00209354 0.00209173 1.813e-06
367 Citeseer_feat_L2.txt 0.000865919 0.000864122 1.797e-06
368 Citeseer_feat_L2.txt 0.00218356 0.00218176 1.806e-06
369 Citeseer_feat_L2.txt 0.000926037 0.000924196 1.841e-06
370 Citeseer_feat_L2.txt 0.00219758 0.00219594 1.64e-06
371 Citeseer_feat_L2.txt 0.000939159 0.000937502 1.657e-06
372 Citeseer_feat_L2.txt 0.00226571 0.00226393 1.785e-06
373 Citeseer_feat_L2.txt 0.00090297 0.000901297 1.673e-06
374 Citeseer_feat_L2.txt 0.00222932 0.00222757 1.754e-06
375 Citeseer_feat_L2.txt 0.000995377 0.000993674 1.703e-06
376 Citeseer_feat_L2.txt 0.00206938 0.00206771 1.671e-06
377 Citeseer_feat_L2.txt 0.000867159 0.000865454 1.705e-06
378 Citeseer_feat_L2.txt 0.00222001 0.00221833 1.682e-06
379 Citeseer_feat_L2.txt 0.000888274 0.000886535 1.739e-06
380 Citeseer_feat_L2.txt 0.00186013 0.00185855 1.575e-06
381 Citeseer_feat_L2.txt 0.000926319 0.000924578 1.741e-06
382 Citeseer_feat_L2.txt 0.00225106 0.00224932 1.734e-06
383 Citeseer_feat_L2.txt 0.000986857 0.000953157 3.37e-05
0 Citeseer_A.txt 0.000872493 0.000871289 1.204e-06
1 Citeseer_A.txt 0.000869778 0.000868932 8.46e-07
2 Citeseer_A.txt 0.000897177 0.000896552 6.25e-07
3 Citeseer_A.txt 0.00087206 0.00087111 9.5e-07
4 Citeseer_A.txt 0.000875353 0.000874668 6.85e-07
5 Citeseer_A.txt 0.000874666 0.000873713 9.53e-07
6 Citeseer_A.txt 0.000893265 0.000892653 6.12e-07
7 Citeseer_A.txt 0.000884512 0.00088339 1.122e-06
8 Citeseer_A.txt 0.000869077 0.000868404 6.73e-07
9 Citeseer_A.txt 0.000864762 0.000864034 7.28e-07
10 Citeseer_A.txt 0.00087416 0.000873475 6.85e-07
11 Citeseer_A.txt 0.000867989 0.000866922 1.067e-06
12 Citeseer_A.txt 0.000870008 0.000869365 6.43e-07
13 Citeseer_A.txt 0.000865677 0.000864957 7.2e-07
14 Citeseer_A.txt 0.000874352 0.000873656 6.96e-07
15 Citeseer_A.txt 0.000866057 0.000865489 5.68e-07
16 Citeseer_A.txt 0.000897213 0.000896521 6.92e-07
17 Citeseer_A.txt 0.000895131 0.00089451 6.21e-07
18 Citeseer_A.txt 0.000905847 0.00090508 7.67e-07
19 Citeseer_A.txt 0.000898002 0.000897155 8.47e-07
20 Citeseer_A.txt 0.00089622 0.000895656 5.64e-07
21 Citeseer_A.txt 0.000894158 0.000893514 6.44e-07
22 Citeseer_A.txt 0.0008978 0.000897083 7.17e-07
23 Citeseer_A.txt 0.000895862 0.000895114 7.48e-07
24 Citeseer_A.txt 0.000885916 0.000885275 6.41e-07
25 Citeseer_A.txt 0.000882624 0.000881905 7.19e-07
26 Citeseer_A.txt 0.000887085 0.000886454 6.31e-07
27 Citeseer_A.txt 0.000890391 0.00088972 6.71e-07
28 Citeseer_A.txt 0.000894235 0.000893253 9.82e-07
29 Citeseer_A.txt 0.000885271 0.000884525 7.46e-07
30 Citeseer_A.txt 0.000893039 0.000892384 6.55e-07
31 Citeseer_A.txt 0.000884927 0.000884368 5.59e-07
32 Citeseer_A.txt 0.000818506 0.000817883 6.23e-07
33 Citeseer_A.txt 0.000819579 0.000818929 6.5e-07
34 Citeseer_A.txt 0.000817217 0.000816642 5.75e-07
35 Citeseer_A.txt 0.000811245 0.000810652 5.93e-07
36 Citeseer_A.txt 0.000813022 0.000812504 5.18e-07
37 Citeseer_A.txt 0.000811736 0.000810901 8.35e-07
38 Citeseer_A.txt 0.000817535 0.000816929 6.06e-07
39 Citeseer_A.txt 0.000811457 0.000810693 7.64e-07
40 Citeseer_A.txt 0.000817301 0.000816759 5.42e-07
41 Citeseer_A.txt 0.000814002 0.000813236 7.66e-07
42 Citeseer_A.txt 0.000813423 0.000812698 7.25e-07
43 Citeseer_A.txt 0.000806757 0.000805994 7.63e-07
44 Citeseer_A.txt 0.000821809 0.000821046 7.63e-07
45 Citeseer_A.txt 0.000817891 0.000817258 6.33e-07
46 Citeseer_A.txt 0.000821558 0.000820887 6.71e-07
47 Citeseer_A.txt 0.000811343 0.000810748 5.95e-07
48 Citeseer_A.txt 0.000885212 0.00088446 7.52e-07
49 Citeseer_A.txt 0.000884564 0.000883944 6.2e-07
50 Citeseer_A.txt 0.000886876 0.000886224 6.52e-07
51 Citeseer_A.txt 0.000866599 0.00086598 6.19e-07
52 Citeseer_A.txt 0.000880894 0.00088031 5.84e-07
53 Citeseer_A.txt 0.000877101 0.000876296 8.05e-07
54 Citeseer_A.txt 0.000885886 0.00088516 7.26e-07
55 Citeseer_A.txt 0.000878433 0.000877659 7.74e-07
56 Citeseer_A.txt 0.000879587 0.000878943 6.44e-07
57 Citeseer_A.txt 0.000875216 0.00087441 8.06e-07
58 Citeseer_A.txt 0.000884737 0.000884112 6.25e-07
59 Citeseer_A.txt 0.000883545 0.00088276 7.85e-07
60 Citeseer_A.txt 0.000886703 0.000886032 6.71e-07
61 Citeseer_A.txt 0.000883405 0.000882875 5.3e-07
62 Citeseer_A.txt 0.000886804 0.000886106 6.98e-07
63 Citeseer_A.txt 0.000882873 0.000882193 6.8e-07
64 Citeseer_A.txt 0.000896708 0.000896035 6.73e-07
65 Citeseer_A.txt 0.000893109 0.000892259 8.5e-07
66 Citeseer_A.txt 0.000901318 0.000900673 6.45e-07
67 Citeseer_A.txt 0.000894836 0.000894143 6.93e-07
68 Citeseer_A.txt 0.000897534 0.000896872 6.62e-07
69 Citeseer_A.txt 0.000892824 0.000892033 7.91e-07
70 Citeseer_A.txt 0.000899236 0.00089865 5.86e-07
71 Citeseer_A.txt 0.000892758 0.000891999 7.59e-07
72 Citeseer_A.txt 0.000870818 0.000870102 7.16e-07
73 Citeseer_A.txt 0.000862881 0.000862328 5.53e-07
74 Citeseer_A.txt 0.000878644 0.000878046 5.98e-07
75 Citeseer_A.txt 0.000870375 0.00086963 7.45e-07
76 Citeseer_A.txt 0.000873289 0.00087261 6.79e-07
77 Citeseer_A.txt 0.000869756 0.000869143 6.13e-07
78 Citeseer_A.txt 0.0008778 0.000877041 7.59e-07
79 Citeseer_A.txt 0.000868748 0.000868166 5.82e-07
80 Citeseer_A.txt 0.000821229 0.000820586 6.43e-07
81 Citeseer_A.txt 0.000820659 0.000819895 7.64e-07
82 Citeseer_A.txt 0.000820125 0.000819124 1.001e-06
83 Citeseer_A.txt 0.000817607 0.00081684 7.67e-07
84 Citeseer_A.txt 0.000818784 0.000818164 6.2e-07
85 Citeseer_A.txt 0.000821183 0.000820449 7.34e-07
86 Citeseer_A.txt 0.000819507 0.000818589 9.18e-07
87 Citeseer_A.txt 0.000817985 0.000817303 6.82e-07
88 Citeseer_A.txt 0.000818815 0.000818165 6.5e-07
89 Citeseer_A.txt 0.000811181 0.000810507 6.74e-07
90 Citeseer_A.txt 0.000818831 0.000818203 6.28e-07
91 Citeseer_A.txt 0.000808154 0.000807499 6.55e-07
92 Citeseer_A.txt 0.000819071 0.000818464 6.07e-07
93 Citeseer_A.txt 0.00081276 0.000811934 8.26e-07
94 Citeseer_A.txt 0.00081911 0.000818142 9.68e-07
95 Citeseer_A.txt 0.000806994 0.000806271 7.23e-07
96 Citeseer_A.txt 0.000872365 0.000871452 9.13e-07
97 Citeseer_A.txt 0.000869965 0.000869127 8.38e-07
98 Citeseer_A.txt 0.000872377 0.000871765 6.12e-07
99 Citeseer_A.txt 0.000865486 0.000864657 8.29e-07
100 Citeseer_A.txt 0.000871488 0.000870965 5.23e-07
101 Citeseer_A.txt 0.0008664 0.000865638 7.62e-07
102 Citeseer_A.txt 0.000884415 0.000883762 6.53e-07
103 Citeseer_A.txt 0.000877045 0.000876422 6.23e-07
104 Citeseer_A.txt 0.000886701 0.000886157 5.44e-07
105 Citeseer_A.txt 0.000882048 0.000881208 8.4e-07
106 Citeseer_A.txt 0.000891891 0.000891136 7.55e-07
107 Citeseer_A.txt 0.000887223 0.000886389 8.34e-07
108 Citeseer_A.txt 0.000880018 0.000878914 1.104e-06
109 Citeseer_A.txt 0.000876123 0.000875298 8.25e-07
110 Citeseer_A.txt 0.00087228 0.000871281 9.99e-07
111 Citeseer_A.txt 0.000865674 0.000864781 8.93e-07
112 Citeseer_A.txt 0.00090125 0.000900565 6.85e-07
113 Citeseer_A.txt 0.000896851 0.000895925 9.26e-07
114 Citeseer_A.txt 0.000906273 0.000905649 6.24e-07
115 Citeseer_A.txt 0.000898863 0.000898094 7.69e-07
116 Citeseer_A.txt 0.000898303 0.000897695 6.08e-07
117 Citeseer_A.txt 0.000894266 0.00089348 7.86e-07
118 Citeseer_A.txt 0.000899256 0.000898591 6.65e-07
119 Citeseer_A.txt 0.000892942 0.000892084 8.58e-07
120 Citeseer_A.txt 0.000885148 0.000884558 5.9e-07
121 Citeseer_A.txt 0.000880519 0.000879877 6.42e-07
122 Citeseer_A.txt 0.000891207 0.000890602 6.05e-07
123 Citeseer_A.txt 0.000882512 0.000881777 7.35e-07
124 Citeseer_A.txt 0.000884442 0.000883843 5.99e-07
125 Citeseer_A.txt 0.000881417 0.000880617 8e-07
126 Citeseer_A.txt 0.000889514 0.000888866 6.48e-07
127 Citeseer_A.txt 0.000887957 0.000887259 6.98e-07
128 Citeseer_A.txt 0.000811101 0.000810506 5.95e-07
129 Citeseer_A.txt 0.000806573 0.000805758 8.15e-07
130 Citeseer_A.txt 0.000817486 0.000816873 6.13e-07
131 Citeseer_A.txt 0.000808648 0.000807931 7.17e-07
132 Citeseer_A.txt 0.000820402 0.000819796 6.06e-07
133 Citeseer_A.txt 0.000809133 0.000808548 5.85e-07
134 Citeseer_A.txt 0.000814525 0.000813535 9.9e-07
135 Citeseer_A.txt 0.000811096 0.000810216 8.8e-07
136 Citeseer_A.txt 0.00080993 0.000809387 5.43e-07
137 Citeseer_A.txt 0.000806407 0.000805592 8.15e-07
138 Citeseer_A.txt 0.000819811 0.00081923 5.81e-07
139 Citeseer_A.txt 0.000814722 0.000814064 6.58e-07
140 Citeseer_A.txt 0.000818998 0.00081844 5.58e-07
141 Citeseer_A.txt 0.000811506 0.000810871 6.35e-07
142 Citeseer_A.txt 0.000816471 0.000815853 6.18e-07
143 Citeseer_A.txt 0.000808936 0.00080841 5.26e-07
144 Citeseer_A.txt 0.000870419 0.000869616 8.03e-07
145 Citeseer_A.txt 0.000868351 0.000867509 8.42e-07
146 Citeseer_A.txt 0.00087802 0.000877451 5.69e-07
147 Citeseer_A.txt 0.000871387 0.000870726 6.61e-07
148 Citeseer_A.txt 0.000903415 0.000902598 8.17e-07
149 Citeseer_A.txt 0.000895654 0.000894632 1.022e-06
150 Citeseer_A.txt 0.000922375 0.000921766 6.09e-07
151 Citeseer_A.txt 0.000908697 0.000907874 8.23e-07
152 Citeseer_A.txt 0.000881322 0.000880442 8.8e-07
153 Citeseer_A.txt 0.000876772 0.000875827 9.45e-07
154 Citeseer_A.txt 0.00092398 0.000923325 6.55e-07
155 Citeseer_A.txt 0.000922308 0.000921624 6.84e-07
156 Citeseer_A.txt 0.000891833 0.000891216 6.17e-07
157 Citeseer_A.txt 0.000887762 0.000887039 7.23e-07
158 Citeseer_A.txt 0.000888444 0.000887762 6.82e-07
159 Citeseer_A.txt 0.000883478 0.000882755 7.23e-07
160 Citeseer_A.txt 0.000922119 0.00092135 7.69e-07
161 Citeseer_A.txt 0.000903072 0.000902187 8.85e-07
162 Citeseer_A.txt 0.000909329 0.000908486 8.43e-07
163 Citeseer_A.txt 0.00090306 0.000902215 8.45e-07
164 Citeseer_A.txt 0.000919026 0.000918276 7.5e-07
165 Citeseer_A.txt 0.000896493 0.000895466 1.027e-06
166 Citeseer_A.txt 0.00092478 0.000923823 9.57e-07
167 Citeseer_A.txt 0.00090363 0.000902727 9.03e-07
168 Citeseer_A.txt 0.000887835 0.000886714 1.121e-06
169 Citeseer_A.txt 0.000883487 0.000882625 8.62e-07
170 Citeseer_A.txt 0.000902325 0.000901234 1.091e-06
171 Citeseer_A.txt 0.00089012 0.000889188 9.32e-07
172 Citeseer_A.txt 0.000915239 0.000914453 7.86e-07
173 Citeseer_A.txt 0.000891169 0.000890351 8.18e-07
174 Citeseer_A.txt 0.000903913 0.000903238 6.75e-07
175 Citeseer_A.txt 0.000892732 0.000892108 6.24e-07
176 Citeseer_A.txt 0.000820912 0.000819973 9.39e-07
177 Citeseer_A.txt 0.000816093 0.000815306 7.87e-07
178 Citeseer_A.txt 0.000820818 0.00082015 6.68e-07
179 Citeseer_A.txt 0.000820469 0.000819668 8.01e-07
180 Citeseer_A.txt 0.000822476 0.000821386 1.09e-06
181 Citeseer_A.txt 0.000818923 0.000818108 8.15e-07
182 Citeseer_A.txt 0.000833628 0.000832634 9.94e-07
183 Citeseer_A.txt 0.000829001 0.000828245 7.56e-07
184 Citeseer_A.txt 0.000826388 0.000825303 1.085e-06
185 Citeseer_A.txt 0.000822688 0.000821545 1.143e-06
186 Citeseer_A.txt 0.000833897 0.000832732 1.165e-06
187 Citeseer_A.txt 0.00082653 0.000825878 6.52e-07
188 Citeseer_A.txt 0.000830901 0.0008302 7.01e-07
189 Citeseer_A.txt 0.000826139 0.000825298 8.41e-07
190 Citeseer_A.txt 0.000829656 0.000829034 6.22e-07
191 Citeseer_A.txt 0.000824027 0.000822934 1.093e-06
192 Citeseer_A.txt 0.00087071 0.000869632 1.078e-06
193 Citeseer_A.txt 0.000869001 0.000868043 9.58e-07
194 Citeseer_A.txt 0.000879625 0.000879038 5.87e-07
195 Citeseer_A.txt 0.000873052 0.000872354 6.98e-07
196 Citeseer_A.txt 0.000873585 0.000872458 1.127e-06
197 Citeseer_A.txt 0.000869112 0.000868165 9.47e-07
198 Citeseer_A.txt 0.000876201 0.000875266 9.35e-07
199 Citeseer_A.txt 0.000869909 0.000868874 1.035e-06
200 Citeseer_A.txt 0.000858342 0.000857371 9.71e-07
201 Citeseer_A.txt 0.00085459 0.000853563 1.027e-06
202 Citeseer_A.txt 0.000861244 0.000860286 9.58e-07
203 Citeseer_A.txt 0.000855295 0.000854545 7.5e-07
204 Citeseer_A.txt 0.000864259 0.000863538 7.21e-07
205 Citeseer_A.txt 0.000859742 0.000858901 8.41e-07
206 Citeseer_A.txt 0.000862169 0.000861379 7.9e-07
207 Citeseer_A.txt 0.000856076 0.000855031 1.045e-06
208 Citeseer_A.txt 0.000904205 0.000903228 9.77e-07
209 Citeseer_A.txt 0.000899772 0.000898971 8.01e-07
210 Citeseer_A.txt 0.000907784 0.000906657 1.127e-06
211 Citeseer_A.txt 0.000900359 0.000899503 8.56e-07
212 Citeseer_A.txt 0.000886259 0.000885288 9.71e-07
213 Citeseer_A.txt 0.000881582 0.00088067 9.12e-07
214 Citeseer_A.txt 0.000884085 0.000883438 6.47e-07
215 Citeseer_A.txt 0.000877961 0.000877119 8.42e-07
216 Citeseer_A.txt 0.000865518 0.000864801 7.17e-07
217 Citeseer_A.txt 0.000860285 0.000859223 1.062e-06
218 Citeseer_A.txt 0.000879221 0.000878192 1.029e-06
219 Citeseer_A.txt 0.000871875 0.000871082 7.93e-07
220 Citeseer_A.txt 0.000866538 0.000865555 9.83e-07
221 Citeseer_A.txt 0.000860158 0.000859401 7.57e-07
222 Citeseer_A.txt 0.000863128 0.00086241 7.18e-07
223 Citeseer_A.txt 0.000857206 0.000856448 7.58e-07
224 Citeseer_A.txt 0.00079413 0.000793449 6.81e-07
225 Citeseer_A.txt 0.000792197 0.00079164 5.57e-07
226 Citeseer_A.txt 0.000800661 0.000799774 8.87e-07
227 Citeseer_A.txt 0.000794812 0.000794031 7.81e-07
228 Citeseer_A.txt 0.000804265 0.00080307 1.195e-06
229 Citeseer_A.txt 0.000799402 0.00079871 6.92e-07
230 Citeseer_A.txt 0.00080239 0.000801298 1.092e-06
231 Citeseer_A.txt 0.000795107 0.000794195 9.12e-07
232 Citeseer_A.txt 0.000802842 0.000801761 1.081e-06
233 Citeseer_A.txt 0.000798697 0.000797673 1.024e-06
234 Citeseer_A.txt 0.000806956 0.000805932 1.024e-06
235 Citeseer_A.txt 0.000801322 0.000800613 7.09e-07
236 Citeseer_A.txt 0.000803516 0.000802352 1.164e-06
237 Citeseer_A.txt 0.000800883 0.000800071 8.12e-07
238 Citeseer_A.txt 0.000808352 0.000807323 1.029e-06
239 Citeseer_A.txt 0.000802622 0.000801452 1.17e-06
240 Citeseer_A.txt 0.000865542 0.000864119 1.423e-06
241 Citeseer_A.txt 0.000864922 0.000863798 1.124e-06
242 Citeseer_A.txt 0.000881451 0.000880325 1.126e-06
243 Citeseer_A.txt 0.000866223 0.000865222 1.001e-06
244 Citeseer_A.txt 0.000876737 0.000876047 6.9e-07
245 Citeseer_A.txt 0.000889021 0.00088834 6.81e-07
246 Citeseer_A.txt 0.000879778 0.000878873 9.05e-07
247 Citeseer_A.txt 0.000868184 0.000867177 1.007e-06
248 Citeseer_A.txt 0.000859551 0.000858746 8.05e-07
249 Citeseer_A.txt 0.000856447 0.000855597 8.5e-07
250 Citeseer_A.txt 0.000901453 0.000900701 7.52e-07
251 Citeseer_A.txt 0.000859362 0.000858449 9.13e-07
252 Citeseer_A.txt 0.000874208 0.000873217 9.91e-07
253 Citeseer_A.txt 0.000864987 0.000864205 7.82e-07
254 Citeseer_A.txt 0.000912104 0.000911327 7.77e-07
255 Citeseer_A.txt 0.000863462 0.000862775 6.87e-07
256 Citeseer_A.txt 0.000922674 0.000921846 8.28e-07
257 Citeseer_A.txt 0.000905618 0.000904697 9.21e-07
258 Citeseer_A.txt 0.000902841 0.000901853 9.88e-07
259 Citeseer_A.txt 0.000898174 0.000897069 1.105e-06
260 Citeseer_A.txt 0.000908237 0.00090723 1.007e-06
261 Citeseer_A.txt 0.000894508 0.000893455 1.053e-06
262 Citeseer_A.txt 0.000925709 0.000924634 1.075e-06
263 Citeseer_A.txt 0.000891749 0.00089071 1.039e-06
264 Citeseer_A.txt 0.000883108 0.000882128 9.8e-07
265 Citeseer_A.txt 0.000872319 0.000871276 1.043e-06
266 Citeseer_A.txt 0.00092188 0.000920863 1.017e-06
267 Citeseer_A.txt 0.000876282 0.000875159 1.123e-06
268 Citeseer_A.txt 0.00091898 0.000918005 9.75e-07
269 Citeseer_A.txt 0.000917035 0.000916094 9.41e-07
270 Citeseer_A.txt 0.000895172 0.0008944 7.72e-07
271 Citeseer_A.txt 0.000913574 0.000912762 8.12e-07
272 Citeseer_A.txt 0.000817441 0.000816535 9.06e-07
273 Citeseer_A.txt 0.000806812 0.00080558 1.232e-06
274 Citeseer_A.txt 0.000817263 0.000816121 1.142e-06
275 Citeseer_A.txt 0.000805748 0.000805094 6.54e-07
276 Citeseer_A.txt 0.000808936 0.000808062 8.74e-07
277 Citeseer_A.txt 0.000803695 0.000802577 1.118e-06
278 Citeseer_A.txt 0.000814191 0.000813431 7.6e-07
279 Citeseer_A.txt 0.000805212 0.00080422 9.92e-07
280 Citeseer_A.txt 0.000817573 0.000816856 7.17e-07
281 Citeseer_A.txt 0.000816821 0.000815987 8.34e-07
282 Citeseer_A.txt 0.000818008 0.000817189 8.19e-07
283 Citeseer_A.txt 0.000803974 0.000803082 8.92e-07
284 Citeseer_A.txt 0.000816244 0.000815258 9.86e-07
285 Citeseer_A.txt 0.000807707 0.000806697 1.01e-06
286 Citeseer_A.txt 0.000811043 0.000810022 1.021e-06
287 Citeseer_A.txt 0.000804001 0.000803028 9.73e-07
288 Citeseer_A.txt 0.000875796 0.000874824 9.72e-07
289 Citeseer_A.txt 0.000874934 0.000872896 2.038e-06
290 Citeseer_A.txt 0.000876691 0.000875503 1.188e-06
291 Citeseer_A.txt 0.000867826 0.000866827 9.99e-07
292 Citeseer_A.txt 0.000885929 0.000885096 8.33e-07
293 Citeseer_A.txt 0.000881889 0.000880512 1.377e-06
294 Citeseer_A.txt 0.000877826 0.000876699 1.127e-06
295 Citeseer_A.txt 0.000868331 0.000867118 1.213e-06
296 Citeseer_A.txt 0.000890497 0.000888333 2.164e-06
297 Citeseer_A.txt 0.000884656 0.000883528 1.128e-06
298 Citeseer_A.txt 0.000884082 0.00088326 8.22e-07
299 Citeseer_A.txt 0.000875635 0.000874624 1.011e-06
300 Citeseer_A.txt 0.000886448 0.000885659 7.89e-07
301 Citeseer_A.txt 0.000882137 0.00088119 9.47e-07
302 Citeseer_A.txt 0.000878816 0.000877958 8.58e-07
303 Citeseer_A.txt 0.000873041 0.000872197 8.44e-07
304 Citeseer_A.txt 0.000902358 0.000901325 1.033e-06
305 Citeseer_A.txt 0.000897166 0.000896313 8.53e-07
306 Citeseer_A.txt 0.000907643 0.000906977 6.66e-07
307 Citeseer_A.txt 0.000900429 0.000899508 9.21e-07
308 Citeseer_A.txt 0.000902255 0.000901602 6.53e-07
309 Citeseer_A.txt 0.000899962 0.000899076 8.86e-07
310 Citeseer_A.txt 0.000902886 0.000902199 6.87e-07
311 Citeseer_A.txt 0.000895842 0.000894886 9.56e-07
312 Citeseer_A.txt 0.000887273 0.000886041 1.232e-06
313 Citeseer_A.txt 0.000884071 0.000882844 1.227e-06
314 Citeseer_A.txt 0.000898366 0.000897374 9.92e-07
315 Citeseer_A.txt 0.000892094 0.000890968 1.126e-06
316 Citeseer_A.txt 0.000887373 0.000886467 9.06e-07
317 Citeseer_A.txt 0.000880889 0.000879858 1.031e-06
318 Citeseer_A.txt 0.000881501 0.000880555 9.46e-07
319 Citeseer_A.txt 0.000875573 0.000874286 1.287e-06
320 Citeseer_A.txt 0.000816899 0.000816048 8.51e-07
321 Citeseer_A.txt 0.000814273 0.000813378 8.95e-07
322 Citeseer_A.txt 0.000819405 0.000818546 8.59e-07
323 Citeseer_A.txt 0.000823842 0.0008219 1.942e-06
324 Citeseer_A.txt 0.000814992 0.000813502 1.49e-06
325 Citeseer_A.txt 0.000807441 0.000806636 8.05e-07
326 Citeseer_A.txt 0.000814762 0.000813868 8.94e-07
327 Citeseer_A.txt 0.000806896 0.000805966 9.3e-07
328 Citeseer_A.txt 0.000814067 0.000813203 8.64e-07
329 Citeseer_A.txt 0.000806491 0.000805617 8.74e-07
330 Citeseer_A.txt 0.000815053 0.000814251 8.02e-07
331 Citeseer_A.txt 0.000806252 0.000805097 1.155e-06
332 Citeseer_A.txt 0.000809633 0.000808603 1.03e-06
333 Citeseer_A.txt 0.000805341 0.000804326 1.015e-06
334 Citeseer_A.txt 0.000814798 0.000813696 1.102e-06
335 Citeseer_A.txt 0.000808618 0.000807572 1.046e-06
336 Citeseer_A.txt 0.000883237 0.000882213 1.024e-06
337 Citeseer_A.txt 0.000881735 0.00088081 9.25e-07
338 Citeseer_A.txt 0.000882652 0.000881221 1.431e-06
339 Citeseer_A.txt 0.000876449 0.000875346 1.103e-06
340 Citeseer_A.txt 0.000913425 0.00091244 9.85e-07
341 Citeseer_A.txt 0.00089534 0.000894073 1.267e-06
342 Citeseer_A.txt 0.000903758 0.000902603 1.155e-06
343 Citeseer_A.txt 0.000903853 0.000902746 1.107e-06
344 Citeseer_A.txt 0.00088072 0.000879829 8.91e-07
345 Citeseer_A.txt 0.000876523 0.000875171 1.352e-06
346 Citeseer_A.txt 0.000878588 0.000877548 1.04e-06
347 Citeseer_A.txt 0.000873823 0.000872784 1.039e-06
348 Citeseer_A.txt 0.000878562 0.000877686 8.76e-07
349 Citeseer_A.txt 0.000874092 0.000872994 1.098e-06
350 Citeseer_A.txt 0.00087907 0.00087814 9.3e-07
351 Citeseer_A.txt 0.000873902 0.000872337 1.565e-06
352 Citeseer_A.txt 0.000912353 0.000910884 1.469e-06
353 Citeseer_A.txt 0.000904834 0.000903886 9.48e-07
354 Citeseer_A.txt 0.000911874 0.000910972 9.02e-07
355 Citeseer_A.txt 0.000914937 0.000913847 1.09e-06
356 Citeseer_A.txt 0.000916554 0.000915618 9.36e-07
357 Citeseer_A.txt 0.000903362 0.00090236 1.002e-06
358 Citeseer_A.txt 0.00090563 0.00090487 7.6e-07
359 Citeseer_A.txt 0.00090311 0.000901836 1.274e-06
360 Citeseer_A.txt 0.000891129 0.000890145 9.84e-07
361 Citeseer_A.txt 0.000908749 0.000908018 7.31e-07
362 Citeseer_A.txt 0.000898319 0.000897748 5.71e-07
363 Citeseer_A.txt 0.000885388 0.000884798 5.9e-07
364 Citeseer_A.txt 0.000892229 0.000891361 8.68e-07
365 Citeseer_A.txt 0.000886421 0.000885407 1.014e-06
366 Citeseer_A.txt 0.000902 0.000901122 8.78e-07
367 Citeseer_A.txt 0.000893382 0.000892247 1.135e-06
368 Citeseer_A.txt 0.000826153 0.000824984 1.169e-06
369 Citeseer_A.txt 0.000819714 0.000818881 8.33e-07
370 Citeseer_A.txt 0.00083193 0.000830941 9.89e-07
371 Citeseer_A.txt 0.000827829 0.00082712 7.09e-07
372 Citeseer_A.txt 0.000827627 0.000826753 8.74e-07
373 Citeseer_A.txt 0.00082324 0.000822382 8.58e-07
374 Citeseer_A.txt 0.000826032 0.000825262 7.7e-07
375 Citeseer_A.txt 0.000819072 0.000818206 8.66e-07
376 Citeseer_A.txt 0.000818637 0.000817641 9.96e-07
377 Citeseer_A.txt 0.000814917 0.000813701 1.216e-06
378 Citeseer_A.txt 0.000819562 0.000818496 1.066e-06
379 Citeseer_A.txt 0.000813238 0.000812145 1.093e-06
380 Citeseer_A.txt 0.000822278 0.00082101 1.268e-06
381 Citeseer_A.txt 0.000817588 0.000816573 1.015e-06
382 Citeseer_A.txt 0.000820417 0.000818993 1.424e-06
383 Citeseer_A.txt 0.00082701 0.000811768 1.5242e-05
TACC:  Shutdown complete. Exiting. 
