TACC:  Starting up job 10024561 
TACC:  Starting parallel tasks... 
0 Cora_feat_L2.txt 0.00175119 0.00174919 2.001e-06
1 Cora_feat_L2.txt 0.00134021 0.00133845 1.766e-06
2 Cora_feat_L2.txt 0.00175757 0.00175571 1.862e-06
3 Cora_feat_L2.txt 0.000909946 0.00090789 2.056e-06
4 Cora_feat_L2.txt 0.0018365 0.00183484 1.657e-06
5 Cora_feat_L2.txt 0.00111717 0.00111544 1.735e-06
6 Cora_feat_L2.txt 0.00189384 0.00189204 1.8e-06
7 Cora_feat_L2.txt 0.000948838 0.000946936 1.902e-06
8 Cora_feat_L2.txt 0.00188325 0.00188128 1.964e-06
9 Cora_feat_L2.txt 0.00128519 0.00128365 1.538e-06
10 Cora_feat_L2.txt 0.00216668 0.00216515 1.526e-06
11 Cora_feat_L2.txt 0.000961658 0.000959725 1.933e-06
12 Cora_feat_L2.txt 0.00222496 0.00222307 1.89e-06
13 Cora_feat_L2.txt 0.00125254 0.00125082 1.715e-06
14 Cora_feat_L2.txt 0.00237293 0.00237097 1.965e-06
15 Cora_feat_L2.txt 0.000994397 0.000992627 1.77e-06
16 Cora_feat_L2.txt 0.00213129 0.00212954 1.746e-06
17 Cora_feat_L2.txt 0.00114531 0.00114331 2.002e-06
18 Cora_feat_L2.txt 0.00214945 0.0021472 2.248e-06
19 Cora_feat_L2.txt 0.000976438 0.000974691 1.747e-06
20 Cora_feat_L2.txt 0.00229713 0.0022956 1.522e-06
21 Cora_feat_L2.txt 0.00128692 0.00128501 1.905e-06
22 Cora_feat_L2.txt 0.00220135 0.00219958 1.773e-06
23 Cora_feat_L2.txt 0.000997717 0.000995804 1.913e-06
24 Cora_feat_L2.txt 0.00228511 0.00228304 2.065e-06
25 Cora_feat_L2.txt 0.0011621 0.0011603 1.804e-06
26 Cora_feat_L2.txt 0.00233281 0.00233106 1.742e-06
27 Cora_feat_L2.txt 0.000928587 0.000926618 1.969e-06
28 Cora_feat_L2.txt 0.00231221 0.00231022 1.991e-06
29 Cora_feat_L2.txt 0.00121439 0.0012123 2.097e-06
30 Cora_feat_L2.txt 0.0023093 0.00230741 1.889e-06
31 Cora_feat_L2.txt 0.000905526 0.000903585 1.941e-06
32 Cora_feat_L2.txt 0.00210269 0.00210059 2.102e-06
33 Cora_feat_L2.txt 0.00115302 0.00115114 1.88e-06
34 Cora_feat_L2.txt 0.0021164 0.00211464 1.765e-06
35 Cora_feat_L2.txt 0.000871518 0.000869352 2.166e-06
36 Cora_feat_L2.txt 0.00221398 0.00221209 1.895e-06
37 Cora_feat_L2.txt 0.00133616 0.00133438 1.776e-06
38 Cora_feat_L2.txt 0.00228098 0.00227913 1.847e-06
39 Cora_feat_L2.txt 0.000898373 0.000896593 1.78e-06
40 Cora_feat_L2.txt 0.00229228 0.00229056 1.721e-06
41 Cora_feat_L2.txt 0.0012343 0.0012324 1.894e-06
42 Cora_feat_L2.txt 0.00221383 0.00221199 1.839e-06
43 Cora_feat_L2.txt 0.000888188 0.000886359 1.829e-06
44 Cora_feat_L2.txt 0.002273 0.00227134 1.668e-06
45 Cora_feat_L2.txt 0.00111441 0.00111247 1.934e-06
46 Cora_feat_L2.txt 0.00239478 0.00239283 1.953e-06
47 Cora_feat_L2.txt 0.00102803 0.00102642 1.615e-06
48 Cora_feat_L2.txt 0.00203778 0.00203576 2.017e-06
49 Cora_feat_L2.txt 0.00111627 0.00111432 1.944e-06
50 Cora_feat_L2.txt 0.00216547 0.0021637 1.769e-06
51 Cora_feat_L2.txt 0.000880812 0.000878895 1.917e-06
52 Cora_feat_L2.txt 0.0022567 0.00225471 1.991e-06
53 Cora_feat_L2.txt 0.00119352 0.00119178 1.741e-06
54 Cora_feat_L2.txt 0.00225218 0.00225011 2.07e-06
55 Cora_feat_L2.txt 0.00108647 0.00108475 1.727e-06
56 Cora_feat_L2.txt 0.00223038 0.00222854 1.841e-06
57 Cora_feat_L2.txt 0.001119 0.00111722 1.78e-06
58 Cora_feat_L2.txt 0.00237461 0.00237272 1.893e-06
59 Cora_feat_L2.txt 0.000913627 0.000911961 1.666e-06
60 Cora_feat_L2.txt 0.00228561 0.00228385 1.75e-06
61 Cora_feat_L2.txt 0.00125712 0.00125517 1.956e-06
62 Cora_feat_L2.txt 0.00219774 0.00219592 1.819e-06
63 Cora_feat_L2.txt 0.00102329 0.0010213 1.987e-06
64 Cora_feat_L2.txt 0.00195678 0.00195497 1.801e-06
65 Cora_feat_L2.txt 0.00120076 0.00119896 1.799e-06
66 Cora_feat_L2.txt 0.00179563 0.00179385 1.78e-06
67 Cora_feat_L2.txt 0.000998089 0.000996225 1.864e-06
68 Cora_feat_L2.txt 0.00192424 0.00192244 1.8e-06
69 Cora_feat_L2.txt 0.00122137 0.00121967 1.695e-06
70 Cora_feat_L2.txt 0.0018708 0.00186908 1.72e-06
71 Cora_feat_L2.txt 0.00104177 0.00104004 1.736e-06
72 Cora_feat_L2.txt 0.00183708 0.00183521 1.864e-06
73 Cora_feat_L2.txt 0.00109023 0.0010885 1.732e-06
74 Cora_feat_L2.txt 0.002328 0.00232624 1.762e-06
75 Cora_feat_L2.txt 0.000871627 0.000869541 2.086e-06
76 Cora_feat_L2.txt 0.00237446 0.00237275 1.715e-06
77 Cora_feat_L2.txt 0.00109959 0.00109791 1.682e-06
78 Cora_feat_L2.txt 0.00235736 0.00235558 1.773e-06
79 Cora_feat_L2.txt 0.0011016 0.0010996 2.004e-06
80 Cora_feat_L2.txt 0.00222186 0.00222006 1.799e-06
81 Cora_feat_L2.txt 0.00130704 0.00130533 1.706e-06
82 Cora_feat_L2.txt 0.00232368 0.00232179 1.897e-06
83 Cora_feat_L2.txt 0.000946258 0.000944335 1.923e-06
84 Cora_feat_L2.txt 0.00222629 0.00222447 1.822e-06
85 Cora_feat_L2.txt 0.00129182 0.00129001 1.811e-06
86 Cora_feat_L2.txt 0.00208177 0.00207978 1.991e-06
87 Cora_feat_L2.txt 0.00101562 0.00101373 1.892e-06
88 Cora_feat_L2.txt 0.0021439 0.00214202 1.88e-06
89 Cora_feat_L2.txt 0.00127134 0.00126939 1.951e-06
90 Cora_feat_L2.txt 0.00223111 0.00222906 2.051e-06
91 Cora_feat_L2.txt 0.000875443 0.000873512 1.931e-06
92 Cora_feat_L2.txt 0.00226921 0.00226734 1.874e-06
93 Cora_feat_L2.txt 0.00122734 0.00122563 1.714e-06
94 Cora_feat_L2.txt 0.00231833 0.00231643 1.899e-06
95 Cora_feat_L2.txt 0.00084377 0.000842043 1.727e-06
96 Cora_feat_L2.txt 0.00220589 0.00220393 1.958e-06
97 Cora_feat_L2.txt 0.00114601 0.00114428 1.733e-06
98 Cora_feat_L2.txt 0.00201087 0.00200892 1.951e-06
99 Cora_feat_L2.txt 0.000953307 0.000951533 1.774e-06
100 Cora_feat_L2.txt 0.0021928 0.00219082 1.974e-06
101 Cora_feat_L2.txt 0.0011657 0.0011638 1.899e-06
102 Cora_feat_L2.txt 0.00224788 0.00224595 1.932e-06
103 Cora_feat_L2.txt 0.000866213 0.000864503 1.71e-06
104 Cora_feat_L2.txt 0.00224333 0.00224143 1.9e-06
105 Cora_feat_L2.txt 0.00124846 0.00124655 1.916e-06
106 Cora_feat_L2.txt 0.00225664 0.00225495 1.694e-06
107 Cora_feat_L2.txt 0.000890786 0.000888858 1.928e-06
108 Cora_feat_L2.txt 0.00234528 0.00234349 1.793e-06
109 Cora_feat_L2.txt 0.00120546 0.0012035 1.963e-06
110 Cora_feat_L2.txt 0.0023836 0.00238168 1.914e-06
111 Cora_feat_L2.txt 0.00104906 0.00104711 1.952e-06
112 Cora_feat_L2.txt 0.00218054 0.00217864 1.893e-06
113 Cora_feat_L2.txt 0.00116021 0.00115848 1.729e-06
114 Cora_feat_L2.txt 0.00228509 0.00228328 1.812e-06
115 Cora_feat_L2.txt 0.000975385 0.000973754 1.631e-06
116 Cora_feat_L2.txt 0.0022287 0.00222679 1.915e-06
117 Cora_feat_L2.txt 0.00121073 0.00120904 1.691e-06
118 Cora_feat_L2.txt 0.00218542 0.0021836 1.811e-06
119 Cora_feat_L2.txt 0.00106018 0.00105854 1.641e-06
120 Cora_feat_L2.txt 0.00219341 0.0021916 1.809e-06
121 Cora_feat_L2.txt 0.00108777 0.00108583 1.94e-06
122 Cora_feat_L2.txt 0.00225121 0.00224941 1.794e-06
123 Cora_feat_L2.txt 0.00084873 0.000846887 1.843e-06
124 Cora_feat_L2.txt 0.00246413 0.00246227 1.854e-06
125 Cora_feat_L2.txt 0.00117363 0.00116387 9.754e-06
126 Cora_feat_L2.txt 0.00239642 0.00239459 1.826e-06
127 Cora_feat_L2.txt 0.000899007 0.000897008 1.999e-06
128 Cora_feat_L2.txt 0.00197856 0.00197668 1.883e-06
129 Cora_feat_L2.txt 0.00122231 0.00122056 1.753e-06
130 Cora_feat_L2.txt 0.00178757 0.00178581 1.759e-06
131 Cora_feat_L2.txt 0.00101332 0.0010114 1.918e-06
132 Cora_feat_L2.txt 0.00184434 0.00184248 1.866e-06
133 Cora_feat_L2.txt 0.00116589 0.0011642 1.686e-06
134 Cora_feat_L2.txt 0.00193829 0.00193655 1.738e-06
135 Cora_feat_L2.txt 0.000951784 0.000949722 2.062e-06
136 Cora_feat_L2.txt 0.00202118 0.00201929 1.889e-06
137 Cora_feat_L2.txt 0.00131183 0.00130996 1.869e-06
138 Cora_feat_L2.txt 0.00229809 0.00229623 1.865e-06
139 Cora_feat_L2.txt 0.00101703 0.0010153 1.724e-06
140 Cora_feat_L2.txt 0.00226817 0.00226642 1.751e-06
141 Cora_feat_L2.txt 0.00121436 0.0012127 1.665e-06
142 Cora_feat_L2.txt 0.00227625 0.00227418 2.067e-06
143 Cora_feat_L2.txt 0.000917799 0.000915961 1.838e-06
144 Cora_feat_L2.txt 0.00214439 0.00214231 2.085e-06
145 Cora_feat_L2.txt 0.00122871 0.00122701 1.705e-06
146 Cora_feat_L2.txt 0.00235417 0.00235242 1.75e-06
147 Cora_feat_L2.txt 0.000963823 0.000961902 1.921e-06
148 Cora_feat_L2.txt 0.00226234 0.00226053 1.814e-06
149 Cora_feat_L2.txt 0.00128076 0.00127883 1.925e-06
150 Cora_feat_L2.txt 0.00222784 0.00222617 1.665e-06
151 Cora_feat_L2.txt 0.000990208 0.000988239 1.969e-06
152 Cora_feat_L2.txt 0.00229933 0.0022975 1.831e-06
153 Cora_feat_L2.txt 0.00120476 0.00120276 1.997e-06
154 Cora_feat_L2.txt 0.00237257 0.00237075 1.82e-06
155 Cora_feat_L2.txt 0.00106045 0.00105842 2.036e-06
156 Cora_feat_L2.txt 0.00232182 0.00231989 1.926e-06
157 Cora_feat_L2.txt 0.00121104 0.00120911 1.928e-06
158 Cora_feat_L2.txt 0.00238504 0.00238331 1.724e-06
159 Cora_feat_L2.txt 0.00101558 0.0010139 1.677e-06
160 Cora_feat_L2.txt 0.00222485 0.00222303 1.812e-06
161 Cora_feat_L2.txt 0.0013197 0.0013179 1.799e-06
162 Cora_feat_L2.txt 0.00213525 0.00213348 1.775e-06
163 Cora_feat_L2.txt 0.000965826 0.000963847 1.979e-06
164 Cora_feat_L2.txt 0.00227559 0.00227343 2.159e-06
165 Cora_feat_L2.txt 0.00122408 0.00122206 2.019e-06
166 Cora_feat_L2.txt 0.00225372 0.00225195 1.776e-06
167 Cora_feat_L2.txt 0.000982029 0.000980021 2.008e-06
168 Cora_feat_L2.txt 0.00225601 0.00225398 2.026e-06
169 Cora_feat_L2.txt 0.00125409 0.00125238 1.711e-06
170 Cora_feat_L2.txt 0.00229443 0.00229256 1.877e-06
171 Cora_feat_L2.txt 0.000988301 0.000986408 1.893e-06
172 Cora_feat_L2.txt 0.00236223 0.0023603 1.927e-06
173 Cora_feat_L2.txt 0.00123195 0.00122997 1.977e-06
174 Cora_feat_L2.txt 0.00232185 0.00231963 2.222e-06
175 Cora_feat_L2.txt 0.000954623 0.000952795 1.828e-06
176 Cora_feat_L2.txt 0.00219151 0.00218991 1.602e-06
177 Cora_feat_L2.txt 0.00122982 0.00122787 1.951e-06
178 Cora_feat_L2.txt 0.00233179 0.00232996 1.824e-06
179 Cora_feat_L2.txt 0.000948201 0.000946142 2.059e-06
180 Cora_feat_L2.txt 0.00231585 0.0023141 1.756e-06
181 Cora_feat_L2.txt 0.00118296 0.00118125 1.702e-06
182 Cora_feat_L2.txt 0.00226365 0.00226164 2.006e-06
183 Cora_feat_L2.txt 0.00099363 0.000991843 1.787e-06
184 Cora_feat_L2.txt 0.0023332 0.00233128 1.914e-06
185 Cora_feat_L2.txt 0.00117566 0.00117367 1.991e-06
186 Cora_feat_L2.txt 0.00244258 0.00244074 1.833e-06
187 Cora_feat_L2.txt 0.000969061 0.000967044 2.017e-06
188 Cora_feat_L2.txt 0.00242877 0.0024267 2.071e-06
189 Cora_feat_L2.txt 0.00136874 0.001367 1.742e-06
190 Cora_feat_L2.txt 0.00229116 0.00228939 1.769e-06
191 Cora_feat_L2.txt 0.000971448 0.000969386 2.062e-06
192 Cora_feat_L2.txt 0.00192981 0.00192783 1.985e-06
193 Cora_feat_L2.txt 0.00124161 0.00123987 1.746e-06
194 Cora_feat_L2.txt 0.00184158 0.00183974 1.833e-06
195 Cora_feat_L2.txt 0.00102666 0.00102513 1.534e-06
196 Cora_feat_L2.txt 0.00202197 0.00202031 1.662e-06
197 Cora_feat_L2.txt 0.00129725 0.00129531 1.939e-06
198 Cora_feat_L2.txt 0.00191126 0.00190937 1.894e-06
199 Cora_feat_L2.txt 0.00102868 0.00102679 1.889e-06
200 Cora_feat_L2.txt 0.001909 0.00190698 2.018e-06
201 Cora_feat_L2.txt 0.00130663 0.00130465 1.982e-06
202 Cora_feat_L2.txt 0.00226781 0.00226608 1.729e-06
203 Cora_feat_L2.txt 0.000982807 0.000981119 1.688e-06
204 Cora_feat_L2.txt 0.00233759 0.00233589 1.705e-06
205 Cora_feat_L2.txt 0.00122988 0.00122831 1.567e-06
206 Cora_feat_L2.txt 0.00232379 0.00232194 1.853e-06
207 Cora_feat_L2.txt 0.000981632 0.000979864 1.768e-06
208 Cora_feat_L2.txt 0.0021227 0.00212062 2.082e-06
209 Cora_feat_L2.txt 0.00119786 0.0011959 1.956e-06
210 Cora_feat_L2.txt 0.00228278 0.00228085 1.921e-06
211 Cora_feat_L2.txt 0.00096148 0.000959512 1.968e-06
212 Cora_feat_L2.txt 0.00221584 0.00221386 1.977e-06
213 Cora_feat_L2.txt 0.0012369 0.0012349 1.997e-06
214 Cora_feat_L2.txt 0.00213933 0.00213742 1.911e-06
215 Cora_feat_L2.txt 0.000976657 0.000974556 2.101e-06
216 Cora_feat_L2.txt 0.00224571 0.00224384 1.87e-06
217 Cora_feat_L2.txt 0.00122738 0.00122544 1.94e-06
218 Cora_feat_L2.txt 0.00229465 0.00229282 1.828e-06
219 Cora_feat_L2.txt 0.00103095 0.0010292 1.757e-06
220 Cora_feat_L2.txt 0.00229773 0.00229591 1.818e-06
221 Cora_feat_L2.txt 0.0012599 0.00125798 1.923e-06
222 Cora_feat_L2.txt 0.00229333 0.00229152 1.808e-06
223 Cora_feat_L2.txt 0.000985889 0.00098394 1.949e-06
224 Cora_feat_L2.txt 0.00225791 0.00225611 1.8e-06
225 Cora_feat_L2.txt 0.0012987 0.00129675 1.948e-06
226 Cora_feat_L2.txt 0.00219927 0.00219739 1.876e-06
227 Cora_feat_L2.txt 0.00100738 0.00100557 1.814e-06
228 Cora_feat_L2.txt 0.00216025 0.00215843 1.815e-06
229 Cora_feat_L2.txt 0.00125829 0.00125637 1.915e-06
230 Cora_feat_L2.txt 0.00222007 0.00221811 1.961e-06
231 Cora_feat_L2.txt 0.000941192 0.000939446 1.746e-06
232 Cora_feat_L2.txt 0.00229951 0.00229764 1.876e-06
233 Cora_feat_L2.txt 0.00119777 0.00119581 1.951e-06
234 Cora_feat_L2.txt 0.00235048 0.00234871 1.77e-06
235 Cora_feat_L2.txt 0.000965421 0.00096349 1.931e-06
236 Cora_feat_L2.txt 0.00236042 0.0023573 3.123e-06
237 Cora_feat_L2.txt 0.00122243 0.00122047 1.967e-06
238 Cora_feat_L2.txt 0.00232341 0.00232155 1.856e-06
239 Cora_feat_L2.txt 0.000989621 0.000987713 1.908e-06
240 Cora_feat_L2.txt 0.00222519 0.0022234 1.788e-06
241 Cora_feat_L2.txt 0.00116292 0.00116116 1.764e-06
242 Cora_feat_L2.txt 0.00230878 0.00230707 1.709e-06
243 Cora_feat_L2.txt 0.000925934 0.000924004 1.93e-06
244 Cora_feat_L2.txt 0.0022809 0.00227916 1.737e-06
245 Cora_feat_L2.txt 0.00116624 0.00116432 1.92e-06
246 Cora_feat_L2.txt 0.00226306 0.00226133 1.73e-06
247 Cora_feat_L2.txt 0.00104019 0.00103826 1.925e-06
248 Cora_feat_L2.txt 0.00228845 0.00228651 1.949e-06
249 Cora_feat_L2.txt 0.00117318 0.00117135 1.831e-06
250 Cora_feat_L2.txt 0.00229203 0.00229027 1.755e-06
251 Cora_feat_L2.txt 0.00101464 0.00101298 1.665e-06
252 Cora_feat_L2.txt 0.00228088 0.00227893 1.954e-06
253 Cora_feat_L2.txt 0.00126223 0.00126057 1.653e-06
254 Cora_feat_L2.txt 0.00237627 0.00237447 1.804e-06
255 Cora_feat_L2.txt 0.000898588 0.000896616 1.972e-06
256 Cora_feat_L2.txt 0.00185495 0.00185298 1.965e-06
257 Cora_feat_L2.txt 0.00117619 0.00117424 1.951e-06
258 Cora_feat_L2.txt 0.00179058 0.00178873 1.849e-06
259 Cora_feat_L2.txt 0.000893198 0.000891303 1.895e-06
260 Cora_feat_L2.txt 0.00196274 0.00196096 1.78e-06
261 Cora_feat_L2.txt 0.00123028 0.00121835 1.1923e-05
262 Cora_feat_L2.txt 0.00180702 0.00180501 2.004e-06
263 Cora_feat_L2.txt 0.00106272 0.00106075 1.97e-06
264 Cora_feat_L2.txt 0.00187667 0.00187453 2.143e-06
265 Cora_feat_L2.txt 0.00126604 0.00126424 1.799e-06
266 Cora_feat_L2.txt 0.00225155 0.00224963 1.918e-06
267 Cora_feat_L2.txt 0.000957768 0.000955804 1.964e-06
268 Cora_feat_L2.txt 0.00229497 0.00229302 1.948e-06
269 Cora_feat_L2.txt 0.00130992 0.00130803 1.89e-06
270 Cora_feat_L2.txt 0.00230462 0.00230268 1.938e-06
271 Cora_feat_L2.txt 0.00106297 0.00106124 1.733e-06
272 Cora_feat_L2.txt 0.00215167 0.00214957 2.092e-06
273 Cora_feat_L2.txt 0.00116996 0.00116794 2.026e-06
274 Cora_feat_L2.txt 0.00236192 0.00235992 2.008e-06
275 Cora_feat_L2.txt 0.00105471 0.0010526 2.108e-06
276 Cora_feat_L2.txt 0.00227477 0.00227277 2.001e-06
277 Cora_feat_L2.txt 0.00129321 0.00129126 1.949e-06
278 Cora_feat_L2.txt 0.00206949 0.00206754 1.949e-06
279 Cora_feat_L2.txt 0.00101793 0.00101603 1.904e-06
280 Cora_feat_L2.txt 0.0022007 0.00219874 1.96e-06
281 Cora_feat_L2.txt 0.00117711 0.00117516 1.945e-06
282 Cora_feat_L2.txt 0.00239504 0.00239303 2.012e-06
283 Cora_feat_L2.txt 0.00094547 0.000943598 1.872e-06
284 Cora_feat_L2.txt 0.00224615 0.00224449 1.656e-06
285 Cora_feat_L2.txt 0.00116303 0.00116146 1.576e-06
286 Cora_feat_L2.txt 0.00228618 0.00228425 1.931e-06
287 Cora_feat_L2.txt 0.000956652 0.000954789 1.863e-06
288 Cora_feat_L2.txt 0.00212044 0.0021185 1.944e-06
289 Cora_feat_L2.txt 0.00112484 0.0011229 1.941e-06
290 Cora_feat_L2.txt 0.00214016 0.00213824 1.921e-06
291 Cora_feat_L2.txt 0.000867053 0.000865 2.053e-06
292 Cora_feat_L2.txt 0.00225629 0.00225434 1.954e-06
293 Cora_feat_L2.txt 0.00113521 0.00113315 2.056e-06
294 Cora_feat_L2.txt 0.00213964 0.00213769 1.944e-06
295 Cora_feat_L2.txt 0.00105493 0.00105296 1.972e-06
296 Cora_feat_L2.txt 0.00214771 0.00214569 2.011e-06
297 Cora_feat_L2.txt 0.00126809 0.00126616 1.926e-06
298 Cora_feat_L2.txt 0.00220813 0.00220614 1.984e-06
299 Cora_feat_L2.txt 0.000933 0.000931072 1.928e-06
300 Cora_feat_L2.txt 0.00226989 0.0022678 2.086e-06
301 Cora_feat_L2.txt 0.00115495 0.00115291 2.035e-06
302 Cora_feat_L2.txt 0.00222244 0.00222058 1.859e-06
303 Cora_feat_L2.txt 0.000954722 0.000952798 1.924e-06
304 Cora_feat_L2.txt 0.00208294 0.002081 1.945e-06
305 Cora_feat_L2.txt 0.00128818 0.00128628 1.9e-06
306 Cora_feat_L2.txt 0.00237197 0.00236998 1.989e-06
307 Cora_feat_L2.txt 0.00105793 0.00105598 1.952e-06
308 Cora_feat_L2.txt 0.00242577 0.00242377 1.994e-06
309 Cora_feat_L2.txt 0.00112016 0.00111815 2.01e-06
310 Cora_feat_L2.txt 0.00217663 0.00217458 2.056e-06
311 Cora_feat_L2.txt 0.00107682 0.00107479 2.023e-06
312 Cora_feat_L2.txt 0.00238104 0.00237894 2.101e-06
313 Cora_feat_L2.txt 0.00119352 0.00119154 1.974e-06
314 Cora_feat_L2.txt 0.00228119 0.00227922 1.971e-06
315 Cora_feat_L2.txt 0.000951361 0.000949239 2.122e-06
316 Cora_feat_L2.txt 0.00229791 0.00229619 1.721e-06
317 Cora_feat_L2.txt 0.00129399 0.00129208 1.905e-06
318 Cora_feat_L2.txt 0.00233044 0.00232841 2.033e-06
319 Cora_feat_L2.txt 0.000904334 0.000902697 1.637e-06
320 Cora_feat_L2.txt 0.00185337 0.0018514 1.972e-06
321 Cora_feat_L2.txt 0.00127369 0.0012718 1.886e-06
322 Cora_feat_L2.txt 0.00178772 0.00178581 1.911e-06
323 Cora_feat_L2.txt 0.000923814 0.000921933 1.881e-06
324 Cora_feat_L2.txt 0.00190536 0.00190339 1.976e-06
325 Cora_feat_L2.txt 0.00124569 0.00124388 1.813e-06
326 Cora_feat_L2.txt 0.00183982 0.00183783 1.99e-06
327 Cora_feat_L2.txt 0.00104169 0.00103985 1.839e-06
328 Cora_feat_L2.txt 0.00187034 0.00186834 2.002e-06
329 Cora_feat_L2.txt 0.00118601 0.00118412 1.891e-06
330 Cora_feat_L2.txt 0.00231248 0.00231042 2.064e-06
331 Cora_feat_L2.txt 0.000947575 0.00094572 1.855e-06
332 Cora_feat_L2.txt 0.00240285 0.00240086 1.991e-06
333 Cora_feat_L2.txt 0.00124974 0.00124776 1.981e-06
334 Cora_feat_L2.txt 0.00226549 0.00226345 2.034e-06
335 Cora_feat_L2.txt 0.00100504 0.00100315 1.885e-06
336 Cora_feat_L2.txt 0.0021603 0.00215828 2.016e-06
337 Cora_feat_L2.txt 0.0011916 0.00118963 1.969e-06
338 Cora_feat_L2.txt 0.00226927 0.00226727 2.001e-06
339 Cora_feat_L2.txt 0.000968452 0.00096638 2.072e-06
340 Cora_feat_L2.txt 0.00231806 0.00231615 1.911e-06
341 Cora_feat_L2.txt 0.00127045 0.0012685 1.95e-06
342 Cora_feat_L2.txt 0.00216531 0.00216336 1.951e-06
343 Cora_feat_L2.txt 0.000959609 0.000957988 1.621e-06
344 Cora_feat_L2.txt 0.00223645 0.00223458 1.873e-06
345 Cora_feat_L2.txt 0.0012202 0.00121816 2.042e-06
346 Cora_feat_L2.txt 0.00233129 0.00232938 1.911e-06
347 Cora_feat_L2.txt 0.000996683 0.000994676 2.007e-06
348 Cora_feat_L2.txt 0.00241704 0.00241499 2.056e-06
349 Cora_feat_L2.txt 0.00124003 0.00123798 2.052e-06
350 Cora_feat_L2.txt 0.00243496 0.00243299 1.973e-06
351 Cora_feat_L2.txt 0.000996431 0.000994457 1.974e-06
352 Cora_feat_L2.txt 0.00223972 0.00223776 1.957e-06
353 Cora_feat_L2.txt 0.0012641 0.00126207 2.032e-06
354 Cora_feat_L2.txt 0.00221098 0.00220893 2.055e-06
355 Cora_feat_L2.txt 0.000987223 0.0009852 2.023e-06
356 Cora_feat_L2.txt 0.00218198 0.00218003 1.953e-06
357 Cora_feat_L2.txt 0.00131401 0.00131218 1.832e-06
358 Cora_feat_L2.txt 0.0022647 0.00226273 1.971e-06
359 Cora_feat_L2.txt 0.00104502 0.00104321 1.816e-06
360 Cora_feat_L2.txt 0.00226545 0.00226342 2.034e-06
361 Cora_feat_L2.txt 0.00124924 0.00124727 1.973e-06
362 Cora_feat_L2.txt 0.00230304 0.00230107 1.97e-06
363 Cora_feat_L2.txt 0.00101829 0.0010162 2.091e-06
364 Cora_feat_L2.txt 0.0023746 0.00237258 2.023e-06
365 Cora_feat_L2.txt 0.00124365 0.00124164 2.003e-06
366 Cora_feat_L2.txt 0.00233187 0.00232986 2.014e-06
367 Cora_feat_L2.txt 0.000976318 0.000974208 2.11e-06
368 Cora_feat_L2.txt 0.00216686 0.00216492 1.942e-06
369 Cora_feat_L2.txt 0.00122816 0.0012262 1.956e-06
370 Cora_feat_L2.txt 0.00227021 0.0022682 2.015e-06
371 Cora_feat_L2.txt 0.000981308 0.000979339 1.969e-06
372 Cora_feat_L2.txt 0.00236539 0.00236342 1.97e-06
373 Cora_feat_L2.txt 0.0012475 0.00124551 1.983e-06
374 Cora_feat_L2.txt 0.00242323 0.00242125 1.986e-06
375 Cora_feat_L2.txt 0.00100268 0.00100076 1.914e-06
376 Cora_feat_L2.txt 0.00229001 0.00228807 1.947e-06
377 Cora_feat_L2.txt 0.00125143 0.00124939 2.038e-06
378 Cora_feat_L2.txt 0.00232489 0.00232283 2.066e-06
379 Cora_feat_L2.txt 0.000983665 0.000981579 2.086e-06
380 Cora_feat_L2.txt 0.00235272 0.00235078 1.948e-06
381 Cora_feat_L2.txt 0.00135918 0.00135718 2.004e-06
382 Cora_feat_L2.txt 0.00232191 0.00232007 1.837e-06
383 Cora_feat_L2.txt 0.00105102 0.00104536 5.662e-06
0 Cora_A.txt 0.000845804 0.00084447 1.334e-06
1 Cora_A.txt 0.000865432 0.000864463 9.69e-07
2 Cora_A.txt 0.000856901 0.000855957 9.44e-07
3 Cora_A.txt 0.000848946 0.000848208 7.38e-07
4 Cora_A.txt 0.0008707 0.000869823 8.77e-07
5 Cora_A.txt 0.000855964 0.000855127 8.37e-07
6 Cora_A.txt 0.000858839 0.000858077 7.62e-07
7 Cora_A.txt 0.00085798 0.000857303 6.77e-07
8 Cora_A.txt 0.000854082 0.000853431 6.51e-07
9 Cora_A.txt 0.000863384 0.00086243 9.54e-07
10 Cora_A.txt 0.000837998 0.000837317 6.81e-07
11 Cora_A.txt 0.000831557 0.000830981 5.76e-07
12 Cora_A.txt 0.000853666 0.000853111 5.55e-07
13 Cora_A.txt 0.000834636 0.00083415 4.86e-07
14 Cora_A.txt 0.000840251 0.000839695 5.56e-07
15 Cora_A.txt 0.00083254 0.000832028 5.12e-07
16 Cora_A.txt 0.000866398 0.000865716 6.82e-07
17 Cora_A.txt 0.000864515 0.000863424 1.091e-06
18 Cora_A.txt 0.000866919 0.000865908 1.011e-06
19 Cora_A.txt 0.000872645 0.000871728 9.17e-07
20 Cora_A.txt 0.000857038 0.000856117 9.21e-07
21 Cora_A.txt 0.000861046 0.000860344 7.02e-07
22 Cora_A.txt 0.000865113 0.000864582 5.31e-07
23 Cora_A.txt 0.000860307 0.000859672 6.35e-07
24 Cora_A.txt 0.000845268 0.000844539 7.29e-07
25 Cora_A.txt 0.000844469 0.00084396 5.09e-07
26 Cora_A.txt 0.000852042 0.000851351 6.91e-07
27 Cora_A.txt 0.00083356 0.000833027 5.33e-07
28 Cora_A.txt 0.000862387 0.000861856 5.31e-07
29 Cora_A.txt 0.000857741 0.000857088 6.53e-07
30 Cora_A.txt 0.000859458 0.000858883 5.75e-07
31 Cora_A.txt 0.000835596 0.000835051 5.45e-07
32 Cora_A.txt 0.000779241 0.000778579 6.62e-07
33 Cora_A.txt 0.000774484 0.000773535 9.49e-07
34 Cora_A.txt 0.000781925 0.000781212 7.13e-07
35 Cora_A.txt 0.00077333 0.00077268 6.5e-07
36 Cora_A.txt 0.000777894 0.000777072 8.22e-07
37 Cora_A.txt 0.000773316 0.000772681 6.35e-07
38 Cora_A.txt 0.000775 0.000774359 6.41e-07
39 Cora_A.txt 0.000772602 0.000771887 7.15e-07
40 Cora_A.txt 0.000782144 0.000781376 7.68e-07
41 Cora_A.txt 0.000778241 0.000777149 1.092e-06
42 Cora_A.txt 0.000783359 0.000782583 7.76e-07
43 Cora_A.txt 0.00077681 0.000776234 5.76e-07
44 Cora_A.txt 0.000784975 0.000784079 8.96e-07
45 Cora_A.txt 0.00078129 0.000780362 9.28e-07
46 Cora_A.txt 0.000783645 0.000782909 7.36e-07
47 Cora_A.txt 0.000780258 0.000779272 9.86e-07
48 Cora_A.txt 0.000840366 0.000839502 8.64e-07
49 Cora_A.txt 0.000837795 0.000836938 8.57e-07
50 Cora_A.txt 0.000873418 0.000872408 1.01e-06
51 Cora_A.txt 0.000863137 0.000862203 9.34e-07
52 Cora_A.txt 0.0008496 0.000848793 8.07e-07
53 Cora_A.txt 0.000838191 0.000837358 8.33e-07
54 Cora_A.txt 0.000874187 0.000873388 7.99e-07
55 Cora_A.txt 0.000825635 0.000824995 6.4e-07
56 Cora_A.txt 0.000837112 0.000836354 7.58e-07
57 Cora_A.txt 0.000832939 0.000831911 1.028e-06
58 Cora_A.txt 0.000881285 0.000880142 1.143e-06
59 Cora_A.txt 0.000836152 0.000835217 9.35e-07
60 Cora_A.txt 0.000852204 0.000851547 6.57e-07
61 Cora_A.txt 0.000873996 0.000872971 1.025e-06
62 Cora_A.txt 0.000878652 0.000877886 7.66e-07
63 Cora_A.txt 0.000835134 0.000834418 7.16e-07
64 Cora_A.txt 0.000869654 0.00086879 8.64e-07
65 Cora_A.txt 0.000869945 0.000869053 8.92e-07
66 Cora_A.txt 0.000869329 0.000868692 6.37e-07
67 Cora_A.txt 0.000867305 0.000866506 7.99e-07
68 Cora_A.txt 0.00086912 0.000868313 8.07e-07
69 Cora_A.txt 0.000864781 0.000864178 6.03e-07
70 Cora_A.txt 0.00086952 0.000868736 7.84e-07
71 Cora_A.txt 0.000868026 0.000867234 7.92e-07
72 Cora_A.txt 0.000844284 0.000843443 8.41e-07
73 Cora_A.txt 0.000837785 0.000837089 6.96e-07
74 Cora_A.txt 0.000869133 0.000868286 8.47e-07
75 Cora_A.txt 0.000845648 0.000844867 7.81e-07
76 Cora_A.txt 0.000875455 0.000874576 8.79e-07
77 Cora_A.txt 0.000849915 0.000849131 7.84e-07
78 Cora_A.txt 0.000867719 0.000867014 7.05e-07
79 Cora_A.txt 0.000844104 0.000843161 9.43e-07
80 Cora_A.txt 0.000763649 0.000762955 6.94e-07
81 Cora_A.txt 0.00075906 0.000758118 9.42e-07
82 Cora_A.txt 0.000769846 0.000769024 8.22e-07
83 Cora_A.txt 0.000760484 0.000759532 9.52e-07
84 Cora_A.txt 0.000768206 0.000767369 8.37e-07
85 Cora_A.txt 0.000767319 0.000766284 1.035e-06
86 Cora_A.txt 0.000768887 0.000768266 6.21e-07
87 Cora_A.txt 0.00076268 0.000761901 7.79e-07
88 Cora_A.txt 0.000767759 0.000766916 8.43e-07
89 Cora_A.txt 0.000759321 0.00075867 6.51e-07
90 Cora_A.txt 0.000768818 0.000768101 7.17e-07
91 Cora_A.txt 0.000761645 0.000760692 9.53e-07
92 Cora_A.txt 0.000770328 0.000769532 7.96e-07
93 Cora_A.txt 0.000758525 0.000757649 8.76e-07
94 Cora_A.txt 0.000768171 0.000767318 8.53e-07
95 Cora_A.txt 0.000762312 0.000761481 8.31e-07
96 Cora_A.txt 0.000837769 0.000836935 8.34e-07
97 Cora_A.txt 0.000836113 0.000835289 8.24e-07
98 Cora_A.txt 0.000841775 0.00084095 8.25e-07
99 Cora_A.txt 0.000834495 0.000833472 1.023e-06
100 Cora_A.txt 0.000850224 0.000849238 9.86e-07
101 Cora_A.txt 0.000845183 0.000844204 9.79e-07
102 Cora_A.txt 0.000838529 0.000837452 1.077e-06
103 Cora_A.txt 0.000836454 0.000835338 1.116e-06
104 Cora_A.txt 0.000841549 0.000840622 9.27e-07
105 Cora_A.txt 0.000835613 0.00083468 9.33e-07
106 Cora_A.txt 0.000856245 0.000855452 7.93e-07
107 Cora_A.txt 0.000851314 0.000850257 1.057e-06
108 Cora_A.txt 0.000837513 0.000836595 9.18e-07
109 Cora_A.txt 0.000833744 0.000832822 9.22e-07
110 Cora_A.txt 0.000855006 0.000853609 1.397e-06
111 Cora_A.txt 0.000848154 0.000847177 9.77e-07
112 Cora_A.txt 0.000869305 0.00086831 9.95e-07
113 Cora_A.txt 0.000864312 0.000863257 1.055e-06
114 Cora_A.txt 0.00087156 0.000870581 9.79e-07
115 Cora_A.txt 0.000865587 0.000864468 1.119e-06
116 Cora_A.txt 0.000863821 0.00086281 1.011e-06
117 Cora_A.txt 0.000859909 0.000858714 1.195e-06
118 Cora_A.txt 0.000865793 0.000864868 9.25e-07
119 Cora_A.txt 0.000858624 0.000857829 7.95e-07
120 Cora_A.txt 0.000846757 0.000845886 8.71e-07
121 Cora_A.txt 0.000843532 0.00084269 8.42e-07
122 Cora_A.txt 0.000853403 0.000852536 8.67e-07
123 Cora_A.txt 0.000847422 0.000846546 8.76e-07
124 Cora_A.txt 0.000845126 0.000844004 1.122e-06
125 Cora_A.txt 0.000843495 0.000842621 8.74e-07
126 Cora_A.txt 0.000855567 0.000854814 7.53e-07
127 Cora_A.txt 0.000849186 0.000848416 7.7e-07
128 Cora_A.txt 0.00078234 0.000781525 8.15e-07
129 Cora_A.txt 0.000784704 0.000783938 7.66e-07
130 Cora_A.txt 0.000785007 0.00078407 9.37e-07
131 Cora_A.txt 0.000769382 0.000768428 9.54e-07
132 Cora_A.txt 0.000782321 0.000781317 1.004e-06
133 Cora_A.txt 0.000771678 0.000770736 9.42e-07
134 Cora_A.txt 0.000785067 0.000784373 6.94e-07
135 Cora_A.txt 0.000770251 0.000769399 8.52e-07
136 Cora_A.txt 0.000783126 0.000782195 9.31e-07
137 Cora_A.txt 0.000785608 0.000784763 8.45e-07
138 Cora_A.txt 0.000783469 0.000782685 7.84e-07
139 Cora_A.txt 0.000766908 0.000765998 9.1e-07
140 Cora_A.txt 0.000778813 0.00077808 7.33e-07
141 Cora_A.txt 0.00076822 0.000767351 8.69e-07
142 Cora_A.txt 0.000774059 0.000773274 7.85e-07
143 Cora_A.txt 0.000767156 0.000766239 9.17e-07
144 Cora_A.txt 0.000834628 0.000833538 1.09e-06
145 Cora_A.txt 0.000831647 0.000830825 8.22e-07
146 Cora_A.txt 0.000838089 0.000837245 8.44e-07
147 Cora_A.txt 0.000832689 0.000831721 9.68e-07
148 Cora_A.txt 0.000841282 0.00084046 8.22e-07
149 Cora_A.txt 0.00083653 0.000835338 1.192e-06
150 Cora_A.txt 0.000839641 0.000838773 8.68e-07
151 Cora_A.txt 0.00083384 0.000832701 1.139e-06
152 Cora_A.txt 0.000832417 0.000831392 1.025e-06
153 Cora_A.txt 0.000828566 0.000827665 9.01e-07
154 Cora_A.txt 0.000834501 0.000833721 7.8e-07
155 Cora_A.txt 0.000828477 0.000827457 1.02e-06
156 Cora_A.txt 0.000832886 0.000832069 8.17e-07
157 Cora_A.txt 0.000829113 0.000828053 1.06e-06
158 Cora_A.txt 0.000836339 0.000835598 7.41e-07
159 Cora_A.txt 0.000828688 0.000827809 8.79e-07
160 Cora_A.txt 0.00086211 0.000861142 9.68e-07
161 Cora_A.txt 0.000858132 0.000856834 1.298e-06
162 Cora_A.txt 0.000863421 0.000862438 9.83e-07
163 Cora_A.txt 0.000857101 0.000856284 8.17e-07
164 Cora_A.txt 0.00085788 0.000857109 7.71e-07
165 Cora_A.txt 0.00085334 0.000852426 9.14e-07
166 Cora_A.txt 0.000861185 0.000860338 8.47e-07
167 Cora_A.txt 0.000854544 0.000853611 9.33e-07
168 Cora_A.txt 0.000848835 0.000847718 1.117e-06
169 Cora_A.txt 0.000843814 0.000843005 8.09e-07
170 Cora_A.txt 0.00085081 0.00085005 7.6e-07
171 Cora_A.txt 0.000844733 0.000843734 9.99e-07
172 Cora_A.txt 0.000852166 0.000851416 7.5e-07
173 Cora_A.txt 0.000849224 0.000848144 1.08e-06
174 Cora_A.txt 0.000852644 0.000851732 9.12e-07
175 Cora_A.txt 0.000850986 0.000849939 1.047e-06
176 Cora_A.txt 0.000780281 0.000779431 8.5e-07
177 Cora_A.txt 0.000773714 0.000772501 1.213e-06
178 Cora_A.txt 0.000767524 0.000766546 9.78e-07
179 Cora_A.txt 0.000765602 0.000764553 1.049e-06
180 Cora_A.txt 0.000785481 0.000784746 7.35e-07
181 Cora_A.txt 0.00078177 0.000780714 1.056e-06
182 Cora_A.txt 0.000786492 0.0007855 9.92e-07
183 Cora_A.txt 0.000781109 0.000780183 9.26e-07
184 Cora_A.txt 0.000780267 0.0007791 1.167e-06
185 Cora_A.txt 0.000779088 0.000778014 1.074e-06
186 Cora_A.txt 0.000778447 0.000777376 1.071e-06
187 Cora_A.txt 0.000775707 0.000774632 1.075e-06
188 Cora_A.txt 0.00077538 0.000774227 1.153e-06
189 Cora_A.txt 0.000779736 0.0007784 1.336e-06
190 Cora_A.txt 0.000770281 0.000769294 9.87e-07
191 Cora_A.txt 0.000764329 0.000763437 8.92e-07
192 Cora_A.txt 0.000812405 0.000811552 8.53e-07
193 Cora_A.txt 0.000809815 0.000808976 8.39e-07
194 Cora_A.txt 0.000811034 0.000810253 7.81e-07
195 Cora_A.txt 0.000808881 0.000807855 1.026e-06
196 Cora_A.txt 0.000814012 0.000812962 1.05e-06
197 Cora_A.txt 0.000809854 0.000808877 9.77e-07
198 Cora_A.txt 0.000818992 0.000818107 8.85e-07
199 Cora_A.txt 0.000812129 0.000810648 1.481e-06
200 Cora_A.txt 0.000855731 0.000853713 2.018e-06
201 Cora_A.txt 0.000834991 0.000833212 1.779e-06
202 Cora_A.txt 0.000842888 0.000841644 1.244e-06
203 Cora_A.txt 0.00084849 0.000847114 1.376e-06
204 Cora_A.txt 0.000839003 0.000837956 1.047e-06
205 Cora_A.txt 0.000831696 0.000830596 1.1e-06
206 Cora_A.txt 0.000860992 0.000860079 9.13e-07
207 Cora_A.txt 0.00084434 0.00084334 1e-06
208 Cora_A.txt 0.000852413 0.000851478 9.35e-07
209 Cora_A.txt 0.000859216 0.000858304 9.12e-07
210 Cora_A.txt 0.00085295 0.000852114 8.36e-07
211 Cora_A.txt 0.000851212 0.00085022 9.92e-07
212 Cora_A.txt 0.000851109 0.000850299 8.1e-07
213 Cora_A.txt 0.000846469 0.000845549 9.2e-07
214 Cora_A.txt 0.000850677 0.000849943 7.34e-07
215 Cora_A.txt 0.000845164 0.000844282 8.82e-07
216 Cora_A.txt 0.000853189 0.00085234 8.49e-07
217 Cora_A.txt 0.000825298 0.00082464 6.58e-07
218 Cora_A.txt 0.000831793 0.000831093 7e-07
219 Cora_A.txt 0.000815821 0.000815171 6.5e-07
220 Cora_A.txt 0.000835704 0.00083511 5.94e-07
221 Cora_A.txt 0.000841033 0.000839972 1.061e-06
222 Cora_A.txt 0.000842379 0.000841567 8.12e-07
223 Cora_A.txt 0.000856187 0.000855258 9.29e-07
224 Cora_A.txt 0.000753172 0.000752337 8.35e-07
225 Cora_A.txt 0.000749232 0.000748456 7.76e-07
226 Cora_A.txt 0.000757873 0.000756835 1.038e-06
227 Cora_A.txt 0.000751281 0.000750359 9.22e-07
228 Cora_A.txt 0.000763014 0.000762006 1.008e-06
229 Cora_A.txt 0.000757376 0.00075641 9.66e-07
230 Cora_A.txt 0.000757454 0.00075641 1.044e-06
231 Cora_A.txt 0.000750282 0.000749037 1.245e-06
232 Cora_A.txt 0.000760963 0.000759937 1.026e-06
233 Cora_A.txt 0.000755503 0.00075458 9.23e-07
234 Cora_A.txt 0.000766112 0.000765104 1.008e-06
235 Cora_A.txt 0.000759836 0.000758759 1.077e-06
236 Cora_A.txt 0.000765024 0.000763733 1.291e-06
237 Cora_A.txt 0.000758676 0.000757681 9.95e-07
238 Cora_A.txt 0.00076251 0.000761436 1.074e-06
239 Cora_A.txt 0.000755323 0.000754455 8.68e-07
240 Cora_A.txt 0.000834318 0.000833467 8.51e-07
241 Cora_A.txt 0.000832117 0.000831205 9.12e-07
242 Cora_A.txt 0.000829786 0.000828722 1.064e-06
243 Cora_A.txt 0.000822459 0.00082144 1.019e-06
244 Cora_A.txt 0.000837004 0.000835977 1.027e-06
245 Cora_A.txt 0.000831545 0.000830531 1.014e-06
246 Cora_A.txt 0.000830413 0.000829602 8.11e-07
247 Cora_A.txt 0.000823306 0.000822598 7.08e-07
248 Cora_A.txt 0.000824986 0.000824083 9.03e-07
249 Cora_A.txt 0.000820864 0.000819625 1.239e-06
250 Cora_A.txt 0.000829868 0.000828696 1.172e-06
251 Cora_A.txt 0.000823172 0.00082182 1.352e-06
252 Cora_A.txt 0.000844293 0.00084347 8.23e-07
253 Cora_A.txt 0.000833819 0.000832639 1.18e-06
254 Cora_A.txt 0.000831487 0.000830639 8.48e-07
255 Cora_A.txt 0.000824183 0.000823308 8.75e-07
256 Cora_A.txt 0.000874736 0.000873643 1.093e-06
257 Cora_A.txt 0.000869123 0.000868105 1.018e-06
258 Cora_A.txt 0.000873148 0.000872426 7.22e-07
259 Cora_A.txt 0.000866678 0.000865667 1.011e-06
260 Cora_A.txt 0.000854617 0.000853616 1.001e-06
261 Cora_A.txt 0.000850965 0.000850038 9.27e-07
262 Cora_A.txt 0.000859223 0.000858148 1.075e-06
263 Cora_A.txt 0.000852024 0.00085099 1.034e-06
264 Cora_A.txt 0.000839346 0.000838265 1.081e-06
265 Cora_A.txt 0.000834899 0.000833868 1.031e-06
266 Cora_A.txt 0.000844945 0.000844027 9.18e-07
267 Cora_A.txt 0.000837348 0.000836473 8.75e-07
268 Cora_A.txt 0.000840083 0.000839039 1.044e-06
269 Cora_A.txt 0.000835553 0.00083446 1.093e-06
270 Cora_A.txt 0.000842452 0.000841598 8.54e-07
271 Cora_A.txt 0.00083553 0.000834598 9.32e-07
272 Cora_A.txt 0.000768584 0.000767642 9.42e-07
273 Cora_A.txt 0.000764724 0.000763667 1.057e-06
274 Cora_A.txt 0.000773043 0.000771764 1.279e-06
275 Cora_A.txt 0.000767846 0.000766236 1.61e-06
276 Cora_A.txt 0.00077509 0.00077386 1.23e-06
277 Cora_A.txt 0.000770365 0.0007692 1.165e-06
278 Cora_A.txt 0.000773001 0.000772161 8.4e-07
279 Cora_A.txt 0.000767342 0.000766383 9.59e-07
280 Cora_A.txt 0.000769871 0.000769022 8.49e-07
281 Cora_A.txt 0.000765752 0.000764596 1.156e-06
282 Cora_A.txt 0.000774047 0.000773106 9.41e-07
283 Cora_A.txt 0.00076729 0.000765977 1.313e-06
284 Cora_A.txt 0.000768311 0.000767001 1.31e-06
285 Cora_A.txt 0.000763832 0.000762503 1.329e-06
286 Cora_A.txt 0.000769394 0.000767731 1.663e-06
287 Cora_A.txt 0.000762806 0.000761544 1.262e-06
288 Cora_A.txt 0.000814563 0.000812914 1.649e-06
289 Cora_A.txt 0.000811264 0.000810314 9.5e-07
290 Cora_A.txt 0.000874326 0.000873457 8.69e-07
291 Cora_A.txt 0.000812424 0.000811593 8.31e-07
292 Cora_A.txt 0.000835754 0.000834963 7.91e-07
293 Cora_A.txt 0.00084907 0.000848121 9.49e-07
294 Cora_A.txt 0.000841435 0.000840378 1.057e-06
295 Cora_A.txt 0.000821777 0.00081992 1.857e-06
296 Cora_A.txt 0.000837167 0.000836113 1.054e-06
297 Cora_A.txt 0.00087224 0.000871225 1.015e-06
298 Cora_A.txt 0.000884189 0.000883306 8.83e-07
299 Cora_A.txt 0.000834521 0.000833552 9.69e-07
300 Cora_A.txt 0.000886557 0.000883227 3.33e-06
301 Cora_A.txt 0.000860306 0.000859065 1.241e-06
302 Cora_A.txt 0.000863459 0.000862693 7.66e-07
303 Cora_A.txt 0.000881903 0.000880835 1.068e-06
304 Cora_A.txt 0.000861282 0.000860367 9.15e-07
305 Cora_A.txt 0.000867463 0.000866183 1.28e-06
306 Cora_A.txt 0.000886706 0.000885635 1.071e-06
307 Cora_A.txt 0.000863237 0.000862123 1.114e-06
308 Cora_A.txt 0.000862147 0.000861076 1.071e-06
309 Cora_A.txt 0.000843279 0.000842474 8.05e-07
310 Cora_A.txt 0.000862145 0.000861446 6.99e-07
311 Cora_A.txt 0.000886238 0.000885221 1.017e-06
312 Cora_A.txt 0.000879737 0.000878703 1.034e-06
313 Cora_A.txt 0.000889469 0.000888565 9.04e-07
314 Cora_A.txt 0.000877566 0.000876807 7.59e-07
315 Cora_A.txt 0.000825872 0.000824888 9.84e-07
316 Cora_A.txt 0.000832839 0.000831888 9.51e-07
317 Cora_A.txt 0.000823221 0.000821941 1.28e-06
318 Cora_A.txt 0.000827062 0.000825508 1.554e-06
319 Cora_A.txt 0.000817787 0.000816673 1.114e-06
320 Cora_A.txt 0.000764525 0.000763775 7.5e-07
321 Cora_A.txt 0.000766944 0.000765871 1.073e-06
322 Cora_A.txt 0.000758612 0.000757779 8.33e-07
323 Cora_A.txt 0.000757588 0.000756229 1.359e-06
324 Cora_A.txt 0.000764815 0.000763693 1.122e-06
325 Cora_A.txt 0.000760383 0.00075941 9.73e-07
326 Cora_A.txt 0.000764159 0.000763285 8.74e-07
327 Cora_A.txt 0.000764359 0.000763235 1.124e-06
328 Cora_A.txt 0.000758618 0.000757533 1.085e-06
329 Cora_A.txt 0.000758342 0.000757439 9.03e-07
330 Cora_A.txt 0.000765175 0.000764253 9.22e-07
331 Cora_A.txt 0.000754239 0.000753327 9.12e-07
332 Cora_A.txt 0.000757425 0.0007566 8.25e-07
333 Cora_A.txt 0.000752577 0.000751236 1.341e-06
334 Cora_A.txt 0.000756915 0.000756006 9.09e-07
335 Cora_A.txt 0.000750569 0.000749656 9.13e-07
336 Cora_A.txt 0.00081165 0.000810553 1.097e-06
337 Cora_A.txt 0.000809306 0.000808323 9.83e-07
338 Cora_A.txt 0.000816244 0.000815491 7.53e-07
339 Cora_A.txt 0.000809937 0.000809081 8.56e-07
340 Cora_A.txt 0.000819951 0.000819217 7.34e-07
341 Cora_A.txt 0.000814441 0.000813744 6.97e-07
342 Cora_A.txt 0.000823915 0.000822229 1.686e-06
343 Cora_A.txt 0.000811011 0.000809844 1.167e-06
344 Cora_A.txt 0.00082933 0.000828489 8.41e-07
345 Cora_A.txt 0.000829706 0.000828876 8.3e-07
346 Cora_A.txt 0.000826286 0.000825416 8.7e-07
347 Cora_A.txt 0.000820206 0.00081925 9.56e-07
348 Cora_A.txt 0.000820759 0.000819332 1.427e-06
349 Cora_A.txt 0.000814881 0.000813857 1.024e-06
350 Cora_A.txt 0.000820424 0.000819497 9.27e-07
351 Cora_A.txt 0.000810915 0.000810059 8.56e-07
352 Cora_A.txt 0.000854462 0.000853678 7.84e-07
353 Cora_A.txt 0.0008503 0.000849432 8.68e-07
354 Cora_A.txt 0.000853703 0.000853067 6.36e-07
355 Cora_A.txt 0.000847488 0.000846764 7.24e-07
356 Cora_A.txt 0.000838216 0.000837448 7.68e-07
357 Cora_A.txt 0.000834388 0.000833377 1.011e-06
358 Cora_A.txt 0.000840527 0.000839701 8.26e-07
359 Cora_A.txt 0.000836292 0.000835172 1.12e-06
360 Cora_A.txt 0.000829532 0.000828453 1.079e-06
361 Cora_A.txt 0.000834066 0.000833094 9.72e-07
362 Cora_A.txt 0.000836501 0.000834961 1.54e-06
363 Cora_A.txt 0.000828427 0.00082717 1.257e-06
364 Cora_A.txt 0.000830644 0.000829729 9.15e-07
365 Cora_A.txt 0.000828575 0.000827728 8.47e-07
366 Cora_A.txt 0.000836999 0.000835622 1.377e-06
367 Cora_A.txt 0.000823761 0.000822562 1.199e-06
368 Cora_A.txt 0.000768259 0.000766744 1.515e-06
369 Cora_A.txt 0.000764068 0.000763069 9.99e-07
370 Cora_A.txt 0.000767021 0.000766035 9.86e-07
371 Cora_A.txt 0.000764203 0.00076204 2.163e-06
372 Cora_A.txt 0.000768856 0.000766887 1.969e-06
373 Cora_A.txt 0.000764319 0.000763172 1.147e-06
374 Cora_A.txt 0.000766761 0.000765596 1.165e-06
375 Cora_A.txt 0.000762727 0.000761464 1.263e-06
376 Cora_A.txt 0.000755973 0.000755035 9.38e-07
377 Cora_A.txt 0.000752498 0.000751312 1.186e-06
378 Cora_A.txt 0.00076918 0.000768063 1.117e-06
379 Cora_A.txt 0.000764831 0.000763255 1.576e-06
380 Cora_A.txt 0.000758283 0.00075746 8.23e-07
381 Cora_A.txt 0.000753011 0.000752309 7.02e-07
382 Cora_A.txt 0.00075848 0.000757567 9.13e-07
383 Cora_A.txt 0.000753377 0.000751341 2.036e-06
TACC:  Shutdown complete. Exiting. 
