TACC:  Starting up job 10024561 
TACC:  Starting parallel tasks... 
0 Reddit_feat_L2.txt 0.00247941 0.00201282 0.000466596
1 Reddit_feat_L2.txt 0.00166898 0.00120124 0.000467738
2 Reddit_feat_L2.txt 0.0024811 0.0020587 0.000422401
3 Reddit_feat_L2.txt 0.00145658 0.00107482 0.000381763
4 Reddit_feat_L2.txt 0.0026428 0.00211279 0.000530016
5 Reddit_feat_L2.txt 0.00155845 0.00127863 0.000279815
6 Reddit_feat_L2.txt 0.00238232 0.00203949 0.00034283
7 Reddit_feat_L2.txt 0.0012833 0.000960991 0.000322312
8 Reddit_feat_L2.txt 0.00259989 0.00223488 0.000365013
9 Reddit_feat_L2.txt 0.00180203 0.00123764 0.000564385
10 Reddit_feat_L2.txt 0.00251097 0.00206803 0.000442938
11 Reddit_feat_L2.txt 0.00139793 0.00112248 0.000275457
12 Reddit_feat_L2.txt 0.00266127 0.00245789 0.000203379
13 Reddit_feat_L2.txt 0.00173805 0.00116562 0.000572431
14 Reddit_feat_L2.txt 0.00279062 0.00218897 0.000601648
15 Reddit_feat_L2.txt 0.0017079 0.00111098 0.000596926
16 Reddit_feat_L2.txt 0.00248988 0.00194266 0.000547214
17 Reddit_feat_L2.txt 0.00141362 0.00122432 0.000189293
18 Reddit_feat_L2.txt 0.00221695 0.00188052 0.000336433
19 Reddit_feat_L2.txt 0.0015754 0.00106102 0.00051439
20 Reddit_feat_L2.txt 0.00246444 0.00185104 0.000613408
21 Reddit_feat_L2.txt 0.0018766 0.00127927 0.000597333
22 Reddit_feat_L2.txt 0.00267101 0.00207094 0.000600066
23 Reddit_feat_L2.txt 0.00168205 0.00108067 0.000601382
24 Reddit_feat_L2.txt 0.00249961 0.00188409 0.000615521
25 Reddit_feat_L2.txt 0.00174335 0.00137211 0.000371246
26 Reddit_feat_L2.txt 0.00236315 0.00211013 0.000253025
27 Reddit_feat_L2.txt 0.00151309 0.00105196 0.000461123
28 Reddit_feat_L2.txt 0.00221756 0.00203148 0.000186078
29 Reddit_feat_L2.txt 0.0018857 0.00130937 0.000576327
30 Reddit_feat_L2.txt 0.00278692 0.00221783 0.000569089
31 Reddit_feat_L2.txt 0.00126082 0.00106041 0.000200406
32 Reddit_feat_L2.txt 0.00230925 0.00209182 0.000217432
33 Reddit_feat_L2.txt 0.00153698 0.0013563 0.000180679
34 Reddit_feat_L2.txt 0.00207372 0.00185617 0.000217554
35 Reddit_feat_L2.txt 0.00121181 0.00106048 0.000151329
36 Reddit_feat_L2.txt 0.00216201 0.00198054 0.000181471
37 Reddit_feat_L2.txt 0.00134267 0.00125013 9.2539e-05
38 Reddit_feat_L2.txt 0.00220339 0.00196816 0.000235232
39 Reddit_feat_L2.txt 0.00138788 0.000964212 0.00042367
40 Reddit_feat_L2.txt 0.00221524 0.0020073 0.000207942
41 Reddit_feat_L2.txt 0.00139751 0.00123274 0.000164765
42 Reddit_feat_L2.txt 0.00225031 0.00200313 0.000247186
43 Reddit_feat_L2.txt 0.00110166 0.000968969 0.000132689
44 Reddit_feat_L2.txt 0.00225063 0.00209055 0.000160085
45 Reddit_feat_L2.txt 0.00146452 0.00128291 0.000181608
46 Reddit_feat_L2.txt 0.00265323 0.00221281 0.000440414
47 Reddit_feat_L2.txt 0.00170421 0.00110355 0.000600656
48 Reddit_feat_L2.txt 0.00279827 0.00221354 0.000584732
49 Reddit_feat_L2.txt 0.00175873 0.00120038 0.000558349
50 Reddit_feat_L2.txt 0.0024956 0.00188805 0.000607548
51 Reddit_feat_L2.txt 0.00158419 0.00102735 0.000556836
52 Reddit_feat_L2.txt 0.00237695 0.00212492 0.000252038
53 Reddit_feat_L2.txt 0.00150597 0.00121683 0.000289135
54 Reddit_feat_L2.txt 0.00228439 0.00210284 0.000181547
55 Reddit_feat_L2.txt 0.00116722 0.000979928 0.000187288
56 Reddit_feat_L2.txt 0.00217307 0.00197887 0.000194194
57 Reddit_feat_L2.txt 0.00142205 0.00124255 0.000179504
58 Reddit_feat_L2.txt 0.00229001 0.00212393 0.000166078
59 Reddit_feat_L2.txt 0.00122927 0.0010407 0.000188577
60 Reddit_feat_L2.txt 0.00228304 0.00212728 0.000155765
61 Reddit_feat_L2.txt 0.00134238 0.00115345 0.00018893
62 Reddit_feat_L2.txt 0.00241687 0.00227266 0.000144212
63 Reddit_feat_L2.txt 0.00122409 0.00108888 0.000135212
64 Reddit_feat_L2.txt 0.00218718 0.0020453 0.000141879
65 Reddit_feat_L2.txt 0.00139014 0.00123908 0.000151057
66 Reddit_feat_L2.txt 0.00220754 0.00204818 0.00015936
67 Reddit_feat_L2.txt 0.00124756 0.0011205 0.000127056
68 Reddit_feat_L2.txt 0.00216423 0.00200007 0.000164163
69 Reddit_feat_L2.txt 0.00138069 0.00119858 0.000182113
70 Reddit_feat_L2.txt 0.00221904 0.00199268 0.000226364
71 Reddit_feat_L2.txt 0.00120321 0.00100586 0.00019735
72 Reddit_feat_L2.txt 0.00219 0.00205984 0.000130159
73 Reddit_feat_L2.txt 0.00137772 0.00123715 0.000140575
74 Reddit_feat_L2.txt 0.00223395 0.00208823 0.000145719
75 Reddit_feat_L2.txt 0.00129058 0.00111923 0.000171354
76 Reddit_feat_L2.txt 0.0024981 0.00239806 0.000100035
77 Reddit_feat_L2.txt 0.00142434 0.00130789 0.000116447
78 Reddit_feat_L2.txt 0.00225673 0.00213206 0.000124671
79 Reddit_feat_L2.txt 0.00119361 0.00105725 0.000136356
80 Reddit_feat_L2.txt 0.002109 0.00199945 0.000109546
81 Reddit_feat_L2.txt 0.00141906 0.00122489 0.000194168
82 Reddit_feat_L2.txt 0.00207441 0.00191934 0.000155072
83 Reddit_feat_L2.txt 0.00130591 0.001151 0.000154913
84 Reddit_feat_L2.txt 0.0021693 0.00202349 0.000145805
85 Reddit_feat_L2.txt 0.00139588 0.0012382 0.000157676
86 Reddit_feat_L2.txt 0.00230155 0.00214182 0.000159728
87 Reddit_feat_L2.txt 0.00117648 0.00105188 0.000124601
88 Reddit_feat_L2.txt 0.00202807 0.00193027 9.7807e-05
89 Reddit_feat_L2.txt 0.00140026 0.00121042 0.000189841
90 Reddit_feat_L2.txt 0.00250181 0.0022045 0.000297305
91 Reddit_feat_L2.txt 0.00120496 0.0010579 0.000147063
92 Reddit_feat_L2.txt 0.0022017 0.00207487 0.000126831
93 Reddit_feat_L2.txt 0.00136741 0.00123855 0.000128856
94 Reddit_feat_L2.txt 0.00233043 0.00219906 0.000131374
95 Reddit_feat_L2.txt 0.00126629 0.00104651 0.000219778
96 Reddit_feat_L2.txt 0.00227233 0.00208087 0.000191457
97 Reddit_feat_L2.txt 0.00149264 0.00135876 0.000133882
98 Reddit_feat_L2.txt 0.00216022 0.00197003 0.000190187
99 Reddit_feat_L2.txt 0.00124731 0.00102303 0.000224279
100 Reddit_feat_L2.txt 0.00218248 0.00198571 0.000196766
101 Reddit_feat_L2.txt 0.00142268 0.00123373 0.000188947
102 Reddit_feat_L2.txt 0.00208216 0.00197202 0.000110143
103 Reddit_feat_L2.txt 0.00121535 0.0010237 0.000191643
104 Reddit_feat_L2.txt 0.00217305 0.00206203 0.000111018
105 Reddit_feat_L2.txt 0.00139668 0.00125995 0.000136732
106 Reddit_feat_L2.txt 0.00201615 0.00192425 9.1905e-05
107 Reddit_feat_L2.txt 0.00110981 0.000981484 0.000128325
108 Reddit_feat_L2.txt 0.00225632 0.00218707 6.9253e-05
109 Reddit_feat_L2.txt 0.00137494 0.00124399 0.000130949
110 Reddit_feat_L2.txt 0.00252026 0.00242709 9.3175e-05
111 Reddit_feat_L2.txt 0.0011059 0.00101431 9.1592e-05
112 Reddit_feat_L2.txt 0.00240393 0.00220919 0.000194743
113 Reddit_feat_L2.txt 0.0013334 0.00121356 0.000119841
114 Reddit_feat_L2.txt 0.00185254 0.00176879 8.3746e-05
115 Reddit_feat_L2.txt 0.00114464 0.0010118 0.000132833
116 Reddit_feat_L2.txt 0.00223835 0.00213487 0.000103484
117 Reddit_feat_L2.txt 0.00140017 0.00126923 0.000130941
118 Reddit_feat_L2.txt 0.00235265 0.00221262 0.00014003
119 Reddit_feat_L2.txt 0.00126103 0.001079 0.000182037
120 Reddit_feat_L2.txt 0.00213743 0.00199728 0.00014015
121 Reddit_feat_L2.txt 0.00136363 0.0011818 0.000181833
122 Reddit_feat_L2.txt 0.00220054 0.00209639 0.000104156
123 Reddit_feat_L2.txt 0.00115681 0.0010175 0.000139311
124 Reddit_feat_L2.txt 0.00212348 0.0020132 0.00011028
125 Reddit_feat_L2.txt 0.00125901 0.00118586 7.3153e-05
126 Reddit_feat_L2.txt 0.00228718 0.00216383 0.000123348
127 Reddit_feat_L2.txt 0.00106917 0.000968264 0.000100905
128 Reddit_feat_L2.txt 0.00204963 0.0019295 0.000120129
129 Reddit_feat_L2.txt 0.00138466 0.00125913 0.000125537
130 Reddit_feat_L2.txt 0.00214956 0.00203112 0.000118442
131 Reddit_feat_L2.txt 0.00115828 0.00105055 0.000107726
132 Reddit_feat_L2.txt 0.002101 0.00195428 0.000146717
133 Reddit_feat_L2.txt 0.00133456 0.00119754 0.000137027
134 Reddit_feat_L2.txt 0.00221083 0.0020073 0.000203537
135 Reddit_feat_L2.txt 0.00117409 0.000999887 0.000174208
136 Reddit_feat_L2.txt 0.00246804 0.00232939 0.000138648
137 Reddit_feat_L2.txt 0.00132846 0.00126606 6.2409e-05
138 Reddit_feat_L2.txt 0.00214675 0.00199638 0.000150367
139 Reddit_feat_L2.txt 0.00106869 0.000977701 9.0989e-05
140 Reddit_feat_L2.txt 0.00246989 0.00235634 0.000113555
141 Reddit_feat_L2.txt 0.00134402 0.00122294 0.000121085
142 Reddit_feat_L2.txt 0.00219937 0.0021185 8.0868e-05
143 Reddit_feat_L2.txt 0.0011789 0.00104377 0.000135127
144 Reddit_feat_L2.txt 0.002307 0.00214024 0.000166757
145 Reddit_feat_L2.txt 0.00151074 0.00141692 9.3819e-05
146 Reddit_feat_L2.txt 0.00203699 0.00191115 0.000125836
147 Reddit_feat_L2.txt 0.00104987 0.000945417 0.000104457
148 Reddit_feat_L2.txt 0.00199593 0.00188266 0.000113274
149 Reddit_feat_L2.txt 0.00135858 0.00122503 0.000133551
150 Reddit_feat_L2.txt 0.00237619 0.00220097 0.00017522
151 Reddit_feat_L2.txt 0.00118613 0.00105562 0.000130513
152 Reddit_feat_L2.txt 0.00201065 0.00181318 0.000197475
153 Reddit_feat_L2.txt 0.00150553 0.00129221 0.000213317
154 Reddit_feat_L2.txt 0.00229413 0.00221182 8.2309e-05
155 Reddit_feat_L2.txt 0.00113547 0.00104807 8.74e-05
156 Reddit_feat_L2.txt 0.00209287 0.00198222 0.000110657
157 Reddit_feat_L2.txt 0.00155164 0.00131566 0.000235977
158 Reddit_feat_L2.txt 0.00233386 0.00214977 0.000184095
159 Reddit_feat_L2.txt 0.00111804 0.000996794 0.000121246
160 Reddit_feat_L2.txt 0.00211599 0.0020327 8.3297e-05
161 Reddit_feat_L2.txt 0.00141973 0.00130587 0.000113853
162 Reddit_feat_L2.txt 0.00196191 0.00188155 8.036e-05
163 Reddit_feat_L2.txt 0.00110772 0.00103619 7.1528e-05
164 Reddit_feat_L2.txt 0.0020569 0.00197341 8.3487e-05
165 Reddit_feat_L2.txt 0.00127806 0.00120846 6.9597e-05
166 Reddit_feat_L2.txt 0.00202564 0.00194019 8.5458e-05
167 Reddit_feat_L2.txt 0.00119879 0.000992794 0.000205993
168 Reddit_feat_L2.txt 0.00220731 0.00209618 0.000111126
169 Reddit_feat_L2.txt 0.00139002 0.00127889 0.000111131
170 Reddit_feat_L2.txt 0.00192776 0.00184396 8.3806e-05
171 Reddit_feat_L2.txt 0.00116851 0.00107824 9.0271e-05
172 Reddit_feat_L2.txt 0.00220654 0.00212885 7.7695e-05
173 Reddit_feat_L2.txt 0.00131321 0.00124257 7.064e-05
174 Reddit_feat_L2.txt 0.00227239 0.00218932 8.3063e-05
175 Reddit_feat_L2.txt 0.00125394 0.0010209 0.000233031
176 Reddit_feat_L2.txt 0.00242026 0.00230069 0.000119568
177 Reddit_feat_L2.txt 0.00132897 0.00125998 6.8985e-05
178 Reddit_feat_L2.txt 0.00216862 0.00184988 0.000318742
179 Reddit_feat_L2.txt 0.00106696 0.00093112 0.000135835
180 Reddit_feat_L2.txt 0.0022347 0.00212163 0.000113071
181 Reddit_feat_L2.txt 0.00153657 0.00131921 0.000217356
182 Reddit_feat_L2.txt 0.00231557 0.00219543 0.000120142
183 Reddit_feat_L2.txt 0.00103783 0.000973425 6.4408e-05
184 Reddit_feat_L2.txt 0.00194701 0.0018331 0.000113908
185 Reddit_feat_L2.txt 0.00134911 0.00128781 6.1299e-05
186 Reddit_feat_L2.txt 0.00212817 0.00205998 6.8189e-05
187 Reddit_feat_L2.txt 0.00114899 0.00103967 0.000109321
188 Reddit_feat_L2.txt 0.00227353 0.00204755 0.000225983
189 Reddit_feat_L2.txt 0.00128509 0.00118969 9.5404e-05
190 Reddit_feat_L2.txt 0.00231186 0.00221873 9.3131e-05
191 Reddit_feat_L2.txt 0.00114881 0.000949119 0.000199695
192 Reddit_feat_L2.txt 0.002181 0.00198735 0.000193647
193 Reddit_feat_L2.txt 0.0013472 0.00123747 0.000109723
194 Reddit_feat_L2.txt 0.00231954 0.00213839 0.000181155
195 Reddit_feat_L2.txt 0.00109678 0.00102857 6.8209e-05
196 Reddit_feat_L2.txt 0.00226755 0.0020336 0.000233954
197 Reddit_feat_L2.txt 0.00133772 0.00122001 0.000117713
198 Reddit_feat_L2.txt 0.00215479 0.00200078 0.000154005
199 Reddit_feat_L2.txt 0.00114639 0.00107493 7.1462e-05
200 Reddit_feat_L2.txt 0.00207409 0.00196278 0.000111305
201 Reddit_feat_L2.txt 0.0013503 0.00126367 8.6633e-05
202 Reddit_feat_L2.txt 0.00211284 0.00204182 7.1015e-05
203 Reddit_feat_L2.txt 0.00111195 0.00102523 8.6716e-05
204 Reddit_feat_L2.txt 0.00249616 0.00241001 8.6148e-05
205 Reddit_feat_L2.txt 0.00137062 0.00121149 0.000159136
206 Reddit_feat_L2.txt 0.0023879 0.00211009 0.00027781
207 Reddit_feat_L2.txt 0.00121227 0.00106596 0.000146306
208 Reddit_feat_L2.txt 0.00219129 0.00203913 0.000152155
209 Reddit_feat_L2.txt 0.00144254 0.00126216 0.000180376
210 Reddit_feat_L2.txt 0.00203293 0.00185566 0.000177272
211 Reddit_feat_L2.txt 0.00125887 0.00108758 0.00017129
212 Reddit_feat_L2.txt 0.00208964 0.00198982 9.9821e-05
213 Reddit_feat_L2.txt 0.00129967 0.00117067 0.000128996
214 Reddit_feat_L2.txt 0.00226839 0.00217765 9.0747e-05
215 Reddit_feat_L2.txt 0.00109934 0.0010099 8.9442e-05
216 Reddit_feat_L2.txt 0.00203659 0.00193503 0.000101562
217 Reddit_feat_L2.txt 0.00137056 0.00123991 0.000130644
218 Reddit_feat_L2.txt 0.0022279 0.00215147 7.6428e-05
219 Reddit_feat_L2.txt 0.0011655 0.00103418 0.000131316
220 Reddit_feat_L2.txt 0.00226407 0.00209022 0.00017385
221 Reddit_feat_L2.txt 0.00132737 0.00126127 6.6097e-05
222 Reddit_feat_L2.txt 0.00219508 0.00211962 7.5456e-05
223 Reddit_feat_L2.txt 0.00114891 0.0010866 6.2312e-05
224 Reddit_feat_L2.txt 0.00226154 0.00200714 0.000254394
225 Reddit_feat_L2.txt 0.00139545 0.00120193 0.000193523
226 Reddit_feat_L2.txt 0.00199306 0.00192176 7.1301e-05
227 Reddit_feat_L2.txt 0.00106568 0.00100126 6.4418e-05
228 Reddit_feat_L2.txt 0.00208169 0.00200418 7.7503e-05
229 Reddit_feat_L2.txt 0.00130565 0.00121767 8.7976e-05
230 Reddit_feat_L2.txt 0.00213812 0.00207345 6.4668e-05
231 Reddit_feat_L2.txt 0.0012457 0.00107345 0.000172244
232 Reddit_feat_L2.txt 0.0022066 0.00209651 0.00011009
233 Reddit_feat_L2.txt 0.00135474 0.00127132 8.3412e-05
234 Reddit_feat_L2.txt 0.00209406 0.00199647 9.7588e-05
235 Reddit_feat_L2.txt 0.00116406 0.00107345 9.0606e-05
236 Reddit_feat_L2.txt 0.002234 0.0020806 0.000153401
237 Reddit_feat_L2.txt 0.00141008 0.00126019 0.000149897
238 Reddit_feat_L2.txt 0.00247549 0.00239356 8.1926e-05
239 Reddit_feat_L2.txt 0.00118923 0.00107981 0.000109413
240 Reddit_feat_L2.txt 0.00217157 0.00209035 8.1226e-05
241 Reddit_feat_L2.txt 0.00126733 0.00117113 9.6209e-05
242 Reddit_feat_L2.txt 0.00203535 0.00181241 0.000222939
243 Reddit_feat_L2.txt 0.00126963 0.00114137 0.000128265
244 Reddit_feat_L2.txt 0.00211046 0.00201935 9.111e-05
245 Reddit_feat_L2.txt 0.00125296 0.00113069 0.00012227
246 Reddit_feat_L2.txt 0.00230655 0.00224485 6.1707e-05
247 Reddit_feat_L2.txt 0.00114279 0.00107807 6.4717e-05
248 Reddit_feat_L2.txt 0.00206682 0.00194896 0.000117864
249 Reddit_feat_L2.txt 0.00145488 0.00133763 0.000117246
250 Reddit_feat_L2.txt 0.00224298 0.00213004 0.000112938
251 Reddit_feat_L2.txt 0.00108758 0.00100706 8.052e-05
252 Reddit_feat_L2.txt 0.00213043 0.0019737 0.00015673
253 Reddit_feat_L2.txt 0.00126963 0.00119863 7.0996e-05
254 Reddit_feat_L2.txt 0.00231086 0.0022392 7.1658e-05
255 Reddit_feat_L2.txt 0.00107156 0.000996724 7.4838e-05
256 Reddit_feat_L2.txt 0.00207403 0.00197932 9.4709e-05
257 Reddit_feat_L2.txt 0.00144794 0.00137322 7.4723e-05
258 Reddit_feat_L2.txt 0.00220237 0.00208133 0.000121043
259 Reddit_feat_L2.txt 0.0011842 0.00111196 7.2237e-05
260 Reddit_feat_L2.txt 0.00221802 0.00211611 0.000101911
261 Reddit_feat_L2.txt 0.00146823 0.00132466 0.000143564
262 Reddit_feat_L2.txt 0.00219677 0.00212585 7.0924e-05
263 Reddit_feat_L2.txt 0.00119076 0.00111847 7.229e-05
264 Reddit_feat_L2.txt 0.00236595 0.0020134 0.000352548
265 Reddit_feat_L2.txt 0.00144881 0.00137726 7.1542e-05
266 Reddit_feat_L2.txt 0.00221129 0.00212935 8.1938e-05
267 Reddit_feat_L2.txt 0.00112339 0.00103499 8.8396e-05
268 Reddit_feat_L2.txt 0.00247405 0.00237688 9.7173e-05
269 Reddit_feat_L2.txt 0.00136736 0.00129775 6.9613e-05
270 Reddit_feat_L2.txt 0.00225711 0.00212578 0.000131333
271 Reddit_feat_L2.txt 0.00121012 0.000981631 0.000228484
272 Reddit_feat_L2.txt 0.00215905 0.00205761 0.000101437
273 Reddit_feat_L2.txt 0.00139232 0.00131829 7.4032e-05
274 Reddit_feat_L2.txt 0.00203306 0.00196554 6.7524e-05
275 Reddit_feat_L2.txt 0.00122252 0.00105793 0.00016459
276 Reddit_feat_L2.txt 0.00216432 0.00202375 0.000140573
277 Reddit_feat_L2.txt 0.00148162 0.00131762 0.000163993
278 Reddit_feat_L2.txt 0.00225278 0.0021312 0.000121582
279 Reddit_feat_L2.txt 0.00122327 0.00105221 0.000171053
280 Reddit_feat_L2.txt 0.00200586 0.00192103 8.4835e-05
281 Reddit_feat_L2.txt 0.00133602 0.00123343 0.00010259
282 Reddit_feat_L2.txt 0.00220383 0.00213857 6.5256e-05
283 Reddit_feat_L2.txt 0.00111091 0.00104579 6.5128e-05
284 Reddit_feat_L2.txt 0.00225325 0.00201671 0.000236533
285 Reddit_feat_L2.txt 0.00150101 0.00125309 0.000247919
286 Reddit_feat_L2.txt 0.00233988 0.0022645 7.5379e-05
287 Reddit_feat_L2.txt 0.0010743 0.00100158 7.2714e-05
288 Reddit_feat_L2.txt 0.00218208 0.00209215 8.9929e-05
289 Reddit_feat_L2.txt 0.00131937 0.00123405 8.532e-05
290 Reddit_feat_L2.txt 0.00190334 0.00182095 8.2382e-05
291 Reddit_feat_L2.txt 0.00110328 0.00102308 8.0194e-05
292 Reddit_feat_L2.txt 0.00214281 0.00208436 5.8449e-05
293 Reddit_feat_L2.txt 0.00135084 0.00122737 0.000123466
294 Reddit_feat_L2.txt 0.00204723 0.00194744 9.9787e-05
295 Reddit_feat_L2.txt 0.00107468 0.00100233 7.2355e-05
296 Reddit_feat_L2.txt 0.00208562 0.00201588 6.9747e-05
297 Reddit_feat_L2.txt 0.00131188 0.00119748 0.0001144
298 Reddit_feat_L2.txt 0.0020615 0.00195649 0.00010501
299 Reddit_feat_L2.txt 0.00108733 0.0010062 8.1136e-05
300 Reddit_feat_L2.txt 0.0021336 0.00206548 6.8125e-05
301 Reddit_feat_L2.txt 0.00126489 0.00119283 7.2056e-05
302 Reddit_feat_L2.txt 0.00238661 0.00231596 7.0653e-05
303 Reddit_feat_L2.txt 0.00113008 0.00105995 7.0126e-05
304 Reddit_feat_L2.txt 0.00236712 0.00226065 0.00010647
305 Reddit_feat_L2.txt 0.00139208 0.00132156 7.0521e-05
306 Reddit_feat_L2.txt 0.00185336 0.00178538 6.7987e-05
307 Reddit_feat_L2.txt 0.00113424 0.00103309 0.000101151
308 Reddit_feat_L2.txt 0.00228155 0.00211991 0.000161642
309 Reddit_feat_L2.txt 0.00122815 0.00113771 9.0447e-05
310 Reddit_feat_L2.txt 0.00216164 0.00207415 8.7495e-05
311 Reddit_feat_L2.txt 0.00108561 0.00100869 7.6918e-05
312 Reddit_feat_L2.txt 0.00198718 0.00189033 9.6858e-05
313 Reddit_feat_L2.txt 0.00143017 0.00133042 9.9745e-05
314 Reddit_feat_L2.txt 0.00230445 0.0022294 7.5052e-05
315 Reddit_feat_L2.txt 0.00127359 0.00115466 0.000118931
316 Reddit_feat_L2.txt 0.00212978 0.00204871 8.107e-05
317 Reddit_feat_L2.txt 0.00124571 0.00113474 0.000110975
318 Reddit_feat_L2.txt 0.00224587 0.00216183 8.403e-05
319 Reddit_feat_L2.txt 0.00116837 0.00104169 0.000126684
320 Reddit_feat_L2.txt 0.00194635 0.00188546 6.0895e-05
321 Reddit_feat_L2.txt 0.00131753 0.00125007 6.7465e-05
322 Reddit_feat_L2.txt 0.00211673 0.00203731 7.942e-05
323 Reddit_feat_L2.txt 0.0012321 0.00110362 0.000128482
324 Reddit_feat_L2.txt 0.00215312 0.0020696 8.3517e-05
325 Reddit_feat_L2.txt 0.00131267 0.00117585 0.000136828
326 Reddit_feat_L2.txt 0.0020908 0.00201265 7.8141e-05
327 Reddit_feat_L2.txt 0.00114403 0.0010546 8.9432e-05
328 Reddit_feat_L2.txt 0.00206977 0.00197812 9.1655e-05
329 Reddit_feat_L2.txt 0.00140738 0.00133676 7.0618e-05
330 Reddit_feat_L2.txt 0.00218782 0.00198479 0.000203026
331 Reddit_feat_L2.txt 0.00133948 0.00102129 0.000318189
332 Reddit_feat_L2.txt 0.00248123 0.00236356 0.000117669
333 Reddit_feat_L2.txt 0.00134545 0.00126387 8.1583e-05
334 Reddit_feat_L2.txt 0.00220238 0.00212586 7.6521e-05
335 Reddit_feat_L2.txt 0.00106044 0.000987627 7.2817e-05
336 Reddit_feat_L2.txt 0.0020538 0.00189354 0.000160256
337 Reddit_feat_L2.txt 0.00128829 0.00121984 6.8449e-05
338 Reddit_feat_L2.txt 0.00197613 0.00190838 6.7747e-05
339 Reddit_feat_L2.txt 0.00115908 0.0010919 6.7177e-05
340 Reddit_feat_L2.txt 0.00208836 0.00198852 9.9843e-05
341 Reddit_feat_L2.txt 0.00131827 0.00123387 8.4409e-05
342 Reddit_feat_L2.txt 0.00220047 0.0021033 9.717e-05
343 Reddit_feat_L2.txt 0.00104035 0.000954921 8.5431e-05
344 Reddit_feat_L2.txt 0.00199122 0.00190455 8.6675e-05
345 Reddit_feat_L2.txt 0.00138485 0.00128621 9.8637e-05
346 Reddit_feat_L2.txt 0.00227367 0.0022005 7.3165e-05
347 Reddit_feat_L2.txt 0.00105262 0.000974719 7.79e-05
348 Reddit_feat_L2.txt 0.00219994 0.00202512 0.000174828
349 Reddit_feat_L2.txt 0.00143908 0.0011507 0.000288373
350 Reddit_feat_L2.txt 0.00216118 0.00208822 7.2952e-05
351 Reddit_feat_L2.txt 0.00111616 0.00104731 6.8851e-05
352 Reddit_feat_L2.txt 0.00211018 0.00193971 0.000170463
353 Reddit_feat_L2.txt 0.00122599 0.00115079 7.5204e-05
354 Reddit_feat_L2.txt 0.00199738 0.0019116 8.5783e-05
355 Reddit_feat_L2.txt 0.00106834 0.000989419 7.8916e-05
356 Reddit_feat_L2.txt 0.0021344 0.00196844 0.000165958
357 Reddit_feat_L2.txt 0.00148254 0.00120977 0.000272768
358 Reddit_feat_L2.txt 0.0022845 0.00208817 0.000196329
359 Reddit_feat_L2.txt 0.0013148 0.00104222 0.000272577
360 Reddit_feat_L2.txt 0.00209511 0.00202161 7.3504e-05
361 Reddit_feat_L2.txt 0.00147042 0.00138889 8.1526e-05
362 Reddit_feat_L2.txt 0.00201626 0.00188042 0.000135842
363 Reddit_feat_L2.txt 0.0011835 0.00110487 7.8622e-05
364 Reddit_feat_L2.txt 0.00209888 0.00202727 7.1611e-05
365 Reddit_feat_L2.txt 0.00133128 0.00123535 9.593e-05
366 Reddit_feat_L2.txt 0.00257865 0.00245985 0.000118805
367 Reddit_feat_L2.txt 0.00118143 0.0011045 7.6931e-05
368 Reddit_feat_L2.txt 0.00226216 0.00217688 8.5276e-05
369 Reddit_feat_L2.txt 0.00125933 0.00117296 8.6366e-05
370 Reddit_feat_L2.txt 0.00188166 0.00181127 7.0393e-05
371 Reddit_feat_L2.txt 0.00115059 0.00106183 8.876e-05
372 Reddit_feat_L2.txt 0.00218758 0.00208995 9.7635e-05
373 Reddit_feat_L2.txt 0.0012979 0.00117768 0.000120224
374 Reddit_feat_L2.txt 0.00224104 0.00215612 8.4917e-05
375 Reddit_feat_L2.txt 0.00120204 0.00112119 8.0852e-05
376 Reddit_feat_L2.txt 0.00209856 0.00200694 9.1618e-05
377 Reddit_feat_L2.txt 0.00132508 0.00121955 0.000105532
378 Reddit_feat_L2.txt 0.00227268 0.00221031 6.2377e-05
379 Reddit_feat_L2.txt 0.00119032 0.00112816 6.2168e-05
380 Reddit_feat_L2.txt 0.00200892 0.00194433 6.459e-05
381 Reddit_feat_L2.txt 0.00133709 0.0012694 6.7685e-05
382 Reddit_feat_L2.txt 0.00225169 0.00217384 7.7857e-05
383 Reddit_feat_L2.txt 0.0010418 0.000924871 0.000116933
0 Reddit_A.txt 0.0235249 0.023112 0.000412934
1 Reddit_A.txt 0.0238864 0.0231399 0.000746506
2 Reddit_A.txt 0.0240493 0.0231766 0.000872721
3 Reddit_A.txt 0.0242563 0.0232035 0.00105274
4 Reddit_A.txt 0.0247925 0.0232433 0.00154917
5 Reddit_A.txt 0.0241833 0.0232842 0.000899101
6 Reddit_A.txt 0.024513 0.0232987 0.00121438
7 Reddit_A.txt 0.0246627 0.0233293 0.00133334
8 Reddit_A.txt 0.0253364 0.0233631 0.00197332
9 Reddit_A.txt 0.0260395 0.0234009 0.00263857
10 Reddit_A.txt 0.0253878 0.0234335 0.00195436
11 Reddit_A.txt 0.0251323 0.0234585 0.00167376
12 Reddit_A.txt 0.0253935 0.0234948 0.00189861
13 Reddit_A.txt 0.0277495 0.0235234 0.00422607
14 Reddit_A.txt 0.02729 0.0235566 0.00373334
15 Reddit_A.txt 0.0280348 0.0235871 0.00444772
16 Reddit_A.txt 0.0269974 0.0236208 0.00337665
17 Reddit_A.txt 0.0251022 0.0236495 0.00145269
18 Reddit_A.txt 0.0255176 0.023694 0.00182355
19 Reddit_A.txt 0.0274492 0.0237154 0.00373384
20 Reddit_A.txt 0.0293169 0.0237515 0.00556541
21 Reddit_A.txt 0.0298687 0.0237776 0.00609112
22 Reddit_A.txt 0.0304538 0.0238195 0.00663428
23 Reddit_A.txt 0.0302917 0.0238472 0.00644454
24 Reddit_A.txt 0.0298811 0.0238459 0.00603518
25 Reddit_A.txt 0.0274582 0.0238143 0.00364396
26 Reddit_A.txt 0.0265701 0.0237832 0.00278685
27 Reddit_A.txt 0.0282883 0.0237528 0.00453549
28 Reddit_A.txt 0.0262219 0.0237187 0.00250327
29 Reddit_A.txt 0.0301584 0.023691 0.00646744
30 Reddit_A.txt 0.0299402 0.0236682 0.00627202
31 Reddit_A.txt 0.0268571 0.0236332 0.00322395
32 Reddit_A.txt 0.0271952 0.0236014 0.0035938
33 Reddit_A.txt 0.0263263 0.0235789 0.00274735
34 Reddit_A.txt 0.0265666 0.0235382 0.00302843
35 Reddit_A.txt 0.0259405 0.0235174 0.00242306
36 Reddit_A.txt 0.0264681 0.0234804 0.00298766
37 Reddit_A.txt 0.0317314 0.0234377 0.00829368
38 Reddit_A.txt 0.0266878 0.023406 0.00328178
39 Reddit_A.txt 0.0355383 0.0233824 0.0121559
40 Reddit_A.txt 0.0266548 0.0233448 0.00331002
41 Reddit_A.txt 0.0256897 0.0233646 0.00232502
42 Reddit_A.txt 0.0275452 0.0233933 0.00415188
43 Reddit_A.txt 0.0268932 0.0234312 0.00346199
44 Reddit_A.txt 0.026924 0.023471 0.003453
45 Reddit_A.txt 0.0278161 0.0235012 0.00431494
46 Reddit_A.txt 0.0298047 0.023531 0.00627367
47 Reddit_A.txt 0.0305053 0.0235702 0.00693509
48 Reddit_A.txt 0.0309843 0.0235782 0.00740617
49 Reddit_A.txt 0.0307773 0.0236108 0.00716651
50 Reddit_A.txt 0.0317083 0.0236433 0.00806502
51 Reddit_A.txt 0.0313063 0.0236835 0.00762277
52 Reddit_A.txt 0.0303831 0.0237165 0.00666661
53 Reddit_A.txt 0.0305311 0.0237461 0.00678505
54 Reddit_A.txt 0.0288173 0.0237803 0.00503704
55 Reddit_A.txt 0.0290323 0.0238092 0.00522308
56 Reddit_A.txt 0.0288193 0.0238374 0.00498191
57 Reddit_A.txt 0.0297558 0.0238809 0.00587488
58 Reddit_A.txt 0.02911 0.0239096 0.00520042
59 Reddit_A.txt 0.028624 0.0239468 0.00467724
60 Reddit_A.txt 0.0318783 0.0239722 0.00790607
61 Reddit_A.txt 0.035669 0.0240153 0.0116537
62 Reddit_A.txt 0.0286871 0.0240434 0.00464367
63 Reddit_A.txt 0.0311961 0.0240815 0.00711461
64 Reddit_A.txt 0.0331991 0.0241037 0.00909541
65 Reddit_A.txt 0.0292339 0.0241378 0.00509613
66 Reddit_A.txt 0.0297835 0.024173 0.00561045
67 Reddit_A.txt 0.033645 0.0242102 0.00943478
68 Reddit_A.txt 0.0315861 0.0242359 0.00735022
69 Reddit_A.txt 0.0303473 0.0242762 0.00607113
70 Reddit_A.txt 0.0309549 0.0242994 0.0066555
71 Reddit_A.txt 0.0337975 0.0243289 0.00946857
72 Reddit_A.txt 0.0292661 0.0243256 0.00494047
73 Reddit_A.txt 0.02995 0.0242934 0.00565651
74 Reddit_A.txt 0.0299724 0.0242644 0.00570802
75 Reddit_A.txt 0.0320836 0.0242467 0.00783686
76 Reddit_A.txt 0.0305877 0.024208 0.00637972
77 Reddit_A.txt 0.0320724 0.0241775 0.00789495
78 Reddit_A.txt 0.0322234 0.0241438 0.00807955
79 Reddit_A.txt 0.0305975 0.024105 0.00649253
80 Reddit_A.txt 0.031108 0.0240798 0.00702825
81 Reddit_A.txt 0.031848 0.0240462 0.00780178
82 Reddit_A.txt 0.0311051 0.0240175 0.00708763
83 Reddit_A.txt 0.0338207 0.0239766 0.00984416
84 Reddit_A.txt 0.0307646 0.023945 0.00681965
85 Reddit_A.txt 0.0304535 0.0239131 0.00654045
86 Reddit_A.txt 0.0310154 0.0238859 0.00712946
87 Reddit_A.txt 0.032861 0.0238646 0.00899641
88 Reddit_A.txt 0.0321962 0.0238854 0.00831082
89 Reddit_A.txt 0.0365706 0.0239226 0.0126479
90 Reddit_A.txt 0.0437 0.0239506 0.0197495
91 Reddit_A.txt 0.0313256 0.0239764 0.00734912
92 Reddit_A.txt 0.0327411 0.0240139 0.00872713
93 Reddit_A.txt 0.0326546 0.0240476 0.00860707
94 Reddit_A.txt 0.0341123 0.0240862 0.0100261
95 Reddit_A.txt 0.032816 0.0241174 0.00869866
96 Reddit_A.txt 0.0327359 0.0241495 0.00858644
97 Reddit_A.txt 0.0327606 0.0241898 0.00857084
98 Reddit_A.txt 0.0364177 0.0242183 0.0121994
99 Reddit_A.txt 0.0332301 0.0242477 0.00898236
100 Reddit_A.txt 0.033804 0.024289 0.00951495
101 Reddit_A.txt 0.0334481 0.0243267 0.00912139
102 Reddit_A.txt 0.0385889 0.0243517 0.0142371
103 Reddit_A.txt 0.0321836 0.0243878 0.00779581
104 Reddit_A.txt 0.0351328 0.0244218 0.010711
105 Reddit_A.txt 0.0320464 0.0244572 0.00758925
106 Reddit_A.txt 0.033729 0.0244855 0.00924353
107 Reddit_A.txt 0.0342141 0.0245218 0.00969221
108 Reddit_A.txt 0.0349532 0.0245537 0.0103995
109 Reddit_A.txt 0.0336244 0.0245889 0.00903555
110 Reddit_A.txt 0.0364645 0.0246207 0.0118438
111 Reddit_A.txt 0.0450332 0.0246526 0.0203806
112 Reddit_A.txt 0.0374274 0.02468 0.0127474
113 Reddit_A.txt 0.0357032 0.0247113 0.0109919
114 Reddit_A.txt 0.0365607 0.0247434 0.0118173
115 Reddit_A.txt 0.0432437 0.0247789 0.0184648
116 Reddit_A.txt 0.0330024 0.0248106 0.00819188
117 Reddit_A.txt 0.03827 0.0248474 0.0134226
118 Reddit_A.txt 0.0340236 0.0248795 0.00914413
119 Reddit_A.txt 0.036247 0.0249208 0.0113261
120 Reddit_A.txt 0.0387093 0.024923 0.0137863
121 Reddit_A.txt 0.0374633 0.0248765 0.0125867
122 Reddit_A.txt 0.0400511 0.024845 0.0152062
123 Reddit_A.txt 0.03921 0.0248122 0.0143978
124 Reddit_A.txt 0.036368 0.0247811 0.0115868
125 Reddit_A.txt 0.0398665 0.02475 0.0151165
126 Reddit_A.txt 0.037049 0.0247135 0.0123355
127 Reddit_A.txt 0.0400176 0.0246911 0.0153264
128 Reddit_A.txt 0.0397298 0.0246572 0.0150727
129 Reddit_A.txt 0.0371978 0.024628 0.0125698
130 Reddit_A.txt 0.0347467 0.0245983 0.0101485
131 Reddit_A.txt 0.0358976 0.0245641 0.0113334
132 Reddit_A.txt 0.0349635 0.0245237 0.0104398
133 Reddit_A.txt 0.0382159 0.0244956 0.0137203
134 Reddit_A.txt 0.0393821 0.0244707 0.0149115
135 Reddit_A.txt 0.0444306 0.0244373 0.0199934
136 Reddit_A.txt 0.0340463 0.0243973 0.00964897
137 Reddit_A.txt 0.037992 0.0243665 0.0136255
138 Reddit_A.txt 0.0382039 0.0243297 0.0138742
139 Reddit_A.txt 0.0380182 0.0243018 0.0137164
140 Reddit_A.txt 0.0403162 0.0242556 0.0160606
141 Reddit_A.txt 0.0471637 0.0242239 0.0229398
142 Reddit_A.txt 0.040906 0.0242518 0.0166543
143 Reddit_A.txt 0.0383477 0.0242881 0.0140597
144 Reddit_A.txt 0.0371607 0.0243002 0.0128605
145 Reddit_A.txt 0.0418586 0.0243321 0.0175265
146 Reddit_A.txt 0.0448994 0.024356 0.0205434
147 Reddit_A.txt 0.0372198 0.0243911 0.0128287
148 Reddit_A.txt 0.0457332 0.0244276 0.0213056
149 Reddit_A.txt 0.0398647 0.0244637 0.015401
150 Reddit_A.txt 0.0398378 0.0244936 0.0153441
151 Reddit_A.txt 0.0406645 0.0245217 0.0161427
152 Reddit_A.txt 0.0360284 0.0245655 0.0114629
153 Reddit_A.txt 0.0380584 0.0246058 0.0134526
154 Reddit_A.txt 0.0437473 0.0246364 0.0191109
155 Reddit_A.txt 0.046039 0.0246701 0.0213689
156 Reddit_A.txt 0.0389325 0.0247012 0.0142313
157 Reddit_A.txt 0.0421631 0.0247356 0.0174276
158 Reddit_A.txt 0.039555 0.0247668 0.0147882
159 Reddit_A.txt 0.0434915 0.0247944 0.0186971
160 Reddit_A.txt 0.0383322 0.0248289 0.0135033
161 Reddit_A.txt 0.040399 0.0248594 0.0155396
162 Reddit_A.txt 0.0413065 0.0248928 0.0164137
163 Reddit_A.txt 0.0412909 0.0249268 0.0163641
164 Reddit_A.txt 0.0489558 0.0249596 0.0239962
165 Reddit_A.txt 0.0395138 0.0249953 0.0145184
166 Reddit_A.txt 0.0384899 0.0250217 0.0134682
167 Reddit_A.txt 0.041312 0.0250524 0.0162596
168 Reddit_A.txt 0.0431914 0.0250519 0.0181395
169 Reddit_A.txt 0.0406599 0.0250188 0.015641
170 Reddit_A.txt 0.0416665 0.0249889 0.0166776
171 Reddit_A.txt 0.039993 0.0249569 0.0150361
172 Reddit_A.txt 0.0372574 0.0249254 0.012332
173 Reddit_A.txt 0.0470325 0.0248955 0.022137
174 Reddit_A.txt 0.0485966 0.0248637 0.0237329
175 Reddit_A.txt 0.0392459 0.0248334 0.0144126
176 Reddit_A.txt 0.0408173 0.0248048 0.0160125
177 Reddit_A.txt 0.042244 0.0247696 0.0174744
178 Reddit_A.txt 0.0573074 0.0247393 0.0325681
179 Reddit_A.txt 0.0428426 0.0247075 0.0181351
180 Reddit_A.txt 0.0427527 0.0246752 0.0180775
181 Reddit_A.txt 0.0375289 0.0246418 0.0128871
182 Reddit_A.txt 0.0470727 0.0246035 0.0224692
183 Reddit_A.txt 0.0434495 0.0245694 0.0188801
184 Reddit_A.txt 0.0441901 0.024535 0.0196551
185 Reddit_A.txt 0.0506415 0.0245359 0.0261056
186 Reddit_A.txt 0.0489765 0.024573 0.0244035
187 Reddit_A.txt 0.039627 0.0245994 0.0150276
188 Reddit_A.txt 0.0430968 0.0246369 0.0184598
189 Reddit_A.txt 0.0442507 0.0246632 0.0195875
190 Reddit_A.txt 0.0462918 0.0247013 0.0215905
191 Reddit_A.txt 0.0427433 0.0247266 0.0180167
192 Reddit_A.txt 0.0420365 0.0247605 0.017276
193 Reddit_A.txt 0.0523539 0.0247842 0.0275697
194 Reddit_A.txt 0.053108 0.0248159 0.0282921
195 Reddit_A.txt 0.0509616 0.0248574 0.0261043
196 Reddit_A.txt 0.0401626 0.0248874 0.0152751
197 Reddit_A.txt 0.0450153 0.0249163 0.020099
198 Reddit_A.txt 0.0396654 0.0249573 0.0147081
199 Reddit_A.txt 0.0447622 0.0249962 0.019766
200 Reddit_A.txt 0.0481514 0.0250286 0.0231227
201 Reddit_A.txt 0.0401263 0.0250554 0.0150709
202 Reddit_A.txt 0.0665612 0.0251042 0.041457
203 Reddit_A.txt 0.0502991 0.0251275 0.0251716
204 Reddit_A.txt 0.0532831 0.0251582 0.0281249
205 Reddit_A.txt 0.0471167 0.0251927 0.0219239
206 Reddit_A.txt 0.0516166 0.0252177 0.0263989
207 Reddit_A.txt 0.046913 0.0252465 0.0216665
208 Reddit_A.txt 0.040798 0.0252864 0.0155115
209 Reddit_A.txt 0.0389435 0.0253164 0.0136271
210 Reddit_A.txt 0.0520114 0.0253472 0.0266642
211 Reddit_A.txt 0.0713634 0.0253799 0.0459835
212 Reddit_A.txt 0.0456323 0.0254093 0.020223
213 Reddit_A.txt 0.0467817 0.025446 0.0213357
214 Reddit_A.txt 0.0478242 0.0254696 0.0223546
215 Reddit_A.txt 0.0610662 0.0255027 0.0355635
216 Reddit_A.txt 0.0485556 0.0255097 0.0230459
217 Reddit_A.txt 0.0429723 0.0254736 0.0174987
218 Reddit_A.txt 0.047777 0.0254469 0.0223301
219 Reddit_A.txt 0.0592178 0.0254197 0.033798
220 Reddit_A.txt 0.0429897 0.0253832 0.0176065
221 Reddit_A.txt 0.0497801 0.0253589 0.0244211
222 Reddit_A.txt 0.0549912 0.0253265 0.0296647
223 Reddit_A.txt 0.0584692 0.0252861 0.0331831
224 Reddit_A.txt 0.0571261 0.0252596 0.0318666
225 Reddit_A.txt 0.0433225 0.0252355 0.0180869
226 Reddit_A.txt 0.0466545 0.0252015 0.021453
227 Reddit_A.txt 0.0514538 0.0251639 0.0262899
228 Reddit_A.txt 0.0615412 0.025128 0.0364131
229 Reddit_A.txt 0.0446137 0.0250976 0.0195161
230 Reddit_A.txt 0.0481751 0.0250671 0.023108
231 Reddit_A.txt 0.0510303 0.025019 0.0260113
232 Reddit_A.txt 0.0550842 0.0249971 0.0300871
233 Reddit_A.txt 0.0453028 0.0249606 0.0203421
234 Reddit_A.txt 0.0591615 0.0249856 0.0341759
235 Reddit_A.txt 0.0477881 0.0250136 0.0227745
236 Reddit_A.txt 0.0481964 0.0250704 0.0231259
237 Reddit_A.txt 0.0518916 0.0251054 0.0267862
238 Reddit_A.txt 0.0597095 0.0251316 0.034578
239 Reddit_A.txt 0.0514572 0.0251603 0.0262969
240 Reddit_A.txt 0.0453037 0.0251737 0.02013
241 Reddit_A.txt 0.052565 0.0251963 0.0273687
242 Reddit_A.txt 0.0440756 0.0252217 0.0188539
243 Reddit_A.txt 0.053971 0.0252662 0.0287048
244 Reddit_A.txt 0.0600953 0.0252999 0.0347954
245 Reddit_A.txt 0.0559263 0.0253338 0.0305925
246 Reddit_A.txt 0.0648125 0.0253714 0.0394411
247 Reddit_A.txt 0.0660523 0.0254106 0.0406417
248 Reddit_A.txt 0.0527917 0.0254462 0.0273455
249 Reddit_A.txt 0.0555531 0.0254784 0.0300748
250 Reddit_A.txt 0.0479548 0.0255121 0.0224426
251 Reddit_A.txt 0.0489969 0.0255492 0.0234478
252 Reddit_A.txt 0.0489739 0.0255681 0.0234058
253 Reddit_A.txt 0.0588254 0.0256036 0.0332218
254 Reddit_A.txt 0.0573094 0.0256363 0.0316731
255 Reddit_A.txt 0.0551896 0.0256669 0.0295226
256 Reddit_A.txt 0.0669231 0.0257073 0.0412158
257 Reddit_A.txt 0.0659789 0.0257378 0.0402411
258 Reddit_A.txt 0.0591133 0.0257663 0.033347
259 Reddit_A.txt 0.068706 0.0258068 0.0428992
260 Reddit_A.txt 0.0513894 0.0258359 0.0255535
261 Reddit_A.txt 0.0584523 0.0258684 0.0325839
262 Reddit_A.txt 0.0604709 0.0259021 0.0345688
263 Reddit_A.txt 0.0723089 0.025932 0.0463769
264 Reddit_A.txt 0.0631103 0.0259425 0.0371677
265 Reddit_A.txt 0.0693062 0.025911 0.0433951
266 Reddit_A.txt 0.0586312 0.0258709 0.0327604
267 Reddit_A.txt 0.0557682 0.0258385 0.0299297
268 Reddit_A.txt 0.0540208 0.025806 0.0282148
269 Reddit_A.txt 0.0620333 0.0257726 0.0362608
270 Reddit_A.txt 0.0539988 0.0257418 0.028257
271 Reddit_A.txt 0.0558288 0.0257117 0.0301171
272 Reddit_A.txt 0.0617213 0.0256825 0.0360388
273 Reddit_A.txt 0.0569735 0.0256416 0.0313319
274 Reddit_A.txt 0.0524827 0.0256133 0.0268694
275 Reddit_A.txt 0.0544735 0.0255871 0.0288863
276 Reddit_A.txt 0.0519402 0.025543 0.0263972
277 Reddit_A.txt 0.0614561 0.0255143 0.0359418
278 Reddit_A.txt 0.0711289 0.0254826 0.0456463
279 Reddit_A.txt 0.0462559 0.025449 0.0208068
280 Reddit_A.txt 0.0854849 0.0254101 0.0600749
281 Reddit_A.txt 0.0652096 0.0254126 0.039797
282 Reddit_A.txt 0.0597884 0.0254432 0.0343452
283 Reddit_A.txt 0.050315 0.0254693 0.0248457
284 Reddit_A.txt 0.0529012 0.025509 0.0273922
285 Reddit_A.txt 0.050124 0.0255406 0.0245833
286 Reddit_A.txt 0.0619511 0.0255662 0.0363849
287 Reddit_A.txt 0.0610186 0.0256073 0.0354114
288 Reddit_A.txt 0.0568803 0.0256304 0.0312498
289 Reddit_A.txt 0.0617108 0.0256624 0.0360484
290 Reddit_A.txt 0.0538978 0.0257039 0.0281939
291 Reddit_A.txt 0.0459379 0.0257407 0.0201972
292 Reddit_A.txt 0.0588718 0.0257704 0.0331014
293 Reddit_A.txt 0.0605859 0.0258132 0.0347728
294 Reddit_A.txt 0.0532694 0.0258402 0.0274292
295 Reddit_A.txt 0.061193 0.0258664 0.0353266
296 Reddit_A.txt 0.0730702 0.0258955 0.0471747
297 Reddit_A.txt 0.0628344 0.0259293 0.0369051
298 Reddit_A.txt 0.0598524 0.0259598 0.0338925
299 Reddit_A.txt 0.0560944 0.0259927 0.0301017
300 Reddit_A.txt 0.0529731 0.0260284 0.0269448
301 Reddit_A.txt 0.054097 0.0260565 0.0280405
302 Reddit_A.txt 0.0527697 0.0261028 0.026667
303 Reddit_A.txt 0.0695222 0.0261385 0.0433837
304 Reddit_A.txt 0.0576103 0.0261689 0.0314414
305 Reddit_A.txt 0.0627152 0.0262059 0.0365094
306 Reddit_A.txt 0.0672301 0.026244 0.0409861
307 Reddit_A.txt 0.0607477 0.0262746 0.0344731
308 Reddit_A.txt 0.0566578 0.0263111 0.0303467
309 Reddit_A.txt 0.0612652 0.0263433 0.0349219
310 Reddit_A.txt 0.0694973 0.0263745 0.0431228
311 Reddit_A.txt 0.0598031 0.0264075 0.0333957
312 Reddit_A.txt 0.0526805 0.0264084 0.0262722
313 Reddit_A.txt 0.0703651 0.0263828 0.0439823
314 Reddit_A.txt 0.0686024 0.0263518 0.0422506
315 Reddit_A.txt 0.0544363 0.026319 0.0281173
316 Reddit_A.txt 0.0580599 0.0262909 0.0317691
317 Reddit_A.txt 0.0528331 0.0262618 0.0265713
318 Reddit_A.txt 0.067039 0.0262244 0.0408146
319 Reddit_A.txt 0.0603811 0.0261757 0.0342054
320 Reddit_A.txt 0.0532013 0.0261448 0.0270565
321 Reddit_A.txt 0.0592893 0.0261099 0.0331794
322 Reddit_A.txt 0.0518434 0.0260726 0.0257707
323 Reddit_A.txt 0.062325 0.0260438 0.0362812
324 Reddit_A.txt 0.0796457 0.0260595 0.0535862
325 Reddit_A.txt 0.052459 0.0260845 0.0263745
326 Reddit_A.txt 0.0618246 0.0261215 0.0357031
327 Reddit_A.txt 0.0684643 0.0261442 0.0423201
328 Reddit_A.txt 0.0658968 0.0261865 0.0397104
329 Reddit_A.txt 0.0786007 0.026216 0.0523848
330 Reddit_A.txt 0.0529697 0.026242 0.0267277
331 Reddit_A.txt 0.0533892 0.026271 0.0271182
332 Reddit_A.txt 0.0639301 0.0263019 0.0376282
333 Reddit_A.txt 0.0845911 0.0263297 0.0582615
334 Reddit_A.txt 0.0660684 0.026353 0.0397154
335 Reddit_A.txt 0.0676115 0.0263791 0.0412324
336 Reddit_A.txt 0.0724849 0.0263774 0.0461075
337 Reddit_A.txt 0.0675528 0.0263456 0.0412071
338 Reddit_A.txt 0.0656018 0.0263186 0.0392832
339 Reddit_A.txt 0.0717473 0.0262896 0.0454577
340 Reddit_A.txt 0.0572852 0.0262571 0.031028
341 Reddit_A.txt 0.0700045 0.0262436 0.043761
342 Reddit_A.txt 0.0712888 0.0262674 0.0450214
343 Reddit_A.txt 0.0749095 0.026302 0.0486076
344 Reddit_A.txt 0.0698341 0.0263419 0.0434922
345 Reddit_A.txt 0.0595423 0.0263718 0.0331705
346 Reddit_A.txt 0.0706988 0.0264028 0.044296
347 Reddit_A.txt 0.0772819 0.0264404 0.0508414
348 Reddit_A.txt 0.0687361 0.0264701 0.0422659
349 Reddit_A.txt 0.0583259 0.0265085 0.0318174
350 Reddit_A.txt 0.0623975 0.0265493 0.0358482
351 Reddit_A.txt 0.0670851 0.0265806 0.0405045
352 Reddit_A.txt 0.0622057 0.0266208 0.0355849
353 Reddit_A.txt 0.0782973 0.0266511 0.0516462
354 Reddit_A.txt 0.0797473 0.0266823 0.0530649
355 Reddit_A.txt 0.0877536 0.0267179 0.0610357
356 Reddit_A.txt 0.0626457 0.0267488 0.0358969
357 Reddit_A.txt 0.0526686 0.0267787 0.0258899
358 Reddit_A.txt 0.0618919 0.0268121 0.0350798
359 Reddit_A.txt 0.0826807 0.0268451 0.0558357
360 Reddit_A.txt 0.0802402 0.0268485 0.0533916
361 Reddit_A.txt 0.0680442 0.0268196 0.0412246
362 Reddit_A.txt 0.0690733 0.0267892 0.0422841
363 Reddit_A.txt 0.0795769 0.0267526 0.0528243
364 Reddit_A.txt 0.0733613 0.0267374 0.0466239
365 Reddit_A.txt 0.0771349 0.0267596 0.0503753
366 Reddit_A.txt 0.0689831 0.0267629 0.0422203
367 Reddit_A.txt 0.0802124 0.0267713 0.0534411
368 Reddit_A.txt 0.0637749 0.0268067 0.0369682
369 Reddit_A.txt 0.083394 0.0268305 0.0565634
370 Reddit_A.txt 0.0724557 0.0268542 0.0456015
371 Reddit_A.txt 0.07138 0.0268674 0.0445127
372 Reddit_A.txt 0.0655445 0.0268907 0.0386537
373 Reddit_A.txt 0.0763618 0.026929 0.0494328
374 Reddit_A.txt 0.0602575 0.0269616 0.0332959
375 Reddit_A.txt 0.0820086 0.026993 0.0550156
376 Reddit_A.txt 0.113009 0.0269883 0.0860211
377 Reddit_A.txt 0.314422 0.0269891 0.287433
378 Reddit_A.txt 0.226718 0.0270073 0.19971
379 Reddit_A.txt 0.168735 0.0270353 0.1417
380 Reddit_A.txt 0.131799 0.0270501 0.104748
381 Reddit_A.txt 0.102931 0.0270457 0.0758848
382 Reddit_A.txt 0.0754484 0.0270464 0.048402
383 Reddit_A.txt 0.0425443 0.023108 0.0194364
TACC:  Shutdown complete. Exiting. 
