TACC:  Starting up job 10024561 
TACC:  Starting parallel tasks... 
0 Citeseer_feat_L2.txt 0.0022578 0.00225627 1.526e-06
1 Citeseer_feat_L2.txt 0.00111475 0.00111307 1.686e-06
2 Citeseer_feat_L2.txt 0.00227679 0.00227516 1.633e-06
3 Citeseer_feat_L2.txt 0.000996225 0.00099442 1.805e-06
4 Citeseer_feat_L2.txt 0.00231687 0.00231531 1.554e-06
5 Citeseer_feat_L2.txt 0.00104658 0.00104484 1.737e-06
6 Citeseer_feat_L2.txt 0.00220797 0.00220625 1.724e-06
7 Citeseer_feat_L2.txt 0.00100019 0.00099838 1.811e-06
8 Citeseer_feat_L2.txt 0.00222144 0.00221965 1.798e-06
9 Citeseer_feat_L2.txt 0.000971999 0.000970323 1.676e-06
10 Citeseer_feat_L2.txt 0.00227849 0.00227664 1.85e-06
11 Citeseer_feat_L2.txt 0.000998426 0.000996896 1.53e-06
12 Citeseer_feat_L2.txt 0.00227988 0.00227827 1.614e-06
13 Citeseer_feat_L2.txt 0.000932377 0.000930927 1.45e-06
14 Citeseer_feat_L2.txt 0.00240165 0.00240001 1.641e-06
15 Citeseer_feat_L2.txt 0.00105514 0.00105345 1.687e-06
16 Citeseer_feat_L2.txt 0.00219415 0.00219258 1.57e-06
17 Citeseer_feat_L2.txt 0.000965811 0.000964331 1.48e-06
18 Citeseer_feat_L2.txt 0.00251025 0.00250846 1.791e-06
19 Citeseer_feat_L2.txt 0.000973429 0.00097166 1.769e-06
20 Citeseer_feat_L2.txt 0.00245658 0.00245499 1.59e-06
21 Citeseer_feat_L2.txt 0.000980738 0.000978986 1.752e-06
22 Citeseer_feat_L2.txt 0.00246971 0.00246812 1.584e-06
23 Citeseer_feat_L2.txt 0.0010202 0.00101842 1.777e-06
24 Citeseer_feat_L2.txt 0.00259196 0.00259013 1.829e-06
25 Citeseer_feat_L2.txt 0.000951067 0.000949587 1.48e-06
26 Citeseer_feat_L2.txt 0.00246106 0.00245948 1.576e-06
27 Citeseer_feat_L2.txt 0.000986683 0.000985195 1.488e-06
28 Citeseer_feat_L2.txt 0.00257218 0.00257065 1.538e-06
29 Citeseer_feat_L2.txt 0.000965475 0.000963688 1.787e-06
30 Citeseer_feat_L2.txt 0.00250942 0.00250775 1.671e-06
31 Citeseer_feat_L2.txt 0.000966479 0.000964975 1.504e-06
32 Citeseer_feat_L2.txt 0.00217705 0.00217517 1.881e-06
33 Citeseer_feat_L2.txt 0.000972519 0.000971113 1.406e-06
34 Citeseer_feat_L2.txt 0.00211939 0.00211763 1.758e-06
35 Citeseer_feat_L2.txt 0.00102909 0.00102735 1.74e-06
36 Citeseer_feat_L2.txt 0.00214068 0.00213911 1.564e-06
37 Citeseer_feat_L2.txt 0.00108354 0.00108186 1.682e-06
38 Citeseer_feat_L2.txt 0.00216693 0.00216516 1.77e-06
39 Citeseer_feat_L2.txt 0.00094039 0.000938615 1.775e-06
40 Citeseer_feat_L2.txt 0.0022443 0.00224273 1.569e-06
41 Citeseer_feat_L2.txt 0.000970246 0.000968696 1.55e-06
42 Citeseer_feat_L2.txt 0.00220673 0.00220502 1.71e-06
43 Citeseer_feat_L2.txt 0.00091246 0.000910935 1.525e-06
44 Citeseer_feat_L2.txt 0.00215871 0.0021571 1.614e-06
45 Citeseer_feat_L2.txt 0.00100121 0.000999679 1.53e-06
46 Citeseer_feat_L2.txt 0.00220489 0.00220309 1.807e-06
47 Citeseer_feat_L2.txt 0.00107565 0.00107415 1.504e-06
48 Citeseer_feat_L2.txt 0.00211507 0.00211363 1.444e-06
49 Citeseer_feat_L2.txt 0.000917542 0.000915942 1.6e-06
50 Citeseer_feat_L2.txt 0.00223335 0.0022318 1.556e-06
51 Citeseer_feat_L2.txt 0.000879087 0.000877549 1.538e-06
52 Citeseer_feat_L2.txt 0.00222682 0.0022252 1.624e-06
53 Citeseer_feat_L2.txt 0.000968379 0.000966928 1.451e-06
54 Citeseer_feat_L2.txt 0.00229814 0.00229641 1.737e-06
55 Citeseer_feat_L2.txt 0.000968469 0.000966757 1.712e-06
56 Citeseer_feat_L2.txt 0.00229719 0.00229553 1.654e-06
57 Citeseer_feat_L2.txt 0.00097506 0.000973406 1.654e-06
58 Citeseer_feat_L2.txt 0.00223929 0.00223774 1.547e-06
59 Citeseer_feat_L2.txt 0.00157028 0.0015687 1.588e-06
60 Citeseer_feat_L2.txt 0.0023075 0.00230584 1.662e-06
61 Citeseer_feat_L2.txt 0.000959932 0.000958313 1.619e-06
62 Citeseer_feat_L2.txt 0.00232566 0.00232392 1.739e-06
63 Citeseer_feat_L2.txt 0.000966252 0.000964523 1.729e-06
64 Citeseer_feat_L2.txt 0.00229041 0.00228862 1.789e-06
65 Citeseer_feat_L2.txt 0.000951317 0.000949774 1.543e-06
66 Citeseer_feat_L2.txt 0.00230776 0.00230605 1.709e-06
67 Citeseer_feat_L2.txt 0.000951441 0.00094988 1.561e-06
68 Citeseer_feat_L2.txt 0.00222886 0.00222706 1.796e-06
69 Citeseer_feat_L2.txt 0.000927648 0.000926116 1.532e-06
70 Citeseer_feat_L2.txt 0.0021784 0.00217679 1.617e-06
71 Citeseer_feat_L2.txt 0.00100038 0.000998859 1.52e-06
72 Citeseer_feat_L2.txt 0.00225929 0.00225761 1.685e-06
73 Citeseer_feat_L2.txt 0.000860104 0.000858375 1.729e-06
74 Citeseer_feat_L2.txt 0.00224954 0.00224772 1.82e-06
75 Citeseer_feat_L2.txt 0.00102775 0.00102625 1.503e-06
76 Citeseer_feat_L2.txt 0.00215427 0.00215266 1.609e-06
77 Citeseer_feat_L2.txt 0.00101721 0.00101576 1.456e-06
78 Citeseer_feat_L2.txt 0.00226042 0.00225861 1.809e-06
79 Citeseer_feat_L2.txt 0.000858971 0.00085739 1.581e-06
80 Citeseer_feat_L2.txt 0.00198712 0.00198566 1.46e-06
81 Citeseer_feat_L2.txt 0.00101022 0.0010088 1.422e-06
82 Citeseer_feat_L2.txt 0.00249325 0.00249142 1.831e-06
83 Citeseer_feat_L2.txt 0.000998933 0.000997258 1.675e-06
84 Citeseer_feat_L2.txt 0.00234188 0.00234029 1.585e-06
85 Citeseer_feat_L2.txt 0.000942192 0.000940721 1.471e-06
86 Citeseer_feat_L2.txt 0.00247058 0.00246903 1.552e-06
87 Citeseer_feat_L2.txt 0.000945333 0.000943857 1.476e-06
88 Citeseer_feat_L2.txt 0.00249989 0.00249833 1.56e-06
89 Citeseer_feat_L2.txt 0.000986197 0.000984779 1.418e-06
90 Citeseer_feat_L2.txt 0.00247797 0.00247648 1.494e-06
91 Citeseer_feat_L2.txt 0.000970415 0.000969025 1.39e-06
92 Citeseer_feat_L2.txt 0.00238671 0.00238521 1.501e-06
93 Citeseer_feat_L2.txt 0.00089607 0.000894431 1.639e-06
94 Citeseer_feat_L2.txt 0.00240397 0.00240244 1.524e-06
95 Citeseer_feat_L2.txt 0.000951674 0.000949523 2.151e-06
96 Citeseer_feat_L2.txt 0.00208411 0.00208255 1.558e-06
97 Citeseer_feat_L2.txt 0.00102371 0.00102221 1.501e-06
98 Citeseer_feat_L2.txt 0.00221361 0.0022119 1.715e-06
99 Citeseer_feat_L2.txt 0.000976142 0.000974453 1.689e-06
100 Citeseer_feat_L2.txt 0.00224117 0.00223951 1.664e-06
101 Citeseer_feat_L2.txt 0.00101764 0.0010159 1.737e-06
102 Citeseer_feat_L2.txt 0.00213096 0.00212945 1.507e-06
103 Citeseer_feat_L2.txt 0.000996475 0.000994944 1.531e-06
104 Citeseer_feat_L2.txt 0.00225159 0.00224997 1.615e-06
105 Citeseer_feat_L2.txt 0.000945074 0.000943542 1.532e-06
106 Citeseer_feat_L2.txt 0.00214702 0.00214538 1.644e-06
107 Citeseer_feat_L2.txt 0.000994996 0.000993579 1.417e-06
108 Citeseer_feat_L2.txt 0.00206312 0.00206158 1.538e-06
109 Citeseer_feat_L2.txt 0.000914517 0.00091293 1.587e-06
110 Citeseer_feat_L2.txt 0.00220554 0.00220386 1.683e-06
111 Citeseer_feat_L2.txt 0.000969038 0.000967261 1.777e-06
112 Citeseer_feat_L2.txt 0.00207415 0.00207242 1.729e-06
113 Citeseer_feat_L2.txt 0.000972691 0.000971247 1.444e-06
114 Citeseer_feat_L2.txt 0.00233285 0.00233126 1.583e-06
115 Citeseer_feat_L2.txt 0.000966125 0.000964485 1.64e-06
116 Citeseer_feat_L2.txt 0.00227705 0.00227522 1.828e-06
117 Citeseer_feat_L2.txt 0.00088995 0.000888489 1.461e-06
118 Citeseer_feat_L2.txt 0.00222882 0.00222702 1.805e-06
119 Citeseer_feat_L2.txt 0.00103289 0.00103116 1.729e-06
120 Citeseer_feat_L2.txt 0.00226224 0.00226061 1.636e-06
121 Citeseer_feat_L2.txt 0.000966754 0.000965316 1.438e-06
122 Citeseer_feat_L2.txt 0.00237329 0.0023717 1.591e-06
123 Citeseer_feat_L2.txt 0.00102023 0.00101878 1.448e-06
124 Citeseer_feat_L2.txt 0.00223154 0.00222998 1.555e-06
125 Citeseer_feat_L2.txt 0.000873189 0.000871504 1.685e-06
126 Citeseer_feat_L2.txt 0.00237423 0.00237275 1.482e-06
127 Citeseer_feat_L2.txt 0.000990434 0.00098878 1.654e-06
128 Citeseer_feat_L2.txt 0.00229216 0.00229047 1.699e-06
129 Citeseer_feat_L2.txt 0.00102327 0.00102171 1.557e-06
130 Citeseer_feat_L2.txt 0.00221772 0.00221603 1.682e-06
131 Citeseer_feat_L2.txt 0.000935887 0.000934318 1.569e-06
132 Citeseer_feat_L2.txt 0.00221105 0.00220958 1.471e-06
133 Citeseer_feat_L2.txt 0.000962466 0.000960887 1.579e-06
134 Citeseer_feat_L2.txt 0.00220419 0.00220261 1.581e-06
135 Citeseer_feat_L2.txt 0.000903106 0.000901508 1.598e-06
136 Citeseer_feat_L2.txt 0.0022319 0.00223032 1.581e-06
137 Citeseer_feat_L2.txt 0.000955866 0.000954299 1.567e-06
138 Citeseer_feat_L2.txt 0.00233492 0.00233317 1.758e-06
139 Citeseer_feat_L2.txt 0.00102535 0.00102369 1.664e-06
140 Citeseer_feat_L2.txt 0.00227668 0.00227483 1.855e-06
141 Citeseer_feat_L2.txt 0.00102366 0.00102223 1.426e-06
142 Citeseer_feat_L2.txt 0.00229391 0.00229222 1.689e-06
143 Citeseer_feat_L2.txt 0.000952178 0.000950598 1.58e-06
144 Citeseer_feat_L2.txt 0.00205116 0.00204948 1.673e-06
145 Citeseer_feat_L2.txt 0.000953935 0.000952307 1.628e-06
146 Citeseer_feat_L2.txt 0.00246798 0.00246649 1.497e-06
147 Citeseer_feat_L2.txt 0.00091521 0.000913554 1.656e-06
148 Citeseer_feat_L2.txt 0.00244633 0.00244485 1.483e-06
149 Citeseer_feat_L2.txt 0.000991797 0.000990059 1.738e-06
150 Citeseer_feat_L2.txt 0.00247711 0.00247553 1.582e-06
151 Citeseer_feat_L2.txt 0.000984078 0.000982319 1.759e-06
152 Citeseer_feat_L2.txt 0.00243268 0.00243083 1.856e-06
153 Citeseer_feat_L2.txt 0.000922069 0.000920629 1.44e-06
154 Citeseer_feat_L2.txt 0.00245293 0.00245133 1.603e-06
155 Citeseer_feat_L2.txt 0.000943045 0.000941653 1.392e-06
156 Citeseer_feat_L2.txt 0.0024664 0.00246473 1.672e-06
157 Citeseer_feat_L2.txt 0.00091828 0.000916537 1.743e-06
158 Citeseer_feat_L2.txt 0.00246345 0.0024619 1.548e-06
159 Citeseer_feat_L2.txt 0.000962462 0.000960888 1.574e-06
160 Citeseer_feat_L2.txt 0.00215155 0.0021499 1.648e-06
161 Citeseer_feat_L2.txt 0.000891753 0.000890046 1.707e-06
162 Citeseer_feat_L2.txt 0.00209622 0.00209469 1.526e-06
163 Citeseer_feat_L2.txt 0.000958205 0.00095644 1.765e-06
164 Citeseer_feat_L2.txt 0.00217573 0.00217424 1.491e-06
165 Citeseer_feat_L2.txt 0.00102238 0.00102097 1.402e-06
166 Citeseer_feat_L2.txt 0.00214758 0.00214603 1.55e-06
167 Citeseer_feat_L2.txt 0.000944181 0.000942444 1.737e-06
168 Citeseer_feat_L2.txt 0.00212378 0.00212204 1.742e-06
169 Citeseer_feat_L2.txt 0.000905662 0.000904187 1.475e-06
170 Citeseer_feat_L2.txt 0.00213289 0.00213115 1.741e-06
171 Citeseer_feat_L2.txt 0.000957412 0.00095571 1.702e-06
172 Citeseer_feat_L2.txt 0.00213097 0.00212924 1.732e-06
173 Citeseer_feat_L2.txt 0.000978494 0.000976832 1.662e-06
174 Citeseer_feat_L2.txt 0.00218542 0.00218376 1.661e-06
175 Citeseer_feat_L2.txt 0.000955389 0.000953897 1.492e-06
176 Citeseer_feat_L2.txt 0.00210827 0.0021068 1.468e-06
177 Citeseer_feat_L2.txt 0.000992578 0.000991116 1.462e-06
178 Citeseer_feat_L2.txt 0.00226143 0.00225976 1.666e-06
179 Citeseer_feat_L2.txt 0.000959269 0.000957651 1.618e-06
180 Citeseer_feat_L2.txt 0.00226621 0.00226465 1.558e-06
181 Citeseer_feat_L2.txt 0.000923923 0.000922179 1.744e-06
182 Citeseer_feat_L2.txt 0.00230923 0.00230773 1.507e-06
183 Citeseer_feat_L2.txt 0.000930121 0.000928171 1.95e-06
184 Citeseer_feat_L2.txt 0.00226586 0.00226416 1.702e-06
185 Citeseer_feat_L2.txt 0.000935386 0.00093377 1.616e-06
186 Citeseer_feat_L2.txt 0.00231694 0.00231541 1.521e-06
187 Citeseer_feat_L2.txt 0.00163856 0.00163714 1.421e-06
188 Citeseer_feat_L2.txt 0.00224596 0.00224442 1.546e-06
189 Citeseer_feat_L2.txt 0.000932627 0.000931081 1.546e-06
190 Citeseer_feat_L2.txt 0.00227496 0.0022734 1.569e-06
191 Citeseer_feat_L2.txt 0.000996376 0.000994883 1.493e-06
192 Citeseer_feat_L2.txt 0.00229992 0.0022981 1.821e-06
193 Citeseer_feat_L2.txt 0.000914548 0.000913145 1.403e-06
194 Citeseer_feat_L2.txt 0.0023998 0.00239829 1.514e-06
195 Citeseer_feat_L2.txt 0.000965872 0.000964183 1.689e-06
196 Citeseer_feat_L2.txt 0.00219565 0.00219419 1.464e-06
197 Citeseer_feat_L2.txt 0.00106284 0.00106135 1.488e-06
198 Citeseer_feat_L2.txt 0.00222076 0.0022191 1.659e-06
199 Citeseer_feat_L2.txt 0.00103304 0.00103162 1.42e-06
200 Citeseer_feat_L2.txt 0.00218351 0.0021819 1.608e-06
201 Citeseer_feat_L2.txt 0.000934649 0.000933082 1.567e-06
202 Citeseer_feat_L2.txt 0.00232491 0.0023234 1.511e-06
203 Citeseer_feat_L2.txt 0.000994236 0.000992708 1.528e-06
204 Citeseer_feat_L2.txt 0.00224555 0.00224398 1.57e-06
205 Citeseer_feat_L2.txt 0.000891088 0.000889015 2.073e-06
206 Citeseer_feat_L2.txt 0.00237334 0.00237184 1.504e-06
207 Citeseer_feat_L2.txt 0.00096967 0.000968063 1.607e-06
208 Citeseer_feat_L2.txt 0.00217023 0.00216861 1.619e-06
209 Citeseer_feat_L2.txt 0.000928684 0.000927039 1.645e-06
210 Citeseer_feat_L2.txt 0.00243655 0.00243505 1.503e-06
211 Citeseer_feat_L2.txt 0.000975484 0.00097402 1.464e-06
212 Citeseer_feat_L2.txt 0.00246874 0.00246726 1.474e-06
213 Citeseer_feat_L2.txt 0.00090582 0.000904271 1.549e-06
214 Citeseer_feat_L2.txt 0.00242819 0.00242653 1.667e-06
215 Citeseer_feat_L2.txt 0.00102888 0.0010271 1.778e-06
216 Citeseer_feat_L2.txt 0.0024202 0.00241845 1.749e-06
217 Citeseer_feat_L2.txt 0.00107124 0.00106949 1.751e-06
218 Citeseer_feat_L2.txt 0.00241527 0.00241344 1.83e-06
219 Citeseer_feat_L2.txt 0.000907832 0.000906163 1.669e-06
220 Citeseer_feat_L2.txt 0.00255156 0.00254995 1.609e-06
221 Citeseer_feat_L2.txt 0.000976354 0.000974879 1.475e-06
222 Citeseer_feat_L2.txt 0.00244817 0.0024465 1.668e-06
223 Citeseer_feat_L2.txt 0.000990845 0.000989303 1.542e-06
224 Citeseer_feat_L2.txt 0.00218632 0.00218445 1.863e-06
225 Citeseer_feat_L2.txt 0.000909124 0.000907621 1.503e-06
226 Citeseer_feat_L2.txt 0.00209127 0.00208964 1.623e-06
227 Citeseer_feat_L2.txt 0.000944185 0.000942634 1.551e-06
228 Citeseer_feat_L2.txt 0.00210399 0.00210242 1.568e-06
229 Citeseer_feat_L2.txt 0.000951355 0.000949774 1.581e-06
230 Citeseer_feat_L2.txt 0.00214703 0.00214549 1.539e-06
231 Citeseer_feat_L2.txt 0.000887109 0.000885604 1.505e-06
232 Citeseer_feat_L2.txt 0.00216129 0.00215971 1.576e-06
233 Citeseer_feat_L2.txt 0.000948419 0.000946912 1.507e-06
234 Citeseer_feat_L2.txt 0.00210235 0.00210084 1.507e-06
235 Citeseer_feat_L2.txt 0.000894224 0.000892602 1.622e-06
236 Citeseer_feat_L2.txt 0.00208021 0.0020786 1.61e-06
237 Citeseer_feat_L2.txt 0.000919271 0.000917869 1.402e-06
238 Citeseer_feat_L2.txt 0.00217995 0.00217832 1.638e-06
239 Citeseer_feat_L2.txt 0.00101587 0.00101414 1.73e-06
240 Citeseer_feat_L2.txt 0.00204316 0.00204129 1.871e-06
241 Citeseer_feat_L2.txt 0.000914088 0.000912533 1.555e-06
242 Citeseer_feat_L2.txt 0.00224155 0.00223994 1.605e-06
243 Citeseer_feat_L2.txt 0.000907766 0.000906058 1.708e-06
244 Citeseer_feat_L2.txt 0.00226264 0.00226078 1.859e-06
245 Citeseer_feat_L2.txt 0.000878859 0.000877354 1.505e-06
246 Citeseer_feat_L2.txt 0.00239525 0.00239371 1.539e-06
247 Citeseer_feat_L2.txt 0.000952567 0.000951041 1.526e-06
248 Citeseer_feat_L2.txt 0.00222214 0.00222049 1.646e-06
249 Citeseer_feat_L2.txt 0.000915118 0.000913391 1.727e-06
250 Citeseer_feat_L2.txt 0.00222497 0.00222347 1.493e-06
251 Citeseer_feat_L2.txt 0.00091703 0.000915445 1.585e-06
252 Citeseer_feat_L2.txt 0.00224369 0.00224201 1.679e-06
253 Citeseer_feat_L2.txt 0.000888588 0.000886865 1.723e-06
254 Citeseer_feat_L2.txt 0.00232305 0.00232128 1.761e-06
255 Citeseer_feat_L2.txt 0.000914663 0.000912898 1.765e-06
256 Citeseer_feat_L2.txt 0.00224787 0.00224614 1.73e-06
257 Citeseer_feat_L2.txt 0.000941947 0.00094045 1.497e-06
258 Citeseer_feat_L2.txt 0.00222095 0.00221924 1.711e-06
259 Citeseer_feat_L2.txt 0.000927106 0.000925343 1.763e-06
260 Citeseer_feat_L2.txt 0.00219612 0.00219441 1.705e-06
261 Citeseer_feat_L2.txt 0.000916412 0.000914584 1.828e-06
262 Citeseer_feat_L2.txt 0.00227632 0.00227477 1.552e-06
263 Citeseer_feat_L2.txt 0.000925441 0.000923713 1.728e-06
264 Citeseer_feat_L2.txt 0.00225391 0.00225216 1.745e-06
265 Citeseer_feat_L2.txt 0.000934842 0.000933163 1.679e-06
266 Citeseer_feat_L2.txt 0.00222416 0.00222243 1.729e-06
267 Citeseer_feat_L2.txt 0.000955712 0.000953995 1.717e-06
268 Citeseer_feat_L2.txt 0.00226587 0.00226423 1.632e-06
269 Citeseer_feat_L2.txt 0.0010201 0.0010185 1.6e-06
270 Citeseer_feat_L2.txt 0.00221385 0.0022121 1.751e-06
271 Citeseer_feat_L2.txt 0.000899642 0.000898003 1.639e-06
272 Citeseer_feat_L2.txt 0.00202344 0.00202181 1.634e-06
273 Citeseer_feat_L2.txt 0.000900775 0.000899011 1.764e-06
274 Citeseer_feat_L2.txt 0.00250454 0.00250289 1.646e-06
275 Citeseer_feat_L2.txt 0.000905382 0.000903907 1.475e-06
276 Citeseer_feat_L2.txt 0.00238406 0.00238239 1.674e-06
277 Citeseer_feat_L2.txt 0.00098189 0.000980385 1.505e-06
278 Citeseer_feat_L2.txt 0.00244362 0.0024419 1.724e-06
279 Citeseer_feat_L2.txt 0.000929789 0.00092823 1.559e-06
280 Citeseer_feat_L2.txt 0.00241903 0.00241734 1.685e-06
281 Citeseer_feat_L2.txt 0.000914546 0.000912845 1.701e-06
282 Citeseer_feat_L2.txt 0.0024968 0.00249511 1.696e-06
283 Citeseer_feat_L2.txt 0.000948714 0.000946989 1.725e-06
284 Citeseer_feat_L2.txt 0.00240841 0.00240681 1.604e-06
285 Citeseer_feat_L2.txt 0.000916628 0.000914963 1.665e-06
286 Citeseer_feat_L2.txt 0.0025528 0.00255119 1.61e-06
287 Citeseer_feat_L2.txt 0.000961572 0.000959976 1.596e-06
288 Citeseer_feat_L2.txt 0.00212482 0.00212308 1.746e-06
289 Citeseer_feat_L2.txt 0.000989295 0.000987823 1.472e-06
290 Citeseer_feat_L2.txt 0.00213123 0.00212958 1.651e-06
291 Citeseer_feat_L2.txt 0.00104156 0.00103983 1.728e-06
292 Citeseer_feat_L2.txt 0.00218987 0.00218822 1.651e-06
293 Citeseer_feat_L2.txt 0.000964076 0.000962374 1.702e-06
294 Citeseer_feat_L2.txt 0.00220328 0.00220171 1.573e-06
295 Citeseer_feat_L2.txt 0.000995405 0.000993738 1.667e-06
296 Citeseer_feat_L2.txt 0.00218418 0.00218248 1.697e-06
297 Citeseer_feat_L2.txt 0.000967368 0.000965785 1.583e-06
298 Citeseer_feat_L2.txt 0.00220484 0.00220318 1.661e-06
299 Citeseer_feat_L2.txt 0.000991625 0.000989969 1.656e-06
300 Citeseer_feat_L2.txt 0.002077 0.00207521 1.791e-06
301 Citeseer_feat_L2.txt 0.00103365 0.00103205 1.601e-06
302 Citeseer_feat_L2.txt 0.00222343 0.00222177 1.655e-06
303 Citeseer_feat_L2.txt 0.000989652 0.000988019 1.633e-06
304 Citeseer_feat_L2.txt 0.00218004 0.00216815 1.189e-05
305 Citeseer_feat_L2.txt 0.00100865 0.00100709 1.562e-06
306 Citeseer_feat_L2.txt 0.00235014 0.00234839 1.747e-06
307 Citeseer_feat_L2.txt 0.00100929 0.00100757 1.717e-06
308 Citeseer_feat_L2.txt 0.00225679 0.00225511 1.676e-06
309 Citeseer_feat_L2.txt 0.00091524 0.000913395 1.845e-06
310 Citeseer_feat_L2.txt 0.00238334 0.00238183 1.51e-06
311 Citeseer_feat_L2.txt 0.000913939 0.000912577 1.362e-06
312 Citeseer_feat_L2.txt 0.00232556 0.00232389 1.671e-06
313 Citeseer_feat_L2.txt 0.000969962 0.000968233 1.729e-06
314 Citeseer_feat_L2.txt 0.00230819 0.00230644 1.746e-06
315 Citeseer_feat_L2.txt 0.00165939 0.00165769 1.704e-06
316 Citeseer_feat_L2.txt 0.00225526 0.00225367 1.591e-06
317 Citeseer_feat_L2.txt 0.000981417 0.000979737 1.68e-06
318 Citeseer_feat_L2.txt 0.00234775 0.00234607 1.676e-06
319 Citeseer_feat_L2.txt 0.000983805 0.000981892 1.913e-06
320 Citeseer_feat_L2.txt 0.00236942 0.0023677 1.719e-06
321 Citeseer_feat_L2.txt 0.000981148 0.000979517 1.631e-06
322 Citeseer_feat_L2.txt 0.00228282 0.00228101 1.803e-06
323 Citeseer_feat_L2.txt 0.00100585 0.00100426 1.582e-06
324 Citeseer_feat_L2.txt 0.00224902 0.00224743 1.588e-06
325 Citeseer_feat_L2.txt 0.00098896 0.000987285 1.675e-06
326 Citeseer_feat_L2.txt 0.00224742 0.00224574 1.685e-06
327 Citeseer_feat_L2.txt 0.00100052 0.000998766 1.756e-06
328 Citeseer_feat_L2.txt 0.00224312 0.00224149 1.632e-06
329 Citeseer_feat_L2.txt 0.000953506 0.00095175 1.756e-06
330 Citeseer_feat_L2.txt 0.00226539 0.0022637 1.698e-06
331 Citeseer_feat_L2.txt 0.00103834 0.00103663 1.703e-06
332 Citeseer_feat_L2.txt 0.0023146 0.00231292 1.681e-06
333 Citeseer_feat_L2.txt 0.000996424 0.000994732 1.692e-06
334 Citeseer_feat_L2.txt 0.00227092 0.00226923 1.691e-06
335 Citeseer_feat_L2.txt 0.000990105 0.000988341 1.764e-06
336 Citeseer_feat_L2.txt 0.00205399 0.00205222 1.763e-06
337 Citeseer_feat_L2.txt 0.000945282 0.000943683 1.599e-06
338 Citeseer_feat_L2.txt 0.0024223 0.00242055 1.743e-06
339 Citeseer_feat_L2.txt 0.000981423 0.0009798 1.623e-06
340 Citeseer_feat_L2.txt 0.00237333 0.00237155 1.772e-06
341 Citeseer_feat_L2.txt 0.000941995 0.000940267 1.728e-06
342 Citeseer_feat_L2.txt 0.00255976 0.00255804 1.715e-06
343 Citeseer_feat_L2.txt 0.00102397 0.00102222 1.755e-06
344 Citeseer_feat_L2.txt 0.00246514 0.00246339 1.756e-06
345 Citeseer_feat_L2.txt 0.000970427 0.000968764 1.663e-06
346 Citeseer_feat_L2.txt 0.00242382 0.00242217 1.647e-06
347 Citeseer_feat_L2.txt 0.00096425 0.000962572 1.678e-06
348 Citeseer_feat_L2.txt 0.00246593 0.00246417 1.759e-06
349 Citeseer_feat_L2.txt 0.000947712 0.000946085 1.627e-06
350 Citeseer_feat_L2.txt 0.00248222 0.00248059 1.628e-06
351 Citeseer_feat_L2.txt 0.000969538 0.000967855 1.683e-06
352 Citeseer_feat_L2.txt 0.0021132 0.00211162 1.588e-06
353 Citeseer_feat_L2.txt 0.000941499 0.000939614 1.885e-06
354 Citeseer_feat_L2.txt 0.00204233 0.00204063 1.7e-06
355 Citeseer_feat_L2.txt 0.000947553 0.000945987 1.566e-06
356 Citeseer_feat_L2.txt 0.00227703 0.00227544 1.591e-06
357 Citeseer_feat_L2.txt 0.000935469 0.000933746 1.723e-06
358 Citeseer_feat_L2.txt 0.00216789 0.00216618 1.71e-06
359 Citeseer_feat_L2.txt 0.000962942 0.000961029 1.913e-06
360 Citeseer_feat_L2.txt 0.00213544 0.00213371 1.731e-06
361 Citeseer_feat_L2.txt 0.000909964 0.000908362 1.602e-06
362 Citeseer_feat_L2.txt 0.00212715 0.00212554 1.613e-06
363 Citeseer_feat_L2.txt 0.000956519 0.000954764 1.755e-06
364 Citeseer_feat_L2.txt 0.00218965 0.00218799 1.658e-06
365 Citeseer_feat_L2.txt 0.000882971 0.000881191 1.78e-06
366 Citeseer_feat_L2.txt 0.00211762 0.00211584 1.771e-06
367 Citeseer_feat_L2.txt 0.000917255 0.000915608 1.647e-06
368 Citeseer_feat_L2.txt 0.00207628 0.00207455 1.73e-06
369 Citeseer_feat_L2.txt 0.000943362 0.000941606 1.756e-06
370 Citeseer_feat_L2.txt 0.00225435 0.00225266 1.69e-06
371 Citeseer_feat_L2.txt 0.00100969 0.001008 1.689e-06
372 Citeseer_feat_L2.txt 0.00225234 0.00225068 1.659e-06
373 Citeseer_feat_L2.txt 0.000918163 0.000916466 1.697e-06
374 Citeseer_feat_L2.txt 0.00226555 0.00226388 1.663e-06
375 Citeseer_feat_L2.txt 0.00103218 0.0010305 1.681e-06
376 Citeseer_feat_L2.txt 0.00222656 0.00222483 1.733e-06
377 Citeseer_feat_L2.txt 0.000885018 0.000883254 1.764e-06
378 Citeseer_feat_L2.txt 0.00223464 0.00223296 1.682e-06
379 Citeseer_feat_L2.txt 0.000914606 0.000912879 1.727e-06
380 Citeseer_feat_L2.txt 0.00222146 0.00221977 1.69e-06
381 Citeseer_feat_L2.txt 0.000916199 0.000914517 1.682e-06
382 Citeseer_feat_L2.txt 0.00223103 0.00222937 1.661e-06
383 Citeseer_feat_L2.txt 0.000936989 0.000903021 3.3968e-05
0 Citeseer_A.txt 0.000847155 0.000846104 1.051e-06
1 Citeseer_A.txt 0.000872217 0.000871303 9.14e-07
2 Citeseer_A.txt 0.000864739 0.000864035 7.04e-07
3 Citeseer_A.txt 0.000831033 0.000830191 8.42e-07
4 Citeseer_A.txt 0.000844797 0.000844 7.97e-07
5 Citeseer_A.txt 0.000853469 0.000852627 8.42e-07
6 Citeseer_A.txt 0.000844081 0.000843485 5.96e-07
7 Citeseer_A.txt 0.000831047 0.000829947 1.1e-06
8 Citeseer_A.txt 0.000871671 0.000870905 7.66e-07
9 Citeseer_A.txt 0.000889131 0.000888357 7.74e-07
10 Citeseer_A.txt 0.000894046 0.000893294 7.52e-07
11 Citeseer_A.txt 0.00083584 0.000834973 8.67e-07
12 Citeseer_A.txt 0.000842269 0.000841629 6.4e-07
13 Citeseer_A.txt 0.000835419 0.000834698 7.21e-07
14 Citeseer_A.txt 0.000831291 0.000830534 7.57e-07
15 Citeseer_A.txt 0.000825782 0.000825245 5.37e-07
16 Citeseer_A.txt 0.000870286 0.000869631 6.55e-07
17 Citeseer_A.txt 0.000876473 0.000875637 8.36e-07
18 Citeseer_A.txt 0.000868871 0.000868185 6.86e-07
19 Citeseer_A.txt 0.000901345 0.000900457 8.88e-07
20 Citeseer_A.txt 0.000852954 0.000852336 6.18e-07
21 Citeseer_A.txt 0.000872563 0.000871833 7.3e-07
22 Citeseer_A.txt 0.000866917 0.000866272 6.45e-07
23 Citeseer_A.txt 0.000884815 0.000883996 8.19e-07
24 Citeseer_A.txt 0.000874979 0.000874136 8.43e-07
25 Citeseer_A.txt 0.000899025 0.000898275 7.5e-07
26 Citeseer_A.txt 0.000872304 0.000871716 5.88e-07
27 Citeseer_A.txt 0.000838159 0.000837577 5.82e-07
28 Citeseer_A.txt 0.000889817 0.000888857 9.6e-07
29 Citeseer_A.txt 0.000841217 0.000840464 7.53e-07
30 Citeseer_A.txt 0.000896328 0.000895658 6.7e-07
31 Citeseer_A.txt 0.000898793 0.000898147 6.46e-07
32 Citeseer_A.txt 0.000769424 0.000768849 5.75e-07
33 Citeseer_A.txt 0.000765869 0.000764918 9.51e-07
34 Citeseer_A.txt 0.000780193 0.000779604 5.89e-07
35 Citeseer_A.txt 0.000785603 0.000784978 6.25e-07
36 Citeseer_A.txt 0.000779602 0.00077897 6.32e-07
37 Citeseer_A.txt 0.000774599 0.000773718 8.81e-07
38 Citeseer_A.txt 0.000781851 0.000781237 6.14e-07
39 Citeseer_A.txt 0.000775027 0.000774366 6.61e-07
40 Citeseer_A.txt 0.000783366 0.000782691 6.75e-07
41 Citeseer_A.txt 0.000764305 0.000763695 6.1e-07
42 Citeseer_A.txt 0.000774276 0.000773587 6.89e-07
43 Citeseer_A.txt 0.000788282 0.000787465 8.17e-07
44 Citeseer_A.txt 0.000773479 0.000772849 6.3e-07
45 Citeseer_A.txt 0.000765824 0.00076495 8.74e-07
46 Citeseer_A.txt 0.000781861 0.000781278 5.83e-07
47 Citeseer_A.txt 0.000778361 0.000777513 8.48e-07
48 Citeseer_A.txt 0.000825823 0.000825139 6.84e-07
49 Citeseer_A.txt 0.000825898 0.000825105 7.93e-07
50 Citeseer_A.txt 0.000815077 0.00081463 4.47e-07
51 Citeseer_A.txt 0.000812197 0.000811604 5.93e-07
52 Citeseer_A.txt 0.000832338 0.000831793 5.45e-07
53 Citeseer_A.txt 0.000827135 0.000826361 7.74e-07
54 Citeseer_A.txt 0.000836991 0.000836349 6.42e-07
55 Citeseer_A.txt 0.000824581 0.000823722 8.59e-07
56 Citeseer_A.txt 0.000814594 0.000813982 6.12e-07
57 Citeseer_A.txt 0.000810884 0.000810042 8.42e-07
58 Citeseer_A.txt 0.000823374 0.00082278 5.94e-07
59 Citeseer_A.txt 0.000812121 0.00081141 7.11e-07
60 Citeseer_A.txt 0.000819701 0.000818939 7.62e-07
61 Citeseer_A.txt 0.000814283 0.000813664 6.19e-07
62 Citeseer_A.txt 0.000827362 0.000826738 6.24e-07
63 Citeseer_A.txt 0.000825251 0.000824507 7.44e-07
64 Citeseer_A.txt 0.000849751 0.000849017 7.34e-07
65 Citeseer_A.txt 0.000840984 0.00084013 8.54e-07
66 Citeseer_A.txt 0.000846865 0.00084625 6.15e-07
67 Citeseer_A.txt 0.000846872 0.000845929 9.43e-07
68 Citeseer_A.txt 0.000842338 0.000841603 7.35e-07
69 Citeseer_A.txt 0.000838015 0.000837225 7.9e-07
70 Citeseer_A.txt 0.000847074 0.00084642 6.54e-07
71 Citeseer_A.txt 0.000837222 0.00083641 8.12e-07
72 Citeseer_A.txt 0.000832294 0.00083158 7.14e-07
73 Citeseer_A.txt 0.000825924 0.00082529 6.34e-07
74 Citeseer_A.txt 0.000835108 0.000834479 6.29e-07
75 Citeseer_A.txt 0.000827834 0.00082702 8.14e-07
76 Citeseer_A.txt 0.000833538 0.000832732 8.06e-07
77 Citeseer_A.txt 0.000824347 0.000823625 7.22e-07
78 Citeseer_A.txt 0.000833896 0.000833094 8.02e-07
79 Citeseer_A.txt 0.000825098 0.000824421 6.77e-07
80 Citeseer_A.txt 0.000760928 0.000760224 7.04e-07
81 Citeseer_A.txt 0.000771107 0.000770428 6.79e-07
82 Citeseer_A.txt 0.000770648 0.000769559 1.089e-06
83 Citeseer_A.txt 0.000750841 0.000750159 6.82e-07
84 Citeseer_A.txt 0.000761265 0.000760628 6.37e-07
85 Citeseer_A.txt 0.000771333 0.000770654 6.79e-07
86 Citeseer_A.txt 0.000770665 0.000769744 9.21e-07
87 Citeseer_A.txt 0.000767455 0.000766748 7.07e-07
88 Citeseer_A.txt 0.000760423 0.00075981 6.13e-07
89 Citeseer_A.txt 0.000754864 0.000754101 7.63e-07
90 Citeseer_A.txt 0.000771763 0.000771184 5.79e-07
91 Citeseer_A.txt 0.000774532 0.000773847 6.85e-07
92 Citeseer_A.txt 0.000769698 0.000769078 6.2e-07
93 Citeseer_A.txt 0.000753487 0.000752684 8.03e-07
94 Citeseer_A.txt 0.000761496 0.000760438 1.058e-06
95 Citeseer_A.txt 0.000758195 0.00075744 7.55e-07
96 Citeseer_A.txt 0.000823608 0.000822632 9.76e-07
97 Citeseer_A.txt 0.000820769 0.000819878 8.91e-07
98 Citeseer_A.txt 0.000823529 0.000822905 6.24e-07
99 Citeseer_A.txt 0.000822099 0.000821308 7.91e-07
100 Citeseer_A.txt 0.000822754 0.000822167 5.87e-07
101 Citeseer_A.txt 0.000818131 0.000817309 8.22e-07
102 Citeseer_A.txt 0.000825573 0.000824913 6.6e-07
103 Citeseer_A.txt 0.000819301 0.000818528 7.73e-07
104 Citeseer_A.txt 0.000812423 0.000811811 6.12e-07
105 Citeseer_A.txt 0.000808491 0.00080765 8.41e-07
106 Citeseer_A.txt 0.000815404 0.000814733 6.71e-07
107 Citeseer_A.txt 0.000808822 0.000808005 8.17e-07
108 Citeseer_A.txt 0.000814438 0.000813467 9.71e-07
109 Citeseer_A.txt 0.000809845 0.000809042 8.03e-07
110 Citeseer_A.txt 0.000817412 0.000816442 9.7e-07
111 Citeseer_A.txt 0.000810916 0.000809992 9.24e-07
112 Citeseer_A.txt 0.000845173 0.000844546 6.27e-07
113 Citeseer_A.txt 0.000841195 0.000840447 7.48e-07
114 Citeseer_A.txt 0.000846734 0.00084606 6.74e-07
115 Citeseer_A.txt 0.000840649 0.000839954 6.95e-07
116 Citeseer_A.txt 0.00084228 0.000841574 7.06e-07
117 Citeseer_A.txt 0.000837683 0.000836893 7.9e-07
118 Citeseer_A.txt 0.000843734 0.000842996 7.38e-07
119 Citeseer_A.txt 0.000836996 0.000836103 8.93e-07
120 Citeseer_A.txt 0.000837159 0.000836332 8.27e-07
121 Citeseer_A.txt 0.00083135 0.000830767 5.83e-07
122 Citeseer_A.txt 0.000829669 0.000829157 5.12e-07
123 Citeseer_A.txt 0.000824311 0.000823568 7.43e-07
124 Citeseer_A.txt 0.000829663 0.000828974 6.89e-07
125 Citeseer_A.txt 0.000826142 0.000825412 7.3e-07
126 Citeseer_A.txt 0.000835024 0.000834399 6.25e-07
127 Citeseer_A.txt 0.000829148 0.000828416 7.32e-07
128 Citeseer_A.txt 0.0007597 0.000759012 6.88e-07
129 Citeseer_A.txt 0.00075557 0.000754835 7.35e-07
130 Citeseer_A.txt 0.000764413 0.000763787 6.26e-07
131 Citeseer_A.txt 0.000756305 0.000755509 7.96e-07
132 Citeseer_A.txt 0.000764244 0.000763626 6.18e-07
133 Citeseer_A.txt 0.000760187 0.000759384 8.03e-07
134 Citeseer_A.txt 0.000774768 0.000773896 8.72e-07
135 Citeseer_A.txt 0.000769372 0.000768472 9e-07
136 Citeseer_A.txt 0.000766606 0.000766059 5.47e-07
137 Citeseer_A.txt 0.000757399 0.000756625 7.74e-07
138 Citeseer_A.txt 0.000766589 0.000765944 6.45e-07
139 Citeseer_A.txt 0.000759519 0.000758941 5.78e-07
140 Citeseer_A.txt 0.000765914 0.000765356 5.58e-07
141 Citeseer_A.txt 0.000764442 0.000763614 8.28e-07
142 Citeseer_A.txt 0.000764382 0.000763769 6.13e-07
143 Citeseer_A.txt 0.00075812 0.000757328 7.92e-07
144 Citeseer_A.txt 0.000814867 0.000814017 8.5e-07
145 Citeseer_A.txt 0.000814298 0.000813404 8.94e-07
146 Citeseer_A.txt 0.000824738 0.000824071 6.67e-07
147 Citeseer_A.txt 0.00081726 0.000816732 5.28e-07
148 Citeseer_A.txt 0.000825657 0.000824897 7.6e-07
149 Citeseer_A.txt 0.000820096 0.000819177 9.19e-07
150 Citeseer_A.txt 0.000825094 0.000824535 5.59e-07
151 Citeseer_A.txt 0.000819389 0.000818677 7.12e-07
152 Citeseer_A.txt 0.000834232 0.000833553 6.79e-07
153 Citeseer_A.txt 0.000830351 0.000829392 9.59e-07
154 Citeseer_A.txt 0.000835362 0.000834552 8.1e-07
155 Citeseer_A.txt 0.000828512 0.000827869 6.43e-07
156 Citeseer_A.txt 0.00084001 0.000839304 7.06e-07
157 Citeseer_A.txt 0.000834948 0.000834348 6e-07
158 Citeseer_A.txt 0.000829262 0.000828606 6.56e-07
159 Citeseer_A.txt 0.000823568 0.000822884 6.84e-07
160 Citeseer_A.txt 0.000848332 0.000847357 9.75e-07
161 Citeseer_A.txt 0.00084457 0.000843619 9.51e-07
162 Citeseer_A.txt 0.000850519 0.000849774 7.45e-07
163 Citeseer_A.txt 0.000844313 0.000843355 9.58e-07
164 Citeseer_A.txt 0.000845516 0.00084462 8.96e-07
165 Citeseer_A.txt 0.000839832 0.000838994 8.38e-07
166 Citeseer_A.txt 0.000846008 0.000844959 1.049e-06
167 Citeseer_A.txt 0.000840246 0.000839274 9.72e-07
168 Citeseer_A.txt 0.0008403 0.000839245 1.055e-06
169 Citeseer_A.txt 0.000832817 0.00083203 7.87e-07
170 Citeseer_A.txt 0.000839509 0.000838584 9.25e-07
171 Citeseer_A.txt 0.00083104 0.00083014 9e-07
172 Citeseer_A.txt 0.000839249 0.000838491 7.58e-07
173 Citeseer_A.txt 0.000831232 0.000830436 7.96e-07
174 Citeseer_A.txt 0.000838806 0.000838171 6.35e-07
175 Citeseer_A.txt 0.000841641 0.000841017 6.24e-07
176 Citeseer_A.txt 0.000762719 0.00076185 8.69e-07
177 Citeseer_A.txt 0.000755584 0.000754801 7.83e-07
178 Citeseer_A.txt 0.000756709 0.000755971 7.38e-07
179 Citeseer_A.txt 0.000752575 0.000751619 9.56e-07
180 Citeseer_A.txt 0.000759928 0.0007589 1.028e-06
181 Citeseer_A.txt 0.000755408 0.000754456 9.52e-07
182 Citeseer_A.txt 0.000759369 0.000758348 1.021e-06
183 Citeseer_A.txt 0.000753098 0.0007524 6.98e-07
184 Citeseer_A.txt 0.000756077 0.000754969 1.108e-06
185 Citeseer_A.txt 0.000753225 0.000752153 1.072e-06
186 Citeseer_A.txt 0.000757381 0.000756302 1.079e-06
187 Citeseer_A.txt 0.000751985 0.0007511 8.85e-07
188 Citeseer_A.txt 0.000765241 0.000764641 6e-07
189 Citeseer_A.txt 0.000763517 0.000762679 8.38e-07
190 Citeseer_A.txt 0.000762651 0.000762044 6.07e-07
191 Citeseer_A.txt 0.000755162 0.000754109 1.053e-06
192 Citeseer_A.txt 0.000824045 0.000823045 1e-06
193 Citeseer_A.txt 0.000823965 0.00082296 1.005e-06
194 Citeseer_A.txt 0.000829826 0.000829207 6.19e-07
195 Citeseer_A.txt 0.00082286 0.000822008 8.52e-07
196 Citeseer_A.txt 0.000841398 0.000840299 1.099e-06
197 Citeseer_A.txt 0.000842529 0.000841523 1.006e-06
198 Citeseer_A.txt 0.00085315 0.000852157 9.93e-07
199 Citeseer_A.txt 0.000837487 0.000836467 1.02e-06
200 Citeseer_A.txt 0.000810963 0.000809955 1.008e-06
201 Citeseer_A.txt 0.000805571 0.000804709 8.62e-07
202 Citeseer_A.txt 0.000814215 0.00081325 9.65e-07
203 Citeseer_A.txt 0.000808497 0.000807582 9.15e-07
204 Citeseer_A.txt 0.000809703 0.000809031 6.72e-07
205 Citeseer_A.txt 0.000809202 0.000808458 7.44e-07
206 Citeseer_A.txt 0.000814274 0.000813619 6.55e-07
207 Citeseer_A.txt 0.000808382 0.000807554 8.28e-07
208 Citeseer_A.txt 0.000847413 0.000846366 1.047e-06
209 Citeseer_A.txt 0.00084322 0.000842374 8.46e-07
210 Citeseer_A.txt 0.000853757 0.000852687 1.07e-06
211 Citeseer_A.txt 0.00084987 0.000849037 8.33e-07
212 Citeseer_A.txt 0.00084903 0.00084833 7e-07
213 Citeseer_A.txt 0.000842711 0.000841785 9.26e-07
214 Citeseer_A.txt 0.000851007 0.000850295 7.12e-07
215 Citeseer_A.txt 0.000851488 0.000850683 8.05e-07
216 Citeseer_A.txt 0.000833567 0.000832657 9.1e-07
217 Citeseer_A.txt 0.000827325 0.000826281 1.044e-06
218 Citeseer_A.txt 0.000850065 0.000849153 9.12e-07
219 Citeseer_A.txt 0.000827029 0.000826323 7.06e-07
220 Citeseer_A.txt 0.000852322 0.0008516 7.22e-07
221 Citeseer_A.txt 0.00082978 0.000829017 7.63e-07
222 Citeseer_A.txt 0.000844941 0.000844173 7.68e-07
223 Citeseer_A.txt 0.000833445 0.000832683 7.62e-07
224 Citeseer_A.txt 0.000763977 0.0007633 6.77e-07
225 Citeseer_A.txt 0.000763556 0.000762881 6.75e-07
226 Citeseer_A.txt 0.000763191 0.000762289 9.02e-07
227 Citeseer_A.txt 0.00075654 0.000755869 6.71e-07
228 Citeseer_A.txt 0.000773743 0.00077266 1.083e-06
229 Citeseer_A.txt 0.000768894 0.000768172 7.22e-07
230 Citeseer_A.txt 0.000760488 0.000759341 1.147e-06
231 Citeseer_A.txt 0.000754119 0.000753219 9e-07
232 Citeseer_A.txt 0.000764602 0.000763588 1.014e-06
233 Citeseer_A.txt 0.000756322 0.000755295 1.027e-06
234 Citeseer_A.txt 0.000766569 0.000765583 9.86e-07
235 Citeseer_A.txt 0.000753284 0.000752607 6.77e-07
236 Citeseer_A.txt 0.000759142 0.000758061 1.081e-06
237 Citeseer_A.txt 0.00075436 0.000753508 8.52e-07
238 Citeseer_A.txt 0.00075873 0.000757723 1.007e-06
239 Citeseer_A.txt 0.000753256 0.000752215 1.041e-06
240 Citeseer_A.txt 0.000845515 0.000844168 1.347e-06
241 Citeseer_A.txt 0.000849286 0.000848159 1.127e-06
242 Citeseer_A.txt 0.000853372 0.000852225 1.147e-06
243 Citeseer_A.txt 0.00083553 0.000822931 1.2599e-05
244 Citeseer_A.txt 0.000831182 0.000830498 6.84e-07
245 Citeseer_A.txt 0.000835973 0.000835322 6.51e-07
246 Citeseer_A.txt 0.000839105 0.000838084 1.021e-06
247 Citeseer_A.txt 0.00083345 0.000832547 9.03e-07
248 Citeseer_A.txt 0.000814825 0.000813815 1.01e-06
249 Citeseer_A.txt 0.000809527 0.000808636 8.91e-07
250 Citeseer_A.txt 0.000819302 0.000818618 6.84e-07
251 Citeseer_A.txt 0.000812808 0.000811907 9.01e-07
252 Citeseer_A.txt 0.000815544 0.000814614 9.3e-07
253 Citeseer_A.txt 0.000810063 0.000809296 7.67e-07
254 Citeseer_A.txt 0.000816511 0.000815455 1.056e-06
255 Citeseer_A.txt 0.000809187 0.000808428 7.59e-07
256 Citeseer_A.txt 0.000859769 0.000858891 8.78e-07
257 Citeseer_A.txt 0.000855676 0.000854664 1.012e-06
258 Citeseer_A.txt 0.000862036 0.000861087 9.49e-07
259 Citeseer_A.txt 0.000854855 0.000853748 1.107e-06
260 Citeseer_A.txt 0.000855105 0.000854085 1.02e-06
261 Citeseer_A.txt 0.000851747 0.000850749 9.98e-07
262 Citeseer_A.txt 0.000852314 0.000851266 1.048e-06
263 Citeseer_A.txt 0.00085016 0.0008492 9.6e-07
264 Citeseer_A.txt 0.000850825 0.000849825 1e-06
265 Citeseer_A.txt 0.000849406 0.000848263 1.143e-06
266 Citeseer_A.txt 0.000850422 0.000849461 9.61e-07
267 Citeseer_A.txt 0.000823014 0.000821903 1.111e-06
268 Citeseer_A.txt 0.000847164 0.000846245 9.19e-07
269 Citeseer_A.txt 0.000835724 0.000834823 9.01e-07
270 Citeseer_A.txt 0.000850101 0.000849455 6.46e-07
271 Citeseer_A.txt 0.000822082 0.000821287 7.95e-07
272 Citeseer_A.txt 0.00076368 0.000762734 9.46e-07
273 Citeseer_A.txt 0.000759832 0.00075859 1.242e-06
274 Citeseer_A.txt 0.000768564 0.000767422 1.142e-06
275 Citeseer_A.txt 0.000764062 0.000763241 8.21e-07
276 Citeseer_A.txt 0.000764275 0.000763455 8.2e-07
277 Citeseer_A.txt 0.000760775 0.000759901 8.74e-07
278 Citeseer_A.txt 0.000763288 0.000762566 7.22e-07
279 Citeseer_A.txt 0.000754925 0.000754011 9.14e-07
280 Citeseer_A.txt 0.000754863 0.000754135 7.28e-07
281 Citeseer_A.txt 0.000750786 0.000749814 9.72e-07
282 Citeseer_A.txt 0.000759167 0.000758345 8.22e-07
283 Citeseer_A.txt 0.000752398 0.000751346 1.052e-06
284 Citeseer_A.txt 0.000766092 0.000765153 9.39e-07
285 Citeseer_A.txt 0.000756271 0.000755221 1.05e-06
286 Citeseer_A.txt 0.000760351 0.000759319 1.032e-06
287 Citeseer_A.txt 0.000753975 0.00075293 1.045e-06
288 Citeseer_A.txt 0.000816283 0.000815243 1.04e-06
289 Citeseer_A.txt 0.000814574 0.000812527 2.047e-06
290 Citeseer_A.txt 0.000820501 0.000819375 1.126e-06
291 Citeseer_A.txt 0.000813359 0.00081221 1.149e-06
292 Citeseer_A.txt 0.000834905 0.000833836 1.069e-06
293 Citeseer_A.txt 0.000831084 0.000829931 1.153e-06
294 Citeseer_A.txt 0.000821815 0.000820668 1.147e-06
295 Citeseer_A.txt 0.000815419 0.000814148 1.271e-06
296 Citeseer_A.txt 0.00083387 0.000831652 2.218e-06
297 Citeseer_A.txt 0.000830279 0.000829142 1.137e-06
298 Citeseer_A.txt 0.000825063 0.000824316 7.47e-07
299 Citeseer_A.txt 0.000819402 0.000818388 1.014e-06
300 Citeseer_A.txt 0.00082782 0.00082706 7.6e-07
301 Citeseer_A.txt 0.000823302 0.000822192 1.11e-06
302 Citeseer_A.txt 0.000824652 0.000823795 8.57e-07
303 Citeseer_A.txt 0.000818834 0.000817881 9.53e-07
304 Citeseer_A.txt 0.000847334 0.000846407 9.27e-07
305 Citeseer_A.txt 0.00084323 0.000842171 1.059e-06
306 Citeseer_A.txt 0.000848593 0.000847949 6.44e-07
307 Citeseer_A.txt 0.000842457 0.000841479 9.78e-07
308 Citeseer_A.txt 0.000843657 0.000842893 7.64e-07
309 Citeseer_A.txt 0.000839693 0.00083881 8.83e-07
310 Citeseer_A.txt 0.00084569 0.00084492 7.7e-07
311 Citeseer_A.txt 0.000838879 0.00083792 9.59e-07
312 Citeseer_A.txt 0.000833803 0.00083256 1.243e-06
313 Citeseer_A.txt 0.000827662 0.000826384 1.278e-06
314 Citeseer_A.txt 0.000833878 0.000832883 9.95e-07
315 Citeseer_A.txt 0.000828027 0.000826871 1.156e-06
316 Citeseer_A.txt 0.0008315 0.000830663 8.37e-07
317 Citeseer_A.txt 0.000824909 0.00082384 1.069e-06
318 Citeseer_A.txt 0.000833724 0.000832642 1.082e-06
319 Citeseer_A.txt 0.000826714 0.000825415 1.299e-06
320 Citeseer_A.txt 0.000769079 0.000768267 8.12e-07
321 Citeseer_A.txt 0.000757436 0.000756631 8.05e-07
322 Citeseer_A.txt 0.000767606 0.000766768 8.38e-07
323 Citeseer_A.txt 0.000764444 0.000762359 2.085e-06
324 Citeseer_A.txt 0.000763191 0.000761607 1.584e-06
325 Citeseer_A.txt 0.000761773 0.000760902 8.71e-07
326 Citeseer_A.txt 0.000767917 0.000766973 9.44e-07
327 Citeseer_A.txt 0.000760363 0.000759463 9e-07
328 Citeseer_A.txt 0.000768358 0.0007675 8.58e-07
329 Citeseer_A.txt 0.000753647 0.000752624 1.023e-06
330 Citeseer_A.txt 0.000762653 0.000761754 8.99e-07
331 Citeseer_A.txt 0.000754177 0.000752987 1.19e-06
332 Citeseer_A.txt 0.000767447 0.000766517 9.3e-07
333 Citeseer_A.txt 0.000752981 0.000751896 1.085e-06
334 Citeseer_A.txt 0.000764143 0.000763309 8.34e-07
335 Citeseer_A.txt 0.000752436 0.000751396 1.04e-06
336 Citeseer_A.txt 0.000816396 0.000815221 1.175e-06
337 Citeseer_A.txt 0.000814038 0.000813012 1.026e-06
338 Citeseer_A.txt 0.000821459 0.000820002 1.457e-06
339 Citeseer_A.txt 0.000814734 0.000813637 1.097e-06
340 Citeseer_A.txt 0.000819631 0.000818735 8.96e-07
341 Citeseer_A.txt 0.000815684 0.000814304 1.38e-06
342 Citeseer_A.txt 0.000823143 0.000822031 1.112e-06
343 Citeseer_A.txt 0.000815809 0.000814746 1.063e-06
344 Citeseer_A.txt 0.000824332 0.000823509 8.23e-07
345 Citeseer_A.txt 0.000817891 0.000816635 1.256e-06
346 Citeseer_A.txt 0.000829053 0.000827983 1.07e-06
347 Citeseer_A.txt 0.000817677 0.000816636 1.041e-06
348 Citeseer_A.txt 0.000825249 0.000824255 9.94e-07
349 Citeseer_A.txt 0.00082109 0.000820078 1.012e-06
350 Citeseer_A.txt 0.000826276 0.000825387 8.89e-07
351 Citeseer_A.txt 0.000820518 0.000819092 1.426e-06
352 Citeseer_A.txt 0.000851669 0.000850113 1.556e-06
353 Citeseer_A.txt 0.000846344 0.000845355 9.89e-07
354 Citeseer_A.txt 0.000852826 0.000851973 8.53e-07
355 Citeseer_A.txt 0.000846556 0.000845512 1.044e-06
356 Citeseer_A.txt 0.0008433 0.000842453 8.47e-07
357 Citeseer_A.txt 0.00083988 0.000838847 1.033e-06
358 Citeseer_A.txt 0.000847276 0.000846645 6.31e-07
359 Citeseer_A.txt 0.00084177 0.000840556 1.214e-06
360 Citeseer_A.txt 0.000836565 0.000835639 9.26e-07
361 Citeseer_A.txt 0.000830018 0.000829331 6.87e-07
362 Citeseer_A.txt 0.000835926 0.000835294 6.32e-07
363 Citeseer_A.txt 0.000829443 0.000828938 5.05e-07
364 Citeseer_A.txt 0.000831514 0.000830473 1.041e-06
365 Citeseer_A.txt 0.000826532 0.000825516 1.016e-06
366 Citeseer_A.txt 0.000837186 0.000836236 9.5e-07
367 Citeseer_A.txt 0.000828511 0.000827417 1.094e-06
368 Citeseer_A.txt 0.000771363 0.000770099 1.264e-06
369 Citeseer_A.txt 0.000771279 0.000770409 8.7e-07
370 Citeseer_A.txt 0.000773432 0.000772427 1.005e-06
371 Citeseer_A.txt 0.000759958 0.000758993 9.65e-07
372 Citeseer_A.txt 0.000771539 0.000770778 7.61e-07
373 Citeseer_A.txt 0.000764386 0.000763623 7.63e-07
374 Citeseer_A.txt 0.000767404 0.000766081 1.323e-06
375 Citeseer_A.txt 0.00075994 0.000758976 9.64e-07
376 Citeseer_A.txt 0.000770193 0.000769225 9.68e-07
377 Citeseer_A.txt 0.00076239 0.000761255 1.135e-06
378 Citeseer_A.txt 0.000771428 0.000770344 1.084e-06
379 Citeseer_A.txt 0.00075665 0.000755615 1.035e-06
380 Citeseer_A.txt 0.000760433 0.000759227 1.206e-06
381 Citeseer_A.txt 0.000761892 0.00076083 1.062e-06
382 Citeseer_A.txt 0.000767598 0.000766172 1.426e-06
383 Citeseer_A.txt 0.000774375 0.000759126 1.5249e-05
TACC:  Shutdown complete. Exiting. 
