TACC:  Starting up job 10024561 
TACC:  Starting parallel tasks... 
0 Citeseer_feat_L1.txt 0.00202635 0.00201802 8.337e-06
1 Citeseer_feat_L1.txt 0.00196838 0.0019598 8.58e-06
2 Citeseer_feat_L1.txt 0.0020335 0.00202579 7.712e-06
3 Citeseer_feat_L1.txt 0.00198694 0.00197991 7.026e-06
4 Citeseer_feat_L1.txt 0.00193541 0.00192898 6.43e-06
5 Citeseer_feat_L1.txt 0.00203725 0.00202959 7.664e-06
6 Citeseer_feat_L1.txt 0.00196985 0.00196227 7.578e-06
7 Citeseer_feat_L1.txt 0.00200097 0.00199327 7.698e-06
8 Citeseer_feat_L1.txt 0.00200826 0.00200056 7.709e-06
9 Citeseer_feat_L1.txt 0.00201012 0.00200297 7.148e-06
10 Citeseer_feat_L1.txt 0.00194463 0.0019376 7.036e-06
11 Citeseer_feat_L1.txt 0.00200602 0.0019988 7.217e-06
12 Citeseer_feat_L1.txt 0.00198099 0.00197325 7.734e-06
13 Citeseer_feat_L1.txt 0.00196504 0.00195748 7.561e-06
14 Citeseer_feat_L1.txt 0.00207853 0.002072 6.537e-06
15 Citeseer_feat_L1.txt 0.00202082 0.00201357 7.251e-06
16 Citeseer_feat_L1.txt 0.00250705 0.00249809 8.967e-06
17 Citeseer_feat_L1.txt 0.00243943 0.00243253 6.897e-06
18 Citeseer_feat_L1.txt 0.00242084 0.00241323 7.61e-06
19 Citeseer_feat_L1.txt 0.00251309 0.00250479 8.303e-06
20 Citeseer_feat_L1.txt 0.00201928 0.00201292 6.356e-06
21 Citeseer_feat_L1.txt 0.0020685 0.00206008 8.419e-06
22 Citeseer_feat_L1.txt 0.00210903 0.00210166 7.378e-06
23 Citeseer_feat_L1.txt 0.00205167 0.00204491 6.757e-06
24 Citeseer_feat_L1.txt 0.00245566 0.00244835 7.312e-06
25 Citeseer_feat_L1.txt 0.00241133 0.00240336 7.967e-06
26 Citeseer_feat_L1.txt 0.00200904 0.00200072 8.317e-06
27 Citeseer_feat_L1.txt 0.00205495 0.00204756 7.382e-06
28 Citeseer_feat_L1.txt 0.00242309 0.00241591 7.18e-06
29 Citeseer_feat_L1.txt 0.002419 0.00241045 8.551e-06
30 Citeseer_feat_L1.txt 0.00247991 0.00247265 7.263e-06
31 Citeseer_feat_L1.txt 0.00241827 0.0024113 6.976e-06
32 Citeseer_feat_L1.txt 0.00185027 0.00184371 6.565e-06
33 Citeseer_feat_L1.txt 0.00183951 0.00183179 7.716e-06
34 Citeseer_feat_L1.txt 0.00184933 0.00184232 7.014e-06
35 Citeseer_feat_L1.txt 0.00185344 0.00184565 7.793e-06
36 Citeseer_feat_L1.txt 0.00186178 0.00185505 6.732e-06
37 Citeseer_feat_L1.txt 0.00193136 0.00192249 8.867e-06
38 Citeseer_feat_L1.txt 0.00186305 0.0018562 6.849e-06
39 Citeseer_feat_L1.txt 0.00191233 0.00190506 7.275e-06
40 Citeseer_feat_L1.txt 0.00193135 0.00192381 7.538e-06
41 Citeseer_feat_L1.txt 0.00184081 0.00183331 7.504e-06
42 Citeseer_feat_L1.txt 0.00196492 0.00195705 7.869e-06
43 Citeseer_feat_L1.txt 0.00186884 0.00186162 7.217e-06
44 Citeseer_feat_L1.txt 0.00191809 0.00191083 7.261e-06
45 Citeseer_feat_L1.txt 0.00185611 0.00184893 7.174e-06
46 Citeseer_feat_L1.txt 0.00192102 0.00191386 7.16e-06
47 Citeseer_feat_L1.txt 0.0018777 0.00186968 8.014e-06
48 Citeseer_feat_L1.txt 0.0020222 0.00201378 8.414e-06
49 Citeseer_feat_L1.txt 0.00202716 0.00201909 8.062e-06
50 Citeseer_feat_L1.txt 0.00200437 0.00199718 7.187e-06
51 Citeseer_feat_L1.txt 0.00204394 0.00203625 7.69e-06
52 Citeseer_feat_L1.txt 0.00205336 0.00204618 7.183e-06
53 Citeseer_feat_L1.txt 0.00202247 0.00201647 6.004e-06
54 Citeseer_feat_L1.txt 0.00199795 0.00198996 7.993e-06
55 Citeseer_feat_L1.txt 0.00201437 0.00200771 6.662e-06
56 Citeseer_feat_L1.txt 0.001998 0.0019918 6.196e-06
57 Citeseer_feat_L1.txt 0.00203164 0.00202342 8.225e-06
58 Citeseer_feat_L1.txt 0.00206102 0.00205362 7.402e-06
59 Citeseer_feat_L1.txt 0.00204609 0.00203987 6.225e-06
60 Citeseer_feat_L1.txt 0.00201596 0.0020071 8.864e-06
61 Citeseer_feat_L1.txt 0.00205577 0.00204889 6.886e-06
62 Citeseer_feat_L1.txt 0.00206285 0.00205645 6.396e-06
63 Citeseer_feat_L1.txt 0.00203855 0.00203028 8.269e-06
64 Citeseer_feat_L1.txt 0.00250315 0.00249532 7.826e-06
65 Citeseer_feat_L1.txt 0.00249518 0.00248858 6.599e-06
66 Citeseer_feat_L1.txt 0.00249455 0.00248675 7.8e-06
67 Citeseer_feat_L1.txt 0.0025042 0.00249632 7.878e-06
68 Citeseer_feat_L1.txt 0.00209739 0.00209084 6.552e-06
69 Citeseer_feat_L1.txt 0.00209403 0.00208668 7.349e-06
70 Citeseer_feat_L1.txt 0.00213061 0.00212417 6.449e-06
71 Citeseer_feat_L1.txt 0.00211592 0.00210869 7.231e-06
72 Citeseer_feat_L1.txt 0.00200686 0.00199931 7.551e-06
73 Citeseer_feat_L1.txt 0.00199883 0.00199132 7.51e-06
74 Citeseer_feat_L1.txt 0.00208975 0.00207469 1.5061e-05
75 Citeseer_feat_L1.txt 0.00198398 0.0019767 7.272e-06
76 Citeseer_feat_L1.txt 0.00248929 0.0024822 7.089e-06
77 Citeseer_feat_L1.txt 0.0024259 0.00241905 6.848e-06
78 Citeseer_feat_L1.txt 0.00249287 0.00248416 8.702e-06
79 Citeseer_feat_L1.txt 0.002459 0.00245121 7.789e-06
80 Citeseer_feat_L1.txt 0.0019137 0.00190655 7.143e-06
81 Citeseer_feat_L1.txt 0.0019446 0.00193621 8.385e-06
82 Citeseer_feat_L1.txt 0.00188217 0.00187499 7.181e-06
83 Citeseer_feat_L1.txt 0.00184236 0.0018353 7.063e-06
84 Citeseer_feat_L1.txt 0.0018648 0.00185906 5.74e-06
85 Citeseer_feat_L1.txt 0.00186658 0.00185917 7.403e-06
86 Citeseer_feat_L1.txt 0.00185585 0.0018491 6.749e-06
87 Citeseer_feat_L1.txt 0.00185344 0.00184564 7.798e-06
88 Citeseer_feat_L1.txt 0.0019235 0.00191612 7.375e-06
89 Citeseer_feat_L1.txt 0.00187009 0.00186232 7.773e-06
90 Citeseer_feat_L1.txt 0.00184969 0.00184184 7.855e-06
91 Citeseer_feat_L1.txt 0.00196956 0.0019608 8.755e-06
92 Citeseer_feat_L1.txt 0.00189958 0.00189311 6.461e-06
93 Citeseer_feat_L1.txt 0.00184068 0.00183383 6.851e-06
94 Citeseer_feat_L1.txt 0.00187667 0.00186977 6.905e-06
95 Citeseer_feat_L1.txt 0.00184091 0.00183398 6.937e-06
96 Citeseer_feat_L1.txt 0.00191455 0.00190825 6.301e-06
97 Citeseer_feat_L1.txt 0.00204478 0.0020382 6.581e-06
98 Citeseer_feat_L1.txt 0.00199445 0.001987 7.449e-06
99 Citeseer_feat_L1.txt 0.00198319 0.00197646 6.726e-06
100 Citeseer_feat_L1.txt 0.00204994 0.00204327 6.672e-06
101 Citeseer_feat_L1.txt 0.00199483 0.0019875 7.329e-06
102 Citeseer_feat_L1.txt 0.00199435 0.00198652 7.834e-06
103 Citeseer_feat_L1.txt 0.00205305 0.00204555 7.503e-06
104 Citeseer_feat_L1.txt 0.00197658 0.00197001 6.566e-06
105 Citeseer_feat_L1.txt 0.00204355 0.00203672 6.827e-06
106 Citeseer_feat_L1.txt 0.0019974 0.00198941 7.991e-06
107 Citeseer_feat_L1.txt 0.0020612 0.00205442 6.783e-06
108 Citeseer_feat_L1.txt 0.00206626 0.00205882 7.435e-06
109 Citeseer_feat_L1.txt 0.002063 0.00205628 6.719e-06
110 Citeseer_feat_L1.txt 0.00201885 0.00201131 7.544e-06
111 Citeseer_feat_L1.txt 0.00206212 0.00205471 7.408e-06
112 Citeseer_feat_L1.txt 0.00212089 0.00211412 6.766e-06
113 Citeseer_feat_L1.txt 0.00204277 0.00203428 8.491e-06
114 Citeseer_feat_L1.txt 0.00206742 0.00205952 7.899e-06
115 Citeseer_feat_L1.txt 0.00214701 0.00214055 6.46e-06
116 Citeseer_feat_L1.txt 0.00206128 0.00205377 7.517e-06
117 Citeseer_feat_L1.txt 0.00205778 0.00204917 8.611e-06
118 Citeseer_feat_L1.txt 0.00206273 0.00205624 6.496e-06
119 Citeseer_feat_L1.txt 0.0020682 0.00206138 6.82e-06
120 Citeseer_feat_L1.txt 0.00239827 0.00239243 5.844e-06
121 Citeseer_feat_L1.txt 0.00241749 0.00241098 6.516e-06
122 Citeseer_feat_L1.txt 0.00234213 0.00233233 9.799e-06
123 Citeseer_feat_L1.txt 0.00199277 0.00198524 7.534e-06
124 Citeseer_feat_L1.txt 0.00246916 0.00246339 5.779e-06
125 Citeseer_feat_L1.txt 0.00254416 0.0025361 8.053e-06
126 Citeseer_feat_L1.txt 0.00241425 0.00240728 6.971e-06
127 Citeseer_feat_L1.txt 0.00252428 0.00251679 7.49e-06
128 Citeseer_feat_L1.txt 0.00196282 0.00195607 6.746e-06
129 Citeseer_feat_L1.txt 0.00189095 0.00188271 8.245e-06
130 Citeseer_feat_L1.txt 0.00196951 0.00196226 7.241e-06
131 Citeseer_feat_L1.txt 0.00188158 0.00187375 7.831e-06
132 Citeseer_feat_L1.txt 0.00183789 0.00183075 7.147e-06
133 Citeseer_feat_L1.txt 0.00191457 0.00190759 6.979e-06
134 Citeseer_feat_L1.txt 0.00182449 0.00181654 7.955e-06
135 Citeseer_feat_L1.txt 0.00184754 0.00183964 7.9e-06
136 Citeseer_feat_L1.txt 0.00189324 0.00188623 7.013e-06
137 Citeseer_feat_L1.txt 0.00189255 0.00188512 7.426e-06
138 Citeseer_feat_L1.txt 0.00183248 0.0018252 7.278e-06
139 Citeseer_feat_L1.txt 0.00188473 0.00187713 7.6e-06
140 Citeseer_feat_L1.txt 0.00184643 0.0018403 6.134e-06
141 Citeseer_feat_L1.txt 0.00195679 0.00194934 7.451e-06
142 Citeseer_feat_L1.txt 0.00182012 0.00181274 7.38e-06
143 Citeseer_feat_L1.txt 0.00182132 0.00181447 6.847e-06
144 Citeseer_feat_L1.txt 0.00204324 0.00203579 7.451e-06
145 Citeseer_feat_L1.txt 0.0020325 0.00202485 7.643e-06
146 Citeseer_feat_L1.txt 0.00210236 0.00209497 7.39e-06
147 Citeseer_feat_L1.txt 0.001964 0.00195789 6.115e-06
148 Citeseer_feat_L1.txt 0.00201687 0.00201008 6.784e-06
149 Citeseer_feat_L1.txt 0.00201752 0.00201086 6.664e-06
150 Citeseer_feat_L1.txt 0.00200229 0.00199502 7.271e-06
151 Citeseer_feat_L1.txt 0.00204281 0.0020357 7.111e-06
152 Citeseer_feat_L1.txt 0.00201043 0.00200377 6.657e-06
153 Citeseer_feat_L1.txt 0.00203557 0.00202766 7.91e-06
154 Citeseer_feat_L1.txt 0.0020827 0.00207541 7.286e-06
155 Citeseer_feat_L1.txt 0.00205878 0.00205032 8.459e-06
156 Citeseer_feat_L1.txt 0.00204671 0.00203963 7.085e-06
157 Citeseer_feat_L1.txt 0.00199753 0.00199032 7.217e-06
158 Citeseer_feat_L1.txt 0.00208001 0.00207297 7.037e-06
159 Citeseer_feat_L1.txt 0.00204208 0.00203384 8.244e-06
160 Citeseer_feat_L1.txt 0.00213251 0.0021254 7.108e-06
161 Citeseer_feat_L1.txt 0.00212117 0.00211362 7.55e-06
162 Citeseer_feat_L1.txt 0.00216567 0.00215739 8.284e-06
163 Citeseer_feat_L1.txt 0.00209281 0.00208484 7.965e-06
164 Citeseer_feat_L1.txt 0.0021859 0.00217883 7.069e-06
165 Citeseer_feat_L1.txt 0.00213782 0.00212907 8.747e-06
166 Citeseer_feat_L1.txt 0.00206705 0.00205759 9.463e-06
167 Citeseer_feat_L1.txt 0.00212904 0.00212134 7.704e-06
168 Citeseer_feat_L1.txt 0.00249601 0.00248865 7.363e-06
169 Citeseer_feat_L1.txt 0.00248644 0.00247898 7.455e-06
170 Citeseer_feat_L1.txt 0.00248448 0.00247663 7.849e-06
171 Citeseer_feat_L1.txt 0.00248587 0.00247827 7.602e-06
172 Citeseer_feat_L1.txt 0.00248742 0.00247992 7.503e-06
173 Citeseer_feat_L1.txt 0.00241427 0.00240775 6.513e-06
174 Citeseer_feat_L1.txt 0.0025171 0.00250938 7.723e-06
175 Citeseer_feat_L1.txt 0.00248991 0.00248236 7.553e-06
176 Citeseer_feat_L1.txt 0.00191101 0.00190419 6.824e-06
177 Citeseer_feat_L1.txt 0.00189756 0.00189071 6.847e-06
178 Citeseer_feat_L1.txt 0.00194671 0.00194073 5.971e-06
179 Citeseer_feat_L1.txt 0.00194302 0.00193467 8.351e-06
180 Citeseer_feat_L1.txt 0.00192963 0.00192225 7.374e-06
181 Citeseer_feat_L1.txt 0.00185887 0.00185205 6.825e-06
182 Citeseer_feat_L1.txt 0.00190705 0.00189975 7.307e-06
183 Citeseer_feat_L1.txt 0.00194271 0.00193502 7.688e-06
184 Citeseer_feat_L1.txt 0.00192209 0.00191487 7.221e-06
185 Citeseer_feat_L1.txt 0.00193735 0.00192933 8.021e-06
186 Citeseer_feat_L1.txt 0.00193148 0.00192305 8.422e-06
187 Citeseer_feat_L1.txt 0.00193353 0.001925 8.528e-06
188 Citeseer_feat_L1.txt 0.00188341 0.00187591 7.504e-06
189 Citeseer_feat_L1.txt 0.00194897 0.00194116 7.819e-06
190 Citeseer_feat_L1.txt 0.0019612 0.00195334 7.853e-06
191 Citeseer_feat_L1.txt 0.00194597 0.00193847 7.501e-06
192 Citeseer_feat_L1.txt 0.00191354 0.001905 8.541e-06
193 Citeseer_feat_L1.txt 0.0018882 0.00187978 8.427e-06
194 Citeseer_feat_L1.txt 0.001928 0.0019212 6.797e-06
195 Citeseer_feat_L1.txt 0.00208669 0.00208002 6.674e-06
196 Citeseer_feat_L1.txt 0.00183827 0.00183036 7.911e-06
197 Citeseer_feat_L1.txt 0.00186845 0.00186156 6.895e-06
198 Citeseer_feat_L1.txt 0.00187453 0.00186787 6.653e-06
199 Citeseer_feat_L1.txt 0.00197156 0.00196389 7.674e-06
200 Citeseer_feat_L1.txt 0.00205242 0.00204548 6.947e-06
201 Citeseer_feat_L1.txt 0.00196547 0.00195757 7.908e-06
202 Citeseer_feat_L1.txt 0.00182965 0.00182212 7.538e-06
203 Citeseer_feat_L1.txt 0.00184385 0.00183684 7.006e-06
204 Citeseer_feat_L1.txt 0.00196014 0.00195238 7.755e-06
205 Citeseer_feat_L1.txt 0.00192121 0.00191356 7.651e-06
206 Citeseer_feat_L1.txt 0.00199379 0.00198638 7.411e-06
207 Citeseer_feat_L1.txt 0.00197793 0.00197017 7.766e-06
208 Citeseer_feat_L1.txt 0.00244333 0.00243546 7.878e-06
209 Citeseer_feat_L1.txt 0.00248323 0.00247559 7.633e-06
210 Citeseer_feat_L1.txt 0.00248106 0.00247347 7.581e-06
211 Citeseer_feat_L1.txt 0.00245861 0.00244988 8.728e-06
212 Citeseer_feat_L1.txt 0.00252072 0.00251367 7.046e-06
213 Citeseer_feat_L1.txt 0.002082 0.00207444 7.555e-06
214 Citeseer_feat_L1.txt 0.00247245 0.00245825 1.4203e-05
215 Citeseer_feat_L1.txt 0.00202992 0.00202198 7.946e-06
216 Citeseer_feat_L1.txt 0.00208197 0.00207461 7.357e-06
217 Citeseer_feat_L1.txt 0.00199499 0.00198754 7.45e-06
218 Citeseer_feat_L1.txt 0.00199021 0.00198235 7.858e-06
219 Citeseer_feat_L1.txt 0.00187657 0.00186873 7.843e-06
220 Citeseer_feat_L1.txt 0.00231687 0.00230984 7.029e-06
221 Citeseer_feat_L1.txt 0.00248703 0.00248074 6.288e-06
222 Citeseer_feat_L1.txt 0.00246684 0.00245913 7.709e-06
223 Citeseer_feat_L1.txt 0.00235871 0.0023513 7.401e-06
224 Citeseer_feat_L1.txt 0.00183859 0.0018322 6.395e-06
225 Citeseer_feat_L1.txt 0.00180359 0.001796 7.588e-06
226 Citeseer_feat_L1.txt 0.00176177 0.00175438 7.392e-06
227 Citeseer_feat_L1.txt 0.00190826 0.00190111 7.149e-06
228 Citeseer_feat_L1.txt 0.00173715 0.00173063 6.519e-06
229 Citeseer_feat_L1.txt 0.00175346 0.00174587 7.595e-06
230 Citeseer_feat_L1.txt 0.00194481 0.00193804 6.767e-06
231 Citeseer_feat_L1.txt 0.00176867 0.00176156 7.115e-06
232 Citeseer_feat_L1.txt 0.00179787 0.00179072 7.146e-06
233 Citeseer_feat_L1.txt 0.00178736 0.00178061 6.755e-06
234 Citeseer_feat_L1.txt 0.0017289 0.00172142 7.484e-06
235 Citeseer_feat_L1.txt 0.00183781 0.0018309 6.913e-06
236 Citeseer_feat_L1.txt 0.00180564 0.00179856 7.086e-06
237 Citeseer_feat_L1.txt 0.00195662 0.00195037 6.249e-06
238 Citeseer_feat_L1.txt 0.00185565 0.00184948 6.164e-06
239 Citeseer_feat_L1.txt 0.00178141 0.00177323 8.182e-06
240 Citeseer_feat_L1.txt 0.00192209 0.00191381 8.287e-06
241 Citeseer_feat_L1.txt 0.00203586 0.00202839 7.478e-06
242 Citeseer_feat_L1.txt 0.0020865 0.00207936 7.142e-06
243 Citeseer_feat_L1.txt 0.00193404 0.00192718 6.864e-06
244 Citeseer_feat_L1.txt 0.00196747 0.00196063 6.832e-06
245 Citeseer_feat_L1.txt 0.00207006 0.00206303 7.034e-06
246 Citeseer_feat_L1.txt 0.00204294 0.00203406 8.881e-06
247 Citeseer_feat_L1.txt 0.00199105 0.00198324 7.806e-06
248 Citeseer_feat_L1.txt 0.00206823 0.0020613 6.926e-06
249 Citeseer_feat_L1.txt 0.00194248 0.00193573 6.744e-06
250 Citeseer_feat_L1.txt 0.00202583 0.00201814 7.693e-06
251 Citeseer_feat_L1.txt 0.0019804 0.00197251 7.891e-06
252 Citeseer_feat_L1.txt 0.0020566 0.00204961 6.989e-06
253 Citeseer_feat_L1.txt 0.0019515 0.00194366 7.843e-06
254 Citeseer_feat_L1.txt 0.00205977 0.00205206 7.713e-06
255 Citeseer_feat_L1.txt 0.00201421 0.00200621 7.997e-06
256 Citeseer_feat_L1.txt 0.00199802 0.00199049 7.529e-06
257 Citeseer_feat_L1.txt 0.00213934 0.00213079 8.553e-06
258 Citeseer_feat_L1.txt 0.0021521 0.00214537 6.726e-06
259 Citeseer_feat_L1.txt 0.00205813 0.00204989 8.241e-06
260 Citeseer_feat_L1.txt 0.00201265 0.00200553 7.119e-06
261 Citeseer_feat_L1.txt 0.00206184 0.00205349 8.344e-06
262 Citeseer_feat_L1.txt 0.00214911 0.00214085 8.261e-06
263 Citeseer_feat_L1.txt 0.00215066 0.00214317 7.488e-06
264 Citeseer_feat_L1.txt 0.00212517 0.00211897 6.201e-06
265 Citeseer_feat_L1.txt 0.00202968 0.00202157 8.111e-06
266 Citeseer_feat_L1.txt 0.00192573 0.00191677 8.96e-06
267 Citeseer_feat_L1.txt 0.00192639 0.00191811 8.284e-06
268 Citeseer_feat_L1.txt 0.0020821 0.00207505 7.048e-06
269 Citeseer_feat_L1.txt 0.00192276 0.00191566 7.098e-06
270 Citeseer_feat_L1.txt 0.00195053 0.00194234 8.189e-06
271 Citeseer_feat_L1.txt 0.00192246 0.00191554 6.924e-06
272 Citeseer_feat_L1.txt 0.00182202 0.0018155 6.516e-06
273 Citeseer_feat_L1.txt 0.00174517 0.00173749 7.681e-06
274 Citeseer_feat_L1.txt 0.0018173 0.00180994 7.365e-06
275 Citeseer_feat_L1.txt 0.00199258 0.00198487 7.709e-06
276 Citeseer_feat_L1.txt 0.00182698 0.00181921 7.772e-06
277 Citeseer_feat_L1.txt 0.00178085 0.00177352 7.327e-06
278 Citeseer_feat_L1.txt 0.00196319 0.00195534 7.852e-06
279 Citeseer_feat_L1.txt 0.00176718 0.00175907 8.104e-06
280 Citeseer_feat_L1.txt 0.00183046 0.00182317 7.294e-06
281 Citeseer_feat_L1.txt 0.0018815 0.00187402 7.477e-06
282 Citeseer_feat_L1.txt 0.00183474 0.00182692 7.811e-06
283 Citeseer_feat_L1.txt 0.00195112 0.00194401 7.114e-06
284 Citeseer_feat_L1.txt 0.0019319 0.00192475 7.148e-06
285 Citeseer_feat_L1.txt 0.00195884 0.00195115 7.687e-06
286 Citeseer_feat_L1.txt 0.00189515 0.0018873 7.852e-06
287 Citeseer_feat_L1.txt 0.00189936 0.00189208 7.282e-06
288 Citeseer_feat_L1.txt 0.00192154 0.00191266 8.877e-06
289 Citeseer_feat_L1.txt 0.00202906 0.00202164 7.411e-06
290 Citeseer_feat_L1.txt 0.00192395 0.00191553 8.424e-06
291 Citeseer_feat_L1.txt 0.00192026 0.00191143 8.829e-06
292 Citeseer_feat_L1.txt 0.00197132 0.00196367 7.649e-06
293 Citeseer_feat_L1.txt 0.00194957 0.00194094 8.632e-06
294 Citeseer_feat_L1.txt 0.00193468 0.0019265 8.174e-06
295 Citeseer_feat_L1.txt 0.00194546 0.00193754 7.922e-06
296 Citeseer_feat_L1.txt 0.00192189 0.00191492 6.961e-06
297 Citeseer_feat_L1.txt 0.00196041 0.00195302 7.393e-06
298 Citeseer_feat_L1.txt 0.00203079 0.00202342 7.376e-06
299 Citeseer_feat_L1.txt 0.00192376 0.00191557 8.192e-06
300 Citeseer_feat_L1.txt 0.00192981 0.00192372 6.091e-06
301 Citeseer_feat_L1.txt 0.0020199 0.0020112 8.7e-06
302 Citeseer_feat_L1.txt 0.002048 0.00204005 7.949e-06
303 Citeseer_feat_L1.txt 0.00198708 0.0019785 8.584e-06
304 Citeseer_feat_L1.txt 0.00200524 0.00199824 7e-06
305 Citeseer_feat_L1.txt 0.00199191 0.00198424 7.671e-06
306 Citeseer_feat_L1.txt 0.00211109 0.00210377 7.318e-06
307 Citeseer_feat_L1.txt 0.0020002 0.0019917 8.5e-06
308 Citeseer_feat_L1.txt 0.00204653 0.00203938 7.149e-06
309 Citeseer_feat_L1.txt 0.00199603 0.00198749 8.534e-06
310 Citeseer_feat_L1.txt 0.00204747 0.00204051 6.967e-06
311 Citeseer_feat_L1.txt 0.00202013 0.00201237 7.759e-06
312 Citeseer_feat_L1.txt 0.00201748 0.00201052 6.962e-06
313 Citeseer_feat_L1.txt 0.00197927 0.00197229 6.98e-06
314 Citeseer_feat_L1.txt 0.00236299 0.00235594 7.048e-06
315 Citeseer_feat_L1.txt 0.00235195 0.00234449 7.459e-06
316 Citeseer_feat_L1.txt 0.00203246 0.00202532 7.14e-06
317 Citeseer_feat_L1.txt 0.00203644 0.00202848 7.962e-06
318 Citeseer_feat_L1.txt 0.00196989 0.00196094 8.941e-06
319 Citeseer_feat_L1.txt 0.00205505 0.00204706 7.99e-06
320 Citeseer_feat_L1.txt 0.00181262 0.00180508 7.54e-06
321 Citeseer_feat_L1.txt 0.00194448 0.00193721 7.271e-06
322 Citeseer_feat_L1.txt 0.00185989 0.00185252 7.375e-06
323 Citeseer_feat_L1.txt 0.00192519 0.00191801 7.184e-06
324 Citeseer_feat_L1.txt 0.00182955 0.00182074 8.807e-06
325 Citeseer_feat_L1.txt 0.00193788 0.00193119 6.695e-06
326 Citeseer_feat_L1.txt 0.00183555 0.00182744 8.111e-06
327 Citeseer_feat_L1.txt 0.00182587 0.00181891 6.953e-06
328 Citeseer_feat_L1.txt 0.00187812 0.00187077 7.346e-06
329 Citeseer_feat_L1.txt 0.00189498 0.00188932 5.655e-06
330 Citeseer_feat_L1.txt 0.00183873 0.00183046 8.276e-06
331 Citeseer_feat_L1.txt 0.00183821 0.00183122 6.992e-06
332 Citeseer_feat_L1.txt 0.00181736 0.00181031 7.053e-06
333 Citeseer_feat_L1.txt 0.00185335 0.00184549 7.86e-06
334 Citeseer_feat_L1.txt 0.0018429 0.0018361 6.805e-06
335 Citeseer_feat_L1.txt 0.00188076 0.00187378 6.977e-06
336 Citeseer_feat_L1.txt 0.0019397 0.00193119 8.509e-06
337 Citeseer_feat_L1.txt 0.00198159 0.00197472 6.877e-06
338 Citeseer_feat_L1.txt 0.00197388 0.00196586 8.02e-06
339 Citeseer_feat_L1.txt 0.00191955 0.00191229 7.257e-06
340 Citeseer_feat_L1.txt 0.00189512 0.00188735 7.768e-06
341 Citeseer_feat_L1.txt 0.00184556 0.00183717 8.391e-06
342 Citeseer_feat_L1.txt 0.00198004 0.00197072 9.318e-06
343 Citeseer_feat_L1.txt 0.00199875 0.00199124 7.506e-06
344 Citeseer_feat_L1.txt 0.00207997 0.0020734 6.577e-06
345 Citeseer_feat_L1.txt 0.00203317 0.00202544 7.728e-06
346 Citeseer_feat_L1.txt 0.00201597 0.00200955 6.419e-06
347 Citeseer_feat_L1.txt 0.00199921 0.0019924 6.81e-06
348 Citeseer_feat_L1.txt 0.00197647 0.00196891 7.556e-06
349 Citeseer_feat_L1.txt 0.00185045 0.00184409 6.36e-06
350 Citeseer_feat_L1.txt 0.00208481 0.0020771 7.716e-06
351 Citeseer_feat_L1.txt 0.00188629 0.00187841 7.881e-06
352 Citeseer_feat_L1.txt 0.00191441 0.00190764 6.769e-06
353 Citeseer_feat_L1.txt 0.00204758 0.00203943 8.147e-06
354 Citeseer_feat_L1.txt 0.00208313 0.00207565 7.481e-06
355 Citeseer_feat_L1.txt 0.00198966 0.0019829 6.754e-06
356 Citeseer_feat_L1.txt 0.00196066 0.00195335 7.309e-06
357 Citeseer_feat_L1.txt 0.00198427 0.00197559 8.682e-06
358 Citeseer_feat_L1.txt 0.00194309 0.00193589 7.202e-06
359 Citeseer_feat_L1.txt 0.00207385 0.00206199 1.1853e-05
360 Citeseer_feat_L1.txt 0.00189519 0.00188811 7.082e-06
361 Citeseer_feat_L1.txt 0.00195213 0.00194372 8.41e-06
362 Citeseer_feat_L1.txt 0.00194869 0.00194149 7.195e-06
363 Citeseer_feat_L1.txt 0.00189163 0.00188407 7.558e-06
364 Citeseer_feat_L1.txt 0.00192376 0.00191614 7.621e-06
365 Citeseer_feat_L1.txt 0.00202686 0.00201792 8.936e-06
366 Citeseer_feat_L1.txt 0.00206918 0.002062 7.181e-06
367 Citeseer_feat_L1.txt 0.00197459 0.00196649 8.101e-06
368 Citeseer_feat_L1.txt 0.00186194 0.00185402 7.92e-06
369 Citeseer_feat_L1.txt 0.00183653 0.00182923 7.302e-06
370 Citeseer_feat_L1.txt 0.00188959 0.00188189 7.701e-06
371 Citeseer_feat_L1.txt 0.00188625 0.00187806 8.189e-06
372 Citeseer_feat_L1.txt 0.00187034 0.00186316 7.175e-06
373 Citeseer_feat_L1.txt 0.00184838 0.00184003 8.345e-06
374 Citeseer_feat_L1.txt 0.00174556 0.00173783 7.73e-06
375 Citeseer_feat_L1.txt 0.00186092 0.00185293 7.991e-06
376 Citeseer_feat_L1.txt 0.00182053 0.00181371 6.811e-06
377 Citeseer_feat_L1.txt 0.00171606 0.00170946 6.602e-06
378 Citeseer_feat_L1.txt 0.00178259 0.00177506 7.527e-06
379 Citeseer_feat_L1.txt 0.00183193 0.00182368 8.258e-06
380 Citeseer_feat_L1.txt 0.00186869 0.00186027 8.421e-06
381 Citeseer_feat_L1.txt 0.00178438 0.00177668 7.7e-06
382 Citeseer_feat_L1.txt 0.00175157 0.00174427 7.301e-06
383 Citeseer_feat_L1.txt 0.00206882 0.00185089 0.000217924
0 Citeseer_A.txt 0.000596841 0.00059491 1.931e-06
1 Citeseer_A.txt 0.000591925 0.000590988 9.37e-07
2 Citeseer_A.txt 0.000598014 0.000597181 8.33e-07
3 Citeseer_A.txt 0.000595389 0.000594377 1.012e-06
4 Citeseer_A.txt 0.000602235 0.000601215 1.02e-06
5 Citeseer_A.txt 0.000600719 0.000599846 8.73e-07
6 Citeseer_A.txt 0.000605863 0.000605024 8.39e-07
7 Citeseer_A.txt 0.000603559 0.000602167 1.392e-06
8 Citeseer_A.txt 0.000599221 0.000598164 1.057e-06
9 Citeseer_A.txt 0.000596607 0.000595588 1.019e-06
10 Citeseer_A.txt 0.000605361 0.00060428 1.081e-06
11 Citeseer_A.txt 0.000602601 0.000601436 1.165e-06
12 Citeseer_A.txt 0.000607175 0.000606221 9.54e-07
13 Citeseer_A.txt 0.000604191 0.000603152 1.039e-06
14 Citeseer_A.txt 0.000611112 0.000610061 1.051e-06
15 Citeseer_A.txt 0.000607423 0.000606591 8.32e-07
16 Citeseer_A.txt 0.000676808 0.000675988 8.2e-07
17 Citeseer_A.txt 0.000674375 0.000673468 9.07e-07
18 Citeseer_A.txt 0.000680989 0.000679893 1.096e-06
19 Citeseer_A.txt 0.000677649 0.00067653 1.119e-06
20 Citeseer_A.txt 0.000677235 0.00067641 8.25e-07
21 Citeseer_A.txt 0.00067443 0.000673551 8.79e-07
22 Citeseer_A.txt 0.000680522 0.000679405 1.117e-06
23 Citeseer_A.txt 0.000676564 0.000675682 8.82e-07
24 Citeseer_A.txt 0.000625648 0.00062478 8.68e-07
25 Citeseer_A.txt 0.000623292 0.000622165 1.127e-06
26 Citeseer_A.txt 0.000630159 0.000629372 7.87e-07
27 Citeseer_A.txt 0.000627852 0.000626992 8.6e-07
28 Citeseer_A.txt 0.000630674 0.00062957 1.104e-06
29 Citeseer_A.txt 0.000627919 0.000626846 1.073e-06
30 Citeseer_A.txt 0.000633486 0.000632674 8.12e-07
31 Citeseer_A.txt 0.000629987 0.000629119 8.68e-07
32 Citeseer_A.txt 0.000523584 0.000522691 8.93e-07
33 Citeseer_A.txt 0.000520976 0.000520166 8.1e-07
34 Citeseer_A.txt 0.000528687 0.00052783 8.57e-07
35 Citeseer_A.txt 0.00052519 0.000524309 8.81e-07
36 Citeseer_A.txt 0.000526785 0.00052591 8.75e-07
37 Citeseer_A.txt 0.000525193 0.000524004 1.189e-06
38 Citeseer_A.txt 0.00053109 0.000530108 9.82e-07
39 Citeseer_A.txt 0.000527883 0.000527006 8.77e-07
40 Citeseer_A.txt 0.000526667 0.000525879 7.88e-07
41 Citeseer_A.txt 0.000524625 0.00052366 9.65e-07
42 Citeseer_A.txt 0.000535508 0.00053454 9.68e-07
43 Citeseer_A.txt 0.000532588 0.000531486 1.102e-06
44 Citeseer_A.txt 0.000528709 0.000527769 9.4e-07
45 Citeseer_A.txt 0.000524658 0.000523799 8.59e-07
46 Citeseer_A.txt 0.000530428 0.000529428 1e-06
47 Citeseer_A.txt 0.000526734 0.000525927 8.07e-07
48 Citeseer_A.txt 0.000608256 0.000607302 9.54e-07
49 Citeseer_A.txt 0.000605104 0.000604224 8.8e-07
50 Citeseer_A.txt 0.000611272 0.000610418 8.54e-07
51 Citeseer_A.txt 0.000607687 0.000606963 7.24e-07
52 Citeseer_A.txt 0.000617576 0.000616724 8.52e-07
53 Citeseer_A.txt 0.000615495 0.000614455 1.04e-06
54 Citeseer_A.txt 0.000620013 0.000619172 8.41e-07
55 Citeseer_A.txt 0.00061689 0.000615924 9.66e-07
56 Citeseer_A.txt 0.000615918 0.000615024 8.94e-07
57 Citeseer_A.txt 0.000613156 0.000612201 9.55e-07
58 Citeseer_A.txt 0.000621901 0.000621103 7.98e-07
59 Citeseer_A.txt 0.000619395 0.000618559 8.36e-07
60 Citeseer_A.txt 0.000621981 0.000621048 9.33e-07
61 Citeseer_A.txt 0.000619153 0.000618521 6.32e-07
62 Citeseer_A.txt 0.000623378 0.000622455 9.23e-07
63 Citeseer_A.txt 0.000619853 0.000619144 7.09e-07
64 Citeseer_A.txt 0.000677369 0.000676485 8.84e-07
65 Citeseer_A.txt 0.00067555 0.000674697 8.53e-07
66 Citeseer_A.txt 0.000683274 0.000682298 9.76e-07
67 Citeseer_A.txt 0.000680083 0.000678828 1.255e-06
68 Citeseer_A.txt 0.000675562 0.00067466 9.02e-07
69 Citeseer_A.txt 0.000672705 0.000671858 8.47e-07
70 Citeseer_A.txt 0.000678922 0.000678114 8.08e-07
71 Citeseer_A.txt 0.000675572 0.000674702 8.7e-07
72 Citeseer_A.txt 0.000628484 0.000627437 1.047e-06
73 Citeseer_A.txt 0.000625658 0.000624816 8.42e-07
74 Citeseer_A.txt 0.000633897 0.000633002 8.95e-07
75 Citeseer_A.txt 0.000630595 0.000629504 1.091e-06
76 Citeseer_A.txt 0.00063364 0.000632446 1.194e-06
77 Citeseer_A.txt 0.000630948 0.000629901 1.047e-06
78 Citeseer_A.txt 0.000636729 0.000635576 1.153e-06
79 Citeseer_A.txt 0.000632481 0.000631612 8.69e-07
80 Citeseer_A.txt 0.000519618 0.000518879 7.39e-07
81 Citeseer_A.txt 0.000517639 0.000516623 1.016e-06
82 Citeseer_A.txt 0.000526866 0.000525572 1.294e-06
83 Citeseer_A.txt 0.000523341 0.000522446 8.95e-07
84 Citeseer_A.txt 0.000529013 0.000528053 9.6e-07
85 Citeseer_A.txt 0.00052638 0.000525558 8.22e-07
86 Citeseer_A.txt 0.000530364 0.000529298 1.066e-06
87 Citeseer_A.txt 0.000528117 0.000527234 8.83e-07
88 Citeseer_A.txt 0.00052062 0.000519637 9.83e-07
89 Citeseer_A.txt 0.000517678 0.000516736 9.42e-07
90 Citeseer_A.txt 0.000525403 0.000524458 9.45e-07
91 Citeseer_A.txt 0.000522168 0.000521214 9.54e-07
92 Citeseer_A.txt 0.000524407 0.000523538 8.69e-07
93 Citeseer_A.txt 0.000521924 0.000520768 1.156e-06
94 Citeseer_A.txt 0.000527586 0.000526319 1.267e-06
95 Citeseer_A.txt 0.000523885 0.000523081 8.04e-07
96 Citeseer_A.txt 0.000634459 0.000633196 1.263e-06
97 Citeseer_A.txt 0.000631858 0.00063085 1.008e-06
98 Citeseer_A.txt 0.000638019 0.000637091 9.28e-07
99 Citeseer_A.txt 0.000634718 0.000633914 8.04e-07
100 Citeseer_A.txt 0.000636835 0.000636012 8.23e-07
101 Citeseer_A.txt 0.000633727 0.000633006 7.21e-07
102 Citeseer_A.txt 0.000639113 0.000638327 7.86e-07
103 Citeseer_A.txt 0.000635467 0.000634686 7.81e-07
104 Citeseer_A.txt 0.00063301 0.000632106 9.04e-07
105 Citeseer_A.txt 0.000630319 0.000628995 1.324e-06
106 Citeseer_A.txt 0.000639679 0.000638559 1.12e-06
107 Citeseer_A.txt 0.000635443 0.000634471 9.72e-07
108 Citeseer_A.txt 0.00064297 0.000641782 1.188e-06
109 Citeseer_A.txt 0.000640208 0.000639313 8.95e-07
110 Citeseer_A.txt 0.000646495 0.000645257 1.238e-06
111 Citeseer_A.txt 0.000643109 0.000641842 1.267e-06
112 Citeseer_A.txt 0.000704564 0.000703513 1.051e-06
113 Citeseer_A.txt 0.000702351 0.000701234 1.117e-06
114 Citeseer_A.txt 0.000709165 0.000708236 9.29e-07
115 Citeseer_A.txt 0.000704957 0.00070412 8.37e-07
116 Citeseer_A.txt 0.000703715 0.000702852 8.63e-07
117 Citeseer_A.txt 0.000701826 0.000700933 8.93e-07
118 Citeseer_A.txt 0.00070824 0.000707359 8.81e-07
119 Citeseer_A.txt 0.000705526 0.000704304 1.222e-06
120 Citeseer_A.txt 0.000651506 0.000650786 7.2e-07
121 Citeseer_A.txt 0.000649001 0.000648383 6.18e-07
122 Citeseer_A.txt 0.000656752 0.000656016 7.36e-07
123 Citeseer_A.txt 0.000654395 0.000653545 8.5e-07
124 Citeseer_A.txt 0.000657699 0.000656662 1.037e-06
125 Citeseer_A.txt 0.000655025 0.000653943 1.082e-06
126 Citeseer_A.txt 0.000662847 0.000661887 9.6e-07
127 Citeseer_A.txt 0.000658761 0.000657969 7.92e-07
128 Citeseer_A.txt 0.000541257 0.000540264 9.93e-07
129 Citeseer_A.txt 0.000538808 0.000537899 9.09e-07
130 Citeseer_A.txt 0.000548865 0.000548111 7.54e-07
131 Citeseer_A.txt 0.00054557 0.000544633 9.37e-07
132 Citeseer_A.txt 0.000557967 0.000557195 7.72e-07
133 Citeseer_A.txt 0.000555544 0.000554674 8.7e-07
134 Citeseer_A.txt 0.000563376 0.000562078 1.298e-06
135 Citeseer_A.txt 0.000557251 0.000556105 1.146e-06
136 Citeseer_A.txt 0.000548905 0.000547938 9.67e-07
137 Citeseer_A.txt 0.000546066 0.000545238 8.28e-07
138 Citeseer_A.txt 0.000554352 0.000553519 8.33e-07
139 Citeseer_A.txt 0.000550796 0.000549997 7.99e-07
140 Citeseer_A.txt 0.000557342 0.000556589 7.53e-07
141 Citeseer_A.txt 0.000555612 0.000554634 9.78e-07
142 Citeseer_A.txt 0.000560695 0.000559674 1.021e-06
143 Citeseer_A.txt 0.000556766 0.000555916 8.5e-07
144 Citeseer_A.txt 0.000643301 0.000641853 1.448e-06
145 Citeseer_A.txt 0.000640148 0.000639172 9.76e-07
146 Citeseer_A.txt 0.000645181 0.000644311 8.7e-07
147 Citeseer_A.txt 0.0006419 0.000641087 8.13e-07
148 Citeseer_A.txt 0.000651177 0.000650116 1.061e-06
149 Citeseer_A.txt 0.000648674 0.000647304 1.37e-06
150 Citeseer_A.txt 0.000651393 0.000650562 8.31e-07
151 Citeseer_A.txt 0.000648486 0.00064753 9.56e-07
152 Citeseer_A.txt 0.000639992 0.000638995 9.97e-07
153 Citeseer_A.txt 0.000637778 0.00063648 1.298e-06
154 Citeseer_A.txt 0.000647631 0.000646698 9.33e-07
155 Citeseer_A.txt 0.000644648 0.000643616 1.032e-06
156 Citeseer_A.txt 0.000651584 0.000650691 8.93e-07
157 Citeseer_A.txt 0.000649612 0.000648775 8.37e-07
158 Citeseer_A.txt 0.000653202 0.000652235 9.67e-07
159 Citeseer_A.txt 0.00065031 0.000649275 1.035e-06
160 Citeseer_A.txt 0.000708365 0.000707128 1.237e-06
161 Citeseer_A.txt 0.000706275 0.000705075 1.2e-06
162 Citeseer_A.txt 0.000713466 0.000712377 1.089e-06
163 Citeseer_A.txt 0.000709986 0.000708813 1.173e-06
164 Citeseer_A.txt 0.000712268 0.000711241 1.027e-06
165 Citeseer_A.txt 0.000709704 0.000708569 1.135e-06
166 Citeseer_A.txt 0.000716537 0.000714947 1.59e-06
167 Citeseer_A.txt 0.000713208 0.000711799 1.409e-06
168 Citeseer_A.txt 0.000658648 0.000657081 1.567e-06
169 Citeseer_A.txt 0.000655863 0.00065474 1.123e-06
170 Citeseer_A.txt 0.000661365 0.000660254 1.111e-06
171 Citeseer_A.txt 0.000658432 0.000657279 1.153e-06
172 Citeseer_A.txt 0.000665698 0.00066464 1.058e-06
173 Citeseer_A.txt 0.000663069 0.000661643 1.426e-06
174 Citeseer_A.txt 0.000667004 0.000666124 8.8e-07
175 Citeseer_A.txt 0.000663466 0.000662638 8.28e-07
176 Citeseer_A.txt 0.000548471 0.000547227 1.244e-06
177 Citeseer_A.txt 0.000545438 0.000544701 7.37e-07
178 Citeseer_A.txt 0.000555135 0.000553991 1.144e-06
179 Citeseer_A.txt 0.000551359 0.000550136 1.223e-06
180 Citeseer_A.txt 0.00055514 0.000553871 1.269e-06
181 Citeseer_A.txt 0.000552599 0.000551451 1.148e-06
182 Citeseer_A.txt 0.00055685 0.000555548 1.302e-06
183 Citeseer_A.txt 0.000553217 0.000552235 9.82e-07
184 Citeseer_A.txt 0.000559786 0.000558383 1.403e-06
185 Citeseer_A.txt 0.000558012 0.000556206 1.806e-06
186 Citeseer_A.txt 0.000565676 0.000563607 2.069e-06
187 Citeseer_A.txt 0.000560682 0.000559657 1.025e-06
188 Citeseer_A.txt 0.000561405 0.000560516 8.89e-07
189 Citeseer_A.txt 0.00055856 0.000557451 1.109e-06
190 Citeseer_A.txt 0.000565426 0.000564443 9.83e-07
191 Citeseer_A.txt 0.00056235 0.000560873 1.477e-06
192 Citeseer_A.txt 0.000624357 0.000622944 1.413e-06
193 Citeseer_A.txt 0.000621891 0.000620524 1.367e-06
194 Citeseer_A.txt 0.000626373 0.000625458 9.15e-07
195 Citeseer_A.txt 0.000624292 0.000623275 1.017e-06
196 Citeseer_A.txt 0.000632844 0.000631493 1.351e-06
197 Citeseer_A.txt 0.000630758 0.000629305 1.453e-06
198 Citeseer_A.txt 0.000634512 0.0006328 1.712e-06
199 Citeseer_A.txt 0.000631841 0.000630218 1.623e-06
200 Citeseer_A.txt 0.000627485 0.000626281 1.204e-06
201 Citeseer_A.txt 0.000624981 0.000623768 1.213e-06
202 Citeseer_A.txt 0.000634935 0.000633749 1.186e-06
203 Citeseer_A.txt 0.000631653 0.000630549 1.104e-06
204 Citeseer_A.txt 0.00063443 0.000633286 1.144e-06
205 Citeseer_A.txt 0.000632314 0.000631422 8.92e-07
206 Citeseer_A.txt 0.000637619 0.000636534 1.085e-06
207 Citeseer_A.txt 0.000633953 0.000632719 1.234e-06
208 Citeseer_A.txt 0.000701635 0.000699951 1.684e-06
209 Citeseer_A.txt 0.000697852 0.000696654 1.198e-06
210 Citeseer_A.txt 0.00070451 0.000702631 1.879e-06
211 Citeseer_A.txt 0.000700842 0.000699825 1.017e-06
212 Citeseer_A.txt 0.000695392 0.000694392 1e-06
213 Citeseer_A.txt 0.000692008 0.000690838 1.17e-06
214 Citeseer_A.txt 0.000698097 0.000697026 1.071e-06
215 Citeseer_A.txt 0.00069439 0.000693128 1.262e-06
216 Citeseer_A.txt 0.000651599 0.000650679 9.2e-07
217 Citeseer_A.txt 0.00065029 0.00064858 1.71e-06
218 Citeseer_A.txt 0.000650368 0.000649079 1.289e-06
219 Citeseer_A.txt 0.000646718 0.000645583 1.135e-06
220 Citeseer_A.txt 0.000650307 0.000648923 1.384e-06
221 Citeseer_A.txt 0.000647501 0.00064637 1.131e-06
222 Citeseer_A.txt 0.000653616 0.000652464 1.152e-06
223 Citeseer_A.txt 0.000649751 0.000648641 1.11e-06
224 Citeseer_A.txt 0.000532342 0.00053124 1.102e-06
225 Citeseer_A.txt 0.000529651 0.00052885 8.01e-07
226 Citeseer_A.txt 0.000539256 0.000538076 1.18e-06
227 Citeseer_A.txt 0.000535871 0.00053489 9.81e-07
228 Citeseer_A.txt 0.000542932 0.000541396 1.536e-06
229 Citeseer_A.txt 0.000539674 0.000538589 1.085e-06
230 Citeseer_A.txt 0.000544458 0.000543028 1.43e-06
231 Citeseer_A.txt 0.000541323 0.000540166 1.157e-06
232 Citeseer_A.txt 0.000542722 0.000541462 1.26e-06
233 Citeseer_A.txt 0.000540664 0.000539062 1.602e-06
234 Citeseer_A.txt 0.000548251 0.000546976 1.275e-06
235 Citeseer_A.txt 0.000544896 0.000543809 1.087e-06
236 Citeseer_A.txt 0.000547648 0.000546196 1.452e-06
237 Citeseer_A.txt 0.000545129 0.000543844 1.285e-06
238 Citeseer_A.txt 0.000551613 0.000550157 1.456e-06
239 Citeseer_A.txt 0.000547091 0.000545255 1.836e-06
240 Citeseer_A.txt 0.000636645 0.000634406 2.239e-06
241 Citeseer_A.txt 0.000633368 0.00063165 1.718e-06
242 Citeseer_A.txt 0.000636949 0.000635608 1.341e-06
243 Citeseer_A.txt 0.000633712 0.000632581 1.131e-06
244 Citeseer_A.txt 0.000635203 0.000634196 1.007e-06
245 Citeseer_A.txt 0.000632948 0.000631913 1.035e-06
246 Citeseer_A.txt 0.000637152 0.00063594 1.212e-06
247 Citeseer_A.txt 0.000633963 0.000632305 1.658e-06
248 Citeseer_A.txt 0.000634865 0.000633564 1.301e-06
249 Citeseer_A.txt 0.000632554 0.000631153 1.401e-06
250 Citeseer_A.txt 0.000640682 0.000639414 1.268e-06
251 Citeseer_A.txt 0.000637527 0.000636242 1.285e-06
252 Citeseer_A.txt 0.000639246 0.000637948 1.298e-06
253 Citeseer_A.txt 0.000635883 0.000635055 8.28e-07
254 Citeseer_A.txt 0.000642111 0.000640814 1.297e-06
255 Citeseer_A.txt 0.000638581 0.000637511 1.07e-06
256 Citeseer_A.txt 0.000694843 0.000693768 1.075e-06
257 Citeseer_A.txt 0.00069198 0.000690808 1.172e-06
258 Citeseer_A.txt 0.000700003 0.000698446 1.557e-06
259 Citeseer_A.txt 0.000697136 0.000695533 1.603e-06
260 Citeseer_A.txt 0.000695392 0.000693831 1.561e-06
261 Citeseer_A.txt 0.000692949 0.000691346 1.603e-06
262 Citeseer_A.txt 0.00069982 0.00069779 2.03e-06
263 Citeseer_A.txt 0.000695919 0.000694459 1.46e-06
264 Citeseer_A.txt 0.000640358 0.000638793 1.565e-06
265 Citeseer_A.txt 0.000638069 0.000636653 1.416e-06
266 Citeseer_A.txt 0.000643495 0.000641728 1.767e-06
267 Citeseer_A.txt 0.000641188 0.000639729 1.459e-06
268 Citeseer_A.txt 0.000650747 0.000649171 1.576e-06
269 Citeseer_A.txt 0.000648331 0.000646955 1.376e-06
270 Citeseer_A.txt 0.000650024 0.000648805 1.219e-06
271 Citeseer_A.txt 0.000647618 0.000646612 1.006e-06
272 Citeseer_A.txt 0.000526758 0.000525087 1.671e-06
273 Citeseer_A.txt 0.000525411 0.000523084 2.327e-06
274 Citeseer_A.txt 0.000532969 0.000530728 2.241e-06
275 Citeseer_A.txt 0.000528797 0.000527772 1.025e-06
276 Citeseer_A.txt 0.000533261 0.000531959 1.302e-06
277 Citeseer_A.txt 0.000531038 0.000529773 1.265e-06
278 Citeseer_A.txt 0.000535769 0.000534776 9.93e-07
279 Citeseer_A.txt 0.000533141 0.000531524 1.617e-06
280 Citeseer_A.txt 0.000528764 0.000527757 1.007e-06
281 Citeseer_A.txt 0.000526527 0.000525299 1.228e-06
282 Citeseer_A.txt 0.000535165 0.000533856 1.309e-06
283 Citeseer_A.txt 0.000532373 0.000530781 1.592e-06
284 Citeseer_A.txt 0.00053501 0.000533858 1.152e-06
285 Citeseer_A.txt 0.000532306 0.00053076 1.546e-06
286 Citeseer_A.txt 0.000539232 0.000537409 1.823e-06
287 Citeseer_A.txt 0.0005359 0.000534489 1.411e-06
288 Citeseer_A.txt 0.000572716 0.000571274 1.442e-06
289 Citeseer_A.txt 0.000572809 0.000568959 3.85e-06
290 Citeseer_A.txt 0.000577309 0.000574949 2.36e-06
291 Citeseer_A.txt 0.000572653 0.000571338 1.315e-06
292 Citeseer_A.txt 0.000576637 0.000575291 1.346e-06
293 Citeseer_A.txt 0.000574467 0.000572248 2.219e-06
294 Citeseer_A.txt 0.000580068 0.000577785 2.283e-06
295 Citeseer_A.txt 0.000577113 0.000574914 2.199e-06
296 Citeseer_A.txt 0.000575472 0.000571089 4.383e-06
297 Citeseer_A.txt 0.000571116 0.000568959 2.157e-06
298 Citeseer_A.txt 0.000580136 0.000578894 1.242e-06
299 Citeseer_A.txt 0.000577928 0.000576225 1.703e-06
300 Citeseer_A.txt 0.000578365 0.000577406 9.59e-07
301 Citeseer_A.txt 0.000576855 0.000575328 1.527e-06
302 Citeseer_A.txt 0.000580619 0.000579311 1.308e-06
303 Citeseer_A.txt 0.000577524 0.000576492 1.032e-06
304 Citeseer_A.txt 0.000643578 0.000642087 1.491e-06
305 Citeseer_A.txt 0.00064112 0.000639483 1.637e-06
306 Citeseer_A.txt 0.000646673 0.000645763 9.1e-07
307 Citeseer_A.txt 0.000644196 0.000642811 1.385e-06
308 Citeseer_A.txt 0.000641808 0.000640679 1.129e-06
309 Citeseer_A.txt 0.000639054 0.000637976 1.078e-06
310 Citeseer_A.txt 0.000644744 0.000643544 1.2e-06
311 Citeseer_A.txt 0.000642359 0.000640638 1.721e-06
312 Citeseer_A.txt 0.000593471 0.000591379 2.092e-06
313 Citeseer_A.txt 0.000590509 0.000588147 2.362e-06
314 Citeseer_A.txt 0.000597066 0.000595302 1.764e-06
315 Citeseer_A.txt 0.000593804 0.000591859 1.945e-06
316 Citeseer_A.txt 0.000597409 0.000596098 1.311e-06
317 Citeseer_A.txt 0.00059535 0.00059405 1.3e-06
318 Citeseer_A.txt 0.000608029 0.000606091 1.938e-06
319 Citeseer_A.txt 0.000605378 0.00060296 2.418e-06
320 Citeseer_A.txt 0.000482486 0.000481309 1.177e-06
321 Citeseer_A.txt 0.000480014 0.000479146 8.68e-07
322 Citeseer_A.txt 0.000489526 0.000488008 1.518e-06
323 Citeseer_A.txt 0.000488479 0.000484755 3.724e-06
324 Citeseer_A.txt 0.000492509 0.000489913 2.596e-06
325 Citeseer_A.txt 0.000488261 0.000487014 1.247e-06
326 Citeseer_A.txt 0.000494726 0.000493092 1.634e-06
327 Citeseer_A.txt 0.000491431 0.000489967 1.464e-06
328 Citeseer_A.txt 0.000490149 0.000488729 1.42e-06
329 Citeseer_A.txt 0.000488029 0.000486428 1.601e-06
330 Citeseer_A.txt 0.000494642 0.000493107 1.535e-06
331 Citeseer_A.txt 0.000491914 0.000490076 1.838e-06
332 Citeseer_A.txt 0.000495805 0.000494191 1.614e-06
333 Citeseer_A.txt 0.000492301 0.000490733 1.568e-06
334 Citeseer_A.txt 0.000497955 0.000496363 1.592e-06
335 Citeseer_A.txt 0.000495362 0.000493899 1.463e-06
336 Citeseer_A.txt 0.000568476 0.000566588 1.888e-06
337 Citeseer_A.txt 0.000565834 0.000564564 1.27e-06
338 Citeseer_A.txt 0.000571807 0.000568844 2.963e-06
339 Citeseer_A.txt 0.000567555 0.000565852 1.703e-06
340 Citeseer_A.txt 0.000571616 0.000570078 1.538e-06
341 Citeseer_A.txt 0.000569517 0.000567339 2.178e-06
342 Citeseer_A.txt 0.00057552 0.000573096 2.424e-06
343 Citeseer_A.txt 0.00057193 0.000570309 1.621e-06
344 Citeseer_A.txt 0.000569453 0.000568171 1.282e-06
345 Citeseer_A.txt 0.000567436 0.000565191 2.245e-06
346 Citeseer_A.txt 0.000579896 0.000578119 1.777e-06
347 Citeseer_A.txt 0.00057621 0.00057495 1.26e-06
348 Citeseer_A.txt 0.00057486 0.000573418 1.442e-06
349 Citeseer_A.txt 0.000571849 0.000570322 1.527e-06
350 Citeseer_A.txt 0.000576117 0.000574487 1.63e-06
351 Citeseer_A.txt 0.000574063 0.000571207 2.856e-06
352 Citeseer_A.txt 0.000641432 0.000638636 2.796e-06
353 Citeseer_A.txt 0.000632002 0.000630697 1.305e-06
354 Citeseer_A.txt 0.000643738 0.000642231 1.507e-06
355 Citeseer_A.txt 0.000641081 0.000639608 1.473e-06
356 Citeseer_A.txt 0.000632442 0.000631215 1.227e-06
357 Citeseer_A.txt 0.000630246 0.000628651 1.595e-06
358 Citeseer_A.txt 0.000640043 0.000638924 1.119e-06
359 Citeseer_A.txt 0.000643057 0.000640173 2.884e-06
360 Citeseer_A.txt 0.000587589 0.000586162 1.427e-06
361 Citeseer_A.txt 0.000584402 0.000583379 1.023e-06
362 Citeseer_A.txt 0.000590938 0.000590027 9.11e-07
363 Citeseer_A.txt 0.000587972 0.000587179 7.93e-07
364 Citeseer_A.txt 0.000591977 0.000590445 1.532e-06
365 Citeseer_A.txt 0.000589825 0.000588341 1.484e-06
366 Citeseer_A.txt 0.000593598 0.000592228 1.37e-06
367 Citeseer_A.txt 0.000591189 0.000589488 1.701e-06
368 Citeseer_A.txt 0.00048639 0.000484389 2.001e-06
369 Citeseer_A.txt 0.000482377 0.000481267 1.11e-06
370 Citeseer_A.txt 0.000491251 0.000489622 1.629e-06
371 Citeseer_A.txt 0.000487762 0.000486508 1.254e-06
372 Citeseer_A.txt 0.000490705 0.000489388 1.317e-06
373 Citeseer_A.txt 0.000487926 0.000487016 9.1e-07
374 Citeseer_A.txt 0.00049359 0.000492462 1.128e-06
375 Citeseer_A.txt 0.000490002 0.000488772 1.23e-06
376 Citeseer_A.txt 0.000492753 0.000491451 1.302e-06
377 Citeseer_A.txt 0.000490507 0.000488906 1.601e-06
378 Citeseer_A.txt 0.000492891 0.000491168 1.723e-06
379 Citeseer_A.txt 0.000489992 0.000488492 1.5e-06
380 Citeseer_A.txt 0.000496139 0.000494036 2.103e-06
381 Citeseer_A.txt 0.000492458 0.000491301 1.157e-06
382 Citeseer_A.txt 0.000499351 0.000496718 2.633e-06
383 Citeseer_A.txt 0.000524384 0.000493946 3.0438e-05
TACC:  Shutdown complete. Exiting. 
