TACC:  Starting up job 10024561 
TACC:  Starting parallel tasks... 
0 Pubmed_feat_L1.txt 0.0020568 0.00199962 5.7179e-05
1 Pubmed_feat_L1.txt 0.00137399 0.00131666 5.7324e-05
2 Pubmed_feat_L1.txt 0.00247109 0.00240479 6.6298e-05
3 Pubmed_feat_L1.txt 0.00144696 0.00137958 6.738e-05
4 Pubmed_feat_L1.txt 0.00231867 0.00225686 6.1811e-05
5 Pubmed_feat_L1.txt 0.00133484 0.00127335 6.149e-05
6 Pubmed_feat_L1.txt 0.00241298 0.00235246 6.0519e-05
7 Pubmed_feat_L1.txt 0.00138108 0.00132211 5.8964e-05
8 Pubmed_feat_L1.txt 0.0025385 0.00247304 6.5463e-05
9 Pubmed_feat_L1.txt 0.00140466 0.00134682 5.7837e-05
10 Pubmed_feat_L1.txt 0.00242915 0.00235976 6.9385e-05
11 Pubmed_feat_L1.txt 0.00142526 0.00135524 7.0022e-05
12 Pubmed_feat_L1.txt 0.00243565 0.00237514 6.0514e-05
13 Pubmed_feat_L1.txt 0.00136866 0.00130883 5.9831e-05
14 Pubmed_feat_L1.txt 0.00260204 0.00253412 6.7917e-05
15 Pubmed_feat_L1.txt 0.00140557 0.00134586 5.9707e-05
16 Pubmed_feat_L1.txt 0.00215284 0.00208549 6.7353e-05
17 Pubmed_feat_L1.txt 0.00137068 0.00130747 6.3214e-05
18 Pubmed_feat_L1.txt 0.00219082 0.00213005 6.0776e-05
19 Pubmed_feat_L1.txt 0.0014096 0.00134916 6.0444e-05
20 Pubmed_feat_L1.txt 0.00218182 0.00211676 6.5058e-05
21 Pubmed_feat_L1.txt 0.00134602 0.00128958 5.6436e-05
22 Pubmed_feat_L1.txt 0.00258763 0.00251988 6.7747e-05
23 Pubmed_feat_L1.txt 0.00142808 0.00136104 6.704e-05
24 Pubmed_feat_L1.txt 0.00211965 0.00204657 7.3081e-05
25 Pubmed_feat_L1.txt 0.00138785 0.00131636 7.1492e-05
26 Pubmed_feat_L1.txt 0.00253879 0.00247557 6.3227e-05
27 Pubmed_feat_L1.txt 0.00143861 0.00137856 6.0051e-05
28 Pubmed_feat_L1.txt 0.00220469 0.0021425 6.2191e-05
29 Pubmed_feat_L1.txt 0.00133197 0.0012625 6.9469e-05
30 Pubmed_feat_L1.txt 0.0024416 0.0023697 7.1898e-05
31 Pubmed_feat_L1.txt 0.00139978 0.00132256 7.7217e-05
32 Pubmed_feat_L1.txt 0.00211771 0.00204947 6.8238e-05
33 Pubmed_feat_L1.txt 0.00137949 0.00131934 6.0153e-05
34 Pubmed_feat_L1.txt 0.00233775 0.00227314 6.4611e-05
35 Pubmed_feat_L1.txt 0.00152946 0.00146739 6.2073e-05
36 Pubmed_feat_L1.txt 0.00255921 0.0024892 7.001e-05
37 Pubmed_feat_L1.txt 0.00141944 0.00135004 6.9394e-05
38 Pubmed_feat_L1.txt 0.00228928 0.00222427 6.5007e-05
39 Pubmed_feat_L1.txt 0.001441 0.00137061 7.039e-05
40 Pubmed_feat_L1.txt 0.0024219 0.00235113 7.0772e-05
41 Pubmed_feat_L1.txt 0.0014347 0.00137471 5.9987e-05
42 Pubmed_feat_L1.txt 0.00251217 0.00244669 6.5484e-05
43 Pubmed_feat_L1.txt 0.00141028 0.00135057 5.9712e-05
44 Pubmed_feat_L1.txt 0.00232422 0.00225003 7.4186e-05
45 Pubmed_feat_L1.txt 0.00151981 0.00145004 6.9772e-05
46 Pubmed_feat_L1.txt 0.00236935 0.00230378 6.5574e-05
47 Pubmed_feat_L1.txt 0.00142923 0.00135059 7.8634e-05
48 Pubmed_feat_L1.txt 0.00229577 0.00223803 5.7747e-05
49 Pubmed_feat_L1.txt 0.0014249 0.00135908 6.582e-05
50 Pubmed_feat_L1.txt 0.0022187 0.0021532 6.5502e-05
51 Pubmed_feat_L1.txt 0.0013205 0.0012621 5.8399e-05
52 Pubmed_feat_L1.txt 0.0020916 0.0020307 6.0899e-05
53 Pubmed_feat_L1.txt 0.00129514 0.00122063 7.4503e-05
54 Pubmed_feat_L1.txt 0.00245598 0.00237818 7.7794e-05
55 Pubmed_feat_L1.txt 0.00126696 0.0011925 7.4467e-05
56 Pubmed_feat_L1.txt 0.00226426 0.00218801 7.6253e-05
57 Pubmed_feat_L1.txt 0.00147498 0.00140566 6.9325e-05
58 Pubmed_feat_L1.txt 0.00241044 0.00233934 7.1105e-05
59 Pubmed_feat_L1.txt 0.00133949 0.00126917 7.0323e-05
60 Pubmed_feat_L1.txt 0.00206274 0.00199587 6.6863e-05
61 Pubmed_feat_L1.txt 0.00138322 0.00132297 6.0248e-05
62 Pubmed_feat_L1.txt 0.00232176 0.00225078 7.0979e-05
63 Pubmed_feat_L1.txt 0.00147582 0.0013962 7.9624e-05
64 Pubmed_feat_L1.txt 0.00218088 0.00210162 7.9259e-05
65 Pubmed_feat_L1.txt 0.00137576 0.00129443 8.1332e-05
66 Pubmed_feat_L1.txt 0.00238855 0.00231423 7.4318e-05
67 Pubmed_feat_L1.txt 0.00143968 0.00137185 6.7829e-05
68 Pubmed_feat_L1.txt 0.00212818 0.00206221 6.5973e-05
69 Pubmed_feat_L1.txt 0.00148327 0.00142068 6.2593e-05
70 Pubmed_feat_L1.txt 0.00225178 0.00217398 7.7793e-05
71 Pubmed_feat_L1.txt 0.00139698 0.00131506 8.192e-05
72 Pubmed_feat_L1.txt 0.00233516 0.00226682 6.8339e-05
73 Pubmed_feat_L1.txt 0.00145525 0.00139051 6.4738e-05
74 Pubmed_feat_L1.txt 0.00250329 0.00243277 7.052e-05
75 Pubmed_feat_L1.txt 0.00126675 0.00120106 6.5693e-05
76 Pubmed_feat_L1.txt 0.00225927 0.00218967 6.96e-05
77 Pubmed_feat_L1.txt 0.00123221 0.00116298 6.9224e-05
78 Pubmed_feat_L1.txt 0.00233357 0.00226698 6.6592e-05
79 Pubmed_feat_L1.txt 0.00127932 0.00121538 6.394e-05
80 Pubmed_feat_L1.txt 0.00221813 0.00215187 6.6263e-05
81 Pubmed_feat_L1.txt 0.0014449 0.00138331 6.1589e-05
82 Pubmed_feat_L1.txt 0.0020562 0.00199051 6.5693e-05
83 Pubmed_feat_L1.txt 0.00130721 0.00124336 6.3847e-05
84 Pubmed_feat_L1.txt 0.00225477 0.00218384 7.0934e-05
85 Pubmed_feat_L1.txt 0.00126773 0.00119993 6.7808e-05
86 Pubmed_feat_L1.txt 0.00241107 0.00234504 6.6033e-05
87 Pubmed_feat_L1.txt 0.00130458 0.00124154 6.3045e-05
88 Pubmed_feat_L1.txt 0.00214627 0.0020846 6.1668e-05
89 Pubmed_feat_L1.txt 0.00132752 0.00126314 6.4374e-05
90 Pubmed_feat_L1.txt 0.0024983 0.00243625 6.2055e-05
91 Pubmed_feat_L1.txt 0.00142867 0.00135802 7.0648e-05
92 Pubmed_feat_L1.txt 0.00208757 0.00202165 6.5924e-05
93 Pubmed_feat_L1.txt 0.00138343 0.00132084 6.2595e-05
94 Pubmed_feat_L1.txt 0.00226523 0.00219407 7.1162e-05
95 Pubmed_feat_L1.txt 0.00130769 0.00123765 7.004e-05
96 Pubmed_feat_L1.txt 0.0021718 0.00209745 7.4351e-05
97 Pubmed_feat_L1.txt 0.00139669 0.00131786 7.8831e-05
98 Pubmed_feat_L1.txt 0.00237076 0.00229756 7.3203e-05
99 Pubmed_feat_L1.txt 0.00138541 0.00132358 6.1833e-05
100 Pubmed_feat_L1.txt 0.0025735 0.00250554 6.7965e-05
101 Pubmed_feat_L1.txt 0.00149747 0.00142471 7.2752e-05
102 Pubmed_feat_L1.txt 0.00241272 0.00233307 7.9655e-05
103 Pubmed_feat_L1.txt 0.00150427 0.00142576 7.8509e-05
104 Pubmed_feat_L1.txt 0.00272203 0.00264357 7.8455e-05
105 Pubmed_feat_L1.txt 0.00148952 0.00141394 7.558e-05
106 Pubmed_feat_L1.txt 0.00245019 0.00238003 7.0161e-05
107 Pubmed_feat_L1.txt 0.00140099 0.00132727 7.372e-05
108 Pubmed_feat_L1.txt 0.00242242 0.00234365 7.8762e-05
109 Pubmed_feat_L1.txt 0.00146551 0.00139451 7.0998e-05
110 Pubmed_feat_L1.txt 0.00238076 0.00230732 7.3436e-05
111 Pubmed_feat_L1.txt 0.00139429 0.00132269 7.1601e-05
112 Pubmed_feat_L1.txt 0.0023394 0.00227106 6.8347e-05
113 Pubmed_feat_L1.txt 0.0014688 0.0014056 6.3194e-05
114 Pubmed_feat_L1.txt 0.00235451 0.00227983 7.4683e-05
115 Pubmed_feat_L1.txt 0.00137737 0.00129988 7.7496e-05
116 Pubmed_feat_L1.txt 0.00208045 0.00201422 6.6235e-05
117 Pubmed_feat_L1.txt 0.00141632 0.00133943 7.6888e-05
118 Pubmed_feat_L1.txt 0.00243874 0.00236464 7.4106e-05
119 Pubmed_feat_L1.txt 0.0013942 0.0013191 7.5101e-05
120 Pubmed_feat_L1.txt 0.00228053 0.00220704 7.3487e-05
121 Pubmed_feat_L1.txt 0.00141305 0.00134594 6.7106e-05
122 Pubmed_feat_L1.txt 0.00247254 0.00239589 7.665e-05
123 Pubmed_feat_L1.txt 0.00145237 0.0013706 8.1766e-05
124 Pubmed_feat_L1.txt 0.00210436 0.00202753 7.6821e-05
125 Pubmed_feat_L1.txt 0.00134083 0.0012749 6.5927e-05
126 Pubmed_feat_L1.txt 0.00237031 0.00230442 6.5886e-05
127 Pubmed_feat_L1.txt 0.00146823 0.00139797 7.0266e-05
128 Pubmed_feat_L1.txt 0.00205791 0.00197827 7.9638e-05
129 Pubmed_feat_L1.txt 0.00136744 0.00129467 7.2769e-05
130 Pubmed_feat_L1.txt 0.00240118 0.00232558 7.5603e-05
131 Pubmed_feat_L1.txt 0.0014915 0.00141482 7.6682e-05
132 Pubmed_feat_L1.txt 0.00218878 0.00211493 7.3846e-05
133 Pubmed_feat_L1.txt 0.00136712 0.00129681 7.0312e-05
134 Pubmed_feat_L1.txt 0.00231969 0.00223952 8.0163e-05
135 Pubmed_feat_L1.txt 0.00137636 0.00129817 7.8185e-05
136 Pubmed_feat_L1.txt 0.00246658 0.00238755 7.9024e-05
137 Pubmed_feat_L1.txt 0.00138756 0.00130825 7.9314e-05
138 Pubmed_feat_L1.txt 0.00243945 0.00236625 7.3197e-05
139 Pubmed_feat_L1.txt 0.00141026 0.0013305 7.9759e-05
140 Pubmed_feat_L1.txt 0.00242726 0.00236823 5.9033e-05
141 Pubmed_feat_L1.txt 0.001418 0.00134897 6.9029e-05
142 Pubmed_feat_L1.txt 0.0025388 0.0024618 7.6997e-05
143 Pubmed_feat_L1.txt 0.00139483 0.00133037 6.4467e-05
144 Pubmed_feat_L1.txt 0.00210822 0.00203457 7.3652e-05
145 Pubmed_feat_L1.txt 0.00127939 0.00120498 7.4413e-05
146 Pubmed_feat_L1.txt 0.0021897 0.00211379 7.5909e-05
147 Pubmed_feat_L1.txt 0.00147485 0.00140364 7.1207e-05
148 Pubmed_feat_L1.txt 0.00222091 0.002149 7.1908e-05
149 Pubmed_feat_L1.txt 0.00131258 0.00124726 6.5313e-05
150 Pubmed_feat_L1.txt 0.00247122 0.00238931 8.1914e-05
151 Pubmed_feat_L1.txt 0.00129198 0.00121072 8.126e-05
152 Pubmed_feat_L1.txt 0.00219364 0.00212531 6.8324e-05
153 Pubmed_feat_L1.txt 0.00134727 0.00127779 6.9487e-05
154 Pubmed_feat_L1.txt 0.00245646 0.00239053 6.5925e-05
155 Pubmed_feat_L1.txt 0.00144334 0.00137073 7.2614e-05
156 Pubmed_feat_L1.txt 0.00220864 0.00212975 7.8891e-05
157 Pubmed_feat_L1.txt 0.00134779 0.00126851 7.9283e-05
158 Pubmed_feat_L1.txt 0.0024357 0.00234599 8.9707e-05
159 Pubmed_feat_L1.txt 0.00140258 0.00131802 8.4558e-05
160 Pubmed_feat_L1.txt 0.00210631 0.00201189 9.4417e-05
161 Pubmed_feat_L1.txt 0.0013436 0.00125664 8.6955e-05
162 Pubmed_feat_L1.txt 0.0023539 0.00226126 9.2641e-05
163 Pubmed_feat_L1.txt 0.00153759 0.00143434 0.00010325
164 Pubmed_feat_L1.txt 0.00262318 0.00253974 8.3434e-05
165 Pubmed_feat_L1.txt 0.0014961 0.00141809 7.801e-05
166 Pubmed_feat_L1.txt 0.00232495 0.00224611 7.8835e-05
167 Pubmed_feat_L1.txt 0.00140321 0.00132086 8.2353e-05
168 Pubmed_feat_L1.txt 0.00226469 0.00219104 7.3651e-05
169 Pubmed_feat_L1.txt 0.0014003 0.00132251 7.7789e-05
170 Pubmed_feat_L1.txt 0.00248392 0.00240865 7.5268e-05
171 Pubmed_feat_L1.txt 0.00143833 0.00136931 6.9015e-05
172 Pubmed_feat_L1.txt 0.00240166 0.00233383 6.7826e-05
173 Pubmed_feat_L1.txt 0.00145611 0.00139438 6.1729e-05
174 Pubmed_feat_L1.txt 0.00237822 0.0023066 7.1613e-05
175 Pubmed_feat_L1.txt 0.00129396 0.00122369 7.0272e-05
176 Pubmed_feat_L1.txt 0.00232523 0.00224936 7.5864e-05
177 Pubmed_feat_L1.txt 0.00136673 0.00128852 7.8217e-05
178 Pubmed_feat_L1.txt 0.002232 0.00216204 6.9956e-05
179 Pubmed_feat_L1.txt 0.00141183 0.00134472 6.7108e-05
180 Pubmed_feat_L1.txt 0.00202066 0.00194318 7.7474e-05
181 Pubmed_feat_L1.txt 0.00128797 0.00121748 7.0488e-05
182 Pubmed_feat_L1.txt 0.00243913 0.00236469 7.444e-05
183 Pubmed_feat_L1.txt 0.00131483 0.00124462 7.0208e-05
184 Pubmed_feat_L1.txt 0.00238116 0.00230839 7.2767e-05
185 Pubmed_feat_L1.txt 0.00142649 0.0013476 7.8894e-05
186 Pubmed_feat_L1.txt 0.00244579 0.00236864 7.7143e-05
187 Pubmed_feat_L1.txt 0.00142091 0.00135788 6.3025e-05
188 Pubmed_feat_L1.txt 0.00222765 0.00215536 7.2284e-05
189 Pubmed_feat_L1.txt 0.00134596 0.0012674 7.8558e-05
190 Pubmed_feat_L1.txt 0.00248919 0.00241197 7.7223e-05
191 Pubmed_feat_L1.txt 0.00133459 0.00127152 6.3067e-05
192 Pubmed_feat_L1.txt 0.00208006 0.00201019 6.9876e-05
193 Pubmed_feat_L1.txt 0.00143914 0.00136732 7.1817e-05
194 Pubmed_feat_L1.txt 0.00247111 0.00240203 6.9073e-05
195 Pubmed_feat_L1.txt 0.00142577 0.00135841 6.7365e-05
196 Pubmed_feat_L1.txt 0.00226348 0.00219648 6.7e-05
197 Pubmed_feat_L1.txt 0.00140868 0.00134468 6.3997e-05
198 Pubmed_feat_L1.txt 0.00236235 0.00229904 6.3302e-05
199 Pubmed_feat_L1.txt 0.00143308 0.00136888 6.4205e-05
200 Pubmed_feat_L1.txt 0.00248037 0.00241696 6.3406e-05
201 Pubmed_feat_L1.txt 0.00143388 0.00135733 7.6548e-05
202 Pubmed_feat_L1.txt 0.00245479 0.00237774 7.7053e-05
203 Pubmed_feat_L1.txt 0.00138197 0.00131321 6.8758e-05
204 Pubmed_feat_L1.txt 0.00239413 0.00233295 6.1172e-05
205 Pubmed_feat_L1.txt 0.00142151 0.00135839 6.3116e-05
206 Pubmed_feat_L1.txt 0.00251251 0.00244629 6.6224e-05
207 Pubmed_feat_L1.txt 0.00144385 0.00138043 6.342e-05
208 Pubmed_feat_L1.txt 0.00222133 0.00215384 6.7498e-05
209 Pubmed_feat_L1.txt 0.0014132 0.00134818 6.5017e-05
210 Pubmed_feat_L1.txt 0.00223361 0.00216634 6.7274e-05
211 Pubmed_feat_L1.txt 0.00141329 0.00135061 6.2684e-05
212 Pubmed_feat_L1.txt 0.00222818 0.00215914 6.9046e-05
213 Pubmed_feat_L1.txt 0.00137681 0.00130669 7.0119e-05
214 Pubmed_feat_L1.txt 0.00253062 0.00246126 6.9361e-05
215 Pubmed_feat_L1.txt 0.0014099 0.00134465 6.5253e-05
216 Pubmed_feat_L1.txt 0.00209204 0.00203406 5.7987e-05
217 Pubmed_feat_L1.txt 0.00133298 0.00127448 5.8498e-05
218 Pubmed_feat_L1.txt 0.00254302 0.00247616 6.6863e-05
219 Pubmed_feat_L1.txt 0.00146448 0.00140048 6.3997e-05
220 Pubmed_feat_L1.txt 0.00223541 0.00217094 6.4467e-05
221 Pubmed_feat_L1.txt 0.00133808 0.00127209 6.5992e-05
222 Pubmed_feat_L1.txt 0.00243749 0.00237152 6.5973e-05
223 Pubmed_feat_L1.txt 0.0013579 0.00128616 7.1736e-05
224 Pubmed_feat_L1.txt 0.00217659 0.0020596 0.000116996
225 Pubmed_feat_L1.txt 0.00135685 0.001278 7.885e-05
226 Pubmed_feat_L1.txt 0.00232948 0.00223734 9.2139e-05
227 Pubmed_feat_L1.txt 0.00139307 0.00131517 7.7905e-05
228 Pubmed_feat_L1.txt 0.00257421 0.00249572 7.8495e-05
229 Pubmed_feat_L1.txt 0.00143051 0.00134889 8.1626e-05
230 Pubmed_feat_L1.txt 0.00230068 0.00221543 8.5249e-05
231 Pubmed_feat_L1.txt 0.0014407 0.00136173 7.8969e-05
232 Pubmed_feat_L1.txt 0.00266214 0.00259878 6.3359e-05
233 Pubmed_feat_L1.txt 0.00142517 0.0013571 6.8075e-05
234 Pubmed_feat_L1.txt 0.00248928 0.00242731 6.1976e-05
235 Pubmed_feat_L1.txt 0.00146862 0.0013871 8.1522e-05
236 Pubmed_feat_L1.txt 0.00232994 0.00224941 8.0529e-05
237 Pubmed_feat_L1.txt 0.00144217 0.00137033 7.1843e-05
238 Pubmed_feat_L1.txt 0.00231106 0.00223285 7.8211e-05
239 Pubmed_feat_L1.txt 0.00149663 0.00141982 7.681e-05
240 Pubmed_feat_L1.txt 0.00240576 0.00232292 8.2837e-05
241 Pubmed_feat_L1.txt 0.001409 0.00134217 6.6826e-05
242 Pubmed_feat_L1.txt 0.0022244 0.00214807 7.6332e-05
243 Pubmed_feat_L1.txt 0.00140522 0.00133078 7.4434e-05
244 Pubmed_feat_L1.txt 0.00204065 0.00196501 7.5637e-05
245 Pubmed_feat_L1.txt 0.00138954 0.0013187 7.0837e-05
246 Pubmed_feat_L1.txt 0.00242717 0.00235379 7.3377e-05
247 Pubmed_feat_L1.txt 0.00135073 0.0012766 7.4132e-05
248 Pubmed_feat_L1.txt 0.00227592 0.00219932 7.6594e-05
249 Pubmed_feat_L1.txt 0.00139269 0.00131444 7.8248e-05
250 Pubmed_feat_L1.txt 0.00244146 0.00236243 7.9028e-05
251 Pubmed_feat_L1.txt 0.00143357 0.0013565 7.7068e-05
252 Pubmed_feat_L1.txt 0.00208798 0.00200468 8.3304e-05
253 Pubmed_feat_L1.txt 0.00139779 0.00131059 8.7196e-05
254 Pubmed_feat_L1.txt 0.00232738 0.00225362 7.3762e-05
255 Pubmed_feat_L1.txt 0.00141248 0.00133267 7.9807e-05
256 Pubmed_feat_L1.txt 0.00207288 0.00198787 8.501e-05
257 Pubmed_feat_L1.txt 0.0013817 0.00131987 6.1827e-05
258 Pubmed_feat_L1.txt 0.00244539 0.00237724 6.8149e-05
259 Pubmed_feat_L1.txt 0.00138684 0.00131305 7.3786e-05
260 Pubmed_feat_L1.txt 0.00219931 0.00213007 6.9238e-05
261 Pubmed_feat_L1.txt 0.0013961 0.00132108 7.5015e-05
262 Pubmed_feat_L1.txt 0.00233347 0.00226376 6.9702e-05
263 Pubmed_feat_L1.txt 0.00132663 0.00125933 6.7295e-05
264 Pubmed_feat_L1.txt 0.00248671 0.00241739 6.9312e-05
265 Pubmed_feat_L1.txt 0.00146403 0.00140429 5.9747e-05
266 Pubmed_feat_L1.txt 0.00246318 0.00240113 6.2046e-05
267 Pubmed_feat_L1.txt 0.0014368 0.00137261 6.4197e-05
268 Pubmed_feat_L1.txt 0.0024265 0.00235987 6.6623e-05
269 Pubmed_feat_L1.txt 0.0013841 0.00131696 6.7141e-05
270 Pubmed_feat_L1.txt 0.0025512 0.00248235 6.8848e-05
271 Pubmed_feat_L1.txt 0.00144271 0.00136144 8.1265e-05
272 Pubmed_feat_L1.txt 0.00216524 0.00207868 8.656e-05
273 Pubmed_feat_L1.txt 0.0014416 0.00135491 8.6695e-05
274 Pubmed_feat_L1.txt 0.00219382 0.0021164 7.7418e-05
275 Pubmed_feat_L1.txt 0.00144104 0.00136158 7.9461e-05
276 Pubmed_feat_L1.txt 0.00219286 0.00211083 8.2032e-05
277 Pubmed_feat_L1.txt 0.00142184 0.00134137 8.0472e-05
278 Pubmed_feat_L1.txt 0.00245967 0.00238068 7.8999e-05
279 Pubmed_feat_L1.txt 0.00139299 0.00131167 8.1321e-05
280 Pubmed_feat_L1.txt 0.00215624 0.00207766 7.858e-05
281 Pubmed_feat_L1.txt 0.00138631 0.0013172 6.9112e-05
282 Pubmed_feat_L1.txt 0.00255446 0.00247351 8.0948e-05
283 Pubmed_feat_L1.txt 0.00145811 0.00138453 7.3583e-05
284 Pubmed_feat_L1.txt 0.00227166 0.00219859 7.3077e-05
285 Pubmed_feat_L1.txt 0.00141287 0.00134441 6.8461e-05
286 Pubmed_feat_L1.txt 0.00243559 0.00235235 8.3233e-05
287 Pubmed_feat_L1.txt 0.00146853 0.00138729 8.1242e-05
288 Pubmed_feat_L1.txt 0.0020276 0.00196273 6.487e-05
289 Pubmed_feat_L1.txt 0.00131669 0.00123397 8.2725e-05
290 Pubmed_feat_L1.txt 0.00223245 0.00216252 6.9937e-05
291 Pubmed_feat_L1.txt 0.00138369 0.00130609 7.7604e-05
292 Pubmed_feat_L1.txt 0.00228923 0.00221305 7.6182e-05
293 Pubmed_feat_L1.txt 0.00132788 0.00125838 6.9505e-05
294 Pubmed_feat_L1.txt 0.00231801 0.00224747 7.0539e-05
295 Pubmed_feat_L1.txt 0.00134291 0.00126702 7.5886e-05
296 Pubmed_feat_L1.txt 0.00228145 0.00220127 8.0184e-05
297 Pubmed_feat_L1.txt 0.00135332 0.00128396 6.936e-05
298 Pubmed_feat_L1.txt 0.00219968 0.00212266 7.702e-05
299 Pubmed_feat_L1.txt 0.00143133 0.00135804 7.3283e-05
300 Pubmed_feat_L1.txt 0.00231343 0.00223549 7.7931e-05
301 Pubmed_feat_L1.txt 0.00143915 0.00136132 7.7831e-05
302 Pubmed_feat_L1.txt 0.00228965 0.00220063 8.9019e-05
303 Pubmed_feat_L1.txt 0.00135215 0.00126571 8.644e-05
304 Pubmed_feat_L1.txt 0.00233046 0.00224148 8.8986e-05
305 Pubmed_feat_L1.txt 0.00132637 0.00124666 7.9713e-05
306 Pubmed_feat_L1.txt 0.00219668 0.00211378 8.29e-05
307 Pubmed_feat_L1.txt 0.00139146 0.00131187 7.959e-05
308 Pubmed_feat_L1.txt 0.0021917 0.002107 8.47e-05
309 Pubmed_feat_L1.txt 0.00134875 0.00126247 8.6274e-05
310 Pubmed_feat_L1.txt 0.00255089 0.00246049 9.0398e-05
311 Pubmed_feat_L1.txt 0.00142225 0.00133724 8.5005e-05
312 Pubmed_feat_L1.txt 0.00226856 0.00218739 8.1172e-05
313 Pubmed_feat_L1.txt 0.00150295 0.00141358 8.9368e-05
314 Pubmed_feat_L1.txt 0.00246772 0.00238106 8.6657e-05
315 Pubmed_feat_L1.txt 0.0015363 0.00143486 0.000101442
316 Pubmed_feat_L1.txt 0.00213843 0.0020546 8.3826e-05
317 Pubmed_feat_L1.txt 0.00142504 0.00133656 8.8482e-05
318 Pubmed_feat_L1.txt 0.00241773 0.00232901 8.8727e-05
319 Pubmed_feat_L1.txt 0.00145528 0.00138908 6.6209e-05
320 Pubmed_feat_L1.txt 0.00195593 0.0018887 6.7227e-05
321 Pubmed_feat_L1.txt 0.00137798 0.00131929 5.8688e-05
322 Pubmed_feat_L1.txt 0.0023938 0.00232694 6.6858e-05
323 Pubmed_feat_L1.txt 0.00138119 0.00131948 6.1717e-05
324 Pubmed_feat_L1.txt 0.00227739 0.00221181 6.5583e-05
325 Pubmed_feat_L1.txt 0.00140854 0.00134482 6.3724e-05
326 Pubmed_feat_L1.txt 0.00220214 0.00213893 6.3216e-05
327 Pubmed_feat_L1.txt 0.00140377 0.00134258 6.1185e-05
328 Pubmed_feat_L1.txt 0.00250465 0.00244198 6.2662e-05
329 Pubmed_feat_L1.txt 0.00146682 0.00139298 7.3838e-05
330 Pubmed_feat_L1.txt 0.00247776 0.00240506 7.2701e-05
331 Pubmed_feat_L1.txt 0.0014164 0.00134481 7.1591e-05
332 Pubmed_feat_L1.txt 0.00238346 0.00231533 6.8137e-05
333 Pubmed_feat_L1.txt 0.00137055 0.00130726 6.3287e-05
334 Pubmed_feat_L1.txt 0.00255397 0.00248824 6.5735e-05
335 Pubmed_feat_L1.txt 0.00141719 0.00134642 7.077e-05
336 Pubmed_feat_L1.txt 0.00229472 0.00222974 6.4978e-05
337 Pubmed_feat_L1.txt 0.00138081 0.0013133 6.7508e-05
338 Pubmed_feat_L1.txt 0.00225899 0.00219769 6.1293e-05
339 Pubmed_feat_L1.txt 0.00142794 0.00135613 7.1806e-05
340 Pubmed_feat_L1.txt 0.00222736 0.0021573 7.0057e-05
341 Pubmed_feat_L1.txt 0.00136861 0.00130606 6.255e-05
342 Pubmed_feat_L1.txt 0.00249427 0.00242818 6.609e-05
343 Pubmed_feat_L1.txt 0.00137679 0.00129852 7.8275e-05
344 Pubmed_feat_L1.txt 0.00210515 0.00203723 6.7923e-05
345 Pubmed_feat_L1.txt 0.00139287 0.00131609 7.6773e-05
346 Pubmed_feat_L1.txt 0.00257537 0.00250076 7.461e-05
347 Pubmed_feat_L1.txt 0.00143056 0.00134284 8.772e-05
348 Pubmed_feat_L1.txt 0.00221887 0.00213331 8.5557e-05
349 Pubmed_feat_L1.txt 0.001449 0.00134674 0.000102261
350 Pubmed_feat_L1.txt 0.00246579 0.0023856 8.0195e-05
351 Pubmed_feat_L1.txt 0.00144043 0.00134722 9.3209e-05
352 Pubmed_feat_L1.txt 0.00211504 0.00203852 7.652e-05
353 Pubmed_feat_L1.txt 0.00142842 0.00134574 8.2683e-05
354 Pubmed_feat_L1.txt 0.00233354 0.00224795 8.5593e-05
355 Pubmed_feat_L1.txt 0.00139964 0.00131495 8.4691e-05
356 Pubmed_feat_L1.txt 0.00224469 0.0021617 8.2991e-05
357 Pubmed_feat_L1.txt 0.00152801 0.00144446 8.355e-05
358 Pubmed_feat_L1.txt 0.00232293 0.00225124 7.1692e-05
359 Pubmed_feat_L1.txt 0.00140455 0.00132377 8.078e-05
360 Pubmed_feat_L1.txt 0.00237227 0.00227745 9.4817e-05
361 Pubmed_feat_L1.txt 0.00147343 0.0013929 8.0535e-05
362 Pubmed_feat_L1.txt 0.00220938 0.0021443 6.5081e-05
363 Pubmed_feat_L1.txt 0.00146669 0.00139229 7.4398e-05
364 Pubmed_feat_L1.txt 0.00238192 0.00229653 8.5388e-05
365 Pubmed_feat_L1.txt 0.0014371 0.00136818 6.8919e-05
366 Pubmed_feat_L1.txt 0.00236099 0.00228437 7.662e-05
367 Pubmed_feat_L1.txt 0.00144259 0.00137712 6.5462e-05
368 Pubmed_feat_L1.txt 0.00231721 0.00225991 5.7297e-05
369 Pubmed_feat_L1.txt 0.00144143 0.00138049 6.0938e-05
370 Pubmed_feat_L1.txt 0.00227048 0.00219627 7.4208e-05
371 Pubmed_feat_L1.txt 0.00146037 0.00137472 8.5647e-05
372 Pubmed_feat_L1.txt 0.00214135 0.00206378 7.7572e-05
373 Pubmed_feat_L1.txt 0.00145241 0.00136603 8.6372e-05
374 Pubmed_feat_L1.txt 0.00250855 0.00243071 7.7844e-05
375 Pubmed_feat_L1.txt 0.00139799 0.00131735 8.0637e-05
376 Pubmed_feat_L1.txt 0.00232324 0.00225299 7.0249e-05
377 Pubmed_feat_L1.txt 0.00146871 0.00139199 7.6722e-05
378 Pubmed_feat_L1.txt 0.00250158 0.002435 6.6581e-05
379 Pubmed_feat_L1.txt 0.00147012 0.00138525 8.4871e-05
380 Pubmed_feat_L1.txt 0.0021765 0.00209541 8.1094e-05
381 Pubmed_feat_L1.txt 0.00145864 0.00138369 7.495e-05
382 Pubmed_feat_L1.txt 0.00238675 0.00231937 6.7383e-05
383 Pubmed_feat_L1.txt 0.00158945 0.0013304 0.000259047
0 Pubmed_A.txt 0.00568056 0.00567732 3.235e-06
1 Pubmed_A.txt 0.00568058 0.00567385 6.728e-06
2 Pubmed_A.txt 0.00567374 0.00566956 4.179e-06
3 Pubmed_A.txt 0.00566868 0.00566569 2.995e-06
4 Pubmed_A.txt 0.00566381 0.00566089 2.918e-06
5 Pubmed_A.txt 0.00566123 0.00565749 3.733e-06
6 Pubmed_A.txt 0.00565731 0.00565402 3.295e-06
7 Pubmed_A.txt 0.00565322 0.00565036 2.859e-06
8 Pubmed_A.txt 0.00564722 0.00564425 2.975e-06
9 Pubmed_A.txt 0.00564612 0.00564256 3.561e-06
10 Pubmed_A.txt 0.00564174 0.00563736 4.381e-06
11 Pubmed_A.txt 0.00563955 0.00563672 2.824e-06
12 Pubmed_A.txt 0.00563414 0.00563105 3.09e-06
13 Pubmed_A.txt 0.00563028 0.00562634 3.939e-06
14 Pubmed_A.txt 0.00562642 0.00562235 4.069e-06
15 Pubmed_A.txt 0.00562354 0.00561912 4.418e-06
16 Pubmed_A.txt 0.00561322 0.00560906 4.153e-06
17 Pubmed_A.txt 0.00561175 0.00560477 6.986e-06
18 Pubmed_A.txt 0.00560627 0.00560169 4.589e-06
19 Pubmed_A.txt 0.0056046 0.0055999 4.7e-06
20 Pubmed_A.txt 0.00559884 0.00559412 4.726e-06
21 Pubmed_A.txt 0.0055999 0.00559121 8.688e-06
22 Pubmed_A.txt 0.00558751 0.00558474 2.771e-06
23 Pubmed_A.txt 0.00558444 0.00558094 3.505e-06
24 Pubmed_A.txt 0.00558703 0.0055822 4.826e-06
25 Pubmed_A.txt 0.00558579 0.00558091 4.878e-06
26 Pubmed_A.txt 0.00557614 0.00557208 4.06e-06
27 Pubmed_A.txt 0.00557595 0.00557257 3.38e-06
28 Pubmed_A.txt 0.0055566 0.00555222 4.38e-06
29 Pubmed_A.txt 0.00555455 0.00555061 3.938e-06
30 Pubmed_A.txt 0.00555112 0.00554806 3.066e-06
31 Pubmed_A.txt 0.00554746 0.00554287 4.59e-06
32 Pubmed_A.txt 0.00554416 0.00553922 4.938e-06
33 Pubmed_A.txt 0.00554019 0.00553354 6.648e-06
34 Pubmed_A.txt 0.00553659 0.00553223 4.362e-06
35 Pubmed_A.txt 0.00553295 0.00552789 5.066e-06
36 Pubmed_A.txt 0.00553006 0.00552462 5.432e-06
37 Pubmed_A.txt 0.0055234 0.00551945 3.953e-06
38 Pubmed_A.txt 0.0055192 0.00551539 3.805e-06
39 Pubmed_A.txt 0.00551762 0.00551423 3.388e-06
40 Pubmed_A.txt 0.00551571 0.00551216 3.552e-06
41 Pubmed_A.txt 0.00551112 0.00550829 2.832e-06
42 Pubmed_A.txt 0.00557134 0.00556706 4.283e-06
43 Pubmed_A.txt 0.00557724 0.0055729 4.344e-06
44 Pubmed_A.txt 0.00559777 0.00559441 3.36e-06
45 Pubmed_A.txt 0.00559951 0.0055957 3.816e-06
46 Pubmed_A.txt 0.0055997 0.00559644 3.263e-06
47 Pubmed_A.txt 0.00565429 0.00565084 3.454e-06
48 Pubmed_A.txt 0.00565283 0.0056495 3.333e-06
49 Pubmed_A.txt 0.00564915 0.00564629 2.853e-06
50 Pubmed_A.txt 0.00564716 0.00564397 3.189e-06
51 Pubmed_A.txt 0.00564613 0.00564149 4.637e-06
52 Pubmed_A.txt 0.00564193 0.00563811 3.818e-06
53 Pubmed_A.txt 0.00564064 0.00563642 4.214e-06
54 Pubmed_A.txt 0.00563856 0.00563579 2.775e-06
55 Pubmed_A.txt 0.00564217 0.0056391 3.069e-06
56 Pubmed_A.txt 0.00563678 0.00563304 3.732e-06
57 Pubmed_A.txt 0.00563215 0.00562888 3.267e-06
58 Pubmed_A.txt 0.00561876 0.00561624 2.518e-06
59 Pubmed_A.txt 0.00561364 0.00561046 3.173e-06
60 Pubmed_A.txt 0.00561211 0.00560948 2.626e-06
61 Pubmed_A.txt 0.00560936 0.00560632 3.035e-06
62 Pubmed_A.txt 0.00561646 0.00561273 3.721e-06
63 Pubmed_A.txt 0.00561801 0.00561468 3.333e-06
64 Pubmed_A.txt 0.00560741 0.00560437 3.045e-06
65 Pubmed_A.txt 0.00560616 0.00560361 2.541e-06
66 Pubmed_A.txt 0.005598 0.00559507 2.928e-06
67 Pubmed_A.txt 0.00559488 0.00559155 3.333e-06
68 Pubmed_A.txt 0.00559313 0.0055906 2.532e-06
69 Pubmed_A.txt 0.00558987 0.0055862 3.664e-06
70 Pubmed_A.txt 0.00557989 0.00557673 3.168e-06
71 Pubmed_A.txt 0.00557968 0.00557619 3.49e-06
72 Pubmed_A.txt 0.0055836 0.00557942 4.182e-06
73 Pubmed_A.txt 0.00557494 0.00557169 3.243e-06
74 Pubmed_A.txt 0.00557373 0.00557033 3.402e-06
75 Pubmed_A.txt 0.00556658 0.00556261 3.971e-06
76 Pubmed_A.txt 0.00556452 0.00556178 2.734e-06
77 Pubmed_A.txt 0.00555821 0.00555491 3.296e-06
78 Pubmed_A.txt 0.00555891 0.00555473 4.181e-06
79 Pubmed_A.txt 0.00555437 0.00554666 7.71e-06
80 Pubmed_A.txt 0.00554983 0.00554375 6.077e-06
81 Pubmed_A.txt 0.00554598 0.00554155 4.428e-06
82 Pubmed_A.txt 0.00553682 0.00553212 4.698e-06
83 Pubmed_A.txt 0.00553348 0.00552784 5.637e-06
84 Pubmed_A.txt 0.00552793 0.00552344 4.492e-06
85 Pubmed_A.txt 0.00552645 0.00552219 4.259e-06
86 Pubmed_A.txt 0.00552207 0.00551812 3.951e-06
87 Pubmed_A.txt 0.00552081 0.00551702 3.794e-06
88 Pubmed_A.txt 0.00551148 0.00550798 3.498e-06
89 Pubmed_A.txt 0.00550784 0.00550429 3.547e-06
90 Pubmed_A.txt 0.00550707 0.00550299 4.08e-06
91 Pubmed_A.txt 0.0054961 0.00549279 3.311e-06
92 Pubmed_A.txt 0.00549819 0.00549417 4.027e-06
93 Pubmed_A.txt 0.00550098 0.00549672 4.264e-06
94 Pubmed_A.txt 0.00549532 0.00549141 3.908e-06
95 Pubmed_A.txt 0.00584137 0.00583749 3.873e-06
96 Pubmed_A.txt 0.00584423 0.00583737 6.861e-06
97 Pubmed_A.txt 0.00583899 0.0058336 5.394e-06
98 Pubmed_A.txt 0.00583723 0.00583133 5.906e-06
99 Pubmed_A.txt 0.00583168 0.00582752 4.164e-06
100 Pubmed_A.txt 0.00582986 0.00582619 3.669e-06
101 Pubmed_A.txt 0.00582928 0.00582317 6.105e-06
102 Pubmed_A.txt 0.0058226 0.00581948 3.119e-06
103 Pubmed_A.txt 0.00582215 0.00581815 4e-06
104 Pubmed_A.txt 0.0058216 0.00581676 4.841e-06
105 Pubmed_A.txt 0.00581696 0.00581298 3.979e-06
106 Pubmed_A.txt 0.00581512 0.00581038 4.747e-06
107 Pubmed_A.txt 0.00581186 0.00580799 3.872e-06
108 Pubmed_A.txt 0.00581039 0.005806 4.392e-06
109 Pubmed_A.txt 0.00580817 0.00580382 4.344e-06
110 Pubmed_A.txt 0.00580592 0.00580115 4.771e-06
111 Pubmed_A.txt 0.00580448 0.00579906 5.421e-06
112 Pubmed_A.txt 0.00580184 0.00579662 5.219e-06
113 Pubmed_A.txt 0.00580071 0.00579505 5.656e-06
114 Pubmed_A.txt 0.00579605 0.00579211 3.937e-06
115 Pubmed_A.txt 0.00579258 0.00578891 3.67e-06
116 Pubmed_A.txt 0.00579163 0.00578677 4.86e-06
117 Pubmed_A.txt 0.0057896 0.00578477 4.838e-06
118 Pubmed_A.txt 0.00578625 0.00578215 4.104e-06
119 Pubmed_A.txt 0.00578602 0.00578149 4.533e-06
120 Pubmed_A.txt 0.00578501 0.00577908 5.926e-06
121 Pubmed_A.txt 0.00582136 0.00581755 3.806e-06
122 Pubmed_A.txt 0.00582876 0.00582356 5.2e-06
123 Pubmed_A.txt 0.00583247 0.00582878 3.685e-06
124 Pubmed_A.txt 0.00590386 0.0058993 4.559e-06
125 Pubmed_A.txt 0.00597238 0.00596604 6.333e-06
126 Pubmed_A.txt 0.00599557 0.0059827 1.2876e-05
127 Pubmed_A.txt 0.00598784 0.00597931 8.536e-06
128 Pubmed_A.txt 0.00598546 0.00598123 4.231e-06
129 Pubmed_A.txt 0.00598872 0.00598302 5.703e-06
130 Pubmed_A.txt 0.00598438 0.00597726 7.119e-06
131 Pubmed_A.txt 0.00597241 0.00596784 4.565e-06
132 Pubmed_A.txt 0.0059661 0.00596106 5.038e-06
133 Pubmed_A.txt 0.00596176 0.00595655 5.213e-06
134 Pubmed_A.txt 0.00596237 0.0059547 7.666e-06
135 Pubmed_A.txt 0.00595967 0.00595406 5.609e-06
136 Pubmed_A.txt 0.00595767 0.00595352 4.152e-06
137 Pubmed_A.txt 0.00595085 0.00594634 4.51e-06
138 Pubmed_A.txt 0.00594861 0.00594392 4.699e-06
139 Pubmed_A.txt 0.00594937 0.0059436 5.775e-06
140 Pubmed_A.txt 0.00594481 0.00594048 4.331e-06
141 Pubmed_A.txt 0.00594502 0.00593931 5.71e-06
142 Pubmed_A.txt 0.00593783 0.00593364 4.195e-06
143 Pubmed_A.txt 0.00624532 0.00624242 2.894e-06
144 Pubmed_A.txt 0.00624557 0.00624221 3.36e-06
145 Pubmed_A.txt 0.00624253 0.00623847 4.058e-06
146 Pubmed_A.txt 0.0062386 0.0062346 3.999e-06
147 Pubmed_A.txt 0.00623544 0.00623117 4.267e-06
148 Pubmed_A.txt 0.00623113 0.00622716 3.975e-06
149 Pubmed_A.txt 0.0062299 0.00622454 5.37e-06
150 Pubmed_A.txt 0.00622466 0.00622047 4.184e-06
151 Pubmed_A.txt 0.00622059 0.00621653 4.054e-06
152 Pubmed_A.txt 0.00621857 0.00621433 4.24e-06
153 Pubmed_A.txt 0.00621422 0.00621014 4.083e-06
154 Pubmed_A.txt 0.00620855 0.00620605 2.5e-06
155 Pubmed_A.txt 0.00620984 0.00620432 5.525e-06
156 Pubmed_A.txt 0.00620365 0.0061991 4.55e-06
157 Pubmed_A.txt 0.00620364 0.00619438 9.262e-06
158 Pubmed_A.txt 0.00620188 0.00619862 3.26e-06
159 Pubmed_A.txt 0.00619681 0.00619234 4.473e-06
160 Pubmed_A.txt 0.00619627 0.00619123 5.045e-06
161 Pubmed_A.txt 0.00618915 0.00618555 3.6e-06
162 Pubmed_A.txt 0.00618956 0.00618554 4.02e-06
163 Pubmed_A.txt 0.00618257 0.00617718 5.391e-06
164 Pubmed_A.txt 0.00617794 0.00617044 7.496e-06
165 Pubmed_A.txt 0.00617887 0.00616956 9.307e-06
166 Pubmed_A.txt 0.00616923 0.0061622 7.028e-06
167 Pubmed_A.txt 0.00617086 0.00616147 9.393e-06
168 Pubmed_A.txt 0.00615978 0.00615602 3.761e-06
169 Pubmed_A.txt 0.00615847 0.00615434 4.132e-06
170 Pubmed_A.txt 0.00615103 0.00614671 4.318e-06
171 Pubmed_A.txt 0.00615089 0.00614653 4.357e-06
172 Pubmed_A.txt 0.00615187 0.00614323 8.642e-06
173 Pubmed_A.txt 0.0061494 0.00613964 9.763e-06
174 Pubmed_A.txt 0.00614188 0.00613556 6.325e-06
175 Pubmed_A.txt 0.00613857 0.00613146 7.112e-06
176 Pubmed_A.txt 0.00613383 0.00612705 6.782e-06
177 Pubmed_A.txt 0.00613366 0.00612406 9.603e-06
178 Pubmed_A.txt 0.00612833 0.00612089 7.443e-06
179 Pubmed_A.txt 0.00612835 0.00611795 1.04e-05
180 Pubmed_A.txt 0.0061177 0.00611311 4.591e-06
181 Pubmed_A.txt 0.00611899 0.0061111 7.883e-06
182 Pubmed_A.txt 0.00611394 0.00610639 7.551e-06
183 Pubmed_A.txt 0.00611192 0.00610456 7.356e-06
184 Pubmed_A.txt 0.00610734 0.00609936 7.982e-06
185 Pubmed_A.txt 0.00610183 0.00609556 6.264e-06
186 Pubmed_A.txt 0.00610362 0.00609173 1.1896e-05
187 Pubmed_A.txt 0.00609408 0.00608793 6.146e-06
188 Pubmed_A.txt 0.00609358 0.0060855 8.084e-06
189 Pubmed_A.txt 0.00609706 0.00608305 1.4005e-05
190 Pubmed_A.txt 0.00608691 0.00607757 9.347e-06
191 Pubmed_A.txt 0.00631346 0.00630617 7.287e-06
192 Pubmed_A.txt 0.00631597 0.00630491 1.1062e-05
193 Pubmed_A.txt 0.00632502 0.00631799 7.023e-06
194 Pubmed_A.txt 0.00633253 0.0063244 8.128e-06
195 Pubmed_A.txt 0.00633577 0.006328 7.768e-06
196 Pubmed_A.txt 0.00633958 0.00633266 6.923e-06
197 Pubmed_A.txt 0.00634617 0.00633742 8.744e-06
198 Pubmed_A.txt 0.00634915 0.00634156 7.588e-06
199 Pubmed_A.txt 0.00635141 0.00633922 1.219e-05
200 Pubmed_A.txt 0.00634996 0.00634114 8.823e-06
201 Pubmed_A.txt 0.00635439 0.00634152 1.2871e-05
202 Pubmed_A.txt 0.00635231 0.00634244 9.873e-06
203 Pubmed_A.txt 0.00635234 0.0063424 9.935e-06
204 Pubmed_A.txt 0.00635295 0.00634219 1.0767e-05
205 Pubmed_A.txt 0.00635932 0.00634255 1.6769e-05
206 Pubmed_A.txt 0.00635632 0.00634197 1.4345e-05
207 Pubmed_A.txt 0.00635333 0.00634271 1.0622e-05
208 Pubmed_A.txt 0.00635854 0.00634335 1.5193e-05
209 Pubmed_A.txt 0.00635997 0.00634275 1.7217e-05
210 Pubmed_A.txt 0.00636245 0.00634336 1.9083e-05
211 Pubmed_A.txt 0.0063525 0.0063428 9.703e-06
212 Pubmed_A.txt 0.00635088 0.00634221 8.672e-06
213 Pubmed_A.txt 0.00635277 0.0063422 1.0565e-05
214 Pubmed_A.txt 0.00636587 0.00634322 2.2653e-05
215 Pubmed_A.txt 0.00636372 0.00634445 1.9276e-05
216 Pubmed_A.txt 0.00668459 0.00667243 1.2161e-05
217 Pubmed_A.txt 0.00677182 0.00675454 1.7281e-05
218 Pubmed_A.txt 0.00676621 0.00675192 1.4292e-05
219 Pubmed_A.txt 0.00679145 0.00677274 1.871e-05
220 Pubmed_A.txt 0.00679218 0.00678046 1.1725e-05
221 Pubmed_A.txt 0.00679405 0.00678105 1.3001e-05
222 Pubmed_A.txt 0.00680345 0.00678525 1.8198e-05
223 Pubmed_A.txt 0.00679088 0.00678481 6.07e-06
224 Pubmed_A.txt 0.00679312 0.0067856 7.516e-06
225 Pubmed_A.txt 0.00678581 0.00677862 7.182e-06
226 Pubmed_A.txt 0.00678559 0.0067794 6.188e-06
227 Pubmed_A.txt 0.00678799 0.00678261 5.38e-06
228 Pubmed_A.txt 0.00678898 0.0067827 6.281e-06
229 Pubmed_A.txt 0.00678932 0.00678293 6.388e-06
230 Pubmed_A.txt 0.00678767 0.00678247 5.192e-06
231 Pubmed_A.txt 0.00679549 0.00678746 8.028e-06
232 Pubmed_A.txt 0.00679258 0.00678089 1.1688e-05
233 Pubmed_A.txt 0.00678382 0.00677352 1.0303e-05
234 Pubmed_A.txt 0.00679669 0.00677305 2.3644e-05
235 Pubmed_A.txt 0.00677654 0.00676481 1.1726e-05
236 Pubmed_A.txt 0.00677484 0.00676556 9.278e-06
237 Pubmed_A.txt 0.00677189 0.00675816 1.3727e-05
238 Pubmed_A.txt 0.00676756 0.00675536 1.22e-05
239 Pubmed_A.txt 0.00690159 0.00688531 1.6277e-05
240 Pubmed_A.txt 0.00689717 0.0068856 1.1579e-05
241 Pubmed_A.txt 0.0068988 0.00688316 1.5638e-05
242 Pubmed_A.txt 0.00689611 0.00688098 1.5131e-05
243 Pubmed_A.txt 0.00689627 0.00687828 1.7989e-05
244 Pubmed_A.txt 0.00688815 0.00687685 1.1295e-05
245 Pubmed_A.txt 0.00688269 0.00687384 8.851e-06
246 Pubmed_A.txt 0.00687846 0.00687085 7.61e-06
247 Pubmed_A.txt 0.00688188 0.00686863 1.3257e-05
248 Pubmed_A.txt 0.00687469 0.00686625 8.436e-06
249 Pubmed_A.txt 0.00688125 0.00686406 1.7189e-05
250 Pubmed_A.txt 0.00688163 0.00686093 2.0702e-05
251 Pubmed_A.txt 0.00686623 0.00685788 8.344e-06
252 Pubmed_A.txt 0.00686289 0.00685609 6.796e-06
253 Pubmed_A.txt 0.00685792 0.00685319 4.734e-06
254 Pubmed_A.txt 0.0068601 0.00685179 8.303e-06
255 Pubmed_A.txt 0.00685775 0.0068492 8.558e-06
256 Pubmed_A.txt 0.00686006 0.00684691 1.3145e-05
257 Pubmed_A.txt 0.00685805 0.00684426 1.379e-05
258 Pubmed_A.txt 0.00685964 0.0068423 1.7343e-05
259 Pubmed_A.txt 0.00685185 0.00683969 1.2159e-05
260 Pubmed_A.txt 0.00685407 0.00683673 1.7336e-05
261 Pubmed_A.txt 0.00684278 0.00683571 7.071e-06
262 Pubmed_A.txt 0.00683901 0.00683258 6.43e-06
263 Pubmed_A.txt 0.00685066 0.00683071 1.995e-05
264 Pubmed_A.txt 0.00702959 0.00701353 1.6058e-05
265 Pubmed_A.txt 0.00708782 0.00707642 1.1393e-05
266 Pubmed_A.txt 0.00709046 0.00707627 1.4187e-05
267 Pubmed_A.txt 0.00708694 0.00707925 7.688e-06
268 Pubmed_A.txt 0.00709106 0.00708287 8.186e-06
269 Pubmed_A.txt 0.00709861 0.00708894 9.666e-06
270 Pubmed_A.txt 0.00711168 0.00710075 1.0932e-05
271 Pubmed_A.txt 0.00712731 0.00711167 1.5636e-05
272 Pubmed_A.txt 0.00712671 0.00711728 9.433e-06
273 Pubmed_A.txt 0.00713793 0.00713264 5.292e-06
274 Pubmed_A.txt 0.00715641 0.00713681 1.9598e-05
275 Pubmed_A.txt 0.00714931 0.00714063 8.68e-06
276 Pubmed_A.txt 0.00713921 0.0071323 6.91e-06
277 Pubmed_A.txt 0.00713761 0.00713231 5.302e-06
278 Pubmed_A.txt 0.00714393 0.00713676 7.167e-06
279 Pubmed_A.txt 0.00714009 0.00713399 6.099e-06
280 Pubmed_A.txt 0.00714256 0.00713446 8.1e-06
281 Pubmed_A.txt 0.00714381 0.00713621 7.599e-06
282 Pubmed_A.txt 0.00715164 0.0071448 6.841e-06
283 Pubmed_A.txt 0.00715459 0.00714822 6.367e-06
284 Pubmed_A.txt 0.00716239 0.00715784 4.548e-06
285 Pubmed_A.txt 0.00717889 0.00717186 7.033e-06
286 Pubmed_A.txt 0.00719804 0.0071934 4.642e-06
287 Pubmed_A.txt 0.00741498 0.00741027 4.716e-06
288 Pubmed_A.txt 0.00741471 0.00740974 4.964e-06
289 Pubmed_A.txt 0.00746558 0.00745875 6.827e-06
290 Pubmed_A.txt 0.00748693 0.00747996 6.966e-06
291 Pubmed_A.txt 0.00751593 0.00750276 1.3175e-05
292 Pubmed_A.txt 0.00754374 0.00753895 4.791e-06
293 Pubmed_A.txt 0.00756157 0.00755402 7.545e-06
294 Pubmed_A.txt 0.0076043 0.00759887 5.43e-06
295 Pubmed_A.txt 0.00761848 0.00760849 9.989e-06
296 Pubmed_A.txt 0.00761653 0.00760942 7.105e-06
297 Pubmed_A.txt 0.00763616 0.00762868 7.48e-06
298 Pubmed_A.txt 0.00764641 0.0076396 6.809e-06
299 Pubmed_A.txt 0.00764553 0.00764006 5.472e-06
300 Pubmed_A.txt 0.00764604 0.00764096 5.088e-06
301 Pubmed_A.txt 0.00765695 0.0076491 7.852e-06
302 Pubmed_A.txt 0.00765787 0.00765427 3.599e-06
303 Pubmed_A.txt 0.00765353 0.00764684 6.683e-06
304 Pubmed_A.txt 0.00765463 0.0076468 7.829e-06
305 Pubmed_A.txt 0.00765521 0.00764723 7.983e-06
306 Pubmed_A.txt 0.00765976 0.00764759 1.2168e-05
307 Pubmed_A.txt 0.00763481 0.00762655 8.253e-06
308 Pubmed_A.txt 0.00763383 0.0076264 7.434e-06
309 Pubmed_A.txt 0.00760738 0.00759874 8.64e-06
310 Pubmed_A.txt 0.00760382 0.00759753 6.29e-06
311 Pubmed_A.txt 0.00759078 0.00758229 8.496e-06
312 Pubmed_A.txt 0.00779082 0.0077857 5.115e-06
313 Pubmed_A.txt 0.00783666 0.00783128 5.377e-06
314 Pubmed_A.txt 0.0078355 0.00782865 6.849e-06
315 Pubmed_A.txt 0.00783997 0.00783534 4.634e-06
316 Pubmed_A.txt 0.00785383 0.00784701 6.821e-06
317 Pubmed_A.txt 0.00787131 0.00786802 3.282e-06
318 Pubmed_A.txt 0.00787965 0.0078748 4.845e-06
319 Pubmed_A.txt 0.00789934 0.00788595 1.3395e-05
320 Pubmed_A.txt 0.00790165 0.00789449 7.158e-06
321 Pubmed_A.txt 0.00790812 0.00789948 8.645e-06
322 Pubmed_A.txt 0.00791965 0.00790432 1.5325e-05
323 Pubmed_A.txt 0.00793375 0.0079115 2.225e-05
324 Pubmed_A.txt 0.00793062 0.00791681 1.3814e-05
325 Pubmed_A.txt 0.00793941 0.00792502 1.4398e-05
326 Pubmed_A.txt 0.00794347 0.00792627 1.72e-05
327 Pubmed_A.txt 0.0079518 0.00793235 1.9454e-05
328 Pubmed_A.txt 0.00795677 0.0079393 1.7472e-05
329 Pubmed_A.txt 0.00795135 0.00794213 9.222e-06
330 Pubmed_A.txt 0.00794881 0.00793906 9.748e-06
331 Pubmed_A.txt 0.0079442 0.00793945 4.755e-06
332 Pubmed_A.txt 0.00794622 0.00793935 6.869e-06
333 Pubmed_A.txt 0.00795269 0.00793322 1.9473e-05
334 Pubmed_A.txt 0.00793731 0.0079329 4.403e-06
335 Pubmed_A.txt 0.00798507 0.00795747 2.7607e-05
336 Pubmed_A.txt 0.00797717 0.00796309 1.4085e-05
337 Pubmed_A.txt 0.00796955 0.00796014 9.415e-06
338 Pubmed_A.txt 0.008018 0.00799265 2.5354e-05
339 Pubmed_A.txt 0.00805465 0.00804823 6.413e-06
340 Pubmed_A.txt 0.00805546 0.00804976 5.695e-06
341 Pubmed_A.txt 0.00810357 0.00807721 2.6351e-05
342 Pubmed_A.txt 0.00808417 0.00807458 9.593e-06
343 Pubmed_A.txt 0.00809145 0.00807684 1.4619e-05
344 Pubmed_A.txt 0.00809558 0.00807801 1.7565e-05
345 Pubmed_A.txt 0.00809804 0.00807368 2.4361e-05
346 Pubmed_A.txt 0.00809185 0.00807079 2.1057e-05
347 Pubmed_A.txt 0.00808591 0.00806993 1.5988e-05
348 Pubmed_A.txt 0.00807813 0.00806923 8.902e-06
349 Pubmed_A.txt 0.00807783 0.00806984 7.989e-06
350 Pubmed_A.txt 0.00807 0.00806209 7.915e-06
351 Pubmed_A.txt 0.00806815 0.00805665 1.1502e-05
352 Pubmed_A.txt 0.00807139 0.00805625 1.5144e-05
353 Pubmed_A.txt 0.00806549 0.008056 9.484e-06
354 Pubmed_A.txt 0.00807329 0.00806573 7.557e-06
355 Pubmed_A.txt 0.00809015 0.00808268 7.47e-06
356 Pubmed_A.txt 0.00811181 0.00809837 1.3434e-05
357 Pubmed_A.txt 0.00811561 0.00810707 8.54e-06
358 Pubmed_A.txt 0.00812551 0.00811652 8.993e-06
359 Pubmed_A.txt 0.00818137 0.0081621 1.927e-05
360 Pubmed_A.txt 0.00822783 0.0082176 1.0232e-05
361 Pubmed_A.txt 0.00823586 0.00822928 6.579e-06
362 Pubmed_A.txt 0.00824101 0.00823005 1.0953e-05
363 Pubmed_A.txt 0.00823079 0.00822662 4.17e-06
364 Pubmed_A.txt 0.00823596 0.00822681 9.157e-06
365 Pubmed_A.txt 0.00823168 0.00822615 5.525e-06
366 Pubmed_A.txt 0.00824126 0.00823395 7.304e-06
367 Pubmed_A.txt 0.00825303 0.00824195 1.1087e-05
368 Pubmed_A.txt 0.00826751 0.00825207 1.5443e-05
369 Pubmed_A.txt 0.00827788 0.00826823 9.657e-06
370 Pubmed_A.txt 0.00830773 0.00828026 2.7471e-05
371 Pubmed_A.txt 0.00831282 0.00829261 2.0213e-05
372 Pubmed_A.txt 0.00833062 0.00830474 2.5872e-05
373 Pubmed_A.txt 0.00833521 0.00831838 1.6829e-05
374 Pubmed_A.txt 0.0083523 0.00833107 2.1229e-05
375 Pubmed_A.txt 0.00836702 0.00834487 2.2149e-05
376 Pubmed_A.txt 0.00839945 0.00835953 3.9924e-05
377 Pubmed_A.txt 0.00839288 0.00837125 2.1639e-05
378 Pubmed_A.txt 0.0084029 0.0083837 1.92e-05
379 Pubmed_A.txt 0.00840623 0.00839706 9.167e-06
380 Pubmed_A.txt 0.00843744 0.00840999 2.7458e-05
381 Pubmed_A.txt 0.00844747 0.00842148 2.5985e-05
382 Pubmed_A.txt 0.00843565 0.00842635 9.303e-06
383 Pubmed_A.txt 0.00572113 0.00567917 4.1954e-05
TACC:  Shutdown complete. Exiting. 
