TACC:  Starting up job 10024561 
TACC:  Starting parallel tasks... 
0 Cora_feat_L2.txt 0.00226574 0.0022637 2.032e-06
1 Cora_feat_L2.txt 0.00139848 0.0013967 1.786e-06
2 Cora_feat_L2.txt 0.00216055 0.00215855 1.993e-06
3 Cora_feat_L2.txt 0.00137296 0.00137119 1.766e-06
4 Cora_feat_L2.txt 0.00206272 0.00206117 1.55e-06
5 Cora_feat_L2.txt 0.00138054 0.0013786 1.945e-06
6 Cora_feat_L2.txt 0.00229802 0.00229617 1.853e-06
7 Cora_feat_L2.txt 0.00127915 0.00127741 1.739e-06
8 Cora_feat_L2.txt 0.00211523 0.00211315 2.084e-06
9 Cora_feat_L2.txt 0.00140619 0.00140459 1.607e-06
10 Cora_feat_L2.txt 0.00232722 0.00232551 1.718e-06
11 Cora_feat_L2.txt 0.0012598 0.0012581 1.706e-06
12 Cora_feat_L2.txt 0.00222409 0.00222234 1.748e-06
13 Cora_feat_L2.txt 0.00136714 0.00136528 1.861e-06
14 Cora_feat_L2.txt 0.00233971 0.00233767 2.046e-06
15 Cora_feat_L2.txt 0.00136883 0.001367 1.833e-06
16 Cora_feat_L2.txt 0.0020634 0.00206166 1.738e-06
17 Cora_feat_L2.txt 0.00146527 0.00146352 1.75e-06
18 Cora_feat_L2.txt 0.0023905 0.00238872 1.776e-06
19 Cora_feat_L2.txt 0.00134184 0.00134031 1.522e-06
20 Cora_feat_L2.txt 0.00231117 0.00230958 1.589e-06
21 Cora_feat_L2.txt 0.00132164 0.00131989 1.752e-06
22 Cora_feat_L2.txt 0.0023695 0.00236774 1.754e-06
23 Cora_feat_L2.txt 0.00135832 0.0013564 1.918e-06
24 Cora_feat_L2.txt 0.00231506 0.00231331 1.745e-06
25 Cora_feat_L2.txt 0.00141578 0.00141386 1.92e-06
26 Cora_feat_L2.txt 0.00222409 0.00222235 1.739e-06
27 Cora_feat_L2.txt 0.00133738 0.0013356 1.774e-06
28 Cora_feat_L2.txt 0.00237887 0.00237704 1.834e-06
29 Cora_feat_L2.txt 0.00136987 0.00136816 1.703e-06
30 Cora_feat_L2.txt 0.0024187 0.00241693 1.772e-06
31 Cora_feat_L2.txt 0.00134541 0.00134377 1.637e-06
32 Cora_feat_L2.txt 0.00226532 0.00226337 1.947e-06
33 Cora_feat_L2.txt 0.00145055 0.00144885 1.691e-06
34 Cora_feat_L2.txt 0.00202213 0.00202034 1.789e-06
35 Cora_feat_L2.txt 0.00132061 0.00131885 1.765e-06
36 Cora_feat_L2.txt 0.00202647 0.00202461 1.856e-06
37 Cora_feat_L2.txt 0.00134394 0.00134219 1.75e-06
38 Cora_feat_L2.txt 0.00230469 0.00230288 1.804e-06
39 Cora_feat_L2.txt 0.00135605 0.00135438 1.673e-06
40 Cora_feat_L2.txt 0.00212724 0.00212541 1.831e-06
41 Cora_feat_L2.txt 0.00142531 0.00142342 1.892e-06
42 Cora_feat_L2.txt 0.00245865 0.00245671 1.94e-06
43 Cora_feat_L2.txt 0.0012659 0.0012642 1.708e-06
44 Cora_feat_L2.txt 0.00215335 0.00215153 1.815e-06
45 Cora_feat_L2.txt 0.00143659 0.00143464 1.948e-06
46 Cora_feat_L2.txt 0.00236279 0.00236088 1.905e-06
47 Cora_feat_L2.txt 0.00134493 0.00134308 1.85e-06
48 Cora_feat_L2.txt 0.00199207 0.00199007 1.999e-06
49 Cora_feat_L2.txt 0.00136378 0.00136197 1.81e-06
50 Cora_feat_L2.txt 0.00208248 0.00208073 1.745e-06
51 Cora_feat_L2.txt 0.0013145 0.00130379 1.0709e-05
52 Cora_feat_L2.txt 0.00210439 0.00210259 1.803e-06
53 Cora_feat_L2.txt 0.0013509 0.00134915 1.755e-06
54 Cora_feat_L2.txt 0.00215358 0.00215173 1.85e-06
55 Cora_feat_L2.txt 0.0013977 0.00139599 1.703e-06
56 Cora_feat_L2.txt 0.00200247 0.00200077 1.7e-06
57 Cora_feat_L2.txt 0.00138071 0.00137893 1.773e-06
58 Cora_feat_L2.txt 0.00255512 0.00255338 1.743e-06
59 Cora_feat_L2.txt 0.00133553 0.00133385 1.682e-06
60 Cora_feat_L2.txt 0.00216138 0.00215965 1.73e-06
61 Cora_feat_L2.txt 0.00133266 0.00133073 1.931e-06
62 Cora_feat_L2.txt 0.00217536 0.0021733 2.057e-06
63 Cora_feat_L2.txt 0.0013354 0.00133352 1.878e-06
64 Cora_feat_L2.txt 0.00216725 0.00216545 1.804e-06
65 Cora_feat_L2.txt 0.00139732 0.00139554 1.774e-06
66 Cora_feat_L2.txt 0.002196 0.00219405 1.945e-06
67 Cora_feat_L2.txt 0.00134085 0.00133882 2.028e-06
68 Cora_feat_L2.txt 0.00211837 0.00211657 1.804e-06
69 Cora_feat_L2.txt 0.00135559 0.00135384 1.742e-06
70 Cora_feat_L2.txt 0.00228263 0.00228086 1.768e-06
71 Cora_feat_L2.txt 0.0013128 0.00131083 1.969e-06
72 Cora_feat_L2.txt 0.00216978 0.00216793 1.85e-06
73 Cora_feat_L2.txt 0.00136792 0.00135832 9.598e-06
74 Cora_feat_L2.txt 0.00236659 0.00236475 1.837e-06
75 Cora_feat_L2.txt 0.00136381 0.00136192 1.893e-06
76 Cora_feat_L2.txt 0.00219346 0.00219181 1.647e-06
77 Cora_feat_L2.txt 0.00140191 0.0014002 1.712e-06
78 Cora_feat_L2.txt 0.00242431 0.00242232 1.994e-06
79 Cora_feat_L2.txt 0.00134323 0.00134149 1.736e-06
80 Cora_feat_L2.txt 0.00209579 0.00209405 1.739e-06
81 Cora_feat_L2.txt 0.00138913 0.00138723 1.899e-06
82 Cora_feat_L2.txt 0.00233359 0.00233174 1.849e-06
83 Cora_feat_L2.txt 0.00132501 0.00132307 1.939e-06
84 Cora_feat_L2.txt 0.00232226 0.00232057 1.688e-06
85 Cora_feat_L2.txt 0.00143017 0.0014286 1.576e-06
86 Cora_feat_L2.txt 0.00232904 0.00232718 1.861e-06
87 Cora_feat_L2.txt 0.00138169 0.00137997 1.721e-06
88 Cora_feat_L2.txt 0.00229131 0.00228948 1.833e-06
89 Cora_feat_L2.txt 0.00133924 0.00133755 1.693e-06
90 Cora_feat_L2.txt 0.00229916 0.00229719 1.975e-06
91 Cora_feat_L2.txt 0.00139208 0.00139029 1.793e-06
92 Cora_feat_L2.txt 0.00232003 0.00231827 1.761e-06
93 Cora_feat_L2.txt 0.00136805 0.0013661 1.953e-06
94 Cora_feat_L2.txt 0.0023799 0.00237817 1.735e-06
95 Cora_feat_L2.txt 0.00131603 0.00131413 1.894e-06
96 Cora_feat_L2.txt 0.00249821 0.00249635 1.853e-06
97 Cora_feat_L2.txt 0.00129195 0.00128997 1.978e-06
98 Cora_feat_L2.txt 0.00206951 0.00206768 1.828e-06
99 Cora_feat_L2.txt 0.00136016 0.00135818 1.984e-06
100 Cora_feat_L2.txt 0.00198014 0.00197839 1.746e-06
101 Cora_feat_L2.txt 0.00131497 0.00131327 1.706e-06
102 Cora_feat_L2.txt 0.00230913 0.00230727 1.863e-06
103 Cora_feat_L2.txt 0.0013631 0.00136132 1.779e-06
104 Cora_feat_L2.txt 0.00204167 0.00203981 1.869e-06
105 Cora_feat_L2.txt 0.00129057 0.00128868 1.883e-06
106 Cora_feat_L2.txt 0.00240809 0.00240622 1.864e-06
107 Cora_feat_L2.txt 0.00129706 0.00129515 1.914e-06
108 Cora_feat_L2.txt 0.00206559 0.00206368 1.909e-06
109 Cora_feat_L2.txt 0.00135801 0.00135607 1.938e-06
110 Cora_feat_L2.txt 0.00273274 0.00273084 1.9e-06
111 Cora_feat_L2.txt 0.00139232 0.00139025 2.07e-06
112 Cora_feat_L2.txt 0.00191666 0.00191484 1.825e-06
113 Cora_feat_L2.txt 0.0013461 0.00134422 1.882e-06
114 Cora_feat_L2.txt 0.00208821 0.00208611 2.1e-06
115 Cora_feat_L2.txt 0.00131079 0.001309 1.79e-06
116 Cora_feat_L2.txt 0.00212957 0.0021278 1.764e-06
117 Cora_feat_L2.txt 0.00135136 0.00134943 1.931e-06
118 Cora_feat_L2.txt 0.00207861 0.00207668 1.932e-06
119 Cora_feat_L2.txt 0.00138718 0.00138518 1.998e-06
120 Cora_feat_L2.txt 0.00194973 0.00194782 1.914e-06
121 Cora_feat_L2.txt 0.00146612 0.00146416 1.961e-06
122 Cora_feat_L2.txt 0.00249601 0.00249421 1.797e-06
123 Cora_feat_L2.txt 0.00136272 0.0013608 1.923e-06
124 Cora_feat_L2.txt 0.0021164 0.00211444 1.964e-06
125 Cora_feat_L2.txt 0.00139786 0.00139592 1.939e-06
126 Cora_feat_L2.txt 0.00215517 0.00215339 1.786e-06
127 Cora_feat_L2.txt 0.00131949 0.00131743 2.055e-06
128 Cora_feat_L2.txt 0.00215592 0.00215403 1.891e-06
129 Cora_feat_L2.txt 0.00137457 0.00137283 1.743e-06
130 Cora_feat_L2.txt 0.0021278 0.00212586 1.934e-06
131 Cora_feat_L2.txt 0.00128809 0.001286 2.094e-06
132 Cora_feat_L2.txt 0.00209279 0.00209087 1.913e-06
133 Cora_feat_L2.txt 0.00139772 0.0013959 1.823e-06
134 Cora_feat_L2.txt 0.00227228 0.00227055 1.726e-06
135 Cora_feat_L2.txt 0.00126481 0.00126296 1.842e-06
136 Cora_feat_L2.txt 0.00214812 0.00214632 1.808e-06
137 Cora_feat_L2.txt 0.00143556 0.0014336 1.954e-06
138 Cora_feat_L2.txt 0.00232582 0.00232404 1.775e-06
139 Cora_feat_L2.txt 0.00124577 0.00124382 1.948e-06
140 Cora_feat_L2.txt 0.00219667 0.00219471 1.963e-06
141 Cora_feat_L2.txt 0.00138869 0.00138704 1.651e-06
142 Cora_feat_L2.txt 0.00242134 0.00241959 1.751e-06
143 Cora_feat_L2.txt 0.00135925 0.00135749 1.764e-06
144 Cora_feat_L2.txt 0.00207093 0.00206878 2.149e-06
145 Cora_feat_L2.txt 0.00141351 0.00141185 1.664e-06
146 Cora_feat_L2.txt 0.00232897 0.0023272 1.769e-06
147 Cora_feat_L2.txt 0.00130784 0.00130605 1.79e-06
148 Cora_feat_L2.txt 0.00234059 0.0023385 2.098e-06
149 Cora_feat_L2.txt 0.00133024 0.00132849 1.753e-06
150 Cora_feat_L2.txt 0.00234184 0.00233979 2.056e-06
151 Cora_feat_L2.txt 0.00130135 0.00129934 2.016e-06
152 Cora_feat_L2.txt 0.00236714 0.00236527 1.867e-06
153 Cora_feat_L2.txt 0.00134437 0.00134242 1.957e-06
154 Cora_feat_L2.txt 0.00226718 0.00226537 1.81e-06
155 Cora_feat_L2.txt 0.00129266 0.0012906 2.061e-06
156 Cora_feat_L2.txt 0.00238059 0.00237868 1.903e-06
157 Cora_feat_L2.txt 0.00134159 0.00133997 1.621e-06
158 Cora_feat_L2.txt 0.00233441 0.00233252 1.892e-06
159 Cora_feat_L2.txt 0.00130523 0.00130346 1.765e-06
160 Cora_feat_L2.txt 0.00230795 0.00230608 1.866e-06
161 Cora_feat_L2.txt 0.00142128 0.00141936 1.918e-06
162 Cora_feat_L2.txt 0.0020057 0.00200384 1.862e-06
163 Cora_feat_L2.txt 0.00129312 0.00129138 1.733e-06
164 Cora_feat_L2.txt 0.00201035 0.00200832 2.024e-06
165 Cora_feat_L2.txt 0.00132004 0.00131827 1.768e-06
166 Cora_feat_L2.txt 0.00234902 0.00234717 1.852e-06
167 Cora_feat_L2.txt 0.00128785 0.00128565 2.197e-06
168 Cora_feat_L2.txt 0.0020588 0.00205691 1.885e-06
169 Cora_feat_L2.txt 0.00138922 0.00138726 1.962e-06
170 Cora_feat_L2.txt 0.0024513 0.00244948 1.822e-06
171 Cora_feat_L2.txt 0.00132118 0.00131953 1.648e-06
172 Cora_feat_L2.txt 0.00209177 0.00209005 1.723e-06
173 Cora_feat_L2.txt 0.00131533 0.00131356 1.762e-06
174 Cora_feat_L2.txt 0.00242683 0.00242502 1.804e-06
175 Cora_feat_L2.txt 0.00133162 0.00132994 1.68e-06
176 Cora_feat_L2.txt 0.00196501 0.00196337 1.636e-06
177 Cora_feat_L2.txt 0.00134579 0.0013441 1.692e-06
178 Cora_feat_L2.txt 0.00207036 0.00206864 1.721e-06
179 Cora_feat_L2.txt 0.00134455 0.00134261 1.943e-06
180 Cora_feat_L2.txt 0.00210399 0.0021022 1.795e-06
181 Cora_feat_L2.txt 0.00134365 0.00134175 1.904e-06
182 Cora_feat_L2.txt 0.00213829 0.00213656 1.721e-06
183 Cora_feat_L2.txt 0.001354 0.00135208 1.924e-06
184 Cora_feat_L2.txt 0.00201483 0.00201285 1.984e-06
185 Cora_feat_L2.txt 0.00134217 0.00134015 2.017e-06
186 Cora_feat_L2.txt 0.00258467 0.00258274 1.936e-06
187 Cora_feat_L2.txt 0.0013391 0.00133708 2.022e-06
188 Cora_feat_L2.txt 0.00218182 0.00217994 1.883e-06
189 Cora_feat_L2.txt 0.00134438 0.00134257 1.812e-06
190 Cora_feat_L2.txt 0.0021627 0.00216054 2.16e-06
191 Cora_feat_L2.txt 0.0013396 0.00133791 1.696e-06
192 Cora_feat_L2.txt 0.0021686 0.0021669 1.703e-06
193 Cora_feat_L2.txt 0.00137053 0.00136849 2.036e-06
194 Cora_feat_L2.txt 0.00209908 0.00209729 1.785e-06
195 Cora_feat_L2.txt 0.00138236 0.00138058 1.778e-06
196 Cora_feat_L2.txt 0.00211214 0.00211033 1.816e-06
197 Cora_feat_L2.txt 0.00125067 0.00124873 1.94e-06
198 Cora_feat_L2.txt 0.00231742 0.00231553 1.886e-06
199 Cora_feat_L2.txt 0.00131204 0.00131024 1.795e-06
200 Cora_feat_L2.txt 0.00212876 0.00212695 1.813e-06
201 Cora_feat_L2.txt 0.00126278 0.00126084 1.941e-06
202 Cora_feat_L2.txt 0.00244489 0.00244298 1.91e-06
203 Cora_feat_L2.txt 0.00133913 0.00133724 1.898e-06
204 Cora_feat_L2.txt 0.00218133 0.00217956 1.766e-06
205 Cora_feat_L2.txt 0.00128927 0.00128733 1.944e-06
206 Cora_feat_L2.txt 0.00226699 0.00226514 1.85e-06
207 Cora_feat_L2.txt 0.00139135 0.0013897 1.656e-06
208 Cora_feat_L2.txt 0.00199232 0.00199063 1.687e-06
209 Cora_feat_L2.txt 0.001348 0.00134596 2.036e-06
210 Cora_feat_L2.txt 0.00223792 0.00223615 1.765e-06
211 Cora_feat_L2.txt 0.00135079 0.00134915 1.637e-06
212 Cora_feat_L2.txt 0.00234821 0.00234635 1.858e-06
213 Cora_feat_L2.txt 0.00128822 0.00128647 1.747e-06
214 Cora_feat_L2.txt 0.002247 0.00224531 1.697e-06
215 Cora_feat_L2.txt 0.00133119 0.00132912 2.07e-06
216 Cora_feat_L2.txt 0.00232951 0.00232756 1.954e-06
217 Cora_feat_L2.txt 0.00135875 0.00135674 2.015e-06
218 Cora_feat_L2.txt 0.00224449 0.00224284 1.65e-06
219 Cora_feat_L2.txt 0.00138138 0.00137972 1.665e-06
220 Cora_feat_L2.txt 0.0023384 0.0023365 1.909e-06
221 Cora_feat_L2.txt 0.00129702 0.00129517 1.852e-06
222 Cora_feat_L2.txt 0.00242857 0.00242684 1.727e-06
223 Cora_feat_L2.txt 0.00139537 0.00139342 1.956e-06
224 Cora_feat_L2.txt 0.00257769 0.00257583 1.867e-06
225 Cora_feat_L2.txt 0.00132212 0.0013202 1.916e-06
226 Cora_feat_L2.txt 0.00204848 0.00204671 1.765e-06
227 Cora_feat_L2.txt 0.00133128 0.0013296 1.688e-06
228 Cora_feat_L2.txt 0.00205414 0.0020523 1.839e-06
229 Cora_feat_L2.txt 0.0013424 0.00134053 1.862e-06
230 Cora_feat_L2.txt 0.00237661 0.00237474 1.879e-06
231 Cora_feat_L2.txt 0.00137342 0.00137171 1.708e-06
232 Cora_feat_L2.txt 0.00210007 0.0020983 1.769e-06
233 Cora_feat_L2.txt 0.00145366 0.00145189 1.764e-06
234 Cora_feat_L2.txt 0.00246577 0.00246363 2.14e-06
235 Cora_feat_L2.txt 0.00126857 0.00126654 2.032e-06
236 Cora_feat_L2.txt 0.00213383 0.00213206 1.774e-06
237 Cora_feat_L2.txt 0.00139073 0.001389 1.732e-06
238 Cora_feat_L2.txt 0.0025955 0.00259356 1.943e-06
239 Cora_feat_L2.txt 0.00127794 0.00127597 1.969e-06
240 Cora_feat_L2.txt 0.00192865 0.00192662 2.023e-06
241 Cora_feat_L2.txt 0.00137664 0.0013748 1.833e-06
242 Cora_feat_L2.txt 0.0021201 0.00211832 1.779e-06
243 Cora_feat_L2.txt 0.0013736 0.00137183 1.77e-06
244 Cora_feat_L2.txt 0.00207046 0.00206853 1.938e-06
245 Cora_feat_L2.txt 0.00137377 0.00137209 1.681e-06
246 Cora_feat_L2.txt 0.00213487 0.00213303 1.845e-06
247 Cora_feat_L2.txt 0.00139597 0.00139427 1.694e-06
248 Cora_feat_L2.txt 0.00201667 0.00201478 1.883e-06
249 Cora_feat_L2.txt 0.00141058 0.00140869 1.891e-06
250 Cora_feat_L2.txt 0.00258851 0.00258665 1.869e-06
251 Cora_feat_L2.txt 0.00137004 0.00136807 1.965e-06
252 Cora_feat_L2.txt 0.00220836 0.00220658 1.781e-06
253 Cora_feat_L2.txt 0.00131543 0.00131355 1.88e-06
254 Cora_feat_L2.txt 0.00212445 0.00212268 1.769e-06
255 Cora_feat_L2.txt 0.00129549 0.00129361 1.878e-06
256 Cora_feat_L2.txt 0.0021351 0.0021331 2.002e-06
257 Cora_feat_L2.txt 0.00137065 0.00136878 1.87e-06
258 Cora_feat_L2.txt 0.00213409 0.00213222 1.875e-06
259 Cora_feat_L2.txt 0.00134638 0.00134446 1.916e-06
260 Cora_feat_L2.txt 0.00206201 0.00206006 1.952e-06
261 Cora_feat_L2.txt 0.00139469 0.00139263 2.057e-06
262 Cora_feat_L2.txt 0.00231305 0.00231122 1.835e-06
263 Cora_feat_L2.txt 0.00129807 0.00129619 1.88e-06
264 Cora_feat_L2.txt 0.00210226 0.00210023 2.034e-06
265 Cora_feat_L2.txt 0.00142465 0.00142279 1.864e-06
266 Cora_feat_L2.txt 0.00239551 0.00239357 1.94e-06
267 Cora_feat_L2.txt 0.00126928 0.00126733 1.945e-06
268 Cora_feat_L2.txt 0.00212271 0.00212071 2.007e-06
269 Cora_feat_L2.txt 0.00145867 0.00145674 1.933e-06
270 Cora_feat_L2.txt 0.00234782 0.00234588 1.936e-06
271 Cora_feat_L2.txt 0.00131718 0.00131529 1.889e-06
272 Cora_feat_L2.txt 0.00201181 0.00200982 1.987e-06
273 Cora_feat_L2.txt 0.00136752 0.00136561 1.904e-06
274 Cora_feat_L2.txt 0.00226799 0.00226594 2.046e-06
275 Cora_feat_L2.txt 0.00132181 0.00131983 1.985e-06
276 Cora_feat_L2.txt 0.00228905 0.00228702 2.03e-06
277 Cora_feat_L2.txt 0.00128503 0.00128315 1.873e-06
278 Cora_feat_L2.txt 0.00234054 0.00233858 1.961e-06
279 Cora_feat_L2.txt 0.00138472 0.00138278 1.94e-06
280 Cora_feat_L2.txt 0.0022532 0.00225126 1.932e-06
281 Cora_feat_L2.txt 0.00130196 0.00130013 1.836e-06
282 Cora_feat_L2.txt 0.00222776 0.00222589 1.868e-06
283 Cora_feat_L2.txt 0.00126693 0.0012651 1.831e-06
284 Cora_feat_L2.txt 0.0023163 0.00231459 1.718e-06
285 Cora_feat_L2.txt 0.0013039 0.0013023 1.595e-06
286 Cora_feat_L2.txt 0.00234411 0.00234227 1.836e-06
287 Cora_feat_L2.txt 0.00134137 0.00133949 1.885e-06
288 Cora_feat_L2.txt 0.00215598 0.00215403 1.948e-06
289 Cora_feat_L2.txt 0.00131517 0.00131321 1.96e-06
290 Cora_feat_L2.txt 0.00192474 0.00192285 1.889e-06
291 Cora_feat_L2.txt 0.00134354 0.00134162 1.922e-06
292 Cora_feat_L2.txt 0.00205534 0.00205336 1.975e-06
293 Cora_feat_L2.txt 0.00129002 0.00128795 2.071e-06
294 Cora_feat_L2.txt 0.00243333 0.00243146 1.871e-06
295 Cora_feat_L2.txt 0.00124368 0.00124174 1.935e-06
296 Cora_feat_L2.txt 0.00205435 0.00205236 1.994e-06
297 Cora_feat_L2.txt 0.0014146 0.00141268 1.92e-06
298 Cora_feat_L2.txt 0.00249553 0.00249358 1.947e-06
299 Cora_feat_L2.txt 0.00136379 0.00136193 1.859e-06
300 Cora_feat_L2.txt 0.00206534 0.00206328 2.052e-06
301 Cora_feat_L2.txt 0.00139647 0.00139435 2.12e-06
302 Cora_feat_L2.txt 0.00242489 0.00242292 1.977e-06
303 Cora_feat_L2.txt 0.00126336 0.00126136 1.998e-06
304 Cora_feat_L2.txt 0.00203754 0.0020355 2.036e-06
305 Cora_feat_L2.txt 0.00128069 0.00127889 1.802e-06
306 Cora_feat_L2.txt 0.00197033 0.00196831 2.021e-06
307 Cora_feat_L2.txt 0.00138049 0.00137849 1.998e-06
308 Cora_feat_L2.txt 0.00213235 0.00213035 1.999e-06
309 Cora_feat_L2.txt 0.00129076 0.00128871 2.049e-06
310 Cora_feat_L2.txt 0.00211619 0.00211426 1.93e-06
311 Cora_feat_L2.txt 0.00131322 0.00131128 1.943e-06
312 Cora_feat_L2.txt 0.00204079 0.00203879 2.006e-06
313 Cora_feat_L2.txt 0.00137274 0.00137076 1.984e-06
314 Cora_feat_L2.txt 0.00255853 0.00255662 1.914e-06
315 Cora_feat_L2.txt 0.00139691 0.00139507 1.839e-06
316 Cora_feat_L2.txt 0.00221613 0.00221411 2.019e-06
317 Cora_feat_L2.txt 0.00132273 0.00132096 1.771e-06
318 Cora_feat_L2.txt 0.00219843 0.00219649 1.941e-06
319 Cora_feat_L2.txt 0.00136827 0.0013663 1.971e-06
320 Cora_feat_L2.txt 0.00220668 0.00220469 1.984e-06
321 Cora_feat_L2.txt 0.00133184 0.00132949 2.347e-06
322 Cora_feat_L2.txt 0.00221616 0.00221417 1.998e-06
323 Cora_feat_L2.txt 0.00135835 0.00135634 2.008e-06
324 Cora_feat_L2.txt 0.00214978 0.00214776 2.017e-06
325 Cora_feat_L2.txt 0.0013167 0.00131464 2.064e-06
326 Cora_feat_L2.txt 0.00233825 0.0023362 2.046e-06
327 Cora_feat_L2.txt 0.00136971 0.00136768 2.024e-06
328 Cora_feat_L2.txt 0.00212533 0.00212341 1.921e-06
329 Cora_feat_L2.txt 0.00135091 0.00134885 2.067e-06
330 Cora_feat_L2.txt 0.00240497 0.00240298 1.995e-06
331 Cora_feat_L2.txt 0.00137736 0.00137533 2.027e-06
332 Cora_feat_L2.txt 0.00212755 0.00212548 2.067e-06
333 Cora_feat_L2.txt 0.00133267 0.0013306 2.066e-06
334 Cora_feat_L2.txt 0.0024035 0.00240153 1.969e-06
335 Cora_feat_L2.txt 0.00130534 0.00130351 1.832e-06
336 Cora_feat_L2.txt 0.00214055 0.0021384 2.148e-06
337 Cora_feat_L2.txt 0.00129244 0.00129035 2.092e-06
338 Cora_feat_L2.txt 0.00229904 0.00229707 1.972e-06
339 Cora_feat_L2.txt 0.00146225 0.00146036 1.885e-06
340 Cora_feat_L2.txt 0.00226836 0.00226634 2.023e-06
341 Cora_feat_L2.txt 0.00139377 0.00139187 1.897e-06
342 Cora_feat_L2.txt 0.00233994 0.00233815 1.797e-06
343 Cora_feat_L2.txt 0.00138613 0.00138437 1.765e-06
344 Cora_feat_L2.txt 0.00217564 0.00217379 1.858e-06
345 Cora_feat_L2.txt 0.00129534 0.00129338 1.965e-06
346 Cora_feat_L2.txt 0.00229034 0.0022885 1.847e-06
347 Cora_feat_L2.txt 0.00140178 0.00139976 2.022e-06
348 Cora_feat_L2.txt 0.0023131 0.00231106 2.041e-06
349 Cora_feat_L2.txt 0.001261 0.00125906 1.941e-06
350 Cora_feat_L2.txt 0.00232331 0.00232116 2.145e-06
351 Cora_feat_L2.txt 0.00139342 0.00139141 2.016e-06
352 Cora_feat_L2.txt 0.00227566 0.00227362 2.041e-06
353 Cora_feat_L2.txt 0.00138629 0.00138432 1.974e-06
354 Cora_feat_L2.txt 0.00198827 0.00198629 1.986e-06
355 Cora_feat_L2.txt 0.00123221 0.00123017 2.037e-06
356 Cora_feat_L2.txt 0.0018752 0.00187324 1.963e-06
357 Cora_feat_L2.txt 0.00143331 0.00143145 1.859e-06
358 Cora_feat_L2.txt 0.00239231 0.00239039 1.918e-06
359 Cora_feat_L2.txt 0.00130495 0.00130294 2.009e-06
360 Cora_feat_L2.txt 0.00209275 0.00209069 2.058e-06
361 Cora_feat_L2.txt 0.00122115 0.00121908 2.078e-06
362 Cora_feat_L2.txt 0.00226024 0.00225827 1.968e-06
363 Cora_feat_L2.txt 0.0011743 0.00117233 1.965e-06
364 Cora_feat_L2.txt 0.00200149 0.00199951 1.98e-06
365 Cora_feat_L2.txt 0.00129108 0.00128917 1.911e-06
366 Cora_feat_L2.txt 0.00260317 0.00260122 1.954e-06
367 Cora_feat_L2.txt 0.00131925 0.00131726 1.995e-06
368 Cora_feat_L2.txt 0.00192668 0.00192469 1.986e-06
369 Cora_feat_L2.txt 0.00126854 0.00126648 2.056e-06
370 Cora_feat_L2.txt 0.00186156 0.0018596 1.964e-06
371 Cora_feat_L2.txt 0.00120813 0.00120618 1.958e-06
372 Cora_feat_L2.txt 0.00213752 0.00213544 2.083e-06
373 Cora_feat_L2.txt 0.00121284 0.00121083 2.013e-06
374 Cora_feat_L2.txt 0.00198993 0.00198787 2.061e-06
375 Cora_feat_L2.txt 0.0013008 0.0012988 2.003e-06
376 Cora_feat_L2.txt 0.00197462 0.00197265 1.975e-06
377 Cora_feat_L2.txt 0.00133042 0.00132845 1.963e-06
378 Cora_feat_L2.txt 0.00237161 0.00236964 1.966e-06
379 Cora_feat_L2.txt 0.00125009 0.00124809 2.002e-06
380 Cora_feat_L2.txt 0.00202987 0.00202786 2.012e-06
381 Cora_feat_L2.txt 0.00121409 0.00121227 1.818e-06
382 Cora_feat_L2.txt 0.00198198 0.00198 1.973e-06
383 Cora_feat_L2.txt 0.00129814 0.00129249 5.647e-06
0 Cora_A.txt 0.000834277 0.000833033 1.244e-06
1 Cora_A.txt 0.000844063 0.00084318 8.83e-07
2 Cora_A.txt 0.000842614 0.000841882 7.32e-07
3 Cora_A.txt 0.00083982 0.000839023 7.97e-07
4 Cora_A.txt 0.000866313 0.000865522 7.91e-07
5 Cora_A.txt 0.000822929 0.000822237 6.92e-07
6 Cora_A.txt 0.000858144 0.000857316 8.28e-07
7 Cora_A.txt 0.000821218 0.000820386 8.32e-07
8 Cora_A.txt 0.000830011 0.000829329 6.82e-07
9 Cora_A.txt 0.000823834 0.000822833 1.001e-06
10 Cora_A.txt 0.00083895 0.000838274 6.76e-07
11 Cora_A.txt 0.000838127 0.000837589 5.38e-07
12 Cora_A.txt 0.000836826 0.000836183 6.43e-07
13 Cora_A.txt 0.000825059 0.000824474 5.85e-07
14 Cora_A.txt 0.000827753 0.000827241 5.12e-07
15 Cora_A.txt 0.00082049 0.000819923 5.67e-07
16 Cora_A.txt 0.000855781 0.000855139 6.42e-07
17 Cora_A.txt 0.000871056 0.00087 1.056e-06
18 Cora_A.txt 0.000873061 0.000872117 9.44e-07
19 Cora_A.txt 0.000859695 0.000858695 1e-06
20 Cora_A.txt 0.000848986 0.00084821 7.76e-07
21 Cora_A.txt 0.000843225 0.000842496 7.29e-07
22 Cora_A.txt 0.00084983 0.000849252 5.78e-07
23 Cora_A.txt 0.000843035 0.000842418 6.17e-07
24 Cora_A.txt 0.000840762 0.000840015 7.47e-07
25 Cora_A.txt 0.000871353 0.000870906 4.47e-07
26 Cora_A.txt 0.00084668 0.000846006 6.74e-07
27 Cora_A.txt 0.000861961 0.000861399 5.62e-07
28 Cora_A.txt 0.0008379 0.000837313 5.87e-07
29 Cora_A.txt 0.000830537 0.000829915 6.22e-07
30 Cora_A.txt 0.000850258 0.000849654 6.04e-07
31 Cora_A.txt 0.000841905 0.00084128 6.25e-07
32 Cora_A.txt 0.000763299 0.000762536 7.63e-07
33 Cora_A.txt 0.000759798 0.000758893 9.05e-07
34 Cora_A.txt 0.000770188 0.000769304 8.84e-07
35 Cora_A.txt 0.000764605 0.000763898 7.07e-07
36 Cora_A.txt 0.000773286 0.000772525 7.61e-07
37 Cora_A.txt 0.000769615 0.000768966 6.49e-07
38 Cora_A.txt 0.000760475 0.000759751 7.24e-07
39 Cora_A.txt 0.000753454 0.000752677 7.77e-07
40 Cora_A.txt 0.000765325 0.000764592 7.33e-07
41 Cora_A.txt 0.000760642 0.000759448 1.194e-06
42 Cora_A.txt 0.000762219 0.000761435 7.84e-07
43 Cora_A.txt 0.00075525 0.000754718 5.32e-07
44 Cora_A.txt 0.000771156 0.000770232 9.24e-07
45 Cora_A.txt 0.000766952 0.000766134 8.18e-07
46 Cora_A.txt 0.000773603 0.000772576 1.027e-06
47 Cora_A.txt 0.000768282 0.00076725 1.032e-06
48 Cora_A.txt 0.00082095 0.000819994 9.56e-07
49 Cora_A.txt 0.000818112 0.000817162 9.5e-07
50 Cora_A.txt 0.000822535 0.00082175 7.85e-07
51 Cora_A.txt 0.000809496 0.000808504 9.92e-07
52 Cora_A.txt 0.000833204 0.000832364 8.4e-07
53 Cora_A.txt 0.000824206 0.000823454 7.52e-07
54 Cora_A.txt 0.000833418 0.000832503 9.15e-07
55 Cora_A.txt 0.000831332 0.000830602 7.3e-07
56 Cora_A.txt 0.00081555 0.000814724 8.26e-07
57 Cora_A.txt 0.000811919 0.000810849 1.07e-06
58 Cora_A.txt 0.000820847 0.000819894 9.53e-07
59 Cora_A.txt 0.000812944 0.000811992 9.52e-07
60 Cora_A.txt 0.000836232 0.000835613 6.19e-07
61 Cora_A.txt 0.000827871 0.000827024 8.47e-07
62 Cora_A.txt 0.000843133 0.000842487 6.46e-07
63 Cora_A.txt 0.000822262 0.00082151 7.52e-07
64 Cora_A.txt 0.000845452 0.000844757 6.95e-07
65 Cora_A.txt 0.000850137 0.000849222 9.15e-07
66 Cora_A.txt 0.000847898 0.000847189 7.09e-07
67 Cora_A.txt 0.000848423 0.000847618 8.05e-07
68 Cora_A.txt 0.000843666 0.000842957 7.09e-07
69 Cora_A.txt 0.000834125 0.000833333 7.92e-07
70 Cora_A.txt 0.00084549 0.00084475 7.4e-07
71 Cora_A.txt 0.000840639 0.000839788 8.51e-07
72 Cora_A.txt 0.000834105 0.000833313 7.92e-07
73 Cora_A.txt 0.000851573 0.000850734 8.39e-07
74 Cora_A.txt 0.000827185 0.000826202 9.83e-07
75 Cora_A.txt 0.000818599 0.000817927 6.72e-07
76 Cora_A.txt 0.00084909 0.000848062 1.028e-06
77 Cora_A.txt 0.000822791 0.000821921 8.7e-07
78 Cora_A.txt 0.000851118 0.000850373 7.45e-07
79 Cora_A.txt 0.000822127 0.000821367 7.6e-07
80 Cora_A.txt 0.00076094 0.000760318 6.22e-07
81 Cora_A.txt 0.000756654 0.00075561 1.044e-06
82 Cora_A.txt 0.000754969 0.000754062 9.07e-07
83 Cora_A.txt 0.00074669 0.000745756 9.34e-07
84 Cora_A.txt 0.000762683 0.000761803 8.8e-07
85 Cora_A.txt 0.000759044 0.000758015 1.029e-06
86 Cora_A.txt 0.000769528 0.000768826 7.02e-07
87 Cora_A.txt 0.000763626 0.000762889 7.37e-07
88 Cora_A.txt 0.000759841 0.000759034 8.07e-07
89 Cora_A.txt 0.000755705 0.000755021 6.84e-07
90 Cora_A.txt 0.000758246 0.000757554 6.92e-07
91 Cora_A.txt 0.000750755 0.000749742 1.013e-06
92 Cora_A.txt 0.000765179 0.000764373 8.06e-07
93 Cora_A.txt 0.000761779 0.000760834 9.45e-07
94 Cora_A.txt 0.000758981 0.00075802 9.61e-07
95 Cora_A.txt 0.000757296 0.000756424 8.72e-07
96 Cora_A.txt 0.000825966 0.000825129 8.37e-07
97 Cora_A.txt 0.000823174 0.00082246 7.14e-07
98 Cora_A.txt 0.000831447 0.000830703 7.44e-07
99 Cora_A.txt 0.00082516 0.000824296 8.64e-07
100 Cora_A.txt 0.000848014 0.000847117 8.97e-07
101 Cora_A.txt 0.000841087 0.000840054 1.033e-06
102 Cora_A.txt 0.000835852 0.000834866 9.86e-07
103 Cora_A.txt 0.000829909 0.000828969 9.4e-07
104 Cora_A.txt 0.000827192 0.000826364 8.28e-07
105 Cora_A.txt 0.000822439 0.000821574 8.65e-07
106 Cora_A.txt 0.000830047 0.000829136 9.11e-07
107 Cora_A.txt 0.000824191 0.000823339 8.52e-07
108 Cora_A.txt 0.000847648 0.000846655 9.93e-07
109 Cora_A.txt 0.000839459 0.000838562 8.97e-07
110 Cora_A.txt 0.000833294 0.000832152 1.142e-06
111 Cora_A.txt 0.000826475 0.000825478 9.97e-07
112 Cora_A.txt 0.000874307 0.000873179 1.128e-06
113 Cora_A.txt 0.000869687 0.000868721 9.66e-07
114 Cora_A.txt 0.000876857 0.000875791 1.066e-06
115 Cora_A.txt 0.000870293 0.000869207 1.086e-06
116 Cora_A.txt 0.000860696 0.000859674 1.022e-06
117 Cora_A.txt 0.000856633 0.000855486 1.147e-06
118 Cora_A.txt 0.000862946 0.000861975 9.71e-07
119 Cora_A.txt 0.000855796 0.000855032 7.64e-07
120 Cora_A.txt 0.000841687 0.000840467 1.22e-06
121 Cora_A.txt 0.000835949 0.000835151 7.98e-07
122 Cora_A.txt 0.000849919 0.000849132 7.87e-07
123 Cora_A.txt 0.000846277 0.000845323 9.54e-07
124 Cora_A.txt 0.000842502 0.000841478 1.024e-06
125 Cora_A.txt 0.000837487 0.000836623 8.64e-07
126 Cora_A.txt 0.000848156 0.000847308 8.48e-07
127 Cora_A.txt 0.000839429 0.000838711 7.18e-07
128 Cora_A.txt 0.000783036 0.000782126 9.1e-07
129 Cora_A.txt 0.000770004 0.00076919 8.14e-07
130 Cora_A.txt 0.000781543 0.000780461 1.082e-06
131 Cora_A.txt 0.000773524 0.000772519 1.005e-06
132 Cora_A.txt 0.000781 0.000779949 1.051e-06
133 Cora_A.txt 0.000775525 0.000774484 1.041e-06
134 Cora_A.txt 0.000780073 0.000779255 8.18e-07
135 Cora_A.txt 0.000770631 0.000769781 8.5e-07
136 Cora_A.txt 0.000781776 0.000781038 7.38e-07
137 Cora_A.txt 0.000771749 0.000770992 7.57e-07
138 Cora_A.txt 0.000780261 0.000779472 7.89e-07
139 Cora_A.txt 0.000769575 0.000768697 8.78e-07
140 Cora_A.txt 0.000782088 0.000781326 7.62e-07
141 Cora_A.txt 0.000772077 0.000771216 8.61e-07
142 Cora_A.txt 0.000774386 0.000773541 8.45e-07
143 Cora_A.txt 0.000768 0.000767167 8.33e-07
144 Cora_A.txt 0.000840658 0.000839661 9.97e-07
145 Cora_A.txt 0.000845086 0.000844247 8.39e-07
146 Cora_A.txt 0.000834749 0.000833866 8.83e-07
147 Cora_A.txt 0.000827734 0.000826677 1.057e-06
148 Cora_A.txt 0.000845492 0.00084454 9.52e-07
149 Cora_A.txt 0.000839388 0.000838117 1.271e-06
150 Cora_A.txt 0.00084217 0.000840991 1.179e-06
151 Cora_A.txt 0.000833843 0.000832624 1.219e-06
152 Cora_A.txt 0.000855678 0.000854613 1.065e-06
153 Cora_A.txt 0.000851021 0.000850033 9.88e-07
154 Cora_A.txt 0.000846477 0.000845439 1.038e-06
155 Cora_A.txt 0.000831432 0.000830381 1.051e-06
156 Cora_A.txt 0.000851542 0.000850704 8.38e-07
157 Cora_A.txt 0.000848097 0.000847049 1.048e-06
158 Cora_A.txt 0.000833726 0.000832663 1.063e-06
159 Cora_A.txt 0.000826784 0.000825759 1.025e-06
160 Cora_A.txt 0.000865123 0.000864005 1.118e-06
161 Cora_A.txt 0.000861455 0.000860222 1.233e-06
162 Cora_A.txt 0.000868714 0.00086772 9.94e-07
163 Cora_A.txt 0.000862179 0.000861227 9.52e-07
164 Cora_A.txt 0.000867982 0.000866985 9.97e-07
165 Cora_A.txt 0.000862834 0.00086192 9.14e-07
166 Cora_A.txt 0.000873491 0.000872502 9.89e-07
167 Cora_A.txt 0.00086614 0.000865148 9.92e-07
168 Cora_A.txt 0.000846915 0.000845771 1.144e-06
169 Cora_A.txt 0.000845214 0.000844331 8.83e-07
170 Cora_A.txt 0.000844878 0.000844005 8.73e-07
171 Cora_A.txt 0.000840425 0.000839502 9.23e-07
172 Cora_A.txt 0.000852322 0.000851478 8.44e-07
173 Cora_A.txt 0.000848645 0.000847444 1.201e-06
174 Cora_A.txt 0.000855592 0.000854909 6.83e-07
175 Cora_A.txt 0.00084918 0.000848181 9.99e-07
176 Cora_A.txt 0.000774673 0.00077372 9.53e-07
177 Cora_A.txt 0.000768139 0.000766746 1.393e-06
178 Cora_A.txt 0.000783127 0.000782184 9.43e-07
179 Cora_A.txt 0.000771336 0.000770369 9.67e-07
180 Cora_A.txt 0.000775783 0.000774803 9.8e-07
181 Cora_A.txt 0.000785886 0.000784958 9.28e-07
182 Cora_A.txt 0.000790465 0.000789258 1.207e-06
183 Cora_A.txt 0.000780045 0.000779169 8.76e-07
184 Cora_A.txt 0.000789012 0.000787855 1.157e-06
185 Cora_A.txt 0.000768868 0.00076796 9.08e-07
186 Cora_A.txt 0.000775244 0.000774317 9.27e-07
187 Cora_A.txt 0.000766529 0.000765632 8.97e-07
188 Cora_A.txt 0.000790702 0.000789515 1.187e-06
189 Cora_A.txt 0.000774955 0.000773644 1.311e-06
190 Cora_A.txt 0.000787242 0.000786258 9.84e-07
191 Cora_A.txt 0.000773964 0.000772931 1.033e-06
192 Cora_A.txt 0.000844609 0.000843714 8.95e-07
193 Cora_A.txt 0.000853924 0.000852984 9.4e-07
194 Cora_A.txt 0.000831435 0.000830791 6.44e-07
195 Cora_A.txt 0.000824901 0.000823874 1.027e-06
196 Cora_A.txt 0.000834928 0.000833963 9.65e-07
197 Cora_A.txt 0.000828998 0.000828008 9.9e-07
198 Cora_A.txt 0.000830839 0.000829744 1.095e-06
199 Cora_A.txt 0.000824267 0.000822853 1.414e-06
200 Cora_A.txt 0.000856887 0.000854779 2.108e-06
201 Cora_A.txt 0.000846861 0.000845032 1.829e-06
202 Cora_A.txt 0.00082963 0.000828358 1.272e-06
203 Cora_A.txt 0.000822774 0.000821563 1.211e-06
204 Cora_A.txt 0.000855173 0.000854123 1.05e-06
205 Cora_A.txt 0.000842526 0.00084144 1.086e-06
206 Cora_A.txt 0.000826899 0.000826021 8.78e-07
207 Cora_A.txt 0.000820318 0.000819258 1.06e-06
208 Cora_A.txt 0.000859911 0.000858907 1.004e-06
209 Cora_A.txt 0.000856114 0.000855158 9.56e-07
210 Cora_A.txt 0.000860023 0.000859037 9.86e-07
211 Cora_A.txt 0.00085572 0.000854756 9.64e-07
212 Cora_A.txt 0.000856661 0.000855682 9.79e-07
213 Cora_A.txt 0.000843648 0.000842782 8.66e-07
214 Cora_A.txt 0.000854804 0.000854089 7.15e-07
215 Cora_A.txt 0.000846569 0.000845669 9e-07
216 Cora_A.txt 0.000832813 0.000831798 1.015e-06
217 Cora_A.txt 0.000827548 0.000826884 6.64e-07
218 Cora_A.txt 0.00084083 0.000840165 6.65e-07
219 Cora_A.txt 0.000833871 0.000833207 6.64e-07
220 Cora_A.txt 0.000835249 0.000834628 6.21e-07
221 Cora_A.txt 0.000831407 0.000830412 9.95e-07
222 Cora_A.txt 0.000858505 0.000857793 7.12e-07
223 Cora_A.txt 0.000839795 0.000838911 8.84e-07
224 Cora_A.txt 0.00077157 0.000770722 8.48e-07
225 Cora_A.txt 0.000768166 0.000767441 7.25e-07
226 Cora_A.txt 0.000764179 0.000763264 9.15e-07
227 Cora_A.txt 0.000762333 0.000761386 9.47e-07
228 Cora_A.txt 0.000770664 0.000769725 9.39e-07
229 Cora_A.txt 0.000767791 0.000766891 9e-07
230 Cora_A.txt 0.00076808 0.000767158 9.22e-07
231 Cora_A.txt 0.000762192 0.000761202 9.9e-07
232 Cora_A.txt 0.000768533 0.000767669 8.64e-07
233 Cora_A.txt 0.000773139 0.000772044 1.095e-06
234 Cora_A.txt 0.000772473 0.000771442 1.031e-06
235 Cora_A.txt 0.000768084 0.000766961 1.123e-06
236 Cora_A.txt 0.00077139 0.000770658 7.32e-07
237 Cora_A.txt 0.000767443 0.000766612 8.31e-07
238 Cora_A.txt 0.000773374 0.000772302 1.072e-06
239 Cora_A.txt 0.000768525 0.000767365 1.16e-06
240 Cora_A.txt 0.000816413 0.000815465 9.48e-07
241 Cora_A.txt 0.000813918 0.000813015 9.03e-07
242 Cora_A.txt 0.000827551 0.000826484 1.067e-06
243 Cora_A.txt 0.000816192 0.000815256 9.36e-07
244 Cora_A.txt 0.00083732 0.000836318 1.002e-06
245 Cora_A.txt 0.000845511 0.000844578 9.33e-07
246 Cora_A.txt 0.000821994 0.000821234 7.6e-07
247 Cora_A.txt 0.000814612 0.000813911 7.01e-07
248 Cora_A.txt 0.000831349 0.000830421 9.28e-07
249 Cora_A.txt 0.000823429 0.00082241 1.019e-06
250 Cora_A.txt 0.000855185 0.000854052 1.133e-06
251 Cora_A.txt 0.000828611 0.000827383 1.228e-06
252 Cora_A.txt 0.000824116 0.000823179 9.37e-07
253 Cora_A.txt 0.000816657 0.000815399 1.258e-06
254 Cora_A.txt 0.000831717 0.000830813 9.04e-07
255 Cora_A.txt 0.000852383 0.000851692 6.91e-07
256 Cora_A.txt 0.000853785 0.000852687 1.098e-06
257 Cora_A.txt 0.000855346 0.000854206 1.14e-06
258 Cora_A.txt 0.000854049 0.000853297 7.52e-07
259 Cora_A.txt 0.000854837 0.000853833 1.004e-06
260 Cora_A.txt 0.00085191 0.000850992 9.18e-07
261 Cora_A.txt 0.000854925 0.000853924 1.001e-06
262 Cora_A.txt 0.000853127 0.00085216 9.67e-07
263 Cora_A.txt 0.000849995 0.000848989 1.006e-06
264 Cora_A.txt 0.000837891 0.000836909 9.82e-07
265 Cora_A.txt 0.000828335 0.000827398 9.37e-07
266 Cora_A.txt 0.000839757 0.000838821 9.36e-07
267 Cora_A.txt 0.000829062 0.000828271 7.91e-07
268 Cora_A.txt 0.000840674 0.000839675 9.99e-07
269 Cora_A.txt 0.000838174 0.000837121 1.053e-06
270 Cora_A.txt 0.000840343 0.000839608 7.35e-07
271 Cora_A.txt 0.000854855 0.000854015 8.4e-07
272 Cora_A.txt 0.000762846 0.000761946 9e-07
273 Cora_A.txt 0.000758578 0.000757587 9.91e-07
274 Cora_A.txt 0.000766064 0.000764735 1.329e-06
275 Cora_A.txt 0.000760513 0.000758871 1.642e-06
276 Cora_A.txt 0.000770087 0.00076883 1.257e-06
277 Cora_A.txt 0.000767613 0.000766379 1.234e-06
278 Cora_A.txt 0.000768479 0.000767626 8.53e-07
279 Cora_A.txt 0.000762757 0.000761794 9.63e-07
280 Cora_A.txt 0.000768443 0.000767572 8.71e-07
281 Cora_A.txt 0.000764508 0.000763318 1.19e-06
282 Cora_A.txt 0.000766332 0.00076539 9.42e-07
283 Cora_A.txt 0.000759541 0.000758375 1.166e-06
284 Cora_A.txt 0.000767131 0.00076589 1.241e-06
285 Cora_A.txt 0.000763768 0.000762517 1.251e-06
286 Cora_A.txt 0.000765659 0.00076417 1.489e-06
287 Cora_A.txt 0.000759211 0.000757816 1.395e-06
288 Cora_A.txt 0.00084339 0.000841659 1.731e-06
289 Cora_A.txt 0.00086613 0.00086503 1.1e-06
290 Cora_A.txt 0.000880432 0.000879418 1.014e-06
291 Cora_A.txt 0.000822592 0.000821547 1.045e-06
292 Cora_A.txt 0.000855105 0.00085418 9.25e-07
293 Cora_A.txt 0.000853898 0.000852912 9.86e-07
294 Cora_A.txt 0.000876656 0.000875588 1.068e-06
295 Cora_A.txt 0.000858738 0.000856783 1.955e-06
296 Cora_A.txt 0.000881812 0.000880693 1.119e-06
297 Cora_A.txt 0.00088018 0.000878918 1.262e-06
298 Cora_A.txt 0.000860725 0.000859856 8.69e-07
299 Cora_A.txt 0.000822851 0.000822006 8.45e-07
300 Cora_A.txt 0.00087022 0.000867014 3.206e-06
301 Cora_A.txt 0.000857164 0.000856048 1.116e-06
302 Cora_A.txt 0.000860248 0.00085943 8.18e-07
303 Cora_A.txt 0.000817607 0.000816649 9.58e-07
304 Cora_A.txt 0.000880542 0.000879653 8.89e-07
305 Cora_A.txt 0.00088633 0.000885006 1.324e-06
306 Cora_A.txt 0.000877574 0.00087659 9.84e-07
307 Cora_A.txt 0.000862889 0.000861522 1.367e-06
308 Cora_A.txt 0.000861964 0.000861043 9.21e-07
309 Cora_A.txt 0.000856651 0.000855726 9.25e-07
310 Cora_A.txt 0.000887844 0.000887208 6.36e-07
311 Cora_A.txt 0.000878099 0.000877161 9.38e-07
312 Cora_A.txt 0.00085272 0.000851599 1.121e-06
313 Cora_A.txt 0.00085569 0.000854686 1.004e-06
314 Cora_A.txt 0.000883298 0.000882508 7.9e-07
315 Cora_A.txt 0.000822899 0.00082185 1.049e-06
316 Cora_A.txt 0.000840821 0.000839853 9.68e-07
317 Cora_A.txt 0.000842133 0.00084057 1.563e-06
318 Cora_A.txt 0.000857237 0.000855551 1.686e-06
319 Cora_A.txt 0.000834457 0.000826309 8.148e-06
320 Cora_A.txt 0.000759851 0.000759073 7.78e-07
321 Cora_A.txt 0.000756299 0.000755171 1.128e-06
322 Cora_A.txt 0.000764306 0.000763393 9.13e-07
323 Cora_A.txt 0.000756849 0.000755546 1.303e-06
324 Cora_A.txt 0.000767557 0.000766535 1.022e-06
325 Cora_A.txt 0.00076729 0.000766357 9.33e-07
326 Cora_A.txt 0.000775776 0.000774842 9.34e-07
327 Cora_A.txt 0.000772873 0.000771832 1.041e-06
328 Cora_A.txt 0.000770232 0.000769309 9.23e-07
329 Cora_A.txt 0.000766849 0.000765945 9.04e-07
330 Cora_A.txt 0.000775091 0.000773994 1.097e-06
331 Cora_A.txt 0.000771729 0.000770901 8.28e-07
332 Cora_A.txt 0.000773321 0.00077238 9.41e-07
333 Cora_A.txt 0.000767971 0.000766551 1.42e-06
334 Cora_A.txt 0.00076728 0.000766399 8.81e-07
335 Cora_A.txt 0.000762396 0.000761443 9.53e-07
336 Cora_A.txt 0.000814372 0.000813299 1.073e-06
337 Cora_A.txt 0.000812267 0.000811386 8.81e-07
338 Cora_A.txt 0.000818569 0.000817763 8.06e-07
339 Cora_A.txt 0.000813343 0.000812387 9.56e-07
340 Cora_A.txt 0.000820609 0.000819976 6.33e-07
341 Cora_A.txt 0.000816221 0.000815679 5.42e-07
342 Cora_A.txt 0.00082275 0.000821234 1.516e-06
343 Cora_A.txt 0.000814154 0.000813008 1.146e-06
344 Cora_A.txt 0.000840912 0.000840021 8.91e-07
345 Cora_A.txt 0.000821953 0.000821187 7.66e-07
346 Cora_A.txt 0.000830255 0.000829423 8.32e-07
347 Cora_A.txt 0.00082015 0.000819072 1.078e-06
348 Cora_A.txt 0.000823698 0.000822289 1.409e-06
349 Cora_A.txt 0.000818264 0.000817262 1.002e-06
350 Cora_A.txt 0.000824515 0.000823521 9.94e-07
351 Cora_A.txt 0.000818196 0.000817334 8.62e-07
352 Cora_A.txt 0.00085275 0.000851829 9.21e-07
353 Cora_A.txt 0.000847539 0.000846676 8.63e-07
354 Cora_A.txt 0.000856094 0.000855285 8.09e-07
355 Cora_A.txt 0.000848845 0.000848228 6.17e-07
356 Cora_A.txt 0.00084631 0.000845298 1.012e-06
357 Cora_A.txt 0.000841926 0.000840949 9.77e-07
358 Cora_A.txt 0.000847779 0.00084698 7.99e-07
359 Cora_A.txt 0.000842032 0.000841012 1.02e-06
360 Cora_A.txt 0.000833658 0.000832603 1.055e-06
361 Cora_A.txt 0.000821281 0.000820484 7.97e-07
362 Cora_A.txt 0.000835316 0.000833805 1.511e-06
363 Cora_A.txt 0.000826671 0.000825645 1.026e-06
364 Cora_A.txt 0.000833878 0.000832884 9.94e-07
365 Cora_A.txt 0.000826822 0.000826023 7.99e-07
366 Cora_A.txt 0.000835697 0.000834385 1.312e-06
367 Cora_A.txt 0.000836537 0.00083538 1.157e-06
368 Cora_A.txt 0.000768273 0.000766911 1.362e-06
369 Cora_A.txt 0.000762684 0.000761879 8.05e-07
370 Cora_A.txt 0.00076058 0.000759657 9.23e-07
371 Cora_A.txt 0.000755403 0.000752984 2.419e-06
372 Cora_A.txt 0.000769421 0.000767386 2.035e-06
373 Cora_A.txt 0.00075818 0.000757311 8.69e-07
374 Cora_A.txt 0.000770861 0.000769753 1.108e-06
375 Cora_A.txt 0.000755368 0.000754265 1.103e-06
376 Cora_A.txt 0.000757218 0.000756366 8.52e-07
377 Cora_A.txt 0.000753083 0.000752026 1.057e-06
378 Cora_A.txt 0.000758212 0.000757076 1.136e-06
379 Cora_A.txt 0.000752247 0.000750808 1.439e-06
380 Cora_A.txt 0.000767202 0.000766362 8.4e-07
381 Cora_A.txt 0.000757684 0.000756795 8.89e-07
382 Cora_A.txt 0.000764612 0.000763637 9.75e-07
383 Cora_A.txt 0.000756891 0.000754873 2.018e-06
TACC:  Shutdown complete. Exiting. 
