TACC:  Starting up job 10024561 
TACC:  Starting parallel tasks... 
0 Citeseer_feat_L2.txt 0.00227592 0.0022742 1.719e-06
1 Citeseer_feat_L2.txt 0.00132298 0.0013215 1.479e-06
2 Citeseer_feat_L2.txt 0.00226266 0.00226117 1.484e-06
3 Citeseer_feat_L2.txt 0.00122858 0.0012271 1.489e-06
4 Citeseer_feat_L2.txt 0.00221915 0.00221751 1.64e-06
5 Citeseer_feat_L2.txt 0.00133541 0.00133392 1.489e-06
6 Citeseer_feat_L2.txt 0.00241864 0.002417 1.636e-06
7 Citeseer_feat_L2.txt 0.00120466 0.00120314 1.519e-06
8 Citeseer_feat_L2.txt 0.00222558 0.00222401 1.571e-06
9 Citeseer_feat_L2.txt 0.00119173 0.00118994 1.793e-06
10 Citeseer_feat_L2.txt 0.00218353 0.00218199 1.541e-06
11 Citeseer_feat_L2.txt 0.0012075 0.00120595 1.554e-06
12 Citeseer_feat_L2.txt 0.0023088 0.00230714 1.667e-06
13 Citeseer_feat_L2.txt 0.00119629 0.00119441 1.874e-06
14 Citeseer_feat_L2.txt 0.00225624 0.00225475 1.483e-06
15 Citeseer_feat_L2.txt 0.00124228 0.00124079 1.49e-06
16 Citeseer_feat_L2.txt 0.00201704 0.00201555 1.489e-06
17 Citeseer_feat_L2.txt 0.00121161 0.00121007 1.532e-06
18 Citeseer_feat_L2.txt 0.0019693 0.00196765 1.648e-06
19 Citeseer_feat_L2.txt 0.00118982 0.00118814 1.683e-06
20 Citeseer_feat_L2.txt 0.00232496 0.00232346 1.501e-06
21 Citeseer_feat_L2.txt 0.00132219 0.00132078 1.405e-06
22 Citeseer_feat_L2.txt 0.00245916 0.00245762 1.538e-06
23 Citeseer_feat_L2.txt 0.00133906 0.00133757 1.487e-06
24 Citeseer_feat_L2.txt 0.0024024 0.00240079 1.618e-06
25 Citeseer_feat_L2.txt 0.00126095 0.00125911 1.838e-06
26 Citeseer_feat_L2.txt 0.00230238 0.00230087 1.502e-06
27 Citeseer_feat_L2.txt 0.00125988 0.00125824 1.641e-06
28 Citeseer_feat_L2.txt 0.00225325 0.00225158 1.666e-06
29 Citeseer_feat_L2.txt 0.00122748 0.00122582 1.657e-06
30 Citeseer_feat_L2.txt 0.00205522 0.00205369 1.527e-06
31 Citeseer_feat_L2.txt 0.00123706 0.00123527 1.797e-06
32 Citeseer_feat_L2.txt 0.00217305 0.00217152 1.528e-06
33 Citeseer_feat_L2.txt 0.00121416 0.00121269 1.468e-06
34 Citeseer_feat_L2.txt 0.00216751 0.00216596 1.554e-06
35 Citeseer_feat_L2.txt 0.00124251 0.00124081 1.697e-06
36 Citeseer_feat_L2.txt 0.00223018 0.00222864 1.541e-06
37 Citeseer_feat_L2.txt 0.00126297 0.00126135 1.621e-06
38 Citeseer_feat_L2.txt 0.00218865 0.00218698 1.67e-06
39 Citeseer_feat_L2.txt 0.00116716 0.00116563 1.53e-06
40 Citeseer_feat_L2.txt 0.00229304 0.00229143 1.605e-06
41 Citeseer_feat_L2.txt 0.00124898 0.00124746 1.523e-06
42 Citeseer_feat_L2.txt 0.00231832 0.00231659 1.738e-06
43 Citeseer_feat_L2.txt 0.00135273 0.00135121 1.52e-06
44 Citeseer_feat_L2.txt 0.00243718 0.00243551 1.673e-06
45 Citeseer_feat_L2.txt 0.00123052 0.00122886 1.658e-06
46 Citeseer_feat_L2.txt 0.00220515 0.00220348 1.667e-06
47 Citeseer_feat_L2.txt 0.00123162 0.0012301 1.515e-06
48 Citeseer_feat_L2.txt 0.0019846 0.00198291 1.686e-06
49 Citeseer_feat_L2.txt 0.00116699 0.00116534 1.652e-06
50 Citeseer_feat_L2.txt 0.00194772 0.00194605 1.672e-06
51 Citeseer_feat_L2.txt 0.0012418 0.00124009 1.71e-06
52 Citeseer_feat_L2.txt 0.00221992 0.00221826 1.664e-06
53 Citeseer_feat_L2.txt 0.00120655 0.00120505 1.497e-06
54 Citeseer_feat_L2.txt 0.00226068 0.00225909 1.59e-06
55 Citeseer_feat_L2.txt 0.00118817 0.00118653 1.637e-06
56 Citeseer_feat_L2.txt 0.00222521 0.00222357 1.635e-06
57 Citeseer_feat_L2.txt 0.00120603 0.00120458 1.452e-06
58 Citeseer_feat_L2.txt 0.00217899 0.00217734 1.654e-06
59 Citeseer_feat_L2.txt 0.00127723 0.00127569 1.533e-06
60 Citeseer_feat_L2.txt 0.00231584 0.00231429 1.549e-06
61 Citeseer_feat_L2.txt 0.001178 0.00117649 1.515e-06
62 Citeseer_feat_L2.txt 0.00231882 0.00231723 1.591e-06
63 Citeseer_feat_L2.txt 0.00129871 0.00129716 1.555e-06
64 Citeseer_feat_L2.txt 0.0022328 0.0022312 1.592e-06
65 Citeseer_feat_L2.txt 0.00134608 0.00134468 1.399e-06
66 Citeseer_feat_L2.txt 0.00226347 0.00226179 1.68e-06
67 Citeseer_feat_L2.txt 0.00126518 0.00126373 1.447e-06
68 Citeseer_feat_L2.txt 0.00226439 0.00226277 1.615e-06
69 Citeseer_feat_L2.txt 0.00126957 0.00126797 1.602e-06
70 Citeseer_feat_L2.txt 0.00235328 0.0023517 1.57e-06
71 Citeseer_feat_L2.txt 0.00117632 0.00117462 1.701e-06
72 Citeseer_feat_L2.txt 0.00226635 0.00226473 1.621e-06
73 Citeseer_feat_L2.txt 0.00119228 0.00119061 1.677e-06
74 Citeseer_feat_L2.txt 0.00218187 0.0021802 1.667e-06
75 Citeseer_feat_L2.txt 0.00128574 0.00128432 1.422e-06
76 Citeseer_feat_L2.txt 0.00227222 0.00227059 1.632e-06
77 Citeseer_feat_L2.txt 0.00117871 0.00117685 1.857e-06
78 Citeseer_feat_L2.txt 0.00220196 0.00220032 1.635e-06
79 Citeseer_feat_L2.txt 0.00125258 0.00125112 1.46e-06
80 Citeseer_feat_L2.txt 0.00193009 0.0019286 1.488e-06
81 Citeseer_feat_L2.txt 0.00125301 0.00125114 1.87e-06
82 Citeseer_feat_L2.txt 0.00190882 0.00190722 1.606e-06
83 Citeseer_feat_L2.txt 0.00118444 0.00118271 1.728e-06
84 Citeseer_feat_L2.txt 0.00231536 0.00231382 1.534e-06
85 Citeseer_feat_L2.txt 0.00117954 0.00117791 1.624e-06
86 Citeseer_feat_L2.txt 0.00244418 0.00244265 1.535e-06
87 Citeseer_feat_L2.txt 0.00117273 0.00117102 1.711e-06
88 Citeseer_feat_L2.txt 0.00220089 0.00219919 1.703e-06
89 Citeseer_feat_L2.txt 0.00117296 0.00117149 1.464e-06
90 Citeseer_feat_L2.txt 0.00232753 0.00232595 1.585e-06
91 Citeseer_feat_L2.txt 0.00119717 0.00119571 1.455e-06
92 Citeseer_feat_L2.txt 0.00224367 0.00224204 1.63e-06
93 Citeseer_feat_L2.txt 0.00126796 0.00126633 1.638e-06
94 Citeseer_feat_L2.txt 0.00202802 0.00202654 1.478e-06
95 Citeseer_feat_L2.txt 0.00120611 0.0012044 1.706e-06
96 Citeseer_feat_L2.txt 0.00211321 0.00211141 1.797e-06
97 Citeseer_feat_L2.txt 0.00120707 0.00120529 1.775e-06
98 Citeseer_feat_L2.txt 0.00226036 0.00225868 1.679e-06
99 Citeseer_feat_L2.txt 0.00139977 0.00139833 1.441e-06
100 Citeseer_feat_L2.txt 0.00221979 0.00221821 1.573e-06
101 Citeseer_feat_L2.txt 0.0011621 0.00116061 1.494e-06
102 Citeseer_feat_L2.txt 0.0021804 0.00217883 1.573e-06
103 Citeseer_feat_L2.txt 0.00120666 0.00120512 1.541e-06
104 Citeseer_feat_L2.txt 0.00225677 0.00225522 1.545e-06
105 Citeseer_feat_L2.txt 0.00118091 0.00117944 1.468e-06
106 Citeseer_feat_L2.txt 0.00216685 0.00216526 1.584e-06
107 Citeseer_feat_L2.txt 0.00123329 0.00123193 1.359e-06
108 Citeseer_feat_L2.txt 0.00241143 0.00240976 1.674e-06
109 Citeseer_feat_L2.txt 0.00116249 0.00116077 1.714e-06
110 Citeseer_feat_L2.txt 0.00224902 0.00224733 1.688e-06
111 Citeseer_feat_L2.txt 0.00125937 0.00125768 1.688e-06
112 Citeseer_feat_L2.txt 0.00199769 0.00199617 1.524e-06
113 Citeseer_feat_L2.txt 0.0012921 0.00129063 1.471e-06
114 Citeseer_feat_L2.txt 0.00204681 0.00204508 1.729e-06
115 Citeseer_feat_L2.txt 0.00127091 0.00126939 1.52e-06
116 Citeseer_feat_L2.txt 0.00229039 0.00228876 1.632e-06
117 Citeseer_feat_L2.txt 0.00114437 0.00114279 1.583e-06
118 Citeseer_feat_L2.txt 0.0022545 0.00225291 1.589e-06
119 Citeseer_feat_L2.txt 0.00128183 0.0012802 1.626e-06
120 Citeseer_feat_L2.txt 0.0022759 0.00227386 2.032e-06
121 Citeseer_feat_L2.txt 0.00126072 0.0012589 1.822e-06
122 Citeseer_feat_L2.txt 0.00227793 0.00227642 1.504e-06
123 Citeseer_feat_L2.txt 0.00127077 0.0012691 1.677e-06
124 Citeseer_feat_L2.txt 0.00221667 0.00221515 1.516e-06
125 Citeseer_feat_L2.txt 0.00120712 0.00120538 1.738e-06
126 Citeseer_feat_L2.txt 0.00246272 0.00246117 1.546e-06
127 Citeseer_feat_L2.txt 0.00128975 0.00128815 1.604e-06
128 Citeseer_feat_L2.txt 0.00218242 0.00218088 1.542e-06
129 Citeseer_feat_L2.txt 0.00125178 0.00125003 1.748e-06
130 Citeseer_feat_L2.txt 0.00233964 0.00233807 1.572e-06
131 Citeseer_feat_L2.txt 0.00133273 0.00133098 1.748e-06
132 Citeseer_feat_L2.txt 0.00230248 0.00230076 1.723e-06
133 Citeseer_feat_L2.txt 0.00127122 0.00126943 1.79e-06
134 Citeseer_feat_L2.txt 0.00226091 0.0022593 1.608e-06
135 Citeseer_feat_L2.txt 0.00118978 0.001188 1.78e-06
136 Citeseer_feat_L2.txt 0.00221244 0.00221063 1.813e-06
137 Citeseer_feat_L2.txt 0.00129229 0.00129061 1.68e-06
138 Citeseer_feat_L2.txt 0.00214536 0.00214367 1.693e-06
139 Citeseer_feat_L2.txt 0.00123478 0.00123307 1.705e-06
140 Citeseer_feat_L2.txt 0.00234629 0.00234461 1.688e-06
141 Citeseer_feat_L2.txt 0.00112344 0.00112187 1.574e-06
142 Citeseer_feat_L2.txt 0.00226184 0.00226024 1.6e-06
143 Citeseer_feat_L2.txt 0.00131804 0.00131661 1.426e-06
144 Citeseer_feat_L2.txt 0.00187761 0.00187587 1.746e-06
145 Citeseer_feat_L2.txt 0.00130116 0.00129971 1.449e-06
146 Citeseer_feat_L2.txt 0.00184773 0.00184611 1.618e-06
147 Citeseer_feat_L2.txt 0.00109419 0.00109269 1.5e-06
148 Citeseer_feat_L2.txt 0.00235859 0.00235687 1.717e-06
149 Citeseer_feat_L2.txt 0.00125801 0.00125651 1.493e-06
150 Citeseer_feat_L2.txt 0.00237478 0.0023729 1.88e-06
151 Citeseer_feat_L2.txt 0.00108723 0.00108552 1.716e-06
152 Citeseer_feat_L2.txt 0.00224303 0.00224138 1.652e-06
153 Citeseer_feat_L2.txt 0.00126402 0.00126232 1.704e-06
154 Citeseer_feat_L2.txt 0.00223952 0.00223794 1.581e-06
155 Citeseer_feat_L2.txt 0.00127591 0.00127414 1.775e-06
156 Citeseer_feat_L2.txt 0.00227701 0.00227539 1.624e-06
157 Citeseer_feat_L2.txt 0.00108065 0.00107897 1.678e-06
158 Citeseer_feat_L2.txt 0.00208191 0.0020803 1.612e-06
159 Citeseer_feat_L2.txt 0.00122022 0.00121874 1.483e-06
160 Citeseer_feat_L2.txt 0.00202352 0.00202214 1.384e-06
161 Citeseer_feat_L2.txt 0.00120748 0.00120545 2.026e-06
162 Citeseer_feat_L2.txt 0.0020063 0.0020047 1.607e-06
163 Citeseer_feat_L2.txt 0.00129993 0.00129855 1.383e-06
164 Citeseer_feat_L2.txt 0.00209834 0.00209675 1.592e-06
165 Citeseer_feat_L2.txt 0.00129437 0.00129268 1.685e-06
166 Citeseer_feat_L2.txt 0.00206053 0.00205883 1.693e-06
167 Citeseer_feat_L2.txt 0.00120867 0.00120721 1.464e-06
168 Citeseer_feat_L2.txt 0.00230166 0.00230002 1.648e-06
169 Citeseer_feat_L2.txt 0.00118846 0.00118698 1.478e-06
170 Citeseer_feat_L2.txt 0.00222396 0.00222237 1.585e-06
171 Citeseer_feat_L2.txt 0.00120486 0.00120345 1.409e-06
172 Citeseer_feat_L2.txt 0.00229442 0.00229254 1.876e-06
173 Citeseer_feat_L2.txt 0.0012198 0.00121841 1.386e-06
174 Citeseer_feat_L2.txt 0.00219457 0.00219293 1.635e-06
175 Citeseer_feat_L2.txt 0.00119245 0.00119081 1.643e-06
176 Citeseer_feat_L2.txt 0.0021299 0.00212841 1.492e-06
177 Citeseer_feat_L2.txt 0.00105742 0.0010561 1.322e-06
178 Citeseer_feat_L2.txt 0.00202501 0.00202347 1.539e-06
179 Citeseer_feat_L2.txt 0.00116205 0.00116043 1.618e-06
180 Citeseer_feat_L2.txt 0.00219207 0.00219043 1.637e-06
181 Citeseer_feat_L2.txt 0.00111037 0.00110878 1.587e-06
182 Citeseer_feat_L2.txt 0.00227737 0.0022758 1.567e-06
183 Citeseer_feat_L2.txt 0.00125512 0.00125347 1.648e-06
184 Citeseer_feat_L2.txt 0.00214943 0.00214767 1.755e-06
185 Citeseer_feat_L2.txt 0.0011669 0.00116519 1.708e-06
186 Citeseer_feat_L2.txt 0.0022012 0.00219965 1.553e-06
187 Citeseer_feat_L2.txt 0.00116981 0.00116832 1.489e-06
188 Citeseer_feat_L2.txt 0.00226265 0.00226094 1.714e-06
189 Citeseer_feat_L2.txt 0.00114358 0.00114162 1.954e-06
190 Citeseer_feat_L2.txt 0.00247877 0.00247724 1.529e-06
191 Citeseer_feat_L2.txt 0.00120009 0.00119842 1.665e-06
192 Citeseer_feat_L2.txt 0.0022148 0.00221338 1.422e-06
193 Citeseer_feat_L2.txt 0.00132835 0.00132667 1.677e-06
194 Citeseer_feat_L2.txt 0.00225057 0.0022491 1.471e-06
195 Citeseer_feat_L2.txt 0.0012459 0.00124441 1.491e-06
196 Citeseer_feat_L2.txt 0.00232106 0.00231934 1.715e-06
197 Citeseer_feat_L2.txt 0.0012991 0.0012976 1.502e-06
198 Citeseer_feat_L2.txt 0.00237996 0.0023784 1.556e-06
199 Citeseer_feat_L2.txt 0.00119578 0.00119426 1.516e-06
200 Citeseer_feat_L2.txt 0.00231753 0.00231595 1.577e-06
201 Citeseer_feat_L2.txt 0.00133602 0.00133456 1.468e-06
202 Citeseer_feat_L2.txt 0.00224091 0.00223942 1.494e-06
203 Citeseer_feat_L2.txt 0.00120592 0.00120418 1.737e-06
204 Citeseer_feat_L2.txt 0.00239098 0.00238947 1.516e-06
205 Citeseer_feat_L2.txt 0.00122491 0.00122309 1.818e-06
206 Citeseer_feat_L2.txt 0.00227048 0.00226884 1.643e-06
207 Citeseer_feat_L2.txt 0.00124572 0.00124419 1.526e-06
208 Citeseer_feat_L2.txt 0.00203105 0.00202957 1.484e-06
209 Citeseer_feat_L2.txt 0.00124549 0.00124395 1.541e-06
210 Citeseer_feat_L2.txt 0.00202701 0.00202544 1.568e-06
211 Citeseer_feat_L2.txt 0.00122806 0.00122636 1.701e-06
212 Citeseer_feat_L2.txt 0.00239481 0.00239334 1.47e-06
213 Citeseer_feat_L2.txt 0.00117263 0.00117089 1.737e-06
214 Citeseer_feat_L2.txt 0.00234594 0.00234417 1.773e-06
215 Citeseer_feat_L2.txt 0.00119739 0.0011956 1.792e-06
216 Citeseer_feat_L2.txt 0.00227773 0.00227598 1.745e-06
217 Citeseer_feat_L2.txt 0.00126567 0.00126416 1.511e-06
218 Citeseer_feat_L2.txt 0.00236279 0.00236124 1.551e-06
219 Citeseer_feat_L2.txt 0.00121143 0.00120975 1.679e-06
220 Citeseer_feat_L2.txt 0.00229753 0.002296 1.53e-06
221 Citeseer_feat_L2.txt 0.0012333 0.00123168 1.621e-06
222 Citeseer_feat_L2.txt 0.00210682 0.00210529 1.529e-06
223 Citeseer_feat_L2.txt 0.00117832 0.00117691 1.402e-06
224 Citeseer_feat_L2.txt 0.00209812 0.00209652 1.597e-06
225 Citeseer_feat_L2.txt 0.00121439 0.00121298 1.409e-06
226 Citeseer_feat_L2.txt 0.00218389 0.00218228 1.609e-06
227 Citeseer_feat_L2.txt 0.00126225 0.00126061 1.645e-06
228 Citeseer_feat_L2.txt 0.00223733 0.0022356 1.727e-06
229 Citeseer_feat_L2.txt 0.00124129 0.00123957 1.72e-06
230 Citeseer_feat_L2.txt 0.00218956 0.00218809 1.463e-06
231 Citeseer_feat_L2.txt 0.00122279 0.00122113 1.652e-06
232 Citeseer_feat_L2.txt 0.00226868 0.00226708 1.598e-06
233 Citeseer_feat_L2.txt 0.00122526 0.00122362 1.631e-06
234 Citeseer_feat_L2.txt 0.00226431 0.00226263 1.682e-06
235 Citeseer_feat_L2.txt 0.00124488 0.0012434 1.483e-06
236 Citeseer_feat_L2.txt 0.00232313 0.00232161 1.518e-06
237 Citeseer_feat_L2.txt 0.00122601 0.0012243 1.71e-06
238 Citeseer_feat_L2.txt 0.00226857 0.0022671 1.469e-06
239 Citeseer_feat_L2.txt 0.00119626 0.00119463 1.629e-06
240 Citeseer_feat_L2.txt 0.00208349 0.00208198 1.512e-06
241 Citeseer_feat_L2.txt 0.00118831 0.00118655 1.757e-06
242 Citeseer_feat_L2.txt 0.00207854 0.00207699 1.552e-06
243 Citeseer_feat_L2.txt 0.00122145 0.00121975 1.7e-06
244 Citeseer_feat_L2.txt 0.00224036 0.00223871 1.646e-06
245 Citeseer_feat_L2.txt 0.00118903 0.00118747 1.568e-06
246 Citeseer_feat_L2.txt 0.00233988 0.0023383 1.586e-06
247 Citeseer_feat_L2.txt 0.00115259 0.00115087 1.717e-06
248 Citeseer_feat_L2.txt 0.00224004 0.0022385 1.541e-06
249 Citeseer_feat_L2.txt 0.00123805 0.00123641 1.647e-06
250 Citeseer_feat_L2.txt 0.00224729 0.00224579 1.501e-06
251 Citeseer_feat_L2.txt 0.00129407 0.00129223 1.839e-06
252 Citeseer_feat_L2.txt 0.00232906 0.00232754 1.523e-06
253 Citeseer_feat_L2.txt 0.00116196 0.00116027 1.688e-06
254 Citeseer_feat_L2.txt 0.00236627 0.00236473 1.535e-06
255 Citeseer_feat_L2.txt 0.00119096 0.00118956 1.402e-06
256 Citeseer_feat_L2.txt 0.00227141 0.00226973 1.684e-06
257 Citeseer_feat_L2.txt 0.00122475 0.00122314 1.61e-06
258 Citeseer_feat_L2.txt 0.00225215 0.00225048 1.674e-06
259 Citeseer_feat_L2.txt 0.00122763 0.00122603 1.609e-06
260 Citeseer_feat_L2.txt 0.00222823 0.0022266 1.628e-06
261 Citeseer_feat_L2.txt 0.00124941 0.00124792 1.489e-06
262 Citeseer_feat_L2.txt 0.00232623 0.00232468 1.548e-06
263 Citeseer_feat_L2.txt 0.00119796 0.00119622 1.733e-06
264 Citeseer_feat_L2.txt 0.0023546 0.0023528 1.802e-06
265 Citeseer_feat_L2.txt 0.00119391 0.00119224 1.663e-06
266 Citeseer_feat_L2.txt 0.0022031 0.00220142 1.681e-06
267 Citeseer_feat_L2.txt 0.00129956 0.0012979 1.664e-06
268 Citeseer_feat_L2.txt 0.0022885 0.00228687 1.639e-06
269 Citeseer_feat_L2.txt 0.00125486 0.00125309 1.775e-06
270 Citeseer_feat_L2.txt 0.00226068 0.002259 1.678e-06
271 Citeseer_feat_L2.txt 0.00124396 0.00124224 1.726e-06
272 Citeseer_feat_L2.txt 0.00197527 0.00197359 1.679e-06
273 Citeseer_feat_L2.txt 0.00117862 0.0011769 1.717e-06
274 Citeseer_feat_L2.txt 0.00195957 0.00195789 1.68e-06
275 Citeseer_feat_L2.txt 0.00119907 0.00119741 1.656e-06
276 Citeseer_feat_L2.txt 0.00240292 0.0024012 1.716e-06
277 Citeseer_feat_L2.txt 0.00118448 0.00118282 1.666e-06
278 Citeseer_feat_L2.txt 0.0023318 0.00233016 1.634e-06
279 Citeseer_feat_L2.txt 0.00121857 0.00121708 1.491e-06
280 Citeseer_feat_L2.txt 0.00229485 0.00229315 1.697e-06
281 Citeseer_feat_L2.txt 0.00124217 0.00123029 1.1879e-05
282 Citeseer_feat_L2.txt 0.0022718 0.00226992 1.874e-06
283 Citeseer_feat_L2.txt 0.00130484 0.00130017 4.673e-06
284 Citeseer_feat_L2.txt 0.00230072 0.00229894 1.781e-06
285 Citeseer_feat_L2.txt 0.00121994 0.00121845 1.487e-06
286 Citeseer_feat_L2.txt 0.00215026 0.00214865 1.617e-06
287 Citeseer_feat_L2.txt 0.00129361 0.00129192 1.696e-06
288 Citeseer_feat_L2.txt 0.00213265 0.00213094 1.714e-06
289 Citeseer_feat_L2.txt 0.00125922 0.00125755 1.67e-06
290 Citeseer_feat_L2.txt 0.00220214 0.00220036 1.776e-06
291 Citeseer_feat_L2.txt 0.00130796 0.00130625 1.714e-06
292 Citeseer_feat_L2.txt 0.00228217 0.00228053 1.633e-06
293 Citeseer_feat_L2.txt 0.00128087 0.00127921 1.662e-06
294 Citeseer_feat_L2.txt 0.0022114 0.00220978 1.621e-06
295 Citeseer_feat_L2.txt 0.0012545 0.001253 1.505e-06
296 Citeseer_feat_L2.txt 0.00233817 0.00233639 1.785e-06
297 Citeseer_feat_L2.txt 0.00127779 0.00127619 1.594e-06
298 Citeseer_feat_L2.txt 0.00223727 0.00223557 1.703e-06
299 Citeseer_feat_L2.txt 0.00134874 0.0013471 1.645e-06
300 Citeseer_feat_L2.txt 0.00237145 0.00236974 1.709e-06
301 Citeseer_feat_L2.txt 0.00121409 0.00121243 1.653e-06
302 Citeseer_feat_L2.txt 0.00229727 0.00229558 1.691e-06
303 Citeseer_feat_L2.txt 0.00124058 0.00123911 1.47e-06
304 Citeseer_feat_L2.txt 0.00206147 0.00205964 1.831e-06
305 Citeseer_feat_L2.txt 0.00123734 0.00123591 1.43e-06
306 Citeseer_feat_L2.txt 0.00205823 0.0020565 1.729e-06
307 Citeseer_feat_L2.txt 0.0013312 0.00132965 1.551e-06
308 Citeseer_feat_L2.txt 0.00233854 0.00233696 1.575e-06
309 Citeseer_feat_L2.txt 0.0012332 0.00123162 1.581e-06
310 Citeseer_feat_L2.txt 0.00235824 0.00235683 1.418e-06
311 Citeseer_feat_L2.txt 0.00123497 0.00123337 1.599e-06
312 Citeseer_feat_L2.txt 0.00230961 0.00230787 1.738e-06
313 Citeseer_feat_L2.txt 0.00130316 0.00130148 1.68e-06
314 Citeseer_feat_L2.txt 0.0023405 0.00233893 1.569e-06
315 Citeseer_feat_L2.txt 0.00132315 0.00132164 1.514e-06
316 Citeseer_feat_L2.txt 0.00234321 0.00234167 1.547e-06
317 Citeseer_feat_L2.txt 0.00128308 0.00128169 1.393e-06
318 Citeseer_feat_L2.txt 0.00244701 0.00244541 1.606e-06
319 Citeseer_feat_L2.txt 0.00126405 0.00126259 1.46e-06
320 Citeseer_feat_L2.txt 0.00228179 0.00228009 1.708e-06
321 Citeseer_feat_L2.txt 0.00126289 0.00126138 1.517e-06
322 Citeseer_feat_L2.txt 0.00231864 0.0023169 1.746e-06
323 Citeseer_feat_L2.txt 0.00132407 0.00132242 1.654e-06
324 Citeseer_feat_L2.txt 0.00231298 0.0023112 1.778e-06
325 Citeseer_feat_L2.txt 0.00131854 0.00131699 1.551e-06
326 Citeseer_feat_L2.txt 0.00227334 0.00227161 1.725e-06
327 Citeseer_feat_L2.txt 0.00124901 0.00124728 1.737e-06
328 Citeseer_feat_L2.txt 0.0023254 0.00232366 1.741e-06
329 Citeseer_feat_L2.txt 0.00126604 0.00126439 1.648e-06
330 Citeseer_feat_L2.txt 0.00225725 0.0022555 1.753e-06
331 Citeseer_feat_L2.txt 0.00126869 0.00126689 1.8e-06
332 Citeseer_feat_L2.txt 0.00235626 0.0023546 1.655e-06
333 Citeseer_feat_L2.txt 0.00120915 0.00120739 1.758e-06
334 Citeseer_feat_L2.txt 0.00230792 0.00230627 1.647e-06
335 Citeseer_feat_L2.txt 0.00130955 0.00130787 1.673e-06
336 Citeseer_feat_L2.txt 0.00200869 0.00200679 1.895e-06
337 Citeseer_feat_L2.txt 0.00118979 0.00118824 1.554e-06
338 Citeseer_feat_L2.txt 0.00194114 0.00193945 1.687e-06
339 Citeseer_feat_L2.txt 0.00126794 0.00126626 1.679e-06
340 Citeseer_feat_L2.txt 0.00240434 0.00240262 1.712e-06
341 Citeseer_feat_L2.txt 0.00117364 0.00117209 1.545e-06
342 Citeseer_feat_L2.txt 0.00237498 0.0023733 1.688e-06
343 Citeseer_feat_L2.txt 0.00129249 0.0012908 1.682e-06
344 Citeseer_feat_L2.txt 0.00231792 0.00231627 1.649e-06
345 Citeseer_feat_L2.txt 0.00127842 0.00127679 1.625e-06
346 Citeseer_feat_L2.txt 0.00236198 0.00236026 1.718e-06
347 Citeseer_feat_L2.txt 0.00125132 0.00124968 1.637e-06
348 Citeseer_feat_L2.txt 0.00231406 0.00231229 1.769e-06
349 Citeseer_feat_L2.txt 0.00123742 0.00123559 1.823e-06
350 Citeseer_feat_L2.txt 0.00214726 0.00214568 1.577e-06
351 Citeseer_feat_L2.txt 0.00118578 0.00118403 1.75e-06
352 Citeseer_feat_L2.txt 0.00205536 0.00205364 1.727e-06
353 Citeseer_feat_L2.txt 0.00118079 0.00117923 1.552e-06
354 Citeseer_feat_L2.txt 0.00214875 0.00214707 1.68e-06
355 Citeseer_feat_L2.txt 0.00127422 0.00127268 1.534e-06
356 Citeseer_feat_L2.txt 0.0022837 0.00228187 1.827e-06
357 Citeseer_feat_L2.txt 0.00118489 0.00118319 1.7e-06
358 Citeseer_feat_L2.txt 0.0021698 0.0021681 1.702e-06
359 Citeseer_feat_L2.txt 0.00127088 0.00126924 1.64e-06
360 Citeseer_feat_L2.txt 0.00227773 0.00227591 1.817e-06
361 Citeseer_feat_L2.txt 0.00123632 0.00123469 1.638e-06
362 Citeseer_feat_L2.txt 0.00226513 0.00226335 1.774e-06
363 Citeseer_feat_L2.txt 0.00128894 0.00128717 1.771e-06
364 Citeseer_feat_L2.txt 0.00238576 0.00238402 1.739e-06
365 Citeseer_feat_L2.txt 0.00121682 0.00121516 1.657e-06
366 Citeseer_feat_L2.txt 0.00225598 0.0022542 1.776e-06
367 Citeseer_feat_L2.txt 0.00121547 0.00121376 1.709e-06
368 Citeseer_feat_L2.txt 0.00206287 0.00206124 1.626e-06
369 Citeseer_feat_L2.txt 0.00121063 0.00120898 1.654e-06
370 Citeseer_feat_L2.txt 0.00204071 0.00203906 1.654e-06
371 Citeseer_feat_L2.txt 0.00129587 0.00129398 1.89e-06
372 Citeseer_feat_L2.txt 0.00230272 0.00230101 1.712e-06
373 Citeseer_feat_L2.txt 0.00119153 0.00118951 2.022e-06
374 Citeseer_feat_L2.txt 0.00232118 0.00231948 1.704e-06
375 Citeseer_feat_L2.txt 0.00120561 0.00120402 1.599e-06
376 Citeseer_feat_L2.txt 0.00224669 0.00224496 1.735e-06
377 Citeseer_feat_L2.txt 0.00122013 0.00121843 1.697e-06
378 Citeseer_feat_L2.txt 0.00227437 0.00227265 1.722e-06
379 Citeseer_feat_L2.txt 0.00129019 0.00128853 1.659e-06
380 Citeseer_feat_L2.txt 0.00230959 0.0023079 1.688e-06
381 Citeseer_feat_L2.txt 0.00120476 0.00120299 1.778e-06
382 Citeseer_feat_L2.txt 0.00235792 0.00235618 1.742e-06
383 Citeseer_feat_L2.txt 0.00125504 0.00122129 3.3745e-05
0 Citeseer_A.txt 0.00085313 0.000851906 1.224e-06
1 Citeseer_A.txt 0.000849396 0.000848544 8.52e-07
2 Citeseer_A.txt 0.000856091 0.000855486 6.05e-07
3 Citeseer_A.txt 0.00085028 0.000849434 8.46e-07
4 Citeseer_A.txt 0.000855747 0.000855049 6.98e-07
5 Citeseer_A.txt 0.000851227 0.000850394 8.33e-07
6 Citeseer_A.txt 0.000856717 0.000856169 5.48e-07
7 Citeseer_A.txt 0.000851555 0.000850501 1.054e-06
8 Citeseer_A.txt 0.000876653 0.00087599 6.63e-07
9 Citeseer_A.txt 0.000872234 0.000871489 7.45e-07
10 Citeseer_A.txt 0.000863178 0.000862495 6.83e-07
11 Citeseer_A.txt 0.000856096 0.000855172 9.24e-07
12 Citeseer_A.txt 0.000869594 0.000868948 6.46e-07
13 Citeseer_A.txt 0.000864933 0.00086426 6.73e-07
14 Citeseer_A.txt 0.000872008 0.000871368 6.4e-07
15 Citeseer_A.txt 0.000865146 0.000864627 5.19e-07
16 Citeseer_A.txt 0.000888073 0.000887345 7.28e-07
17 Citeseer_A.txt 0.000881704 0.000881002 7.02e-07
18 Citeseer_A.txt 0.000887872 0.000887039 8.33e-07
19 Citeseer_A.txt 0.000882589 0.000881802 7.87e-07
20 Citeseer_A.txt 0.000883168 0.000882529 6.39e-07
21 Citeseer_A.txt 0.000878689 0.000878053 6.36e-07
22 Citeseer_A.txt 0.000888552 0.000887871 6.81e-07
23 Citeseer_A.txt 0.000882319 0.000881573 7.46e-07
24 Citeseer_A.txt 0.000865275 0.000864551 7.24e-07
25 Citeseer_A.txt 0.000859653 0.00085889 7.63e-07
26 Citeseer_A.txt 0.000883658 0.000882987 6.71e-07
27 Citeseer_A.txt 0.000877581 0.000876904 6.77e-07
28 Citeseer_A.txt 0.000868158 0.000867222 9.36e-07
29 Citeseer_A.txt 0.000864279 0.000863478 8.01e-07
30 Citeseer_A.txt 0.000873309 0.000872727 5.82e-07
31 Citeseer_A.txt 0.000867014 0.000866281 7.33e-07
32 Citeseer_A.txt 0.000801192 0.000800585 6.07e-07
33 Citeseer_A.txt 0.000800598 0.000800013 5.85e-07
34 Citeseer_A.txt 0.0008028 0.000802235 5.65e-07
35 Citeseer_A.txt 0.000802723 0.000802064 6.59e-07
36 Citeseer_A.txt 0.000797389 0.000796797 5.92e-07
37 Citeseer_A.txt 0.00079144 0.000790706 7.34e-07
38 Citeseer_A.txt 0.000797841 0.000797176 6.65e-07
39 Citeseer_A.txt 0.000790814 0.000790145 6.69e-07
40 Citeseer_A.txt 0.000796094 0.000795442 6.52e-07
41 Citeseer_A.txt 0.000788631 0.000788022 6.09e-07
42 Citeseer_A.txt 0.000807593 0.000806972 6.21e-07
43 Citeseer_A.txt 0.000790786 0.000789924 8.62e-07
44 Citeseer_A.txt 0.000797055 0.000796418 6.37e-07
45 Citeseer_A.txt 0.00079128 0.000790609 6.71e-07
46 Citeseer_A.txt 0.000804813 0.000804166 6.47e-07
47 Citeseer_A.txt 0.000787269 0.000786627 6.42e-07
48 Citeseer_A.txt 0.000841458 0.0008407 7.58e-07
49 Citeseer_A.txt 0.000839776 0.000839098 6.78e-07
50 Citeseer_A.txt 0.000844854 0.000844302 5.52e-07
51 Citeseer_A.txt 0.000846195 0.000845495 7e-07
52 Citeseer_A.txt 0.000844433 0.000843855 5.78e-07
53 Citeseer_A.txt 0.000842875 0.000842174 7.01e-07
54 Citeseer_A.txt 0.000858054 0.000857352 7.02e-07
55 Citeseer_A.txt 0.000854044 0.000853262 7.82e-07
56 Citeseer_A.txt 0.000842104 0.000841561 5.43e-07
57 Citeseer_A.txt 0.000835558 0.000834701 8.57e-07
58 Citeseer_A.txt 0.000847359 0.000846771 5.88e-07
59 Citeseer_A.txt 0.000835861 0.000835208 6.53e-07
60 Citeseer_A.txt 0.00084549 0.000844782 7.08e-07
61 Citeseer_A.txt 0.00083828 0.000837679 6.01e-07
62 Citeseer_A.txt 0.000844946 0.000844298 6.48e-07
63 Citeseer_A.txt 0.000835525 0.000834857 6.68e-07
64 Citeseer_A.txt 0.000878213 0.000877484 7.29e-07
65 Citeseer_A.txt 0.000872287 0.000871464 8.23e-07
66 Citeseer_A.txt 0.000876424 0.000875748 6.76e-07
67 Citeseer_A.txt 0.000870299 0.000869471 8.28e-07
68 Citeseer_A.txt 0.000870318 0.000869718 6e-07
69 Citeseer_A.txt 0.00086759 0.00086688 7.1e-07
70 Citeseer_A.txt 0.000876661 0.000876031 6.3e-07
71 Citeseer_A.txt 0.000871068 0.000870432 6.36e-07
72 Citeseer_A.txt 0.000857785 0.000857091 6.94e-07
73 Citeseer_A.txt 0.000853184 0.000852571 6.13e-07
74 Citeseer_A.txt 0.000854159 0.000853597 5.62e-07
75 Citeseer_A.txt 0.000847467 0.000846682 7.85e-07
76 Citeseer_A.txt 0.000855756 0.000855044 7.12e-07
77 Citeseer_A.txt 0.00085201 0.00085124 7.7e-07
78 Citeseer_A.txt 0.000861469 0.000860689 7.8e-07
79 Citeseer_A.txt 0.00085506 0.000854318 7.42e-07
80 Citeseer_A.txt 0.000787706 0.000787097 6.09e-07
81 Citeseer_A.txt 0.000783729 0.000783008 7.21e-07
82 Citeseer_A.txt 0.00078427 0.000783292 9.78e-07
83 Citeseer_A.txt 0.00077702 0.00077642 6e-07
84 Citeseer_A.txt 0.000785652 0.00078504 6.12e-07
85 Citeseer_A.txt 0.000780218 0.000779445 7.73e-07
86 Citeseer_A.txt 0.000785026 0.000784028 9.98e-07
87 Citeseer_A.txt 0.000778303 0.000777586 7.17e-07
88 Citeseer_A.txt 0.000779816 0.000779184 6.32e-07
89 Citeseer_A.txt 0.000776026 0.000775209 8.17e-07
90 Citeseer_A.txt 0.000782471 0.00078196 5.11e-07
91 Citeseer_A.txt 0.000775435 0.000774647 7.88e-07
92 Citeseer_A.txt 0.000782579 0.000781941 6.38e-07
93 Citeseer_A.txt 0.000778752 0.000777922 8.3e-07
94 Citeseer_A.txt 0.000787363 0.000786339 1.024e-06
95 Citeseer_A.txt 0.000780414 0.000779675 7.39e-07
96 Citeseer_A.txt 0.000856151 0.000855296 8.55e-07
97 Citeseer_A.txt 0.000852933 0.000852188 7.45e-07
98 Citeseer_A.txt 0.000862155 0.000861408 7.47e-07
99 Citeseer_A.txt 0.000855412 0.000854615 7.97e-07
100 Citeseer_A.txt 0.00087122 0.000870591 6.29e-07
101 Citeseer_A.txt 0.000878288 0.000877474 8.14e-07
102 Citeseer_A.txt 0.000875364 0.000874774 5.9e-07
103 Citeseer_A.txt 0.000872657 0.000871834 8.23e-07
104 Citeseer_A.txt 0.000851558 0.000850946 6.12e-07
105 Citeseer_A.txt 0.000847766 0.000846857 9.09e-07
106 Citeseer_A.txt 0.000859944 0.000859274 6.7e-07
107 Citeseer_A.txt 0.000849441 0.000848618 8.23e-07
108 Citeseer_A.txt 0.000856084 0.000855145 9.39e-07
109 Citeseer_A.txt 0.00085043 0.000849892 5.38e-07
110 Citeseer_A.txt 0.000877425 0.000876396 1.029e-06
111 Citeseer_A.txt 0.000852787 0.000851872 9.15e-07
112 Citeseer_A.txt 0.000881865 0.000881192 6.73e-07
113 Citeseer_A.txt 0.000886485 0.000885525 9.6e-07
114 Citeseer_A.txt 0.000884915 0.000884283 6.32e-07
115 Citeseer_A.txt 0.000878367 0.000877744 6.23e-07
116 Citeseer_A.txt 0.00088443 0.000883882 5.48e-07
117 Citeseer_A.txt 0.000885308 0.000884561 7.47e-07
118 Citeseer_A.txt 0.000884484 0.000883917 5.67e-07
119 Citeseer_A.txt 0.000878509 0.000877684 8.25e-07
120 Citeseer_A.txt 0.000867459 0.000866794 6.65e-07
121 Citeseer_A.txt 0.000859868 0.00085902 8.48e-07
122 Citeseer_A.txt 0.000881131 0.000880525 6.06e-07
123 Citeseer_A.txt 0.000857372 0.000856687 6.85e-07
124 Citeseer_A.txt 0.000873596 0.000872839 7.57e-07
125 Citeseer_A.txt 0.000860109 0.00085937 7.39e-07
126 Citeseer_A.txt 0.000876733 0.000876041 6.92e-07
127 Citeseer_A.txt 0.000883684 0.000883031 6.53e-07
128 Citeseer_A.txt 0.000785539 0.000784907 6.32e-07
129 Citeseer_A.txt 0.000781758 0.000781056 7.02e-07
130 Citeseer_A.txt 0.000802519 0.00080194 5.79e-07
131 Citeseer_A.txt 0.000795826 0.000795113 7.13e-07
132 Citeseer_A.txt 0.000788859 0.000788253 6.06e-07
133 Citeseer_A.txt 0.000784728 0.000784191 5.37e-07
134 Citeseer_A.txt 0.000797534 0.000796578 9.56e-07
135 Citeseer_A.txt 0.000790399 0.000789518 8.81e-07
136 Citeseer_A.txt 0.000792779 0.000792264 5.15e-07
137 Citeseer_A.txt 0.000788413 0.000787789 6.24e-07
138 Citeseer_A.txt 0.000806892 0.000806203 6.89e-07
139 Citeseer_A.txt 0.00079944 0.00079885 5.9e-07
140 Citeseer_A.txt 0.000786882 0.000786298 5.84e-07
141 Citeseer_A.txt 0.000783029 0.000782287 7.42e-07
142 Citeseer_A.txt 0.000793345 0.000792792 5.53e-07
143 Citeseer_A.txt 0.000787212 0.000786597 6.15e-07
144 Citeseer_A.txt 0.000869879 0.000868987 8.92e-07
145 Citeseer_A.txt 0.000867588 0.000866876 7.12e-07
146 Citeseer_A.txt 0.000854433 0.000853813 6.2e-07
147 Citeseer_A.txt 0.000847619 0.000847097 5.22e-07
148 Citeseer_A.txt 0.000867005 0.000866248 7.57e-07
149 Citeseer_A.txt 0.000862228 0.000861385 8.43e-07
150 Citeseer_A.txt 0.00090091 0.000900233 6.77e-07
151 Citeseer_A.txt 0.000895829 0.000895009 8.2e-07
152 Citeseer_A.txt 0.000860318 0.000859489 8.29e-07
153 Citeseer_A.txt 0.000856035 0.000855255 7.8e-07
154 Citeseer_A.txt 0.00085545 0.000854733 7.17e-07
155 Citeseer_A.txt 0.000849119 0.000848309 8.1e-07
156 Citeseer_A.txt 0.000882111 0.000881392 7.19e-07
157 Citeseer_A.txt 0.000877372 0.000876751 6.21e-07
158 Citeseer_A.txt 0.000899657 0.000898801 8.56e-07
159 Citeseer_A.txt 0.000893088 0.00089237 7.18e-07
160 Citeseer_A.txt 0.000893966 0.000893207 7.59e-07
161 Citeseer_A.txt 0.00089447 0.000893562 9.08e-07
162 Citeseer_A.txt 0.000894197 0.00089348 7.17e-07
163 Citeseer_A.txt 0.000881156 0.000880187 9.69e-07
164 Citeseer_A.txt 0.000891226 0.000890419 8.07e-07
165 Citeseer_A.txt 0.000892339 0.000891445 8.94e-07
166 Citeseer_A.txt 0.000891054 0.000890133 9.21e-07
167 Citeseer_A.txt 0.000875084 0.000873973 1.111e-06
168 Citeseer_A.txt 0.000896946 0.000895861 1.085e-06
169 Citeseer_A.txt 0.000878737 0.000877865 8.72e-07
170 Citeseer_A.txt 0.000864987 0.000863927 1.06e-06
171 Citeseer_A.txt 0.00085817 0.000857292 8.78e-07
172 Citeseer_A.txt 0.000868296 0.000867483 8.13e-07
173 Citeseer_A.txt 0.000864307 0.000863511 7.96e-07
174 Citeseer_A.txt 0.000886537 0.000885819 7.18e-07
175 Citeseer_A.txt 0.000872894 0.000872298 5.96e-07
176 Citeseer_A.txt 0.000793552 0.000792648 9.04e-07
177 Citeseer_A.txt 0.000785571 0.00078483 7.41e-07
178 Citeseer_A.txt 0.000797448 0.000796732 7.16e-07
179 Citeseer_A.txt 0.000784746 0.000783945 8.01e-07
180 Citeseer_A.txt 0.000794847 0.000793793 1.054e-06
181 Citeseer_A.txt 0.000799149 0.000798219 9.3e-07
182 Citeseer_A.txt 0.000799803 0.000798738 1.065e-06
183 Citeseer_A.txt 0.000788616 0.000787997 6.19e-07
184 Citeseer_A.txt 0.00079017 0.00078907 1.1e-06
185 Citeseer_A.txt 0.000785241 0.000784158 1.083e-06
186 Citeseer_A.txt 0.000787833 0.000786777 1.056e-06
187 Citeseer_A.txt 0.000782154 0.000781493 6.61e-07
188 Citeseer_A.txt 0.000787267 0.000786671 5.96e-07
189 Citeseer_A.txt 0.000783983 0.000783051 9.32e-07
190 Citeseer_A.txt 0.000793666 0.000793017 6.49e-07
191 Citeseer_A.txt 0.000784498 0.000783602 8.96e-07
192 Citeseer_A.txt 0.000841169 0.000840273 8.96e-07
193 Citeseer_A.txt 0.000838885 0.000837912 9.73e-07
194 Citeseer_A.txt 0.000847344 0.000846696 6.48e-07
195 Citeseer_A.txt 0.000839966 0.000839161 8.05e-07
196 Citeseer_A.txt 0.00084044 0.000839413 1.027e-06
197 Citeseer_A.txt 0.000835818 0.000834793 1.025e-06
198 Citeseer_A.txt 0.000846988 0.000846162 8.26e-07
199 Citeseer_A.txt 0.000837509 0.000836473 1.036e-06
200 Citeseer_A.txt 0.000837229 0.000836219 1.01e-06
201 Citeseer_A.txt 0.000833384 0.000832564 8.2e-07
202 Citeseer_A.txt 0.000842633 0.000841511 1.122e-06
203 Citeseer_A.txt 0.000834973 0.000834015 9.58e-07
204 Citeseer_A.txt 0.000853344 0.00085261 7.34e-07
205 Citeseer_A.txt 0.000856008 0.000855382 6.26e-07
206 Citeseer_A.txt 0.000853872 0.000853147 7.25e-07
207 Citeseer_A.txt 0.000849749 0.00084871 1.039e-06
208 Citeseer_A.txt 0.000867647 0.000866567 1.08e-06
209 Citeseer_A.txt 0.000862833 0.000861938 8.95e-07
210 Citeseer_A.txt 0.000873134 0.000872051 1.083e-06
211 Citeseer_A.txt 0.000866677 0.000865792 8.85e-07
212 Citeseer_A.txt 0.000863548 0.000862739 8.09e-07
213 Citeseer_A.txt 0.000859601 0.000858764 8.37e-07
214 Citeseer_A.txt 0.000863203 0.000862566 6.37e-07
215 Citeseer_A.txt 0.000857151 0.000856251 9e-07
216 Citeseer_A.txt 0.000852949 0.000852192 7.57e-07
217 Citeseer_A.txt 0.000853084 0.000852129 9.55e-07
218 Citeseer_A.txt 0.000854925 0.000854009 9.16e-07
219 Citeseer_A.txt 0.000841495 0.000840703 7.92e-07
220 Citeseer_A.txt 0.000853038 0.000852035 1.003e-06
221 Citeseer_A.txt 0.000847319 0.000846534 7.85e-07
222 Citeseer_A.txt 0.00085301 0.000852207 8.03e-07
223 Citeseer_A.txt 0.00084702 0.000846081 9.39e-07
224 Citeseer_A.txt 0.000777321 0.00077669 6.31e-07
225 Citeseer_A.txt 0.000772743 0.000772055 6.88e-07
226 Citeseer_A.txt 0.000778559 0.000777605 9.54e-07
227 Citeseer_A.txt 0.000772911 0.000772189 7.22e-07
228 Citeseer_A.txt 0.000785702 0.000784632 1.07e-06
229 Citeseer_A.txt 0.000774934 0.000774142 7.92e-07
230 Citeseer_A.txt 0.000785741 0.000784711 1.03e-06
231 Citeseer_A.txt 0.00077989 0.000779071 8.19e-07
232 Citeseer_A.txt 0.000787044 0.000785996 1.048e-06
233 Citeseer_A.txt 0.000775351 0.000774408 9.43e-07
234 Citeseer_A.txt 0.000787022 0.000785984 1.038e-06
235 Citeseer_A.txt 0.000776521 0.000775712 8.09e-07
236 Citeseer_A.txt 0.000786505 0.000785396 1.109e-06
237 Citeseer_A.txt 0.000790771 0.000790008 7.63e-07
238 Citeseer_A.txt 0.000785639 0.000784725 9.14e-07
239 Citeseer_A.txt 0.000783123 0.000781995 1.128e-06
240 Citeseer_A.txt 0.000840718 0.00083925 1.468e-06
241 Citeseer_A.txt 0.000839511 0.000838359 1.152e-06
242 Citeseer_A.txt 0.00084751 0.000846517 9.93e-07
243 Citeseer_A.txt 0.000839148 0.000838165 9.83e-07
244 Citeseer_A.txt 0.000841429 0.000840735 6.94e-07
245 Citeseer_A.txt 0.000837528 0.000836861 6.67e-07
246 Citeseer_A.txt 0.00084748 0.00084653 9.5e-07
247 Citeseer_A.txt 0.00083933 0.000838167 1.163e-06
248 Citeseer_A.txt 0.000848198 0.000847167 1.031e-06
249 Citeseer_A.txt 0.000843273 0.000842359 9.14e-07
250 Citeseer_A.txt 0.000851405 0.000850644 7.61e-07
251 Citeseer_A.txt 0.000849519 0.000848591 9.28e-07
252 Citeseer_A.txt 0.000856656 0.000855716 9.4e-07
253 Citeseer_A.txt 0.000848091 0.000847396 6.95e-07
254 Citeseer_A.txt 0.000850735 0.000849788 9.47e-07
255 Citeseer_A.txt 0.00084689 0.000846238 6.52e-07
256 Citeseer_A.txt 0.000876662 0.000875773 8.89e-07
257 Citeseer_A.txt 0.000870293 0.000869285 1.008e-06
258 Citeseer_A.txt 0.000875749 0.00087483 9.19e-07
259 Citeseer_A.txt 0.000869466 0.000868372 1.094e-06
260 Citeseer_A.txt 0.000870459 0.000869422 1.037e-06
261 Citeseer_A.txt 0.000866452 0.000865441 1.011e-06
262 Citeseer_A.txt 0.000871377 0.000870308 1.069e-06
263 Citeseer_A.txt 0.000864743 0.000863663 1.08e-06
264 Citeseer_A.txt 0.000859502 0.000858485 1.017e-06
265 Citeseer_A.txt 0.000851883 0.000850808 1.075e-06
266 Citeseer_A.txt 0.000862002 0.000860978 1.024e-06
267 Citeseer_A.txt 0.000855532 0.000854522 1.01e-06
268 Citeseer_A.txt 0.00085813 0.000857081 1.049e-06
269 Citeseer_A.txt 0.000854583 0.000853632 9.51e-07
270 Citeseer_A.txt 0.000865126 0.000864385 7.41e-07
271 Citeseer_A.txt 0.000856996 0.000856284 7.12e-07
272 Citeseer_A.txt 0.000784636 0.000783695 9.41e-07
273 Citeseer_A.txt 0.000780937 0.000779762 1.175e-06
274 Citeseer_A.txt 0.000785838 0.000784732 1.106e-06
275 Citeseer_A.txt 0.00077827 0.00077749 7.8e-07
276 Citeseer_A.txt 0.000784751 0.000783803 9.48e-07
277 Citeseer_A.txt 0.000780541 0.000779536 1.005e-06
278 Citeseer_A.txt 0.00078154 0.000780829 7.11e-07
279 Citeseer_A.txt 0.000775784 0.000774853 9.31e-07
280 Citeseer_A.txt 0.000780041 0.000779268 7.73e-07
281 Citeseer_A.txt 0.000774009 0.00077299 1.019e-06
282 Citeseer_A.txt 0.000780604 0.000779813 7.91e-07
283 Citeseer_A.txt 0.000773721 0.000772775 9.46e-07
284 Citeseer_A.txt 0.000787004 0.000786 1.004e-06
285 Citeseer_A.txt 0.000782995 0.000781857 1.138e-06
286 Citeseer_A.txt 0.000782921 0.000781838 1.083e-06
287 Citeseer_A.txt 0.000777285 0.000776297 9.88e-07
288 Citeseer_A.txt 0.000833015 0.000831824 1.191e-06
289 Citeseer_A.txt 0.000833451 0.000831505 1.946e-06
290 Citeseer_A.txt 0.00084135 0.000840152 1.198e-06
291 Citeseer_A.txt 0.000833153 0.000832045 1.108e-06
292 Citeseer_A.txt 0.000844026 0.000843206 8.2e-07
293 Citeseer_A.txt 0.000837194 0.0008361 1.094e-06
294 Citeseer_A.txt 0.00085201 0.00085096 1.05e-06
295 Citeseer_A.txt 0.000832341 0.000831157 1.184e-06
296 Citeseer_A.txt 0.000852666 0.000850422 2.244e-06
297 Citeseer_A.txt 0.00085139 0.000850362 1.028e-06
298 Citeseer_A.txt 0.000851553 0.000850837 7.16e-07
299 Citeseer_A.txt 0.000853612 0.000852548 1.064e-06
300 Citeseer_A.txt 0.000851716 0.000850912 8.04e-07
301 Citeseer_A.txt 0.000849257 0.000848187 1.07e-06
302 Citeseer_A.txt 0.00085418 0.000853312 8.68e-07
303 Citeseer_A.txt 0.000850817 0.000849975 8.42e-07
304 Citeseer_A.txt 0.000865954 0.000865047 9.07e-07
305 Citeseer_A.txt 0.000860774 0.000859872 9.02e-07
306 Citeseer_A.txt 0.000868371 0.000867723 6.48e-07
307 Citeseer_A.txt 0.000862063 0.000860975 1.088e-06
308 Citeseer_A.txt 0.000861353 0.000860791 5.62e-07
309 Citeseer_A.txt 0.000857545 0.000856726 8.19e-07
310 Citeseer_A.txt 0.00086204 0.000861431 6.09e-07
311 Citeseer_A.txt 0.000856802 0.000855669 1.133e-06
312 Citeseer_A.txt 0.000851614 0.000850349 1.265e-06
313 Citeseer_A.txt 0.000844412 0.000843199 1.213e-06
314 Citeseer_A.txt 0.000850379 0.00084948 8.99e-07
315 Citeseer_A.txt 0.000843287 0.000842226 1.061e-06
316 Citeseer_A.txt 0.000841771 0.000840969 8.02e-07
317 Citeseer_A.txt 0.000844473 0.000843653 8.2e-07
318 Citeseer_A.txt 0.0008529 0.000851835 1.065e-06
319 Citeseer_A.txt 0.000852382 0.000851134 1.248e-06
320 Citeseer_A.txt 0.000780408 0.00077964 7.68e-07
321 Citeseer_A.txt 0.000770716 0.000770092 6.24e-07
322 Citeseer_A.txt 0.000793425 0.00079245 9.75e-07
323 Citeseer_A.txt 0.000772088 0.00077019 1.898e-06
324 Citeseer_A.txt 0.000782289 0.000780929 1.36e-06
325 Citeseer_A.txt 0.00077517 0.000774241 9.29e-07
326 Citeseer_A.txt 0.000777123 0.000776167 9.56e-07
327 Citeseer_A.txt 0.000769808 0.000768875 9.33e-07
328 Citeseer_A.txt 0.000790186 0.000789248 9.38e-07
329 Citeseer_A.txt 0.000789915 0.000789003 9.12e-07
330 Citeseer_A.txt 0.000781278 0.000780453 8.25e-07
331 Citeseer_A.txt 0.000772232 0.000770948 1.284e-06
332 Citeseer_A.txt 0.000784306 0.000783316 9.9e-07
333 Citeseer_A.txt 0.000785522 0.000784417 1.105e-06
334 Citeseer_A.txt 0.000791473 0.000790715 7.58e-07
335 Citeseer_A.txt 0.00078647 0.000785446 1.024e-06
336 Citeseer_A.txt 0.000840855 0.000839679 1.176e-06
337 Citeseer_A.txt 0.000842846 0.000841859 9.87e-07
338 Citeseer_A.txt 0.000845914 0.000844503 1.411e-06
339 Citeseer_A.txt 0.000860511 0.000859313 1.198e-06
340 Citeseer_A.txt 0.000845865 0.000844965 9e-07
341 Citeseer_A.txt 0.00084538 0.000844072 1.308e-06
342 Citeseer_A.txt 0.000854184 0.000853078 1.106e-06
343 Citeseer_A.txt 0.000850433 0.000849342 1.091e-06
344 Citeseer_A.txt 0.000844579 0.000843868 7.11e-07
345 Citeseer_A.txt 0.000858643 0.000857266 1.377e-06
346 Citeseer_A.txt 0.000844126 0.000843017 1.109e-06
347 Citeseer_A.txt 0.000837031 0.000835953 1.078e-06
348 Citeseer_A.txt 0.000859551 0.000858589 9.62e-07
349 Citeseer_A.txt 0.000844858 0.000843713 1.145e-06
350 Citeseer_A.txt 0.000843911 0.000843068 8.43e-07
351 Citeseer_A.txt 0.000828483 0.000827047 1.436e-06
352 Citeseer_A.txt 0.00086665 0.000865218 1.432e-06
353 Citeseer_A.txt 0.000867947 0.00086694 1.007e-06
354 Citeseer_A.txt 0.000869082 0.00086823 8.52e-07
355 Citeseer_A.txt 0.000862848 0.000861708 1.14e-06
356 Citeseer_A.txt 0.000865554 0.000864738 8.16e-07
357 Citeseer_A.txt 0.000859316 0.000858356 9.6e-07
358 Citeseer_A.txt 0.000865399 0.000864663 7.36e-07
359 Citeseer_A.txt 0.000860653 0.00085933 1.323e-06
360 Citeseer_A.txt 0.000855944 0.000855047 8.97e-07
361 Citeseer_A.txt 0.000860875 0.000860232 6.43e-07
362 Citeseer_A.txt 0.000859932 0.000859349 5.83e-07
363 Citeseer_A.txt 0.00085353 0.000852861 6.69e-07
364 Citeseer_A.txt 0.000854856 0.000853873 9.83e-07
365 Citeseer_A.txt 0.000845157 0.000844153 1.004e-06
366 Citeseer_A.txt 0.000860088 0.000859229 8.59e-07
367 Citeseer_A.txt 0.000855316 0.000854084 1.232e-06
368 Citeseer_A.txt 0.000783653 0.00078247 1.183e-06
369 Citeseer_A.txt 0.000784733 0.000783979 7.54e-07
370 Citeseer_A.txt 0.000785206 0.000784282 9.24e-07
371 Citeseer_A.txt 0.000776449 0.000775614 8.35e-07
372 Citeseer_A.txt 0.000786146 0.000785167 9.79e-07
373 Citeseer_A.txt 0.000783532 0.000782684 8.48e-07
374 Citeseer_A.txt 0.000785563 0.000784629 9.34e-07
375 Citeseer_A.txt 0.000779455 0.000778581 8.74e-07
376 Citeseer_A.txt 0.000783294 0.000782339 9.55e-07
377 Citeseer_A.txt 0.000777446 0.000776288 1.158e-06
378 Citeseer_A.txt 0.000782691 0.000781649 1.042e-06
379 Citeseer_A.txt 0.000773222 0.000772216 1.006e-06
380 Citeseer_A.txt 0.000785827 0.000784572 1.255e-06
381 Citeseer_A.txt 0.000783117 0.000782136 9.81e-07
382 Citeseer_A.txt 0.000778027 0.000776611 1.416e-06
383 Citeseer_A.txt 0.000787007 0.000771452 1.5555e-05
TACC:  Shutdown complete. Exiting. 
