TACC:  Starting up job 10024561 
TACC:  Starting parallel tasks... 
0 Reddit_feat_L2.txt 0.00250441 0.00201668 0.00048773
1 Reddit_feat_L2.txt 0.00174708 0.00127237 0.000474714
2 Reddit_feat_L2.txt 0.00253426 0.00211187 0.000422394
3 Reddit_feat_L2.txt 0.00175774 0.00136686 0.000390881
4 Reddit_feat_L2.txt 0.00263389 0.00210325 0.000530643
5 Reddit_feat_L2.txt 0.00149447 0.00120314 0.000291323
6 Reddit_feat_L2.txt 0.00247749 0.00212667 0.000350824
7 Reddit_feat_L2.txt 0.00159412 0.00126651 0.000327614
8 Reddit_feat_L2.txt 0.00242564 0.00204624 0.000379406
9 Reddit_feat_L2.txt 0.00204593 0.00147054 0.000575395
10 Reddit_feat_L2.txt 0.00258724 0.00213573 0.000451509
11 Reddit_feat_L2.txt 0.00150478 0.00122142 0.000283356
12 Reddit_feat_L2.txt 0.00256197 0.00235843 0.00020354
13 Reddit_feat_L2.txt 0.00188642 0.00130291 0.000583509
14 Reddit_feat_L2.txt 0.00305056 0.00245183 0.000598722
15 Reddit_feat_L2.txt 0.00188375 0.00127706 0.000606694
16 Reddit_feat_L2.txt 0.00276362 0.00221598 0.000547647
17 Reddit_feat_L2.txt 0.00159644 0.00139887 0.000197574
18 Reddit_feat_L2.txt 0.00245657 0.00212839 0.000328174
19 Reddit_feat_L2.txt 0.00175668 0.00123263 0.000524054
20 Reddit_feat_L2.txt 0.00275263 0.00214777 0.000604863
21 Reddit_feat_L2.txt 0.00191397 0.00130649 0.000607479
22 Reddit_feat_L2.txt 0.00302288 0.00241526 0.000607617
23 Reddit_feat_L2.txt 0.0019534 0.00134247 0.000610934
24 Reddit_feat_L2.txt 0.00289487 0.00228221 0.000612662
25 Reddit_feat_L2.txt 0.00174432 0.00136768 0.000376642
26 Reddit_feat_L2.txt 0.0022918 0.00204052 0.000251273
27 Reddit_feat_L2.txt 0.00166192 0.0011979 0.000464019
28 Reddit_feat_L2.txt 0.00230229 0.00211805 0.000184245
29 Reddit_feat_L2.txt 0.00174493 0.00116513 0.000579799
30 Reddit_feat_L2.txt 0.00268753 0.00211552 0.000572006
31 Reddit_feat_L2.txt 0.00144288 0.00123674 0.000206148
32 Reddit_feat_L2.txt 0.00208761 0.00188644 0.00020117
33 Reddit_feat_L2.txt 0.00165499 0.00146831 0.000186674
34 Reddit_feat_L2.txt 0.00218627 0.00198472 0.000201549
35 Reddit_feat_L2.txt 0.00139489 0.00123792 0.000156967
36 Reddit_feat_L2.txt 0.00230242 0.00213965 0.000162778
37 Reddit_feat_L2.txt 0.00137509 0.00127558 9.9504e-05
38 Reddit_feat_L2.txt 0.00228959 0.00206858 0.000221002
39 Reddit_feat_L2.txt 0.00186606 0.00144121 0.000424846
40 Reddit_feat_L2.txt 0.00225943 0.00205283 0.000206607
41 Reddit_feat_L2.txt 0.00140902 0.00123899 0.000170024
42 Reddit_feat_L2.txt 0.00261745 0.0023754 0.00024205
43 Reddit_feat_L2.txt 0.00152417 0.00138981 0.00013436
44 Reddit_feat_L2.txt 0.00250592 0.00234136 0.000164565
45 Reddit_feat_L2.txt 0.00154095 0.00135336 0.00018759
46 Reddit_feat_L2.txt 0.00284643 0.00240794 0.000438495
47 Reddit_feat_L2.txt 0.00199889 0.00139678 0.000602112
48 Reddit_feat_L2.txt 0.00268575 0.00209383 0.000591923
49 Reddit_feat_L2.txt 0.00193906 0.00138426 0.000554809
50 Reddit_feat_L2.txt 0.0028477 0.00224265 0.000605054
51 Reddit_feat_L2.txt 0.00189403 0.00134475 0.000549285
52 Reddit_feat_L2.txt 0.0025692 0.00232036 0.000248835
53 Reddit_feat_L2.txt 0.00176714 0.00144686 0.000320277
54 Reddit_feat_L2.txt 0.00253665 0.00235652 0.000180126
55 Reddit_feat_L2.txt 0.00152032 0.00130687 0.00021345
56 Reddit_feat_L2.txt 0.00243012 0.00223906 0.000191055
57 Reddit_feat_L2.txt 0.00153361 0.0013556 0.000178015
58 Reddit_feat_L2.txt 0.00249827 0.0023312 0.000167072
59 Reddit_feat_L2.txt 0.00158156 0.00140037 0.000181189
60 Reddit_feat_L2.txt 0.00247995 0.00233194 0.000148009
61 Reddit_feat_L2.txt 0.00152373 0.00133496 0.00018877
62 Reddit_feat_L2.txt 0.00249392 0.00235378 0.000140139
63 Reddit_feat_L2.txt 0.00150598 0.00135653 0.000149447
64 Reddit_feat_L2.txt 0.00228018 0.00214066 0.000139522
65 Reddit_feat_L2.txt 0.00148356 0.00131601 0.000167552
66 Reddit_feat_L2.txt 0.00216251 0.00200652 0.000155993
67 Reddit_feat_L2.txt 0.00143827 0.00131888 0.00011939
68 Reddit_feat_L2.txt 0.00232347 0.00217589 0.000147577
69 Reddit_feat_L2.txt 0.00148663 0.00130447 0.000182161
70 Reddit_feat_L2.txt 0.0024095 0.00218506 0.000224435
71 Reddit_feat_L2.txt 0.00150766 0.00132647 0.000181193
72 Reddit_feat_L2.txt 0.00217958 0.00205859 0.000120989
73 Reddit_feat_L2.txt 0.00147645 0.00132966 0.000146791
74 Reddit_feat_L2.txt 0.00239519 0.00224887 0.000146316
75 Reddit_feat_L2.txt 0.00148675 0.00129008 0.000196671
76 Reddit_feat_L2.txt 0.00250906 0.00241022 9.8842e-05
77 Reddit_feat_L2.txt 0.00146473 0.0013388 0.000125933
78 Reddit_feat_L2.txt 0.00259207 0.00247013 0.000121939
79 Reddit_feat_L2.txt 0.00141118 0.00127286 0.00013832
80 Reddit_feat_L2.txt 0.002299 0.00219426 0.000104734
81 Reddit_feat_L2.txt 0.00158573 0.00138154 0.000204189
82 Reddit_feat_L2.txt 0.00236566 0.00220657 0.000159092
83 Reddit_feat_L2.txt 0.00145425 0.00129614 0.000158103
84 Reddit_feat_L2.txt 0.00232333 0.00218019 0.00014314
85 Reddit_feat_L2.txt 0.00148372 0.00132271 0.000161002
86 Reddit_feat_L2.txt 0.00242194 0.00225384 0.000168096
87 Reddit_feat_L2.txt 0.00141528 0.00128842 0.000126861
88 Reddit_feat_L2.txt 0.00259307 0.00249527 9.7804e-05
89 Reddit_feat_L2.txt 0.00151402 0.00132096 0.000193059
90 Reddit_feat_L2.txt 0.00248365 0.00218764 0.000296012
91 Reddit_feat_L2.txt 0.00144078 0.00129316 0.000147618
92 Reddit_feat_L2.txt 0.00230027 0.00218082 0.000119448
93 Reddit_feat_L2.txt 0.00145981 0.0013246 0.00013521
94 Reddit_feat_L2.txt 0.00234742 0.00220945 0.000137965
95 Reddit_feat_L2.txt 0.00151322 0.00129721 0.000216003
96 Reddit_feat_L2.txt 0.00209265 0.00190434 0.00018831
97 Reddit_feat_L2.txt 0.00158517 0.00144555 0.000139627
98 Reddit_feat_L2.txt 0.00226909 0.00208416 0.000184925
99 Reddit_feat_L2.txt 0.00145377 0.00123367 0.000220096
100 Reddit_feat_L2.txt 0.00220211 0.00201231 0.000189799
101 Reddit_feat_L2.txt 0.00135831 0.00116176 0.000196552
102 Reddit_feat_L2.txt 0.00261016 0.00250774 0.000102419
103 Reddit_feat_L2.txt 0.00148 0.0012905 0.000189498
104 Reddit_feat_L2.txt 0.00226042 0.00215757 0.000102842
105 Reddit_feat_L2.txt 0.0014095 0.00126767 0.000141826
106 Reddit_feat_L2.txt 0.00264783 0.00255796 8.9867e-05
107 Reddit_feat_L2.txt 0.00139488 0.00127813 0.000116745
108 Reddit_feat_L2.txt 0.00239127 0.00231672 7.4541e-05
109 Reddit_feat_L2.txt 0.0013058 0.00116763 0.000138175
110 Reddit_feat_L2.txt 0.00262339 0.00253256 9.0827e-05
111 Reddit_feat_L2.txt 0.00123919 0.0011554 8.3785e-05
112 Reddit_feat_L2.txt 0.00214577 0.00195681 0.000188961
113 Reddit_feat_L2.txt 0.0014054 0.00128779 0.00011761
114 Reddit_feat_L2.txt 0.00221778 0.00213536 8.2418e-05
115 Reddit_feat_L2.txt 0.00148592 0.00136378 0.000122137
116 Reddit_feat_L2.txt 0.00231553 0.00222321 9.2316e-05
117 Reddit_feat_L2.txt 0.0013121 0.00117575 0.000136351
118 Reddit_feat_L2.txt 0.00257009 0.002428 0.000142093
119 Reddit_feat_L2.txt 0.0014333 0.00124105 0.000192245
120 Reddit_feat_L2.txt 0.00234002 0.00225128 8.8733e-05
121 Reddit_feat_L2.txt 0.00140276 0.00121137 0.000191389
122 Reddit_feat_L2.txt 0.00243401 0.00232474 0.000109278
123 Reddit_feat_L2.txt 0.00150258 0.00136565 0.000136932
124 Reddit_feat_L2.txt 0.00241536 0.0023108 0.000104559
125 Reddit_feat_L2.txt 0.00138347 0.0013092 7.4272e-05
126 Reddit_feat_L2.txt 0.00240746 0.00227535 0.000132106
127 Reddit_feat_L2.txt 0.00130972 0.00122028 8.9446e-05
128 Reddit_feat_L2.txt 0.00210214 0.00197947 0.000122667
129 Reddit_feat_L2.txt 0.00157633 0.00144122 0.000135107
130 Reddit_feat_L2.txt 0.00216815 0.00205121 0.00011694
131 Reddit_feat_L2.txt 0.00140354 0.00129643 0.000107111
132 Reddit_feat_L2.txt 0.00220497 0.00206577 0.000139205
133 Reddit_feat_L2.txt 0.00154283 0.00139873 0.000144096
134 Reddit_feat_L2.txt 0.0023967 0.00219604 0.000200665
135 Reddit_feat_L2.txt 0.00148426 0.00132673 0.000157529
136 Reddit_feat_L2.txt 0.00225468 0.00211605 0.000138622
137 Reddit_feat_L2.txt 0.00137705 0.00131555 6.1497e-05
138 Reddit_feat_L2.txt 0.0023624 0.00222129 0.000141109
139 Reddit_feat_L2.txt 0.00136894 0.00129055 7.8389e-05
140 Reddit_feat_L2.txt 0.00262775 0.0025138 0.000113945
141 Reddit_feat_L2.txt 0.00144225 0.00131222 0.000130028
142 Reddit_feat_L2.txt 0.00256382 0.00248568 7.8145e-05
143 Reddit_feat_L2.txt 0.00139887 0.00126472 0.000134148
144 Reddit_feat_L2.txt 0.00230882 0.00213908 0.000169749
145 Reddit_feat_L2.txt 0.00151486 0.00142083 9.4031e-05
146 Reddit_feat_L2.txt 0.00232299 0.00220864 0.000114357
147 Reddit_feat_L2.txt 0.00148264 0.00138379 9.8847e-05
148 Reddit_feat_L2.txt 0.00226187 0.00214914 0.000112729
149 Reddit_feat_L2.txt 0.00154197 0.00140901 0.000132959
150 Reddit_feat_L2.txt 0.00268928 0.00251005 0.000179231
151 Reddit_feat_L2.txt 0.00147905 0.00135568 0.000123368
152 Reddit_feat_L2.txt 0.00264836 0.00244608 0.000202278
153 Reddit_feat_L2.txt 0.00159777 0.00137844 0.000219324
154 Reddit_feat_L2.txt 0.00226949 0.00219056 7.8923e-05
155 Reddit_feat_L2.txt 0.0014211 0.0013331 8.8002e-05
156 Reddit_feat_L2.txt 0.00232474 0.00221509 0.000109651
157 Reddit_feat_L2.txt 0.00160301 0.00136307 0.000239943
158 Reddit_feat_L2.txt 0.00241682 0.00224084 0.000175984
159 Reddit_feat_L2.txt 0.00145488 0.00133384 0.000121035
160 Reddit_feat_L2.txt 0.00198839 0.00190691 8.1484e-05
161 Reddit_feat_L2.txt 0.00147714 0.00136618 0.000110959
162 Reddit_feat_L2.txt 0.00214092 0.00206617 7.4755e-05
163 Reddit_feat_L2.txt 0.00139018 0.0013206 6.9577e-05
164 Reddit_feat_L2.txt 0.002243 0.00216187 8.1134e-05
165 Reddit_feat_L2.txt 0.00151028 0.0014454 6.4887e-05
166 Reddit_feat_L2.txt 0.00228261 0.00219349 8.9121e-05
167 Reddit_feat_L2.txt 0.0015771 0.00136022 0.000216882
168 Reddit_feat_L2.txt 0.00222991 0.00211773 0.00011218
169 Reddit_feat_L2.txt 0.00150454 0.00139069 0.00011385
170 Reddit_feat_L2.txt 0.0023848 0.0023038 8.0993e-05
171 Reddit_feat_L2.txt 0.00145266 0.00136259 9.0069e-05
172 Reddit_feat_L2.txt 0.00246846 0.00239051 7.7954e-05
173 Reddit_feat_L2.txt 0.00141184 0.00133821 7.3622e-05
174 Reddit_feat_L2.txt 0.00265696 0.00257249 8.4478e-05
175 Reddit_feat_L2.txt 0.00160272 0.00136094 0.000241783
176 Reddit_feat_L2.txt 0.00215892 0.00204318 0.00011574
177 Reddit_feat_L2.txt 0.00142906 0.00135924 6.9823e-05
178 Reddit_feat_L2.txt 0.00261899 0.00229188 0.000327103
179 Reddit_feat_L2.txt 0.001521 0.00138456 0.000136437
180 Reddit_feat_L2.txt 0.002418 0.00230447 0.000113526
181 Reddit_feat_L2.txt 0.00157779 0.0013581 0.000219687
182 Reddit_feat_L2.txt 0.00247295 0.00235039 0.000122558
183 Reddit_feat_L2.txt 0.00141542 0.0013497 6.5726e-05
184 Reddit_feat_L2.txt 0.00234781 0.0022314 0.000116406
185 Reddit_feat_L2.txt 0.00146144 0.00139846 6.2987e-05
186 Reddit_feat_L2.txt 0.00241579 0.00234548 7.0308e-05
187 Reddit_feat_L2.txt 0.00149677 0.00138926 0.000107503
188 Reddit_feat_L2.txt 0.00253342 0.00230017 0.00023325
189 Reddit_feat_L2.txt 0.00149101 0.00139529 9.5719e-05
190 Reddit_feat_L2.txt 0.00249542 0.00240003 9.5388e-05
191 Reddit_feat_L2.txt 0.00157164 0.00136442 0.00020722
192 Reddit_feat_L2.txt 0.00224195 0.0020411 0.00020085
193 Reddit_feat_L2.txt 0.00131003 0.0012055 0.000104533
194 Reddit_feat_L2.txt 0.00229248 0.00211338 0.000179103
195 Reddit_feat_L2.txt 0.00144213 0.00136816 7.3969e-05
196 Reddit_feat_L2.txt 0.00238194 0.00214538 0.000236557
197 Reddit_feat_L2.txt 0.00128867 0.00117349 0.000115189
198 Reddit_feat_L2.txt 0.00223353 0.00208019 0.000153344
199 Reddit_feat_L2.txt 0.0013352 0.00126105 7.4149e-05
200 Reddit_feat_L2.txt 0.00219346 0.00208141 0.000112054
201 Reddit_feat_L2.txt 0.00135338 0.0012697 8.3682e-05
202 Reddit_feat_L2.txt 0.00236546 0.00228912 7.6338e-05
203 Reddit_feat_L2.txt 0.00125049 0.00116087 8.9615e-05
204 Reddit_feat_L2.txt 0.00244473 0.00236278 8.1951e-05
205 Reddit_feat_L2.txt 0.00144093 0.00128485 0.000156079
206 Reddit_feat_L2.txt 0.00262334 0.00234899 0.00027435
207 Reddit_feat_L2.txt 0.00140953 0.00125946 0.000150068
208 Reddit_feat_L2.txt 0.00226882 0.00211028 0.000158534
209 Reddit_feat_L2.txt 0.00145173 0.00127196 0.000179774
210 Reddit_feat_L2.txt 0.00226295 0.00208338 0.000179569
211 Reddit_feat_L2.txt 0.00156404 0.00138914 0.000174898
212 Reddit_feat_L2.txt 0.00219375 0.00209582 9.7925e-05
213 Reddit_feat_L2.txt 0.00152317 0.00140153 0.000121635
214 Reddit_feat_L2.txt 0.00229829 0.00220511 9.318e-05
215 Reddit_feat_L2.txt 0.00140878 0.00131691 9.1877e-05
216 Reddit_feat_L2.txt 0.00250981 0.00240944 0.000100372
217 Reddit_feat_L2.txt 0.00130714 0.00118297 0.000124173
218 Reddit_feat_L2.txt 0.00211566 0.00203621 7.9444e-05
219 Reddit_feat_L2.txt 0.00148822 0.00135962 0.000128603
220 Reddit_feat_L2.txt 0.00224749 0.00207282 0.00017467
221 Reddit_feat_L2.txt 0.00138595 0.00131959 6.6366e-05
222 Reddit_feat_L2.txt 0.00224474 0.00216988 7.486e-05
223 Reddit_feat_L2.txt 0.00138361 0.00131102 7.2591e-05
224 Reddit_feat_L2.txt 0.00219053 0.00194208 0.000248447
225 Reddit_feat_L2.txt 0.00145356 0.00126851 0.000185046
226 Reddit_feat_L2.txt 0.00205819 0.00198493 7.3262e-05
227 Reddit_feat_L2.txt 0.00143838 0.00137261 6.5764e-05
228 Reddit_feat_L2.txt 0.00216 0.00207993 8.0069e-05
229 Reddit_feat_L2.txt 0.00136204 0.00127354 8.8508e-05
230 Reddit_feat_L2.txt 0.00252198 0.00245697 6.5005e-05
231 Reddit_feat_L2.txt 0.00152547 0.00136511 0.000160354
232 Reddit_feat_L2.txt 0.00225063 0.00213883 0.000111791
233 Reddit_feat_L2.txt 0.00135955 0.00128385 7.5696e-05
234 Reddit_feat_L2.txt 0.00253136 0.00242974 0.000101622
235 Reddit_feat_L2.txt 0.0014371 0.00134618 9.0913e-05
236 Reddit_feat_L2.txt 0.00250676 0.00240722 9.9542e-05
237 Reddit_feat_L2.txt 0.00135236 0.00121109 0.000141267
238 Reddit_feat_L2.txt 0.00257349 0.00248837 8.5125e-05
239 Reddit_feat_L2.txt 0.00131107 0.00120174 0.000109331
240 Reddit_feat_L2.txt 0.00209621 0.00201527 8.0936e-05
241 Reddit_feat_L2.txt 0.00147126 0.00138148 8.9775e-05
242 Reddit_feat_L2.txt 0.00253782 0.00231601 0.000221807
243 Reddit_feat_L2.txt 0.00139869 0.00127196 0.000126723
244 Reddit_feat_L2.txt 0.00241614 0.00232801 8.8134e-05
245 Reddit_feat_L2.txt 0.0013922 0.00126984 0.000122362
246 Reddit_feat_L2.txt 0.00248869 0.0024276 6.1087e-05
247 Reddit_feat_L2.txt 0.00138334 0.00131991 6.3423e-05
248 Reddit_feat_L2.txt 0.00233086 0.00223779 9.3076e-05
249 Reddit_feat_L2.txt 0.00152869 0.00141105 0.000117637
250 Reddit_feat_L2.txt 0.00249763 0.00238368 0.000113956
251 Reddit_feat_L2.txt 0.00138819 0.00130187 8.6323e-05
252 Reddit_feat_L2.txt 0.00242071 0.00226529 0.000155421
253 Reddit_feat_L2.txt 0.00135236 0.00128552 6.6846e-05
254 Reddit_feat_L2.txt 0.00236793 0.00230156 6.6373e-05
255 Reddit_feat_L2.txt 0.00136376 0.00128965 7.4107e-05
256 Reddit_feat_L2.txt 0.00211726 0.00202509 9.217e-05
257 Reddit_feat_L2.txt 0.00145048 0.00138498 6.5501e-05
258 Reddit_feat_L2.txt 0.00214666 0.00203272 0.000113945
259 Reddit_feat_L2.txt 0.00141977 0.00134072 7.9046e-05
260 Reddit_feat_L2.txt 0.00222973 0.00212592 0.000103814
261 Reddit_feat_L2.txt 0.00145487 0.00131504 0.000139833
262 Reddit_feat_L2.txt 0.00224083 0.00217248 6.8346e-05
263 Reddit_feat_L2.txt 0.00150136 0.00141927 8.2081e-05
264 Reddit_feat_L2.txt 0.00241891 0.00206265 0.000356269
265 Reddit_feat_L2.txt 0.00137432 0.00129824 7.6076e-05
266 Reddit_feat_L2.txt 0.00227696 0.00219717 7.9789e-05
267 Reddit_feat_L2.txt 0.00147108 0.00138416 8.6913e-05
268 Reddit_feat_L2.txt 0.00262485 0.00252518 9.9672e-05
269 Reddit_feat_L2.txt 0.00143893 0.00134583 9.3099e-05
270 Reddit_feat_L2.txt 0.00267467 0.00254497 0.000129701
271 Reddit_feat_L2.txt 0.00158534 0.00134718 0.000238163
272 Reddit_feat_L2.txt 0.00230127 0.00219861 0.000102658
273 Reddit_feat_L2.txt 0.00150294 0.00143022 7.2717e-05
274 Reddit_feat_L2.txt 0.00233978 0.00226834 7.1442e-05
275 Reddit_feat_L2.txt 0.00151855 0.00135627 0.000162286
276 Reddit_feat_L2.txt 0.00229976 0.00216081 0.000138952
277 Reddit_feat_L2.txt 0.00153775 0.00138976 0.000147989
278 Reddit_feat_L2.txt 0.00255631 0.00243854 0.000117773
279 Reddit_feat_L2.txt 0.00149469 0.00132686 0.000167826
280 Reddit_feat_L2.txt 0.00249753 0.00240703 9.0494e-05
281 Reddit_feat_L2.txt 0.00143955 0.00134601 9.3542e-05
282 Reddit_feat_L2.txt 0.00233296 0.00226508 6.788e-05
283 Reddit_feat_L2.txt 0.00141319 0.00135147 6.1719e-05
284 Reddit_feat_L2.txt 0.00240029 0.00216303 0.000237258
285 Reddit_feat_L2.txt 0.00164286 0.00139348 0.000249378
286 Reddit_feat_L2.txt 0.00231694 0.00224266 7.4282e-05
287 Reddit_feat_L2.txt 0.00144285 0.00135667 8.6184e-05
288 Reddit_feat_L2.txt 0.00197975 0.0018715 0.000108253
289 Reddit_feat_L2.txt 0.00151096 0.00144027 7.0693e-05
290 Reddit_feat_L2.txt 0.00227181 0.00217704 9.4768e-05
291 Reddit_feat_L2.txt 0.00139126 0.00128897 0.000102289
292 Reddit_feat_L2.txt 0.00220991 0.00214234 6.7569e-05
293 Reddit_feat_L2.txt 0.00152189 0.00140249 0.0001194
294 Reddit_feat_L2.txt 0.00239039 0.00227957 0.000110817
295 Reddit_feat_L2.txt 0.00150354 0.00141748 8.6065e-05
296 Reddit_feat_L2.txt 0.00216107 0.00208578 7.5294e-05
297 Reddit_feat_L2.txt 0.0014961 0.00137818 0.00011792
298 Reddit_feat_L2.txt 0.00236981 0.00224788 0.000121927
299 Reddit_feat_L2.txt 0.00140754 0.0013091 9.8436e-05
300 Reddit_feat_L2.txt 0.00241141 0.0023311 8.0315e-05
301 Reddit_feat_L2.txt 0.00146308 0.00137526 8.782e-05
302 Reddit_feat_L2.txt 0.00257333 0.0025073 6.6029e-05
303 Reddit_feat_L2.txt 0.00149839 0.00141683 8.1557e-05
304 Reddit_feat_L2.txt 0.00213317 0.00201213 0.000121044
305 Reddit_feat_L2.txt 0.00145066 0.00137339 7.7266e-05
306 Reddit_feat_L2.txt 0.0023315 0.00223999 9.1512e-05
307 Reddit_feat_L2.txt 0.00151579 0.00138769 0.000128095
308 Reddit_feat_L2.txt 0.00250517 0.00232351 0.000181655
309 Reddit_feat_L2.txt 0.00148439 0.00138152 0.000102875
310 Reddit_feat_L2.txt 0.00241907 0.00231925 9.9812e-05
311 Reddit_feat_L2.txt 0.00147795 0.00139022 8.7726e-05
312 Reddit_feat_L2.txt 0.00231541 0.00221798 9.7429e-05
313 Reddit_feat_L2.txt 0.00144492 0.00134351 0.000101413
314 Reddit_feat_L2.txt 0.00240427 0.00232637 7.7908e-05
315 Reddit_feat_L2.txt 0.00148503 0.00136353 0.000121494
316 Reddit_feat_L2.txt 0.00244887 0.00236252 8.6347e-05
317 Reddit_feat_L2.txt 0.00145684 0.00132743 0.000129411
318 Reddit_feat_L2.txt 0.002404 0.0023161 8.7902e-05
319 Reddit_feat_L2.txt 0.00157422 0.0014428 0.000131426
320 Reddit_feat_L2.txt 0.00211444 0.0020488 6.564e-05
321 Reddit_feat_L2.txt 0.0013996 0.00133323 6.6367e-05
322 Reddit_feat_L2.txt 0.00210061 0.00201731 8.3303e-05
323 Reddit_feat_L2.txt 0.00150135 0.00135623 0.000145127
324 Reddit_feat_L2.txt 0.00221739 0.00212819 8.9198e-05
325 Reddit_feat_L2.txt 0.00152731 0.00137119 0.000156124
326 Reddit_feat_L2.txt 0.0023353 0.00225367 8.1625e-05
327 Reddit_feat_L2.txt 0.00141283 0.00132691 8.5919e-05
328 Reddit_feat_L2.txt 0.00219523 0.00209996 9.5274e-05
329 Reddit_feat_L2.txt 0.00137575 0.00129422 8.1525e-05
330 Reddit_feat_L2.txt 0.00248029 0.00227011 0.000210176
331 Reddit_feat_L2.txt 0.00161818 0.00128299 0.000335188
332 Reddit_feat_L2.txt 0.0025224 0.00240429 0.000118105
333 Reddit_feat_L2.txt 0.00144659 0.00135005 9.6539e-05
334 Reddit_feat_L2.txt 0.00257186 0.00248999 8.1867e-05
335 Reddit_feat_L2.txt 0.00142383 0.00134769 7.6139e-05
336 Reddit_feat_L2.txt 0.00230469 0.00213874 0.000165947
337 Reddit_feat_L2.txt 0.00146767 0.00139873 6.8933e-05
338 Reddit_feat_L2.txt 0.00228184 0.00220709 7.4758e-05
339 Reddit_feat_L2.txt 0.00146166 0.001392 6.9653e-05
340 Reddit_feat_L2.txt 0.00224589 0.00215051 9.5373e-05
341 Reddit_feat_L2.txt 0.00138934 0.00129787 9.1475e-05
342 Reddit_feat_L2.txt 0.0023898 0.00229218 9.7618e-05
343 Reddit_feat_L2.txt 0.00136035 0.00127733 8.3024e-05
344 Reddit_feat_L2.txt 0.00256288 0.00247193 9.095e-05
345 Reddit_feat_L2.txt 0.00152048 0.00141764 0.000102839
346 Reddit_feat_L2.txt 0.00225928 0.0021801 7.9178e-05
347 Reddit_feat_L2.txt 0.00152312 0.00144255 8.0562e-05
348 Reddit_feat_L2.txt 0.00243862 0.00225768 0.00018094
349 Reddit_feat_L2.txt 0.00169647 0.00141353 0.000282943
350 Reddit_feat_L2.txt 0.00233036 0.00225472 7.5643e-05
351 Reddit_feat_L2.txt 0.00141191 0.00134741 6.4491e-05
352 Reddit_feat_L2.txt 0.00207811 0.00190742 0.00017069
353 Reddit_feat_L2.txt 0.00148613 0.00140811 7.8016e-05
354 Reddit_feat_L2.txt 0.00214131 0.00205614 8.5176e-05
355 Reddit_feat_L2.txt 0.00136988 0.00129104 7.884e-05
356 Reddit_feat_L2.txt 0.00239364 0.00222021 0.000173435
357 Reddit_feat_L2.txt 0.00165104 0.00137484 0.0002762
358 Reddit_feat_L2.txt 0.00248604 0.00229726 0.000188784
359 Reddit_feat_L2.txt 0.00158843 0.00132462 0.000263811
360 Reddit_feat_L2.txt 0.0021765 0.00210586 7.0647e-05
361 Reddit_feat_L2.txt 0.00142437 0.00134933 7.5043e-05
362 Reddit_feat_L2.txt 0.00268408 0.00254776 0.000136317
363 Reddit_feat_L2.txt 0.00151982 0.00143467 8.5149e-05
364 Reddit_feat_L2.txt 0.00238288 0.00230934 7.354e-05
365 Reddit_feat_L2.txt 0.00140197 0.00130375 9.822e-05
366 Reddit_feat_L2.txt 0.00252351 0.00240079 0.000122717
367 Reddit_feat_L2.txt 0.00145374 0.00136943 8.4304e-05
368 Reddit_feat_L2.txt 0.00209016 0.00201469 7.5476e-05
369 Reddit_feat_L2.txt 0.00142389 0.00133711 8.6785e-05
370 Reddit_feat_L2.txt 0.00227864 0.002207 7.1641e-05
371 Reddit_feat_L2.txt 0.00140593 0.00131893 8.6996e-05
372 Reddit_feat_L2.txt 0.00239444 0.0022941 0.000100344
373 Reddit_feat_L2.txt 0.00144369 0.00132696 0.000116731
374 Reddit_feat_L2.txt 0.00243672 0.00235028 8.6436e-05
375 Reddit_feat_L2.txt 0.00140511 0.00132865 7.6462e-05
376 Reddit_feat_L2.txt 0.00232301 0.00223495 8.8062e-05
377 Reddit_feat_L2.txt 0.00142865 0.00132212 0.000106532
378 Reddit_feat_L2.txt 0.00246936 0.00240819 6.1165e-05
379 Reddit_feat_L2.txt 0.00149697 0.00143396 6.3015e-05
380 Reddit_feat_L2.txt 0.00244372 0.00237674 6.6973e-05
381 Reddit_feat_L2.txt 0.00142454 0.00135774 6.6792e-05
382 Reddit_feat_L2.txt 0.00237626 0.00230223 7.4029e-05
383 Reddit_feat_L2.txt 0.00144364 0.00131452 0.000129124
0 Reddit_A.txt 0.0235291 0.0231114 0.000417655
1 Reddit_A.txt 0.0238885 0.0231359 0.000752646
2 Reddit_A.txt 0.0240294 0.0231626 0.000866768
3 Reddit_A.txt 0.0242424 0.0231949 0.00104745
4 Reddit_A.txt 0.0247663 0.0232341 0.00153214
5 Reddit_A.txt 0.0241791 0.0232725 0.000906637
6 Reddit_A.txt 0.0245483 0.0232739 0.0012744
7 Reddit_A.txt 0.0246505 0.0233059 0.00134468
8 Reddit_A.txt 0.0252948 0.0233437 0.00195111
9 Reddit_A.txt 0.0259541 0.0233787 0.00257542
10 Reddit_A.txt 0.0253737 0.0234074 0.00196626
11 Reddit_A.txt 0.0251158 0.0234458 0.00167005
12 Reddit_A.txt 0.0253759 0.0234813 0.00189455
13 Reddit_A.txt 0.0277395 0.0235078 0.00423164
14 Reddit_A.txt 0.0273057 0.0235365 0.00376923
15 Reddit_A.txt 0.028005 0.0235664 0.00443861
16 Reddit_A.txt 0.0269533 0.0236084 0.00334495
17 Reddit_A.txt 0.0251121 0.0236384 0.00147374
18 Reddit_A.txt 0.0254986 0.023664 0.00183466
19 Reddit_A.txt 0.0274277 0.023693 0.00373472
20 Reddit_A.txt 0.0293176 0.0237295 0.00558811
21 Reddit_A.txt 0.0298441 0.0237654 0.00607868
22 Reddit_A.txt 0.0304472 0.0238044 0.0066428
23 Reddit_A.txt 0.0302921 0.0238419 0.0064502
24 Reddit_A.txt 0.0298582 0.0238354 0.00602276
25 Reddit_A.txt 0.0274291 0.0238038 0.00362532
26 Reddit_A.txt 0.026577 0.0237611 0.00281591
27 Reddit_A.txt 0.0283228 0.0237301 0.00459266
28 Reddit_A.txt 0.0262277 0.0237004 0.00252735
29 Reddit_A.txt 0.030167 0.023675 0.00649199
30 Reddit_A.txt 0.0298103 0.0236362 0.00617409
31 Reddit_A.txt 0.0267612 0.023608 0.0031532
32 Reddit_A.txt 0.0271697 0.0235756 0.00359416
33 Reddit_A.txt 0.0262633 0.0235488 0.00271452
34 Reddit_A.txt 0.0265492 0.0235153 0.00303387
35 Reddit_A.txt 0.0259213 0.0234852 0.00243612
36 Reddit_A.txt 0.0264623 0.0234524 0.00300985
37 Reddit_A.txt 0.0317045 0.0234129 0.00829161
38 Reddit_A.txt 0.0266695 0.0233811 0.00328842
39 Reddit_A.txt 0.0355347 0.0233811 0.0121535
40 Reddit_A.txt 0.0267405 0.0234153 0.0033252
41 Reddit_A.txt 0.0257851 0.0234467 0.00233838
42 Reddit_A.txt 0.0276374 0.0234718 0.00416556
43 Reddit_A.txt 0.0269785 0.0235212 0.00345726
44 Reddit_A.txt 0.0270154 0.0235502 0.0034652
45 Reddit_A.txt 0.0278881 0.0236025 0.00428558
46 Reddit_A.txt 0.0299008 0.0236291 0.00627165
47 Reddit_A.txt 0.0306466 0.0236736 0.00697302
48 Reddit_A.txt 0.0310506 0.0236832 0.00736746
49 Reddit_A.txt 0.030896 0.0237211 0.00717495
50 Reddit_A.txt 0.0318985 0.0237538 0.00814468
51 Reddit_A.txt 0.031443 0.0237823 0.00766071
52 Reddit_A.txt 0.0304468 0.0238273 0.00661948
53 Reddit_A.txt 0.0305363 0.0238618 0.00667458
54 Reddit_A.txt 0.029019 0.0238849 0.00513406
55 Reddit_A.txt 0.0290347 0.02392 0.00511469
56 Reddit_A.txt 0.0289163 0.0239488 0.00496752
57 Reddit_A.txt 0.0298898 0.0239861 0.0059037
58 Reddit_A.txt 0.0292102 0.024019 0.00519115
59 Reddit_A.txt 0.0288244 0.0240616 0.00476281
60 Reddit_A.txt 0.0319952 0.0240851 0.00791005
61 Reddit_A.txt 0.035708 0.0241311 0.0115769
62 Reddit_A.txt 0.028927 0.0241558 0.00477118
63 Reddit_A.txt 0.0313043 0.0241869 0.00711741
64 Reddit_A.txt 0.0333613 0.0242191 0.00914217
65 Reddit_A.txt 0.0294597 0.024249 0.00521075
66 Reddit_A.txt 0.0299249 0.0242869 0.00563796
67 Reddit_A.txt 0.0338044 0.0243178 0.00948669
68 Reddit_A.txt 0.0316422 0.0243475 0.00729473
69 Reddit_A.txt 0.0304854 0.0243807 0.00610469
70 Reddit_A.txt 0.0310672 0.0244086 0.00665866
71 Reddit_A.txt 0.0340197 0.024446 0.00957371
72 Reddit_A.txt 0.0293315 0.024442 0.00488945
73 Reddit_A.txt 0.0300675 0.024411 0.00565654
74 Reddit_A.txt 0.0301589 0.0243772 0.00578171
75 Reddit_A.txt 0.0321921 0.0243449 0.00784716
76 Reddit_A.txt 0.0306743 0.0243155 0.00635886
77 Reddit_A.txt 0.0321996 0.0242881 0.00791155
78 Reddit_A.txt 0.032294 0.0242543 0.00803964
79 Reddit_A.txt 0.0307149 0.0242183 0.00649665
80 Reddit_A.txt 0.031197 0.0241833 0.00701374
81 Reddit_A.txt 0.031964 0.0241498 0.00781419
82 Reddit_A.txt 0.0311967 0.02412 0.00707674
83 Reddit_A.txt 0.0339366 0.0240829 0.00985367
84 Reddit_A.txt 0.0308576 0.024048 0.0068096
85 Reddit_A.txt 0.0305903 0.0240218 0.00656857
86 Reddit_A.txt 0.0311163 0.0239861 0.00713022
87 Reddit_A.txt 0.0329147 0.0239497 0.008965
88 Reddit_A.txt 0.0322005 0.0239189 0.0082816
89 Reddit_A.txt 0.036526 0.0238904 0.0126356
90 Reddit_A.txt 0.0436359 0.0238538 0.019782
91 Reddit_A.txt 0.0311896 0.0238151 0.00737448
92 Reddit_A.txt 0.0325848 0.0237751 0.00880965
93 Reddit_A.txt 0.0324284 0.0237499 0.0086785
94 Reddit_A.txt 0.0337122 0.0237088 0.0100033
95 Reddit_A.txt 0.0324648 0.0236731 0.00879175
96 Reddit_A.txt 0.0322575 0.0236604 0.00859703
97 Reddit_A.txt 0.0322353 0.0236572 0.00857813
98 Reddit_A.txt 0.0359063 0.0236884 0.0122178
99 Reddit_A.txt 0.0327292 0.0237414 0.00898782
100 Reddit_A.txt 0.0332825 0.0237725 0.00951006
101 Reddit_A.txt 0.0329727 0.0238131 0.00915958
102 Reddit_A.txt 0.0380114 0.0238599 0.0141515
103 Reddit_A.txt 0.0316652 0.0238889 0.00777628
104 Reddit_A.txt 0.034642 0.0239187 0.0107233
105 Reddit_A.txt 0.0314706 0.0239533 0.00751731
106 Reddit_A.txt 0.0332175 0.0239812 0.00923627
107 Reddit_A.txt 0.0335912 0.0239992 0.00959197
108 Reddit_A.txt 0.0343237 0.0240149 0.0103088
109 Reddit_A.txt 0.0331364 0.0240514 0.00908503
110 Reddit_A.txt 0.0358981 0.0240659 0.0118322
111 Reddit_A.txt 0.0445241 0.0241013 0.0204228
112 Reddit_A.txt 0.0368169 0.0241142 0.0127027
113 Reddit_A.txt 0.0351291 0.024145 0.0109841
114 Reddit_A.txt 0.0360548 0.0241751 0.0118797
115 Reddit_A.txt 0.0425825 0.0242126 0.0183699
116 Reddit_A.txt 0.0324387 0.0242402 0.00819856
117 Reddit_A.txt 0.0375888 0.0242747 0.013314
118 Reddit_A.txt 0.0334888 0.0243024 0.00918632
119 Reddit_A.txt 0.035628 0.0243333 0.0112946
120 Reddit_A.txt 0.038131 0.0243352 0.0137958
121 Reddit_A.txt 0.0369665 0.024305 0.0126615
122 Reddit_A.txt 0.0394343 0.0242742 0.0151601
123 Reddit_A.txt 0.0386411 0.0242432 0.0143979
124 Reddit_A.txt 0.0357863 0.0242115 0.0115748
125 Reddit_A.txt 0.039324 0.0241819 0.0151422
126 Reddit_A.txt 0.0365328 0.0241477 0.0123851
127 Reddit_A.txt 0.0394332 0.0241222 0.015311
128 Reddit_A.txt 0.039079 0.0240779 0.0150012
129 Reddit_A.txt 0.0365319 0.0240527 0.0124793
130 Reddit_A.txt 0.0341626 0.024017 0.0101456
131 Reddit_A.txt 0.0353221 0.0239819 0.0113402
132 Reddit_A.txt 0.034305 0.0239517 0.0103533
133 Reddit_A.txt 0.0376222 0.0239232 0.013699
134 Reddit_A.txt 0.0388552 0.0239063 0.0149488
135 Reddit_A.txt 0.0437921 0.023903 0.0198891
136 Reddit_A.txt 0.0335963 0.023935 0.00966127
137 Reddit_A.txt 0.0375481 0.0239568 0.0135913
138 Reddit_A.txt 0.0377859 0.0239889 0.013797
139 Reddit_A.txt 0.0377456 0.0240325 0.0137131
140 Reddit_A.txt 0.0400567 0.0240651 0.0159917
141 Reddit_A.txt 0.0388988 0.0240957 0.0148031
142 Reddit_A.txt 0.0407265 0.0241391 0.0165874
143 Reddit_A.txt 0.0382459 0.0241661 0.0140798
144 Reddit_A.txt 0.0370286 0.0241888 0.0128398
145 Reddit_A.txt 0.0417305 0.0242217 0.0175088
146 Reddit_A.txt 0.0446476 0.0242514 0.0203962
147 Reddit_A.txt 0.0370725 0.0242862 0.0127863
148 Reddit_A.txt 0.0457075 0.0243275 0.02138
149 Reddit_A.txt 0.0396445 0.0243588 0.0152857
150 Reddit_A.txt 0.0396725 0.02439 0.0152825
151 Reddit_A.txt 0.040474 0.0244243 0.0160497
152 Reddit_A.txt 0.0359496 0.0244495 0.0115001
153 Reddit_A.txt 0.0379465 0.0244875 0.0134589
154 Reddit_A.txt 0.043607 0.024513 0.019094
155 Reddit_A.txt 0.0458947 0.0245508 0.0213438
156 Reddit_A.txt 0.0387912 0.0245857 0.0142055
157 Reddit_A.txt 0.0419446 0.0246156 0.017329
158 Reddit_A.txt 0.0393973 0.0246424 0.014755
159 Reddit_A.txt 0.0432922 0.0246692 0.0186229
160 Reddit_A.txt 0.0381035 0.0247022 0.0134013
161 Reddit_A.txt 0.0402844 0.0247326 0.0155518
162 Reddit_A.txt 0.0412181 0.0247745 0.0164436
163 Reddit_A.txt 0.0411702 0.0248016 0.0163687
164 Reddit_A.txt 0.0487597 0.02484 0.0239197
165 Reddit_A.txt 0.0393684 0.0248701 0.0144984
166 Reddit_A.txt 0.0382971 0.0249085 0.0133885
167 Reddit_A.txt 0.0411405 0.0249398 0.0162007
168 Reddit_A.txt 0.0430959 0.0249334 0.0181624
169 Reddit_A.txt 0.0404951 0.0249048 0.0155903
170 Reddit_A.txt 0.0415732 0.02487 0.0167031
171 Reddit_A.txt 0.0399227 0.0248332 0.0150895
172 Reddit_A.txt 0.0371495 0.0248018 0.0123477
173 Reddit_A.txt 0.0469015 0.0247716 0.0221299
174 Reddit_A.txt 0.0484227 0.0247406 0.023682
175 Reddit_A.txt 0.0390495 0.024706 0.0143436
176 Reddit_A.txt 0.0406447 0.0246793 0.0159654
177 Reddit_A.txt 0.0421169 0.0246439 0.017473
178 Reddit_A.txt 0.0571697 0.0246105 0.0325593
179 Reddit_A.txt 0.0427151 0.0245775 0.0181376
180 Reddit_A.txt 0.0426625 0.0245519 0.0181106
181 Reddit_A.txt 0.0373793 0.0245174 0.0128619
182 Reddit_A.txt 0.0470044 0.0244751 0.0225293
183 Reddit_A.txt 0.0433541 0.0244535 0.0189005
184 Reddit_A.txt 0.0440644 0.0244236 0.0196408
185 Reddit_A.txt 0.0504884 0.024429 0.0260594
186 Reddit_A.txt 0.048842 0.0244578 0.0243842
187 Reddit_A.txt 0.039471 0.0244967 0.0149742
188 Reddit_A.txt 0.0429943 0.0245311 0.0184632
189 Reddit_A.txt 0.0441912 0.0245565 0.0196347
190 Reddit_A.txt 0.0461999 0.0245864 0.0216135
191 Reddit_A.txt 0.0425568 0.0246256 0.0179312
192 Reddit_A.txt 0.0421061 0.0246547 0.0174513
193 Reddit_A.txt 0.0523362 0.0246785 0.0276577
194 Reddit_A.txt 0.0530037 0.0247208 0.0282828
195 Reddit_A.txt 0.0509395 0.0247531 0.0261864
196 Reddit_A.txt 0.0400391 0.0247892 0.0152498
197 Reddit_A.txt 0.044966 0.0248159 0.0201502
198 Reddit_A.txt 0.0395056 0.0248425 0.0146632
199 Reddit_A.txt 0.044653 0.024879 0.0197741
200 Reddit_A.txt 0.0480102 0.0249053 0.023105
201 Reddit_A.txt 0.0400467 0.0249469 0.0150999
202 Reddit_A.txt 0.066411 0.0249893 0.0414216
203 Reddit_A.txt 0.05019 0.0250246 0.0251654
204 Reddit_A.txt 0.0531516 0.0250626 0.028089
205 Reddit_A.txt 0.0470114 0.0250919 0.0219195
206 Reddit_A.txt 0.0514928 0.0251178 0.026375
207 Reddit_A.txt 0.0468554 0.0251411 0.0217143
208 Reddit_A.txt 0.0408263 0.0251781 0.0156482
209 Reddit_A.txt 0.0388715 0.0252117 0.0136597
210 Reddit_A.txt 0.0518589 0.0252471 0.0266118
211 Reddit_A.txt 0.0712492 0.0252685 0.0459807
212 Reddit_A.txt 0.0455007 0.025309 0.0201917
213 Reddit_A.txt 0.0466938 0.0253366 0.0213573
214 Reddit_A.txt 0.0476992 0.0253698 0.0223294
215 Reddit_A.txt 0.0609712 0.0254071 0.0355641
216 Reddit_A.txt 0.0485264 0.0254045 0.0231218
217 Reddit_A.txt 0.0428474 0.025368 0.0174794
218 Reddit_A.txt 0.0476443 0.0253381 0.0223062
219 Reddit_A.txt 0.059142 0.025303 0.033839
220 Reddit_A.txt 0.0429367 0.0252753 0.0176614
221 Reddit_A.txt 0.049705 0.0252514 0.0244536
222 Reddit_A.txt 0.0549758 0.0252149 0.0297609
223 Reddit_A.txt 0.0584132 0.0251803 0.0332329
224 Reddit_A.txt 0.057052 0.0251511 0.0319008
225 Reddit_A.txt 0.0432686 0.0251107 0.0181579
226 Reddit_A.txt 0.0465965 0.0250817 0.0215148
227 Reddit_A.txt 0.0513256 0.0250488 0.0262768
228 Reddit_A.txt 0.0614295 0.0250205 0.036409
229 Reddit_A.txt 0.0445237 0.0249804 0.0195433
230 Reddit_A.txt 0.0480064 0.0249553 0.0230511
231 Reddit_A.txt 0.0511573 0.0249148 0.0262425
232 Reddit_A.txt 0.0549639 0.0249095 0.0300544
233 Reddit_A.txt 0.0453026 0.0249449 0.0203577
234 Reddit_A.txt 0.0591307 0.0249891 0.0341416
235 Reddit_A.txt 0.047782 0.02502 0.0227619
236 Reddit_A.txt 0.0482112 0.0250491 0.0231622
237 Reddit_A.txt 0.0518721 0.0250714 0.0268007
238 Reddit_A.txt 0.0598181 0.025111 0.0347071
239 Reddit_A.txt 0.051439 0.0251547 0.0262843
240 Reddit_A.txt 0.0456849 0.0251766 0.0205083
241 Reddit_A.txt 0.0524631 0.0251987 0.0272644
242 Reddit_A.txt 0.0440613 0.0252299 0.0188313
243 Reddit_A.txt 0.053943 0.025271 0.0286721
244 Reddit_A.txt 0.0602576 0.0252967 0.0349609
245 Reddit_A.txt 0.0560782 0.0253279 0.0307502
246 Reddit_A.txt 0.0646408 0.0253568 0.039284
247 Reddit_A.txt 0.0661346 0.0253973 0.0407373
248 Reddit_A.txt 0.0528588 0.0254239 0.0274349
249 Reddit_A.txt 0.0556093 0.0254575 0.0301519
250 Reddit_A.txt 0.0479804 0.0254998 0.0224806
251 Reddit_A.txt 0.049072 0.0255438 0.0235283
252 Reddit_A.txt 0.0490099 0.0255732 0.0234367
253 Reddit_A.txt 0.0587728 0.0256083 0.0331645
254 Reddit_A.txt 0.0574327 0.0256404 0.0317923
255 Reddit_A.txt 0.0553213 0.0256819 0.0296393
256 Reddit_A.txt 0.0666432 0.025716 0.0409272
257 Reddit_A.txt 0.0657812 0.0257441 0.0400372
258 Reddit_A.txt 0.0587327 0.0257795 0.0329532
259 Reddit_A.txt 0.0689571 0.0258125 0.0431446
260 Reddit_A.txt 0.0514063 0.0258418 0.0255645
261 Reddit_A.txt 0.0584726 0.0258757 0.0325969
262 Reddit_A.txt 0.0606212 0.0259047 0.0347164
263 Reddit_A.txt 0.0725949 0.0259401 0.0466548
264 Reddit_A.txt 0.0630445 0.0259357 0.0371087
265 Reddit_A.txt 0.0692352 0.0258986 0.0433367
266 Reddit_A.txt 0.0585192 0.0258689 0.0326503
267 Reddit_A.txt 0.0556383 0.0258443 0.029794
268 Reddit_A.txt 0.0539 0.0258072 0.0280928
269 Reddit_A.txt 0.0620969 0.025779 0.036318
270 Reddit_A.txt 0.0539834 0.0257398 0.0282436
271 Reddit_A.txt 0.0557421 0.025707 0.0300351
272 Reddit_A.txt 0.0616088 0.0256789 0.0359299
273 Reddit_A.txt 0.0570088 0.0256356 0.0313732
274 Reddit_A.txt 0.0524361 0.0256113 0.0268248
275 Reddit_A.txt 0.0542723 0.0255796 0.0286927
276 Reddit_A.txt 0.0519392 0.0255414 0.0263977
277 Reddit_A.txt 0.0614441 0.0255047 0.0359394
278 Reddit_A.txt 0.0711929 0.025471 0.0457219
279 Reddit_A.txt 0.0461569 0.025434 0.0207229
280 Reddit_A.txt 0.0856461 0.025396 0.0602501
281 Reddit_A.txt 0.0651132 0.0253738 0.0397393
282 Reddit_A.txt 0.0597541 0.0253463 0.0344078
283 Reddit_A.txt 0.0500945 0.0253887 0.0247058
284 Reddit_A.txt 0.0527114 0.0254152 0.0272962
285 Reddit_A.txt 0.0498646 0.0254501 0.0244145
286 Reddit_A.txt 0.0620301 0.0254796 0.0365505
287 Reddit_A.txt 0.0609428 0.0255165 0.0354263
288 Reddit_A.txt 0.0568807 0.0255309 0.0313498
289 Reddit_A.txt 0.061782 0.0255853 0.0361967
290 Reddit_A.txt 0.0539035 0.025613 0.0282905
291 Reddit_A.txt 0.0457792 0.0256515 0.0201277
292 Reddit_A.txt 0.0588628 0.0256742 0.0331886
293 Reddit_A.txt 0.0605121 0.0257082 0.0348039
294 Reddit_A.txt 0.0532963 0.0257336 0.0275627
295 Reddit_A.txt 0.0612584 0.0257717 0.0354867
296 Reddit_A.txt 0.0729652 0.0257968 0.0471684
297 Reddit_A.txt 0.0631106 0.0258347 0.0372759
298 Reddit_A.txt 0.0598936 0.0258605 0.0340331
299 Reddit_A.txt 0.0560172 0.0258963 0.0301209
300 Reddit_A.txt 0.0529481 0.0259259 0.0270222
301 Reddit_A.txt 0.0540741 0.0259622 0.0281119
302 Reddit_A.txt 0.0526998 0.0259891 0.0267107
303 Reddit_A.txt 0.0696021 0.0260276 0.0435746
304 Reddit_A.txt 0.057663 0.0260688 0.0315942
305 Reddit_A.txt 0.0626458 0.0260856 0.0365602
306 Reddit_A.txt 0.0673699 0.0261231 0.0412468
307 Reddit_A.txt 0.0608103 0.0261564 0.0346539
308 Reddit_A.txt 0.0565833 0.0261946 0.0303887
309 Reddit_A.txt 0.061306 0.0262359 0.0350702
310 Reddit_A.txt 0.069591 0.0262643 0.0433267
311 Reddit_A.txt 0.059798 0.0262922 0.0335058
312 Reddit_A.txt 0.0525244 0.0262929 0.0262315
313 Reddit_A.txt 0.0701802 0.0262645 0.0439156
314 Reddit_A.txt 0.0682899 0.0262337 0.0420562
315 Reddit_A.txt 0.0543271 0.0261987 0.0281283
316 Reddit_A.txt 0.0579919 0.0261572 0.0318348
317 Reddit_A.txt 0.0525934 0.0261264 0.026467
318 Reddit_A.txt 0.0668164 0.0260987 0.0407177
319 Reddit_A.txt 0.0602145 0.0260647 0.0341498
320 Reddit_A.txt 0.0530187 0.0260341 0.0269846
321 Reddit_A.txt 0.0591868 0.0260073 0.0331795
322 Reddit_A.txt 0.0516539 0.0259698 0.025684
323 Reddit_A.txt 0.0624908 0.0259785 0.0365123
324 Reddit_A.txt 0.0793167 0.0259754 0.0533413
325 Reddit_A.txt 0.0522831 0.0259538 0.0263293
326 Reddit_A.txt 0.0616332 0.0259394 0.0356938
327 Reddit_A.txt 0.0684987 0.0259687 0.04253
328 Reddit_A.txt 0.0657404 0.0259903 0.0397501
329 Reddit_A.txt 0.0785647 0.0260161 0.0525486
330 Reddit_A.txt 0.0527505 0.0260416 0.0267089
331 Reddit_A.txt 0.0532502 0.02607 0.0271802
332 Reddit_A.txt 0.0638037 0.0260976 0.0377061
333 Reddit_A.txt 0.0845811 0.0261248 0.0584563
334 Reddit_A.txt 0.065465 0.0261591 0.0393059
335 Reddit_A.txt 0.0673673 0.0261763 0.041191
336 Reddit_A.txt 0.0721401 0.0261778 0.0459622
337 Reddit_A.txt 0.0671859 0.026152 0.0410338
338 Reddit_A.txt 0.0653364 0.02612 0.0392164
339 Reddit_A.txt 0.0712097 0.0261137 0.045096
340 Reddit_A.txt 0.0570697 0.0261412 0.0309285
341 Reddit_A.txt 0.0699884 0.0261709 0.0438175
342 Reddit_A.txt 0.0710951 0.0261912 0.0449039
343 Reddit_A.txt 0.0747834 0.0262234 0.04856
344 Reddit_A.txt 0.0698377 0.026261 0.0435767
345 Reddit_A.txt 0.0593269 0.0262819 0.033045
346 Reddit_A.txt 0.0705061 0.0263134 0.0441927
347 Reddit_A.txt 0.0770619 0.0263486 0.0507133
348 Reddit_A.txt 0.0685395 0.0263853 0.0421541
349 Reddit_A.txt 0.0581524 0.0264203 0.0317321
350 Reddit_A.txt 0.0621501 0.0264501 0.0357001
351 Reddit_A.txt 0.0664126 0.0264869 0.0399256
352 Reddit_A.txt 0.0619049 0.0265138 0.0353911
353 Reddit_A.txt 0.0780346 0.0265593 0.0514752
354 Reddit_A.txt 0.0797384 0.0265951 0.0531433
355 Reddit_A.txt 0.0872999 0.0266174 0.0606825
356 Reddit_A.txt 0.0625725 0.0266539 0.0359186
357 Reddit_A.txt 0.0524113 0.0266865 0.0257249
358 Reddit_A.txt 0.0619695 0.0267187 0.0352507
359 Reddit_A.txt 0.0826081 0.0267532 0.0558549
360 Reddit_A.txt 0.0806173 0.0267622 0.053855
361 Reddit_A.txt 0.0683207 0.0267251 0.0415957
362 Reddit_A.txt 0.0693417 0.0266903 0.0426513
363 Reddit_A.txt 0.0796185 0.0266565 0.052962
364 Reddit_A.txt 0.0736097 0.026625 0.0469847
365 Reddit_A.txt 0.0773274 0.0266433 0.0506841
366 Reddit_A.txt 0.0692822 0.0266691 0.0426131
367 Reddit_A.txt 0.0806838 0.026691 0.0539928
368 Reddit_A.txt 0.0639109 0.0267124 0.0371985
369 Reddit_A.txt 0.083391 0.0267422 0.0566488
370 Reddit_A.txt 0.0729595 0.0267641 0.0461954
371 Reddit_A.txt 0.0717897 0.026781 0.0450088
372 Reddit_A.txt 0.0650837 0.0268085 0.0382751
373 Reddit_A.txt 0.076039 0.0268031 0.0492359
374 Reddit_A.txt 0.0601434 0.0268216 0.0333218
375 Reddit_A.txt 0.0820723 0.0268438 0.0552285
376 Reddit_A.txt 0.0831034 0.0268707 0.0562327
377 Reddit_A.txt 0.314515 0.026884 0.287631
378 Reddit_A.txt 0.225652 0.0269057 0.198747
379 Reddit_A.txt 0.170678 0.0269013 0.143776
380 Reddit_A.txt 0.130976 0.0269412 0.104035
381 Reddit_A.txt 0.101941 0.0269413 0.0749994
382 Reddit_A.txt 0.07546 0.0269392 0.0485209
383 Reddit_A.txt 0.0427387 0.0230899 0.0196488
TACC:  Shutdown complete. Exiting. 
