TACC:  Starting up job 10024561 
TACC:  Starting parallel tasks... 
0 Pubmed_feat_L2.txt 0.000862808 0.000857717 5.091e-06
1 Pubmed_feat_L2.txt 0.00104467 0.00104002 4.645e-06
2 Pubmed_feat_L2.txt 0.000979032 0.000973919 5.113e-06
3 Pubmed_feat_L2.txt 0.000994461 0.000989895 4.566e-06
4 Pubmed_feat_L2.txt 0.00085598 0.000851527 4.453e-06
5 Pubmed_feat_L2.txt 0.000989327 0.000984851 4.476e-06
6 Pubmed_feat_L2.txt 0.000860128 0.000855598 4.53e-06
7 Pubmed_feat_L2.txt 0.000875068 0.000870542 4.526e-06
8 Pubmed_feat_L2.txt 0.000892764 0.000888311 4.453e-06
9 Pubmed_feat_L2.txt 0.000945557 0.000941027 4.53e-06
10 Pubmed_feat_L2.txt 0.000903636 0.000899109 4.527e-06
11 Pubmed_feat_L2.txt 0.000926551 0.000922079 4.472e-06
12 Pubmed_feat_L2.txt 0.000922701 0.000918212 4.489e-06
13 Pubmed_feat_L2.txt 0.000948664 0.000944081 4.583e-06
14 Pubmed_feat_L2.txt 0.000991777 0.000987334 4.443e-06
15 Pubmed_feat_L2.txt 0.000991785 0.000986778 5.007e-06
16 Pubmed_feat_L2.txt 0.000883556 0.000879151 4.405e-06
17 Pubmed_feat_L2.txt 0.00100603 0.00100153 4.509e-06
18 Pubmed_feat_L2.txt 0.000976161 0.000971131 5.03e-06
19 Pubmed_feat_L2.txt 0.0010325 0.00102741 5.095e-06
20 Pubmed_feat_L2.txt 0.00099479 0.000990291 4.499e-06
21 Pubmed_feat_L2.txt 0.00101672 0.0010115 5.221e-06
22 Pubmed_feat_L2.txt 0.00100613 0.00100154 4.592e-06
23 Pubmed_feat_L2.txt 0.00099343 0.000988794 4.636e-06
24 Pubmed_feat_L2.txt 0.000951656 0.000946957 4.699e-06
25 Pubmed_feat_L2.txt 0.000960413 0.000955891 4.522e-06
26 Pubmed_feat_L2.txt 0.00100553 0.00100101 4.524e-06
27 Pubmed_feat_L2.txt 0.00103901 0.0010344 4.611e-06
28 Pubmed_feat_L2.txt 0.00102427 0.00101972 4.544e-06
29 Pubmed_feat_L2.txt 0.00108203 0.00107744 4.59e-06
30 Pubmed_feat_L2.txt 0.0010532 0.0010486 4.599e-06
31 Pubmed_feat_L2.txt 0.0010555 0.00105095 4.553e-06
32 Pubmed_feat_L2.txt 0.000866786 0.000862168 4.618e-06
33 Pubmed_feat_L2.txt 0.000886238 0.00088122 5.018e-06
34 Pubmed_feat_L2.txt 0.000891838 0.000887364 4.474e-06
35 Pubmed_feat_L2.txt 0.000912027 0.000907401 4.626e-06
36 Pubmed_feat_L2.txt 0.000884099 0.000879534 4.565e-06
37 Pubmed_feat_L2.txt 0.000989564 0.000984497 5.067e-06
38 Pubmed_feat_L2.txt 0.00102006 0.00101555 4.514e-06
39 Pubmed_feat_L2.txt 0.00103865 0.0010341 4.554e-06
40 Pubmed_feat_L2.txt 0.000974906 0.000970419 4.487e-06
41 Pubmed_feat_L2.txt 0.00100263 0.000998135 4.492e-06
42 Pubmed_feat_L2.txt 0.00104907 0.00104462 4.447e-06
43 Pubmed_feat_L2.txt 0.00103586 0.00103141 4.448e-06
44 Pubmed_feat_L2.txt 0.0010301 0.00102561 4.488e-06
45 Pubmed_feat_L2.txt 0.00106349 0.0010591 4.391e-06
46 Pubmed_feat_L2.txt 0.00104633 0.00104189 4.443e-06
47 Pubmed_feat_L2.txt 0.00102865 0.00102346 5.191e-06
48 Pubmed_feat_L2.txt 0.000859041 0.000853962 5.079e-06
49 Pubmed_feat_L2.txt 0.000879326 0.000874277 5.049e-06
50 Pubmed_feat_L2.txt 0.000914994 0.00090992 5.074e-06
51 Pubmed_feat_L2.txt 0.00103913 0.00103396 5.175e-06
52 Pubmed_feat_L2.txt 0.000869062 0.000864557 4.505e-06
53 Pubmed_feat_L2.txt 0.000909825 0.000904776 5.049e-06
54 Pubmed_feat_L2.txt 0.000915068 0.000910669 4.399e-06
55 Pubmed_feat_L2.txt 0.00102484 0.0010202 4.636e-06
56 Pubmed_feat_L2.txt 0.000969859 0.000965377 4.482e-06
57 Pubmed_feat_L2.txt 0.000983913 0.000978837 5.076e-06
58 Pubmed_feat_L2.txt 0.00100839 0.00100339 4.998e-06
59 Pubmed_feat_L2.txt 0.00100344 0.000998974 4.465e-06
60 Pubmed_feat_L2.txt 0.00104889 0.00104431 4.585e-06
61 Pubmed_feat_L2.txt 0.00103446 0.00102927 5.196e-06
62 Pubmed_feat_L2.txt 0.000925642 0.000921132 4.51e-06
63 Pubmed_feat_L2.txt 0.00100104 0.000996553 4.486e-06
64 Pubmed_feat_L2.txt 0.000955511 0.000950943 4.568e-06
65 Pubmed_feat_L2.txt 0.000877101 0.000872002 5.099e-06
66 Pubmed_feat_L2.txt 0.00100678 0.00100229 4.488e-06
67 Pubmed_feat_L2.txt 0.00101758 0.00101302 4.561e-06
68 Pubmed_feat_L2.txt 0.000964396 0.00095981 4.586e-06
69 Pubmed_feat_L2.txt 0.000913818 0.000908729 5.089e-06
70 Pubmed_feat_L2.txt 0.00101099 0.00100645 4.548e-06
71 Pubmed_feat_L2.txt 0.00105727 0.00105216 5.111e-06
72 Pubmed_feat_L2.txt 0.000992924 0.000988209 4.715e-06
73 Pubmed_feat_L2.txt 0.000980473 0.000975356 5.117e-06
74 Pubmed_feat_L2.txt 0.00106921 0.00106473 4.478e-06
75 Pubmed_feat_L2.txt 0.00102088 0.0010158 5.081e-06
76 Pubmed_feat_L2.txt 0.000958815 0.000954309 4.506e-06
77 Pubmed_feat_L2.txt 0.000975745 0.000970735 5.01e-06
78 Pubmed_feat_L2.txt 0.000939511 0.000934485 5.026e-06
79 Pubmed_feat_L2.txt 0.00103251 0.00102798 4.535e-06
80 Pubmed_feat_L2.txt 0.000939288 0.000934728 4.56e-06
81 Pubmed_feat_L2.txt 0.00100358 0.00099858 5.004e-06
82 Pubmed_feat_L2.txt 0.000876755 0.000872274 4.481e-06
83 Pubmed_feat_L2.txt 0.00103859 0.00103406 4.523e-06
84 Pubmed_feat_L2.txt 0.00101064 0.00100617 4.463e-06
85 Pubmed_feat_L2.txt 0.000981161 0.000976646 4.515e-06
86 Pubmed_feat_L2.txt 0.0010748 0.00107026 4.544e-06
87 Pubmed_feat_L2.txt 0.000976668 0.000972127 4.541e-06
88 Pubmed_feat_L2.txt 0.000995701 0.000991144 4.557e-06
89 Pubmed_feat_L2.txt 0.000907598 0.000902976 4.622e-06
90 Pubmed_feat_L2.txt 0.000956852 0.000952279 4.573e-06
91 Pubmed_feat_L2.txt 0.000984146 0.000979624 4.522e-06
92 Pubmed_feat_L2.txt 0.000997381 0.000992849 4.532e-06
93 Pubmed_feat_L2.txt 0.000910165 0.000905684 4.481e-06
94 Pubmed_feat_L2.txt 0.000999558 0.000995049 4.509e-06
95 Pubmed_feat_L2.txt 0.0009349 0.000930404 4.496e-06
96 Pubmed_feat_L2.txt 0.000862774 0.000857604 5.17e-06
97 Pubmed_feat_L2.txt 0.000857414 0.00085264 4.774e-06
98 Pubmed_feat_L2.txt 0.000976865 0.00097234 4.525e-06
99 Pubmed_feat_L2.txt 0.00091159 0.00090655 5.04e-06
100 Pubmed_feat_L2.txt 0.00098234 0.000977311 5.029e-06
101 Pubmed_feat_L2.txt 0.000974291 0.000969752 4.539e-06
102 Pubmed_feat_L2.txt 0.000952616 0.000948008 4.608e-06
103 Pubmed_feat_L2.txt 0.000965405 0.000960867 4.538e-06
104 Pubmed_feat_L2.txt 0.000855294 0.000850443 4.851e-06
105 Pubmed_feat_L2.txt 0.000969103 0.000964064 5.039e-06
106 Pubmed_feat_L2.txt 0.000975406 0.000970853 4.553e-06
107 Pubmed_feat_L2.txt 0.000882439 0.000877888 4.551e-06
108 Pubmed_feat_L2.txt 0.000892958 0.000888295 4.663e-06
109 Pubmed_feat_L2.txt 0.000970525 0.000965547 4.978e-06
110 Pubmed_feat_L2.txt 0.000966622 0.000962128 4.494e-06
111 Pubmed_feat_L2.txt 0.000957947 0.000952902 5.045e-06
112 Pubmed_feat_L2.txt 0.000874058 0.00086942 4.638e-06
113 Pubmed_feat_L2.txt 0.000975166 0.000970677 4.489e-06
114 Pubmed_feat_L2.txt 0.000994111 0.000989572 4.539e-06
115 Pubmed_feat_L2.txt 0.000988889 0.000984424 4.465e-06
116 Pubmed_feat_L2.txt 0.000947427 0.000942968 4.459e-06
117 Pubmed_feat_L2.txt 0.000977989 0.000972896 5.093e-06
118 Pubmed_feat_L2.txt 0.000904328 0.00089979 4.538e-06
119 Pubmed_feat_L2.txt 0.000892671 0.000887675 4.996e-06
120 Pubmed_feat_L2.txt 0.000848387 0.000843842 4.545e-06
121 Pubmed_feat_L2.txt 0.000958419 0.000953296 5.123e-06
122 Pubmed_feat_L2.txt 0.000949272 0.000944679 4.593e-06
123 Pubmed_feat_L2.txt 0.000847052 0.000841972 5.08e-06
124 Pubmed_feat_L2.txt 0.000834469 0.000830003 4.466e-06
125 Pubmed_feat_L2.txt 0.000986509 0.000981442 5.067e-06
126 Pubmed_feat_L2.txt 0.000946499 0.000942063 4.436e-06
127 Pubmed_feat_L2.txt 0.000895039 0.000890545 4.494e-06
128 Pubmed_feat_L2.txt 0.000828975 0.000824396 4.579e-06
129 Pubmed_feat_L2.txt 0.00094294 0.000938427 4.513e-06
130 Pubmed_feat_L2.txt 0.000955397 0.000950825 4.572e-06
131 Pubmed_feat_L2.txt 0.00090678 0.000902206 4.574e-06
132 Pubmed_feat_L2.txt 0.000852705 0.000848106 4.599e-06
133 Pubmed_feat_L2.txt 0.000918708 0.000913533 5.175e-06
134 Pubmed_feat_L2.txt 0.00084582 0.000841263 4.557e-06
135 Pubmed_feat_L2.txt 0.000948665 0.000943891 4.774e-06
136 Pubmed_feat_L2.txt 0.000998995 0.000994357 4.638e-06
137 Pubmed_feat_L2.txt 0.000904052 0.000899411 4.641e-06
138 Pubmed_feat_L2.txt 0.000926784 0.000922164 4.62e-06
139 Pubmed_feat_L2.txt 0.000964205 0.000959617 4.588e-06
140 Pubmed_feat_L2.txt 0.000837252 0.000832128 5.124e-06
141 Pubmed_feat_L2.txt 0.000924866 0.000919642 5.224e-06
142 Pubmed_feat_L2.txt 0.000908015 0.000903375 4.64e-06
143 Pubmed_feat_L2.txt 0.000905746 0.000901199 4.547e-06
144 Pubmed_feat_L2.txt 0.000835745 0.000830551 5.194e-06
145 Pubmed_feat_L2.txt 0.000959114 0.000954615 4.499e-06
146 Pubmed_feat_L2.txt 0.000966312 0.000961694 4.618e-06
147 Pubmed_feat_L2.txt 0.000902596 0.000898012 4.584e-06
148 Pubmed_feat_L2.txt 0.000986877 0.000981846 5.031e-06
149 Pubmed_feat_L2.txt 0.000913288 0.000908801 4.487e-06
150 Pubmed_feat_L2.txt 0.000896208 0.000891455 4.753e-06
151 Pubmed_feat_L2.txt 0.000897976 0.000893374 4.602e-06
152 Pubmed_feat_L2.txt 0.000964047 0.000959363 4.684e-06
153 Pubmed_feat_L2.txt 0.000874555 0.000869467 5.088e-06
154 Pubmed_feat_L2.txt 0.00100752 0.00100277 4.756e-06
155 Pubmed_feat_L2.txt 0.000975351 0.000970267 5.084e-06
156 Pubmed_feat_L2.txt 0.000950304 0.000945826 4.478e-06
157 Pubmed_feat_L2.txt 0.000958304 0.000953694 4.61e-06
158 Pubmed_feat_L2.txt 0.000893588 0.000889167 4.421e-06
159 Pubmed_feat_L2.txt 0.00098738 0.000982179 5.201e-06
160 Pubmed_feat_L2.txt 0.000807375 0.000802825 4.55e-06
161 Pubmed_feat_L2.txt 0.000886731 0.000881768 4.963e-06
162 Pubmed_feat_L2.txt 0.000934587 0.00093002 4.567e-06
163 Pubmed_feat_L2.txt 0.000970309 0.000965672 4.637e-06
164 Pubmed_feat_L2.txt 0.000891467 0.000886739 4.728e-06
165 Pubmed_feat_L2.txt 0.000956516 0.000951727 4.789e-06
166 Pubmed_feat_L2.txt 0.00101266 0.00100805 4.611e-06
167 Pubmed_feat_L2.txt 0.00104577 0.00104115 4.616e-06
168 Pubmed_feat_L2.txt 0.000910347 0.000905667 4.68e-06
169 Pubmed_feat_L2.txt 0.000858116 0.000853009 5.107e-06
170 Pubmed_feat_L2.txt 0.000963194 0.000958588 4.606e-06
171 Pubmed_feat_L2.txt 0.00096457 0.000959418 5.152e-06
172 Pubmed_feat_L2.txt 0.000997205 0.000992748 4.457e-06
173 Pubmed_feat_L2.txt 0.000940323 0.000935734 4.589e-06
174 Pubmed_feat_L2.txt 0.00100551 0.00100099 4.516e-06
175 Pubmed_feat_L2.txt 0.000979152 0.000974689 4.463e-06
176 Pubmed_feat_L2.txt 0.000907166 0.000902638 4.528e-06
177 Pubmed_feat_L2.txt 0.000929899 0.000924843 5.056e-06
178 Pubmed_feat_L2.txt 0.000930132 0.000925724 4.408e-06
179 Pubmed_feat_L2.txt 0.000886072 0.000881574 4.498e-06
180 Pubmed_feat_L2.txt 0.000988542 0.00098405 4.492e-06
181 Pubmed_feat_L2.txt 0.00093555 0.000930393 5.157e-06
182 Pubmed_feat_L2.txt 0.000965495 0.000960966 4.529e-06
183 Pubmed_feat_L2.txt 0.000927533 0.00092301 4.523e-06
184 Pubmed_feat_L2.txt 0.000984417 0.000979843 4.574e-06
185 Pubmed_feat_L2.txt 0.000954746 0.000950114 4.632e-06
186 Pubmed_feat_L2.txt 0.000983908 0.000978954 4.954e-06
187 Pubmed_feat_L2.txt 0.00088014 0.000874992 5.148e-06
188 Pubmed_feat_L2.txt 0.000972631 0.000967923 4.708e-06
189 Pubmed_feat_L2.txt 0.000930753 0.000926085 4.668e-06
190 Pubmed_feat_L2.txt 0.000964504 0.000959382 5.122e-06
191 Pubmed_feat_L2.txt 0.000925953 0.000921438 4.515e-06
192 Pubmed_feat_L2.txt 0.000826538 0.00082156 4.978e-06
193 Pubmed_feat_L2.txt 0.00077421 0.000769652 4.558e-06
194 Pubmed_feat_L2.txt 0.00079165 0.000787157 4.493e-06
195 Pubmed_feat_L2.txt 0.000838241 0.000833675 4.566e-06
196 Pubmed_feat_L2.txt 0.000840406 0.00083578 4.626e-06
197 Pubmed_feat_L2.txt 0.000911432 0.00090687 4.562e-06
198 Pubmed_feat_L2.txt 0.000993746 0.000989273 4.473e-06
199 Pubmed_feat_L2.txt 0.000807556 0.000802977 4.579e-06
200 Pubmed_feat_L2.txt 0.000860002 0.000855458 4.544e-06
201 Pubmed_feat_L2.txt 0.000806634 0.000801215 5.419e-06
202 Pubmed_feat_L2.txt 0.000766517 0.000761828 4.689e-06
203 Pubmed_feat_L2.txt 0.000822974 0.00081841 4.564e-06
204 Pubmed_feat_L2.txt 0.000865677 0.000860952 4.725e-06
205 Pubmed_feat_L2.txt 0.000806693 0.000802131 4.562e-06
206 Pubmed_feat_L2.txt 0.00087188 0.000867299 4.581e-06
207 Pubmed_feat_L2.txt 0.000926564 0.00092204 4.524e-06
208 Pubmed_feat_L2.txt 0.000822479 0.000817399 5.08e-06
209 Pubmed_feat_L2.txt 0.000777344 0.000772747 4.597e-06
210 Pubmed_feat_L2.txt 0.000773861 0.000769297 4.564e-06
211 Pubmed_feat_L2.txt 0.000925837 0.000920911 4.926e-06
212 Pubmed_feat_L2.txt 0.000846543 0.000841976 4.567e-06
213 Pubmed_feat_L2.txt 0.000905937 0.0009015 4.437e-06
214 Pubmed_feat_L2.txt 0.000833781 0.00082929 4.491e-06
215 Pubmed_feat_L2.txt 0.000843352 0.000838839 4.513e-06
216 Pubmed_feat_L2.txt 0.000957757 0.000953085 4.672e-06
217 Pubmed_feat_L2.txt 0.000877591 0.000872946 4.645e-06
218 Pubmed_feat_L2.txt 0.000864663 0.000860154 4.509e-06
219 Pubmed_feat_L2.txt 0.000757177 0.000752576 4.601e-06
220 Pubmed_feat_L2.txt 0.000906585 0.000902118 4.467e-06
221 Pubmed_feat_L2.txt 0.000905649 0.000901104 4.545e-06
222 Pubmed_feat_L2.txt 0.000933932 0.000928993 4.939e-06
223 Pubmed_feat_L2.txt 0.000966298 0.000961696 4.602e-06
224 Pubmed_feat_L2.txt 0.000775703 0.000771141 4.562e-06
225 Pubmed_feat_L2.txt 0.000892517 0.000887931 4.586e-06
226 Pubmed_feat_L2.txt 0.000840157 0.000835678 4.479e-06
227 Pubmed_feat_L2.txt 0.000966403 0.000961245 5.158e-06
228 Pubmed_feat_L2.txt 0.000930322 0.000925695 4.627e-06
229 Pubmed_feat_L2.txt 0.000820585 0.000816023 4.562e-06
230 Pubmed_feat_L2.txt 0.000869885 0.000865295 4.59e-06
231 Pubmed_feat_L2.txt 0.000909788 0.000905233 4.555e-06
232 Pubmed_feat_L2.txt 0.000826013 0.000821511 4.502e-06
233 Pubmed_feat_L2.txt 0.00091927 0.000914159 5.111e-06
234 Pubmed_feat_L2.txt 0.000885894 0.000880683 5.211e-06
235 Pubmed_feat_L2.txt 0.000856866 0.000852291 4.575e-06
236 Pubmed_feat_L2.txt 0.000905163 0.000900534 4.629e-06
237 Pubmed_feat_L2.txt 0.000885136 0.000880018 5.118e-06
238 Pubmed_feat_L2.txt 0.000921539 0.000916832 4.707e-06
239 Pubmed_feat_L2.txt 0.00087226 0.000867742 4.518e-06
240 Pubmed_feat_L2.txt 0.000820859 0.000815673 5.186e-06
241 Pubmed_feat_L2.txt 0.000860167 0.000855044 5.123e-06
242 Pubmed_feat_L2.txt 0.000811808 0.000807284 4.524e-06
243 Pubmed_feat_L2.txt 0.000972356 0.000967277 5.079e-06
244 Pubmed_feat_L2.txt 0.000912799 0.000908239 4.56e-06
245 Pubmed_feat_L2.txt 0.000731931 0.000726889 5.042e-06
246 Pubmed_feat_L2.txt 0.000932783 0.000928221 4.562e-06
247 Pubmed_feat_L2.txt 0.00102288 0.00101773 5.146e-06
248 Pubmed_feat_L2.txt 0.000706697 0.000702212 4.485e-06
249 Pubmed_feat_L2.txt 0.000954131 0.000949649 4.482e-06
250 Pubmed_feat_L2.txt 0.000818027 0.000813145 4.882e-06
251 Pubmed_feat_L2.txt 0.000774044 0.000768989 5.055e-06
252 Pubmed_feat_L2.txt 0.000874901 0.000870454 4.447e-06
253 Pubmed_feat_L2.txt 0.000962635 0.000957552 5.083e-06
254 Pubmed_feat_L2.txt 0.00103844 0.00103384 4.607e-06
255 Pubmed_feat_L2.txt 0.000908665 0.000904103 4.562e-06
256 Pubmed_feat_L2.txt 0.000892153 0.000887559 4.594e-06
257 Pubmed_feat_L2.txt 0.000982443 0.000977354 5.089e-06
258 Pubmed_feat_L2.txt 0.00094867 0.000944205 4.465e-06
259 Pubmed_feat_L2.txt 0.00094469 0.000939513 5.177e-06
260 Pubmed_feat_L2.txt 0.000786265 0.000781987 4.278e-06
261 Pubmed_feat_L2.txt 0.00091142 0.000906755 4.665e-06
262 Pubmed_feat_L2.txt 0.000927253 0.000922705 4.548e-06
263 Pubmed_feat_L2.txt 0.0009165 0.000911463 5.037e-06
264 Pubmed_feat_L2.txt 0.00088256 0.000878119 4.441e-06
265 Pubmed_feat_L2.txt 0.000852706 0.000847669 5.037e-06
266 Pubmed_feat_L2.txt 0.0010239 0.00101944 4.461e-06
267 Pubmed_feat_L2.txt 0.000998693 0.000994151 4.542e-06
268 Pubmed_feat_L2.txt 0.00082926 0.000824702 4.558e-06
269 Pubmed_feat_L2.txt 0.000957955 0.000953432 4.523e-06
270 Pubmed_feat_L2.txt 0.00101857 0.00101396 4.609e-06
271 Pubmed_feat_L2.txt 0.000950863 0.000945635 5.228e-06
272 Pubmed_feat_L2.txt 0.000744837 0.000740074 4.763e-06
273 Pubmed_feat_L2.txt 0.00093366 0.000928433 5.227e-06
274 Pubmed_feat_L2.txt 0.000996046 0.00099108 4.966e-06
275 Pubmed_feat_L2.txt 0.000805807 0.000801209 4.598e-06
276 Pubmed_feat_L2.txt 0.000942694 0.000938225 4.469e-06
277 Pubmed_feat_L2.txt 0.00107923 0.00107466 4.565e-06
278 Pubmed_feat_L2.txt 0.00100633 0.00100183 4.495e-06
279 Pubmed_feat_L2.txt 0.000952371 0.000947235 5.136e-06
280 Pubmed_feat_L2.txt 0.000905027 0.000899919 5.108e-06
281 Pubmed_feat_L2.txt 0.000821722 0.000817123 4.599e-06
282 Pubmed_feat_L2.txt 0.000972687 0.000968006 4.681e-06
283 Pubmed_feat_L2.txt 0.000966815 0.000961582 5.233e-06
284 Pubmed_feat_L2.txt 0.000970703 0.000966101 4.602e-06
285 Pubmed_feat_L2.txt 0.00105953 0.00105442 5.113e-06
286 Pubmed_feat_L2.txt 0.000854747 0.00085023 4.517e-06
287 Pubmed_feat_L2.txt 0.000961354 0.000956247 5.107e-06
288 Pubmed_feat_L2.txt 0.00084105 0.0008365 4.55e-06
289 Pubmed_feat_L2.txt 0.000850911 0.000846444 4.467e-06
290 Pubmed_feat_L2.txt 0.000857335 0.000852768 4.567e-06
291 Pubmed_feat_L2.txt 0.000878653 0.00087412 4.533e-06
292 Pubmed_feat_L2.txt 0.00082851 0.000824003 4.507e-06
293 Pubmed_feat_L2.txt 0.000881749 0.000877229 4.52e-06
294 Pubmed_feat_L2.txt 0.000902384 0.00089757 4.814e-06
295 Pubmed_feat_L2.txt 0.000930199 0.000925658 4.541e-06
296 Pubmed_feat_L2.txt 0.000881888 0.00087736 4.528e-06
297 Pubmed_feat_L2.txt 0.00091547 0.000910392 5.078e-06
298 Pubmed_feat_L2.txt 0.000997729 0.000993004 4.725e-06
299 Pubmed_feat_L2.txt 0.000869324 0.000864767 4.557e-06
300 Pubmed_feat_L2.txt 0.000941618 0.000936935 4.683e-06
301 Pubmed_feat_L2.txt 0.000852851 0.00084754 5.311e-06
302 Pubmed_feat_L2.txt 0.000924478 0.000919943 4.535e-06
303 Pubmed_feat_L2.txt 0.00084478 0.000840235 4.545e-06
304 Pubmed_feat_L2.txt 0.00093724 0.000932686 4.554e-06
305 Pubmed_feat_L2.txt 0.000890368 0.00088527 5.098e-06
306 Pubmed_feat_L2.txt 0.000864834 0.000860199 4.635e-06
307 Pubmed_feat_L2.txt 0.000934058 0.000929473 4.585e-06
308 Pubmed_feat_L2.txt 0.000802512 0.000798007 4.505e-06
309 Pubmed_feat_L2.txt 0.000924785 0.000920225 4.56e-06
310 Pubmed_feat_L2.txt 0.00101848 0.0010139 4.575e-06
311 Pubmed_feat_L2.txt 0.000893432 0.000888303 5.129e-06
312 Pubmed_feat_L2.txt 0.000925468 0.00092068 4.788e-06
313 Pubmed_feat_L2.txt 0.000883002 0.000877895 5.107e-06
314 Pubmed_feat_L2.txt 0.000940255 0.000935764 4.491e-06
315 Pubmed_feat_L2.txt 0.00084706 0.000842615 4.445e-06
316 Pubmed_feat_L2.txt 0.000848836 0.000844156 4.68e-06
317 Pubmed_feat_L2.txt 0.000832975 0.000827849 5.126e-06
318 Pubmed_feat_L2.txt 0.000912355 0.000907437 4.918e-06
319 Pubmed_feat_L2.txt 0.000898759 0.00089426 4.499e-06
320 Pubmed_feat_L2.txt 0.000888006 0.000883579 4.427e-06
321 Pubmed_feat_L2.txt 0.000924562 0.000920066 4.496e-06
322 Pubmed_feat_L2.txt 0.000928944 0.000924007 4.937e-06
323 Pubmed_feat_L2.txt 0.000904554 0.000899982 4.572e-06
324 Pubmed_feat_L2.txt 0.000846001 0.000841443 4.558e-06
325 Pubmed_feat_L2.txt 0.000880329 0.000876041 4.288e-06
326 Pubmed_feat_L2.txt 0.000889167 0.000884625 4.542e-06
327 Pubmed_feat_L2.txt 0.000857396 0.000852885 4.511e-06
328 Pubmed_feat_L2.txt 0.000913969 0.000908814 5.155e-06
329 Pubmed_feat_L2.txt 0.000907579 0.000903015 4.564e-06
330 Pubmed_feat_L2.txt 0.000964638 0.00095951 5.128e-06
331 Pubmed_feat_L2.txt 0.00091318 0.000908655 4.525e-06
332 Pubmed_feat_L2.txt 0.000840652 0.00083619 4.462e-06
333 Pubmed_feat_L2.txt 0.000902166 0.000897039 5.127e-06
334 Pubmed_feat_L2.txt 0.000855953 0.000851156 4.797e-06
335 Pubmed_feat_L2.txt 0.000898719 0.000894191 4.528e-06
336 Pubmed_feat_L2.txt 0.000965873 0.000961257 4.616e-06
337 Pubmed_feat_L2.txt 0.00102009 0.00101503 5.061e-06
338 Pubmed_feat_L2.txt 0.00091371 0.00090921 4.5e-06
339 Pubmed_feat_L2.txt 0.000910173 0.000905618 4.555e-06
340 Pubmed_feat_L2.txt 0.000842357 0.000837731 4.626e-06
341 Pubmed_feat_L2.txt 0.000909299 0.000904921 4.378e-06
342 Pubmed_feat_L2.txt 0.00102777 0.00102328 4.491e-06
343 Pubmed_feat_L2.txt 0.00102033 0.00101587 4.463e-06
344 Pubmed_feat_L2.txt 0.000907735 0.00090316 4.575e-06
345 Pubmed_feat_L2.txt 0.000886414 0.000881852 4.562e-06
346 Pubmed_feat_L2.txt 0.00115292 0.00114826 4.659e-06
347 Pubmed_feat_L2.txt 0.000894764 0.000890095 4.669e-06
348 Pubmed_feat_L2.txt 0.000912622 0.000907414 5.208e-06
349 Pubmed_feat_L2.txt 0.000990978 0.000986384 4.594e-06
350 Pubmed_feat_L2.txt 0.00100494 0.00100015 4.785e-06
351 Pubmed_feat_L2.txt 0.000981831 0.000977135 4.696e-06
352 Pubmed_feat_L2.txt 0.000796427 0.000791839 4.588e-06
353 Pubmed_feat_L2.txt 0.000966472 0.000961869 4.603e-06
354 Pubmed_feat_L2.txt 0.000964261 0.000959588 4.673e-06
355 Pubmed_feat_L2.txt 0.000937372 0.000932739 4.633e-06
356 Pubmed_feat_L2.txt 0.000923958 0.000919346 4.612e-06
357 Pubmed_feat_L2.txt 0.00101293 0.00100822 4.709e-06
358 Pubmed_feat_L2.txt 0.00101806 0.0010135 4.558e-06
359 Pubmed_feat_L2.txt 0.000911777 0.000907039 4.738e-06
360 Pubmed_feat_L2.txt 0.000919364 0.000914544 4.82e-06
361 Pubmed_feat_L2.txt 0.00100913 0.0010041 5.029e-06
362 Pubmed_feat_L2.txt 0.000858141 0.000853613 4.528e-06
363 Pubmed_feat_L2.txt 0.000931883 0.000927284 4.599e-06
364 Pubmed_feat_L2.txt 0.00100713 0.0010024 4.726e-06
365 Pubmed_feat_L2.txt 0.000993202 0.000988683 4.519e-06
366 Pubmed_feat_L2.txt 0.00084532 0.000840692 4.628e-06
367 Pubmed_feat_L2.txt 0.000973219 0.000968139 5.08e-06
368 Pubmed_feat_L2.txt 0.000800225 0.000795861 4.364e-06
369 Pubmed_feat_L2.txt 0.000856037 0.000851557 4.48e-06
370 Pubmed_feat_L2.txt 0.000899179 0.000894558 4.621e-06
371 Pubmed_feat_L2.txt 0.00111585 0.00111114 4.713e-06
372 Pubmed_feat_L2.txt 0.000929635 0.000925003 4.632e-06
373 Pubmed_feat_L2.txt 0.000966613 0.000962057 4.556e-06
374 Pubmed_feat_L2.txt 0.00101453 0.00100979 4.735e-06
375 Pubmed_feat_L2.txt 0.00101407 0.00100945 4.62e-06
376 Pubmed_feat_L2.txt 0.000930993 0.000926502 4.491e-06
377 Pubmed_feat_L2.txt 0.000992191 0.000987558 4.633e-06
378 Pubmed_feat_L2.txt 0.000870108 0.000865574 4.534e-06
379 Pubmed_feat_L2.txt 0.000908471 0.000903898 4.573e-06
380 Pubmed_feat_L2.txt 0.000925533 0.000920937 4.596e-06
381 Pubmed_feat_L2.txt 0.00102647 0.00102188 4.59e-06
382 Pubmed_feat_L2.txt 0.000890086 0.000885716 4.37e-06
383 Pubmed_feat_L2.txt 0.00101766 0.00100255 1.5116e-05
0 Pubmed_A.txt 0.00080579 0.000804247 1.543e-06
1 Pubmed_A.txt 0.000801638 0.000800033 1.605e-06
2 Pubmed_A.txt 0.000808139 0.000806386 1.753e-06
3 Pubmed_A.txt 0.000800951 0.00079958 1.371e-06
4 Pubmed_A.txt 0.000810039 0.000808684 1.355e-06
5 Pubmed_A.txt 0.000806697 0.000805049 1.648e-06
6 Pubmed_A.txt 0.000810749 0.000809098 1.651e-06
7 Pubmed_A.txt 0.000803281 0.000801919 1.362e-06
8 Pubmed_A.txt 0.000809419 0.000808085 1.334e-06
9 Pubmed_A.txt 0.000805216 0.000803665 1.551e-06
10 Pubmed_A.txt 0.000817856 0.000815942 1.914e-06
11 Pubmed_A.txt 0.000809648 0.000808173 1.475e-06
12 Pubmed_A.txt 0.000820727 0.00081929 1.437e-06
13 Pubmed_A.txt 0.000817114 0.000815352 1.762e-06
14 Pubmed_A.txt 0.000823268 0.000821445 1.823e-06
15 Pubmed_A.txt 0.000816208 0.000814387 1.821e-06
16 Pubmed_A.txt 0.000894295 0.000892694 1.601e-06
17 Pubmed_A.txt 0.000891399 0.000888766 2.633e-06
18 Pubmed_A.txt 0.000900626 0.000898463 2.163e-06
19 Pubmed_A.txt 0.000898111 0.00089608 2.031e-06
20 Pubmed_A.txt 0.000882758 0.000880794 1.964e-06
21 Pubmed_A.txt 0.000877536 0.00087571 1.826e-06
22 Pubmed_A.txt 0.000890837 0.000889724 1.113e-06
23 Pubmed_A.txt 0.000883373 0.000881918 1.455e-06
24 Pubmed_A.txt 0.000829102 0.000826736 2.366e-06
25 Pubmed_A.txt 0.00082333 0.000821328 2.002e-06
26 Pubmed_A.txt 0.000834847 0.000832718 2.129e-06
27 Pubmed_A.txt 0.000827095 0.000825475 1.62e-06
28 Pubmed_A.txt 0.000835489 0.000833539 1.95e-06
29 Pubmed_A.txt 0.000829919 0.00082855 1.369e-06
30 Pubmed_A.txt 0.000836954 0.000835456 1.498e-06
31 Pubmed_A.txt 0.000828967 0.000826881 2.086e-06
32 Pubmed_A.txt 0.000703842 0.000701901 1.941e-06
33 Pubmed_A.txt 0.000700117 0.000697676 2.441e-06
34 Pubmed_A.txt 0.00070697 0.000704967 2.003e-06
35 Pubmed_A.txt 0.000698892 0.000696962 1.93e-06
36 Pubmed_A.txt 0.000702977 0.000700927 2.05e-06
37 Pubmed_A.txt 0.000698928 0.000697258 1.67e-06
38 Pubmed_A.txt 0.000703403 0.000701643 1.76e-06
39 Pubmed_A.txt 0.000695406 0.000693957 1.449e-06
40 Pubmed_A.txt 0.000699015 0.000697494 1.521e-06
41 Pubmed_A.txt 0.000694382 0.000693124 1.258e-06
42 Pubmed_A.txt 0.000704921 0.000703046 1.875e-06
43 Pubmed_A.txt 0.00069802 0.000696235 1.785e-06
44 Pubmed_A.txt 0.000700306 0.000698886 1.42e-06
45 Pubmed_A.txt 0.000696372 0.0006947 1.672e-06
46 Pubmed_A.txt 0.000702294 0.000700994 1.3e-06
47 Pubmed_A.txt 0.00069619 0.000694706 1.484e-06
48 Pubmed_A.txt 0.000838467 0.000836904 1.563e-06
49 Pubmed_A.txt 0.00083495 0.000833495 1.455e-06
50 Pubmed_A.txt 0.000839588 0.000838108 1.48e-06
51 Pubmed_A.txt 0.000833095 0.000830872 2.223e-06
52 Pubmed_A.txt 0.000829861 0.000828021 1.84e-06
53 Pubmed_A.txt 0.00082583 0.000823956 1.874e-06
54 Pubmed_A.txt 0.000837251 0.000835706 1.545e-06
55 Pubmed_A.txt 0.000828235 0.000826785 1.45e-06
56 Pubmed_A.txt 0.000824844 0.000823171 1.673e-06
57 Pubmed_A.txt 0.000820738 0.00081935 1.388e-06
58 Pubmed_A.txt 0.000830695 0.000829269 1.426e-06
59 Pubmed_A.txt 0.000823347 0.000821951 1.396e-06
60 Pubmed_A.txt 0.000822271 0.000820728 1.543e-06
61 Pubmed_A.txt 0.000818443 0.000817003 1.44e-06
62 Pubmed_A.txt 0.000828603 0.000826567 2.036e-06
63 Pubmed_A.txt 0.000820685 0.000819038 1.647e-06
64 Pubmed_A.txt 0.000890165 0.00088849 1.675e-06
65 Pubmed_A.txt 0.000883965 0.000882726 1.239e-06
66 Pubmed_A.txt 0.000894482 0.000893234 1.248e-06
67 Pubmed_A.txt 0.000887602 0.000885963 1.639e-06
68 Pubmed_A.txt 0.000894014 0.000892717 1.297e-06
69 Pubmed_A.txt 0.000890667 0.000888932 1.735e-06
70 Pubmed_A.txt 0.000893983 0.000892432 1.551e-06
71 Pubmed_A.txt 0.00088686 0.000885368 1.492e-06
72 Pubmed_A.txt 0.00085265 0.000850452 2.198e-06
73 Pubmed_A.txt 0.000846271 0.000844501 1.77e-06
74 Pubmed_A.txt 0.000854053 0.00085241 1.643e-06
75 Pubmed_A.txt 0.00084778 0.000845812 1.968e-06
76 Pubmed_A.txt 0.000852522 0.000851047 1.475e-06
77 Pubmed_A.txt 0.000848306 0.000846647 1.659e-06
78 Pubmed_A.txt 0.000852513 0.000850168 2.345e-06
79 Pubmed_A.txt 0.000845171 0.000842052 3.119e-06
80 Pubmed_A.txt 0.000706436 0.000704048 2.388e-06
81 Pubmed_A.txt 0.000701142 0.000699155 1.987e-06
82 Pubmed_A.txt 0.000712007 0.0007096 2.407e-06
83 Pubmed_A.txt 0.000705838 0.000703362 2.476e-06
84 Pubmed_A.txt 0.000711017 0.000708913 2.104e-06
85 Pubmed_A.txt 0.000706647 0.000704671 1.976e-06
86 Pubmed_A.txt 0.000711213 0.000708921 2.292e-06
87 Pubmed_A.txt 0.00070372 0.000701809 1.911e-06
88 Pubmed_A.txt 0.000711822 0.000710241 1.581e-06
89 Pubmed_A.txt 0.000706606 0.000704971 1.635e-06
90 Pubmed_A.txt 0.000715299 0.000713262 2.037e-06
91 Pubmed_A.txt 0.000707758 0.000706383 1.375e-06
92 Pubmed_A.txt 0.000705919 0.000704015 1.904e-06
93 Pubmed_A.txt 0.000701862 0.000699942 1.92e-06
94 Pubmed_A.txt 0.000706468 0.000704564 1.904e-06
95 Pubmed_A.txt 0.000700789 0.000698984 1.805e-06
96 Pubmed_A.txt 0.000834945 0.000832579 2.366e-06
97 Pubmed_A.txt 0.000830543 0.000828431 2.112e-06
98 Pubmed_A.txt 0.000839786 0.00083679 2.996e-06
99 Pubmed_A.txt 0.000831569 0.000829901 1.668e-06
100 Pubmed_A.txt 0.000839973 0.000838433 1.54e-06
101 Pubmed_A.txt 0.000837724 0.000835314 2.41e-06
102 Pubmed_A.txt 0.000840574 0.000839087 1.487e-06
103 Pubmed_A.txt 0.000833335 0.000831778 1.557e-06
104 Pubmed_A.txt 0.000823958 0.00082168 2.278e-06
105 Pubmed_A.txt 0.000818986 0.000817432 1.554e-06
106 Pubmed_A.txt 0.000835357 0.000833313 2.044e-06
107 Pubmed_A.txt 0.00082821 0.000826621 1.589e-06
108 Pubmed_A.txt 0.000830315 0.000828596 1.719e-06
109 Pubmed_A.txt 0.000826161 0.000824208 1.953e-06
110 Pubmed_A.txt 0.000836905 0.000835007 1.898e-06
111 Pubmed_A.txt 0.000830791 0.000828599 2.192e-06
112 Pubmed_A.txt 0.000897648 0.000895466 2.182e-06
113 Pubmed_A.txt 0.000891349 0.000889247 2.102e-06
114 Pubmed_A.txt 0.000902911 0.000901147 1.764e-06
115 Pubmed_A.txt 0.000896041 0.000894317 1.724e-06
116 Pubmed_A.txt 0.000886084 0.000883979 2.105e-06
117 Pubmed_A.txt 0.000882001 0.000880071 1.93e-06
118 Pubmed_A.txt 0.00088961 0.000887869 1.741e-06
119 Pubmed_A.txt 0.00088203 0.000880226 1.804e-06
120 Pubmed_A.txt 0.000840792 0.00083887 1.922e-06
121 Pubmed_A.txt 0.000835605 0.000833998 1.607e-06
122 Pubmed_A.txt 0.000845859 0.000843594 2.265e-06
123 Pubmed_A.txt 0.000837425 0.000835957 1.468e-06
124 Pubmed_A.txt 0.000843913 0.000841986 1.927e-06
125 Pubmed_A.txt 0.000841247 0.000838724 2.523e-06
126 Pubmed_A.txt 0.000852491 0.000847414 5.077e-06
127 Pubmed_A.txt 0.000843133 0.000840305 2.828e-06
128 Pubmed_A.txt 0.000705506 0.000703784 1.722e-06
129 Pubmed_A.txt 0.00070081 0.000698627 2.183e-06
130 Pubmed_A.txt 0.000711408 0.000708115 3.293e-06
131 Pubmed_A.txt 0.000703698 0.000701966 1.732e-06
132 Pubmed_A.txt 0.000713644 0.000711866 1.778e-06
133 Pubmed_A.txt 0.000709916 0.000707984 1.932e-06
134 Pubmed_A.txt 0.000712401 0.000708973 3.428e-06
135 Pubmed_A.txt 0.000704779 0.000702998 1.781e-06
136 Pubmed_A.txt 0.000703452 0.00070182 1.632e-06
137 Pubmed_A.txt 0.000699306 0.000697671 1.635e-06
138 Pubmed_A.txt 0.000712096 0.000710146 1.95e-06
139 Pubmed_A.txt 0.000706044 0.000704158 1.886e-06
140 Pubmed_A.txt 0.000709258 0.000707609 1.649e-06
141 Pubmed_A.txt 0.000705964 0.000703902 2.062e-06
142 Pubmed_A.txt 0.000706512 0.000704867 1.645e-06
143 Pubmed_A.txt 0.000698449 0.000697009 1.44e-06
144 Pubmed_A.txt 0.000827029 0.000825436 1.593e-06
145 Pubmed_A.txt 0.000823567 0.00082153 2.037e-06
146 Pubmed_A.txt 0.000830548 0.00082811 2.438e-06
147 Pubmed_A.txt 0.000822603 0.000820437 2.166e-06
148 Pubmed_A.txt 0.000828741 0.000826865 1.876e-06
149 Pubmed_A.txt 0.000826306 0.000823726 2.58e-06
150 Pubmed_A.txt 0.000828235 0.000825685 2.55e-06
151 Pubmed_A.txt 0.000820768 0.000818747 2.021e-06
152 Pubmed_A.txt 0.000817689 0.000815463 2.226e-06
153 Pubmed_A.txt 0.000813164 0.000811111 2.053e-06
154 Pubmed_A.txt 0.000825028 0.000823536 1.492e-06
155 Pubmed_A.txt 0.00081879 0.000816246 2.544e-06
156 Pubmed_A.txt 0.000824289 0.000822215 2.074e-06
157 Pubmed_A.txt 0.000821092 0.000817399 3.693e-06
158 Pubmed_A.txt 0.000823718 0.000821985 1.733e-06
159 Pubmed_A.txt 0.000816569 0.000814385 2.184e-06
160 Pubmed_A.txt 0.000900259 0.00089788 2.379e-06
161 Pubmed_A.txt 0.000894046 0.000892311 1.735e-06
162 Pubmed_A.txt 0.000904732 0.000902166 2.566e-06
163 Pubmed_A.txt 0.000897495 0.000894791 2.704e-06
164 Pubmed_A.txt 0.000896141 0.000892979 3.162e-06
165 Pubmed_A.txt 0.000892939 0.000889221 3.718e-06
166 Pubmed_A.txt 0.000899693 0.000895999 3.694e-06
167 Pubmed_A.txt 0.000892381 0.000888305 4.076e-06
168 Pubmed_A.txt 0.000841519 0.000839691 1.828e-06
169 Pubmed_A.txt 0.000837446 0.000835532 1.914e-06
170 Pubmed_A.txt 0.000847523 0.000845278 2.245e-06
171 Pubmed_A.txt 0.000838757 0.000836756 2.001e-06
172 Pubmed_A.txt 0.000844951 0.000841339 3.612e-06
173 Pubmed_A.txt 0.000841366 0.000837296 4.07e-06
174 Pubmed_A.txt 0.000846039 0.000842448 3.591e-06
175 Pubmed_A.txt 0.00083775 0.000834527 3.223e-06
176 Pubmed_A.txt 0.000702404 0.000699483 2.921e-06
177 Pubmed_A.txt 0.000699534 0.000695812 3.722e-06
178 Pubmed_A.txt 0.00070813 0.000704624 3.506e-06
179 Pubmed_A.txt 0.000702579 0.000698424 4.155e-06
180 Pubmed_A.txt 0.000706484 0.000704264 2.22e-06
181 Pubmed_A.txt 0.000703398 0.000699914 3.484e-06
182 Pubmed_A.txt 0.000707814 0.000703986 3.828e-06
183 Pubmed_A.txt 0.000700296 0.000697226 3.07e-06
184 Pubmed_A.txt 0.000703868 0.000700507 3.361e-06
185 Pubmed_A.txt 0.000698962 0.000696146 2.816e-06
186 Pubmed_A.txt 0.000712567 0.000707106 5.461e-06
187 Pubmed_A.txt 0.000702783 0.0007002 2.583e-06
188 Pubmed_A.txt 0.000704524 0.000701438 3.086e-06
189 Pubmed_A.txt 0.000702356 0.000697665 4.691e-06
190 Pubmed_A.txt 0.000705929 0.000701369 4.56e-06
191 Pubmed_A.txt 0.000700412 0.000696947 3.465e-06
192 Pubmed_A.txt 0.000841395 0.000837601 3.794e-06
193 Pubmed_A.txt 0.000835536 0.000833206 2.33e-06
194 Pubmed_A.txt 0.00083827 0.000835048 3.222e-06
195 Pubmed_A.txt 0.000829961 0.000827178 2.783e-06
196 Pubmed_A.txt 0.000840259 0.000837587 2.672e-06
197 Pubmed_A.txt 0.00083632 0.000833284 3.036e-06
198 Pubmed_A.txt 0.000846894 0.000843714 3.18e-06
199 Pubmed_A.txt 0.000840387 0.000836352 4.035e-06
200 Pubmed_A.txt 0.000832217 0.000829189 3.028e-06
201 Pubmed_A.txt 0.000829635 0.000825713 3.922e-06
202 Pubmed_A.txt 0.000845728 0.000841901 3.827e-06
203 Pubmed_A.txt 0.000837842 0.0008345 3.342e-06
204 Pubmed_A.txt 0.000836327 0.000832685 3.642e-06
205 Pubmed_A.txt 0.000834164 0.000829094 5.07e-06
206 Pubmed_A.txt 0.0008461 0.000841359 4.741e-06
207 Pubmed_A.txt 0.000837185 0.000833721 3.464e-06
208 Pubmed_A.txt 0.000903646 0.000898758 4.888e-06
209 Pubmed_A.txt 0.000899714 0.000894531 5.183e-06
210 Pubmed_A.txt 0.000910493 0.000902978 7.515e-06
211 Pubmed_A.txt 0.000898866 0.000895828 3.038e-06
212 Pubmed_A.txt 0.000897045 0.000894092 2.953e-06
213 Pubmed_A.txt 0.000893899 0.000890655 3.244e-06
214 Pubmed_A.txt 0.000903885 0.00089573 8.155e-06
215 Pubmed_A.txt 0.000894036 0.000888724 5.312e-06
216 Pubmed_A.txt 0.000849481 0.00084546 4.021e-06
217 Pubmed_A.txt 0.000845546 0.000839989 5.557e-06
218 Pubmed_A.txt 0.000860668 0.000855143 5.525e-06
219 Pubmed_A.txt 0.000853099 0.000847345 5.754e-06
220 Pubmed_A.txt 0.000855808 0.000851365 4.443e-06
221 Pubmed_A.txt 0.000851676 0.000847442 4.234e-06
222 Pubmed_A.txt 0.000859655 0.000852862 6.793e-06
223 Pubmed_A.txt 0.000849523 0.000847284 2.239e-06
224 Pubmed_A.txt 0.000700426 0.000698595 1.831e-06
225 Pubmed_A.txt 0.000697386 0.00069468 2.706e-06
226 Pubmed_A.txt 0.000705457 0.000702762 2.695e-06
227 Pubmed_A.txt 0.000698167 0.000695863 2.304e-06
228 Pubmed_A.txt 0.00070739 0.000704825 2.565e-06
229 Pubmed_A.txt 0.000702483 0.00070009 2.393e-06
230 Pubmed_A.txt 0.000711658 0.000709482 2.176e-06
231 Pubmed_A.txt 0.000704538 0.000702017 2.521e-06
232 Pubmed_A.txt 0.000718494 0.000714705 3.789e-06
233 Pubmed_A.txt 0.000715527 0.000712079 3.448e-06
234 Pubmed_A.txt 0.000725428 0.000717604 7.824e-06
235 Pubmed_A.txt 0.00071509 0.000711168 3.922e-06
236 Pubmed_A.txt 0.000710791 0.000707342 3.449e-06
237 Pubmed_A.txt 0.000708093 0.000703691 4.402e-06
238 Pubmed_A.txt 0.000714003 0.000709363 4.64e-06
239 Pubmed_A.txt 0.000707238 0.000702226 5.012e-06
240 Pubmed_A.txt 0.000828073 0.000823538 4.535e-06
241 Pubmed_A.txt 0.000825601 0.00081989 5.711e-06
242 Pubmed_A.txt 0.000832651 0.000826378 6.273e-06
243 Pubmed_A.txt 0.000825196 0.000819178 6.018e-06
244 Pubmed_A.txt 0.000832914 0.00082864 4.274e-06
245 Pubmed_A.txt 0.000827342 0.000823908 3.434e-06
246 Pubmed_A.txt 0.000829003 0.00082568 3.323e-06
247 Pubmed_A.txt 0.000827011 0.000822582 4.429e-06
248 Pubmed_A.txt 0.000826308 0.000823252 3.056e-06
249 Pubmed_A.txt 0.000824355 0.000819023 5.332e-06
250 Pubmed_A.txt 0.000837556 0.000829958 7.598e-06
251 Pubmed_A.txt 0.000824531 0.000821814 2.717e-06
252 Pubmed_A.txt 0.000829183 0.000826827 2.356e-06
253 Pubmed_A.txt 0.000825144 0.000823455 1.689e-06
254 Pubmed_A.txt 0.000832877 0.000829255 3.622e-06
255 Pubmed_A.txt 0.000824146 0.000821293 2.853e-06
256 Pubmed_A.txt 0.000914388 0.000909983 4.405e-06
257 Pubmed_A.txt 0.00090881 0.000904399 4.411e-06
258 Pubmed_A.txt 0.000918435 0.000911442 6.993e-06
259 Pubmed_A.txt 0.000907466 0.000903074 4.392e-06
260 Pubmed_A.txt 0.000906406 0.000894597 1.1809e-05
261 Pubmed_A.txt 0.000893601 0.000890984 2.617e-06
262 Pubmed_A.txt 0.000907683 0.000904615 3.068e-06
263 Pubmed_A.txt 0.000896525 0.000890476 6.049e-06
264 Pubmed_A.txt 0.000848746 0.000843388 5.358e-06
265 Pubmed_A.txt 0.000841563 0.000837447 4.116e-06
266 Pubmed_A.txt 0.00085215 0.000846641 5.509e-06
267 Pubmed_A.txt 0.000843764 0.000840554 3.21e-06
268 Pubmed_A.txt 0.000845895 0.000842829 3.066e-06
269 Pubmed_A.txt 0.000841595 0.000838296 3.299e-06
270 Pubmed_A.txt 0.000849966 0.000845141 4.825e-06
271 Pubmed_A.txt 0.000842681 0.000837303 5.378e-06
272 Pubmed_A.txt 0.00070307 0.000699934 3.136e-06
273 Pubmed_A.txt 0.000696571 0.000694691 1.88e-06
274 Pubmed_A.txt 0.000713133 0.000705886 7.247e-06
275 Pubmed_A.txt 0.000703333 0.000700346 2.987e-06
276 Pubmed_A.txt 0.00070727 0.00070451 2.76e-06
277 Pubmed_A.txt 0.000701465 0.000699575 1.89e-06
278 Pubmed_A.txt 0.00071353 0.000709921 3.609e-06
279 Pubmed_A.txt 0.000706014 0.000703754 2.26e-06
280 Pubmed_A.txt 0.000715051 0.000712121 2.93e-06
281 Pubmed_A.txt 0.000710217 0.000707406 2.811e-06
282 Pubmed_A.txt 0.000713874 0.000710571 3.303e-06
283 Pubmed_A.txt 0.00070687 0.000704084 2.786e-06
284 Pubmed_A.txt 0.000714 0.000712239 1.761e-06
285 Pubmed_A.txt 0.000710316 0.000707897 2.419e-06
286 Pubmed_A.txt 0.000709663 0.000707476 2.187e-06
287 Pubmed_A.txt 0.000703741 0.000701657 2.084e-06
288 Pubmed_A.txt 0.000821543 0.000819712 1.831e-06
289 Pubmed_A.txt 0.000818096 0.000815404 2.692e-06
290 Pubmed_A.txt 0.000829434 0.000826464 2.97e-06
291 Pubmed_A.txt 0.000822736 0.000818344 4.392e-06
292 Pubmed_A.txt 0.000827645 0.000825756 1.889e-06
293 Pubmed_A.txt 0.000823655 0.000821096 2.559e-06
294 Pubmed_A.txt 0.000828949 0.000826353 2.596e-06
295 Pubmed_A.txt 0.00082189 0.000818502 3.388e-06
296 Pubmed_A.txt 0.000833489 0.000830619 2.87e-06
297 Pubmed_A.txt 0.000828633 0.000825983 2.65e-06
298 Pubmed_A.txt 0.000838447 0.000835497 2.95e-06
299 Pubmed_A.txt 0.000829336 0.000827141 2.195e-06
300 Pubmed_A.txt 0.000828309 0.000825852 2.457e-06
301 Pubmed_A.txt 0.000825368 0.000822456 2.912e-06
302 Pubmed_A.txt 0.00082763 0.000826025 1.605e-06
303 Pubmed_A.txt 0.00082126 0.000818831 2.429e-06
304 Pubmed_A.txt 0.000903072 0.000900218 2.854e-06
305 Pubmed_A.txt 0.000898347 0.000895444 2.903e-06
306 Pubmed_A.txt 0.000910642 0.000905875 4.767e-06
307 Pubmed_A.txt 0.000902419 0.000899474 2.945e-06
308 Pubmed_A.txt 0.000894665 0.000891627 3.038e-06
309 Pubmed_A.txt 0.000890681 0.000887796 2.885e-06
310 Pubmed_A.txt 0.000900073 0.000897165 2.908e-06
311 Pubmed_A.txt 0.00089306 0.000890058 3.002e-06
312 Pubmed_A.txt 0.000858729 0.00085663 2.099e-06
313 Pubmed_A.txt 0.00085386 0.000851509 2.351e-06
314 Pubmed_A.txt 0.000857536 0.000854549 2.987e-06
315 Pubmed_A.txt 0.000848358 0.000846429 1.929e-06
316 Pubmed_A.txt 0.000854715 0.000851953 2.762e-06
317 Pubmed_A.txt 0.000850422 0.000848975 1.447e-06
318 Pubmed_A.txt 0.000860955 0.000858739 2.216e-06
319 Pubmed_A.txt 0.000855414 0.000850657 4.757e-06
320 Pubmed_A.txt 0.000712626 0.000709861 2.765e-06
321 Pubmed_A.txt 0.000708044 0.000704875 3.169e-06
322 Pubmed_A.txt 0.00072205 0.000715725 6.325e-06
323 Pubmed_A.txt 0.000717429 0.000710186 7.243e-06
324 Pubmed_A.txt 0.00071973 0.000714816 4.914e-06
325 Pubmed_A.txt 0.000715579 0.000710709 4.87e-06
326 Pubmed_A.txt 0.0007234 0.000716302 7.098e-06
327 Pubmed_A.txt 0.000715878 0.000709211 6.667e-06
328 Pubmed_A.txt 0.000715626 0.000709796 5.83e-06
329 Pubmed_A.txt 0.000708919 0.000705265 3.654e-06
330 Pubmed_A.txt 0.000722845 0.000719465 3.38e-06
331 Pubmed_A.txt 0.00071456 0.000712597 1.963e-06
332 Pubmed_A.txt 0.000714101 0.000711623 2.478e-06
333 Pubmed_A.txt 0.00071249 0.000706779 5.711e-06
334 Pubmed_A.txt 0.000710707 0.00070883 1.877e-06
335 Pubmed_A.txt 0.000710422 0.000702634 7.788e-06
336 Pubmed_A.txt 0.000838883 0.000834444 4.439e-06
337 Pubmed_A.txt 0.000833851 0.000830388 3.463e-06
338 Pubmed_A.txt 0.000848896 0.000840719 8.177e-06
339 Pubmed_A.txt 0.000836417 0.000833774 2.643e-06
340 Pubmed_A.txt 0.000855248 0.000852717 2.531e-06
341 Pubmed_A.txt 0.00085615 0.00084867 7.48e-06
342 Pubmed_A.txt 0.000847488 0.000843859 3.629e-06
343 Pubmed_A.txt 0.000840124 0.000836047 4.077e-06
344 Pubmed_A.txt 0.000844847 0.000839926 4.921e-06
345 Pubmed_A.txt 0.000842984 0.000836189 6.795e-06
346 Pubmed_A.txt 0.000853487 0.000846837 6.65e-06
347 Pubmed_A.txt 0.000843368 0.000838786 4.582e-06
348 Pubmed_A.txt 0.000852868 0.000850013 2.855e-06
349 Pubmed_A.txt 0.000848801 0.000846248 2.553e-06
350 Pubmed_A.txt 0.000854114 0.000851136 2.978e-06
351 Pubmed_A.txt 0.000848527 0.000844538 3.989e-06
352 Pubmed_A.txt 0.0009252 0.000920216 4.984e-06
353 Pubmed_A.txt 0.000918857 0.000915529 3.328e-06
354 Pubmed_A.txt 0.000926113 0.00092332 2.793e-06
355 Pubmed_A.txt 0.00091906 0.00091626 2.8e-06
356 Pubmed_A.txt 0.000925409 0.00092129 4.119e-06
357 Pubmed_A.txt 0.000919623 0.00091706 2.563e-06
358 Pubmed_A.txt 0.000927821 0.00092432 3.501e-06
359 Pubmed_A.txt 0.000922209 0.000916498 5.711e-06
360 Pubmed_A.txt 0.000872099 0.000868519 3.58e-06
361 Pubmed_A.txt 0.000866481 0.000864132 2.349e-06
362 Pubmed_A.txt 0.000875427 0.000871268 4.159e-06
363 Pubmed_A.txt 0.000865251 0.000863423 1.828e-06
364 Pubmed_A.txt 0.000868618 0.00086562 2.998e-06
365 Pubmed_A.txt 0.000863745 0.000861681 2.064e-06
366 Pubmed_A.txt 0.000864229 0.000861108 3.121e-06
367 Pubmed_A.txt 0.000856881 0.000853313 3.568e-06
368 Pubmed_A.txt 0.000730169 0.000725566 4.603e-06
369 Pubmed_A.txt 0.000722639 0.000719431 3.208e-06
370 Pubmed_A.txt 0.000739684 0.000730383 9.301e-06
371 Pubmed_A.txt 0.00072966 0.000723682 5.978e-06
372 Pubmed_A.txt 0.000731132 0.000723574 7.558e-06
373 Pubmed_A.txt 0.000725383 0.000720323 5.06e-06
374 Pubmed_A.txt 0.000733861 0.000726579 7.282e-06
375 Pubmed_A.txt 0.000727321 0.000720344 6.977e-06
376 Pubmed_A.txt 0.000737888 0.000726479 1.1409e-05
377 Pubmed_A.txt 0.000728448 0.000721966 6.482e-06
378 Pubmed_A.txt 0.000730271 0.000724086 6.185e-06
379 Pubmed_A.txt 0.000719532 0.000716601 2.931e-06
380 Pubmed_A.txt 0.000733008 0.000725723 7.285e-06
381 Pubmed_A.txt 0.00072851 0.000721228 7.282e-06
382 Pubmed_A.txt 0.000738059 0.000734195 3.864e-06
383 Pubmed_A.txt 0.000739834 0.000727188 1.2646e-05
TACC:  Shutdown complete. Exiting. 
