TACC:  Starting up job 10024561 
TACC:  Starting parallel tasks... 
0 Reddit_feat_L1.txt 0.00222419 0.00216698 5.7214e-05
1 Reddit_feat_L1.txt 0.00142806 0.00137062 5.7438e-05
2 Reddit_feat_L1.txt 0.00236334 0.00229693 6.6413e-05
3 Reddit_feat_L1.txt 0.0011398 0.00107212 6.7678e-05
4 Reddit_feat_L1.txt 0.00223424 0.00216465 6.9593e-05
5 Reddit_feat_L1.txt 0.00149397 0.00143216 6.1809e-05
6 Reddit_feat_L1.txt 0.0027096 0.00264889 6.071e-05
7 Reddit_feat_L1.txt 0.00107899 0.00102039 5.8598e-05
8 Reddit_feat_L1.txt 0.0023562 0.00228413 7.2072e-05
9 Reddit_feat_L1.txt 0.00153119 0.00147314 5.805e-05
10 Reddit_feat_L1.txt 0.00280705 0.00273753 6.9522e-05
11 Reddit_feat_L1.txt 0.00115624 0.00108584 7.0394e-05
12 Reddit_feat_L1.txt 0.00229649 0.00223577 6.0721e-05
13 Reddit_feat_L1.txt 0.00147822 0.00141832 5.9895e-05
14 Reddit_feat_L1.txt 0.00270009 0.00263194 6.8151e-05
15 Reddit_feat_L1.txt 0.00116544 0.00110565 5.9787e-05
16 Reddit_feat_L1.txt 0.00214307 0.00207555 6.7524e-05
17 Reddit_feat_L1.txt 0.00138735 0.0013245 6.2843e-05
18 Reddit_feat_L1.txt 0.00237487 0.00231398 6.0892e-05
19 Reddit_feat_L1.txt 0.00120585 0.00114498 6.0871e-05
20 Reddit_feat_L1.txt 0.00234477 0.00227931 6.5456e-05
21 Reddit_feat_L1.txt 0.00144496 0.0013884 5.6565e-05
22 Reddit_feat_L1.txt 0.00239983 0.00233152 6.8302e-05
23 Reddit_feat_L1.txt 0.00118952 0.00112293 6.6591e-05
24 Reddit_feat_L1.txt 0.00226993 0.00219338 7.6551e-05
25 Reddit_feat_L1.txt 0.00134619 0.00127442 7.1764e-05
26 Reddit_feat_L1.txt 0.00231849 0.00225264 6.5857e-05
27 Reddit_feat_L1.txt 0.00122592 0.00116588 6.0037e-05
28 Reddit_feat_L1.txt 0.00226718 0.0022024 6.4784e-05
29 Reddit_feat_L1.txt 0.00141245 0.00134325 6.9198e-05
30 Reddit_feat_L1.txt 0.00235737 0.00228207 7.5302e-05
31 Reddit_feat_L1.txt 0.00114097 0.00106378 7.7193e-05
32 Reddit_feat_L1.txt 0.00246506 0.0023939 7.1154e-05
33 Reddit_feat_L1.txt 0.00144151 0.00138103 6.0485e-05
34 Reddit_feat_L1.txt 0.00239323 0.00232587 6.7359e-05
35 Reddit_feat_L1.txt 0.00114603 0.00108387 6.2153e-05
36 Reddit_feat_L1.txt 0.0023708 0.00229751 7.3286e-05
37 Reddit_feat_L1.txt 0.00155549 0.00148606 6.9428e-05
38 Reddit_feat_L1.txt 0.00259162 0.00252413 6.7491e-05
39 Reddit_feat_L1.txt 0.00120038 0.00113042 6.997e-05
40 Reddit_feat_L1.txt 0.0023583 0.00228433 7.3965e-05
41 Reddit_feat_L1.txt 0.00136138 0.00130175 5.9625e-05
42 Reddit_feat_L1.txt 0.00270028 0.00263154 6.8734e-05
43 Reddit_feat_L1.txt 0.00112551 0.001066 5.9511e-05
44 Reddit_feat_L1.txt 0.00240177 0.00232467 7.7097e-05
45 Reddit_feat_L1.txt 0.00149767 0.00142765 7.0015e-05
46 Reddit_feat_L1.txt 0.00269582 0.00262737 6.8445e-05
47 Reddit_feat_L1.txt 0.00112658 0.00104786 7.8725e-05
48 Reddit_feat_L1.txt 0.00167823 0.00162063 5.7605e-05
49 Reddit_feat_L1.txt 0.00142475 0.00135883 6.592e-05
50 Reddit_feat_L1.txt 0.00263004 0.00256474 6.53e-05
51 Reddit_feat_L1.txt 0.00112332 0.0010649 5.8422e-05
52 Reddit_feat_L1.txt 0.00230577 0.00224505 6.0721e-05
53 Reddit_feat_L1.txt 0.00142183 0.00134743 7.4402e-05
54 Reddit_feat_L1.txt 0.00257487 0.00249701 7.7867e-05
55 Reddit_feat_L1.txt 0.00113625 0.00106165 7.4604e-05
56 Reddit_feat_L1.txt 0.00272945 0.00265293 7.6522e-05
57 Reddit_feat_L1.txt 0.00143225 0.00136279 6.9459e-05
58 Reddit_feat_L1.txt 0.00264602 0.00257453 7.1488e-05
59 Reddit_feat_L1.txt 0.00117243 0.0011022 7.0231e-05
60 Reddit_feat_L1.txt 0.002468 0.00240106 6.6939e-05
61 Reddit_feat_L1.txt 0.00136363 0.00130351 6.0126e-05
62 Reddit_feat_L1.txt 0.00260263 0.00253149 7.114e-05
63 Reddit_feat_L1.txt 0.00114693 0.00106722 7.9715e-05
64 Reddit_feat_L1.txt 0.00222717 0.0021412 8.5976e-05
65 Reddit_feat_L1.txt 0.00143307 0.00135114 8.1934e-05
66 Reddit_feat_L1.txt 0.00236051 0.00228617 7.4348e-05
67 Reddit_feat_L1.txt 0.00117552 0.00110779 6.7736e-05
68 Reddit_feat_L1.txt 0.00224041 0.00216839 7.2012e-05
69 Reddit_feat_L1.txt 0.0015128 0.00145038 6.2421e-05
70 Reddit_feat_L1.txt 0.00266702 0.00258957 7.7453e-05
71 Reddit_feat_L1.txt 0.00114985 0.00106798 8.1867e-05
72 Reddit_feat_L1.txt 0.00227323 0.00219865 7.458e-05
73 Reddit_feat_L1.txt 0.00142765 0.00136287 6.478e-05
74 Reddit_feat_L1.txt 0.00275189 0.00268132 7.0575e-05
75 Reddit_feat_L1.txt 0.00117964 0.00111358 6.606e-05
76 Reddit_feat_L1.txt 0.00228254 0.00221315 6.9396e-05
77 Reddit_feat_L1.txt 0.00143054 0.00136118 6.9358e-05
78 Reddit_feat_L1.txt 0.00269896 0.002632 6.6957e-05
79 Reddit_feat_L1.txt 0.00113744 0.00107353 6.3916e-05
80 Reddit_feat_L1.txt 0.00222888 0.00216272 6.6157e-05
81 Reddit_feat_L1.txt 0.00136668 0.00130481 6.1871e-05
82 Reddit_feat_L1.txt 0.00235978 0.00229404 6.5735e-05
83 Reddit_feat_L1.txt 0.00117039 0.00110639 6.3998e-05
84 Reddit_feat_L1.txt 0.00238378 0.00231311 7.0665e-05
85 Reddit_feat_L1.txt 0.00141221 0.00134488 6.7328e-05
86 Reddit_feat_L1.txt 0.00229825 0.0022322 6.6044e-05
87 Reddit_feat_L1.txt 0.00117117 0.00110854 6.2635e-05
88 Reddit_feat_L1.txt 0.00224029 0.0021785 6.1791e-05
89 Reddit_feat_L1.txt 0.00137313 0.00130915 6.3976e-05
90 Reddit_feat_L1.txt 0.00234367 0.00228134 6.2328e-05
91 Reddit_feat_L1.txt 0.00118994 0.00111917 7.0776e-05
92 Reddit_feat_L1.txt 0.00229363 0.00222787 6.576e-05
93 Reddit_feat_L1.txt 0.00139474 0.00133246 6.2289e-05
94 Reddit_feat_L1.txt 0.00229703 0.00222646 7.0565e-05
95 Reddit_feat_L1.txt 0.00110484 0.00103475 7.0097e-05
96 Reddit_feat_L1.txt 0.00246618 0.00239176 7.4425e-05
97 Reddit_feat_L1.txt 0.00135644 0.0012777 7.8741e-05
98 Reddit_feat_L1.txt 0.00229742 0.00222401 7.3408e-05
99 Reddit_feat_L1.txt 0.00112278 0.00106169 6.1086e-05
100 Reddit_feat_L1.txt 0.00236844 0.00230014 6.8292e-05
101 Reddit_feat_L1.txt 0.00144003 0.00136803 7.2004e-05
102 Reddit_feat_L1.txt 0.00257983 0.00249996 7.9872e-05
103 Reddit_feat_L1.txt 0.00120624 0.00112757 7.8667e-05
104 Reddit_feat_L1.txt 0.0023455 0.00226748 7.802e-05
105 Reddit_feat_L1.txt 0.0014736 0.00139824 7.536e-05
106 Reddit_feat_L1.txt 0.00266938 0.00259949 6.9892e-05
107 Reddit_feat_L1.txt 0.00117534 0.00110155 7.3788e-05
108 Reddit_feat_L1.txt 0.00276466 0.00268613 7.8535e-05
109 Reddit_feat_L1.txt 0.00147625 0.00140495 7.1298e-05
110 Reddit_feat_L1.txt 0.00270334 0.00262978 7.356e-05
111 Reddit_feat_L1.txt 0.00124914 0.00117742 7.1721e-05
112 Reddit_feat_L1.txt 0.00169413 0.00162568 6.8454e-05
113 Reddit_feat_L1.txt 0.00188346 0.00182051 6.2951e-05
114 Reddit_feat_L1.txt 0.00252868 0.00245402 7.4662e-05
115 Reddit_feat_L1.txt 0.00123701 0.00115934 7.7676e-05
116 Reddit_feat_L1.txt 0.00217848 0.00211229 6.6185e-05
117 Reddit_feat_L1.txt 0.00147539 0.00139869 7.6703e-05
118 Reddit_feat_L1.txt 0.00250968 0.00243555 7.4129e-05
119 Reddit_feat_L1.txt 0.00121361 0.00113947 7.4143e-05
120 Reddit_feat_L1.txt 0.00269878 0.00262542 7.3357e-05
121 Reddit_feat_L1.txt 0.00144711 0.00138041 6.67e-05
122 Reddit_feat_L1.txt 0.00258882 0.00251215 7.6674e-05
123 Reddit_feat_L1.txt 0.0011671 0.00108538 8.1727e-05
124 Reddit_feat_L1.txt 0.00250796 0.00243112 7.684e-05
125 Reddit_feat_L1.txt 0.00130256 0.00123693 6.5622e-05
126 Reddit_feat_L1.txt 0.00254143 0.00247549 6.5935e-05
127 Reddit_feat_L1.txt 0.00113889 0.00106855 7.0343e-05
128 Reddit_feat_L1.txt 0.00217861 0.00209876 7.9852e-05
129 Reddit_feat_L1.txt 0.00151721 0.0014446 7.2604e-05
130 Reddit_feat_L1.txt 0.00229737 0.0022218 7.5569e-05
131 Reddit_feat_L1.txt 0.00109092 0.00101414 7.6787e-05
132 Reddit_feat_L1.txt 0.00219484 0.00212188 7.2962e-05
133 Reddit_feat_L1.txt 0.001531 0.00146086 7.0145e-05
134 Reddit_feat_L1.txt 0.0027184 0.00263825 8.0147e-05
135 Reddit_feat_L1.txt 0.00106983 0.00099206 7.7771e-05
136 Reddit_feat_L1.txt 0.00220019 0.0021152 8.4993e-05
137 Reddit_feat_L1.txt 0.00144239 0.00136301 7.9384e-05
138 Reddit_feat_L1.txt 0.00284144 0.00271493 0.000126502
139 Reddit_feat_L1.txt 0.00113948 0.00105971 7.9763e-05
140 Reddit_feat_L1.txt 0.00230107 0.00224189 5.9181e-05
141 Reddit_feat_L1.txt 0.0015358 0.00146667 6.9133e-05
142 Reddit_feat_L1.txt 0.00272113 0.00264405 7.7078e-05
143 Reddit_feat_L1.txt 0.00109862 0.00103418 6.4433e-05
144 Reddit_feat_L1.txt 0.00213132 0.00206656 6.4757e-05
145 Reddit_feat_L1.txt 0.00144335 0.00137517 6.8178e-05
146 Reddit_feat_L1.txt 0.00233086 0.00226406 6.68e-05
147 Reddit_feat_L1.txt 0.0011384 0.0010728 6.5604e-05
148 Reddit_feat_L1.txt 0.00234868 0.00228527 6.3409e-05
149 Reddit_feat_L1.txt 0.00139729 0.00133739 5.99e-05
150 Reddit_feat_L1.txt 0.00222923 0.00215723 7.1997e-05
151 Reddit_feat_L1.txt 0.0010906 0.00101608 7.452e-05
152 Reddit_feat_L1.txt 0.00223204 0.00217197 6.0065e-05
153 Reddit_feat_L1.txt 0.00142858 0.00136491 6.3668e-05
154 Reddit_feat_L1.txt 0.00230399 0.00224609 5.7901e-05
155 Reddit_feat_L1.txt 0.0011462 0.00107934 6.6856e-05
156 Reddit_feat_L1.txt 0.00222023 0.00215066 6.9576e-05
157 Reddit_feat_L1.txt 0.00143218 0.0013598 7.2377e-05
158 Reddit_feat_L1.txt 0.00229284 0.00221365 7.919e-05
159 Reddit_feat_L1.txt 0.00121705 0.00113948 7.7571e-05
160 Reddit_feat_L1.txt 0.00240565 0.0023226 8.3043e-05
161 Reddit_feat_L1.txt 0.00146539 0.00138595 7.9435e-05
162 Reddit_feat_L1.txt 0.00228963 0.00220813 8.1501e-05
163 Reddit_feat_L1.txt 0.00116574 0.00108455 8.119e-05
164 Reddit_feat_L1.txt 0.00235827 0.00228569 7.2586e-05
165 Reddit_feat_L1.txt 0.00147003 0.00139846 7.1566e-05
166 Reddit_feat_L1.txt 0.00265113 0.00258168 6.9453e-05
167 Reddit_feat_L1.txt 0.00106969 0.000993583 7.6111e-05
168 Reddit_feat_L1.txt 0.00229982 0.0022266 7.3221e-05
169 Reddit_feat_L1.txt 0.00136659 0.00128884 7.7748e-05
170 Reddit_feat_L1.txt 0.00267193 0.00259677 7.5153e-05
171 Reddit_feat_L1.txt 0.00112111 0.00105174 6.9369e-05
172 Reddit_feat_L1.txt 0.00234365 0.00227588 6.7765e-05
173 Reddit_feat_L1.txt 0.00140206 0.00134064 6.1417e-05
174 Reddit_feat_L1.txt 0.00265248 0.00258141 7.1069e-05
175 Reddit_feat_L1.txt 0.00114611 0.00107509 7.1016e-05
176 Reddit_feat_L1.txt 0.00168105 0.00160546 7.5591e-05
177 Reddit_feat_L1.txt 0.00149342 0.00141525 7.8179e-05
178 Reddit_feat_L1.txt 0.00252446 0.00246107 6.3386e-05
179 Reddit_feat_L1.txt 0.00110181 0.00103442 6.7394e-05
180 Reddit_feat_L1.txt 0.00236043 0.00228365 7.6776e-05
181 Reddit_feat_L1.txt 0.00136628 0.00129538 7.0899e-05
182 Reddit_feat_L1.txt 0.00251308 0.00243881 7.427e-05
183 Reddit_feat_L1.txt 0.0012047 0.00113392 7.0779e-05
184 Reddit_feat_L1.txt 0.00272905 0.00265686 7.2189e-05
185 Reddit_feat_L1.txt 0.0014157 0.00133675 7.8945e-05
186 Reddit_feat_L1.txt 0.0026952 0.00261844 7.6756e-05
187 Reddit_feat_L1.txt 0.00113093 0.00106738 6.3541e-05
188 Reddit_feat_L1.txt 0.00248149 0.00240958 7.1911e-05
189 Reddit_feat_L1.txt 0.00141912 0.00134043 7.8692e-05
190 Reddit_feat_L1.txt 0.00253497 0.00245829 7.6674e-05
191 Reddit_feat_L1.txt 0.00113167 0.00106851 6.3163e-05
192 Reddit_feat_L1.txt 0.0022475 0.00216442 8.3085e-05
193 Reddit_feat_L1.txt 0.00143818 0.00136581 7.2378e-05
194 Reddit_feat_L1.txt 0.00238245 0.00231386 6.8587e-05
195 Reddit_feat_L1.txt 0.00119501 0.00112774 6.7272e-05
196 Reddit_feat_L1.txt 0.00234174 0.00226128 8.0463e-05
197 Reddit_feat_L1.txt 0.00148255 0.00141199 7.0563e-05
198 Reddit_feat_L1.txt 0.00271348 0.00265025 6.3228e-05
199 Reddit_feat_L1.txt 0.00116832 0.00110404 6.4283e-05
200 Reddit_feat_L1.txt 0.00224391 0.00216753 7.6379e-05
201 Reddit_feat_L1.txt 0.00141269 0.00133622 7.6473e-05
202 Reddit_feat_L1.txt 0.00287746 0.00280059 7.687e-05
203 Reddit_feat_L1.txt 0.00120488 0.00113647 6.8412e-05
204 Reddit_feat_L1.txt 0.00232472 0.00226342 6.1297e-05
205 Reddit_feat_L1.txt 0.00141773 0.00135477 6.296e-05
206 Reddit_feat_L1.txt 0.00270388 0.00263777 6.6104e-05
207 Reddit_feat_L1.txt 0.00115357 0.0010901 6.3475e-05
208 Reddit_feat_L1.txt 0.00216271 0.0020826 8.0111e-05
209 Reddit_feat_L1.txt 0.00145237 0.00138735 6.5018e-05
210 Reddit_feat_L1.txt 0.0023742 0.0023071 6.7109e-05
211 Reddit_feat_L1.txt 0.00116795 0.00110549 6.2459e-05
212 Reddit_feat_L1.txt 0.00235128 0.00228231 6.8962e-05
213 Reddit_feat_L1.txt 0.00144445 0.00137436 7.0094e-05
214 Reddit_feat_L1.txt 0.00230394 0.00223471 6.923e-05
215 Reddit_feat_L1.txt 0.00127188 0.00120673 6.5153e-05
216 Reddit_feat_L1.txt 0.00228097 0.00222286 5.8108e-05
217 Reddit_feat_L1.txt 0.00138736 0.00132877 5.8586e-05
218 Reddit_feat_L1.txt 0.0023151 0.00224855 6.6546e-05
219 Reddit_feat_L1.txt 0.0011417 0.00107764 6.4054e-05
220 Reddit_feat_L1.txt 0.00226665 0.00220253 6.4125e-05
221 Reddit_feat_L1.txt 0.00138277 0.00131717 6.5596e-05
222 Reddit_feat_L1.txt 0.00227481 0.00220916 6.5652e-05
223 Reddit_feat_L1.txt 0.00115548 0.00108431 7.1173e-05
224 Reddit_feat_L1.txt 0.00240386 0.00233682 6.7042e-05
225 Reddit_feat_L1.txt 0.00142546 0.0013464 7.9067e-05
226 Reddit_feat_L1.txt 0.00235314 0.00226094 9.2199e-05
227 Reddit_feat_L1.txt 0.00118673 0.00110898 7.7755e-05
228 Reddit_feat_L1.txt 0.00239765 0.00231945 7.8201e-05
229 Reddit_feat_L1.txt 0.00148191 0.00139306 8.8854e-05
230 Reddit_feat_L1.txt 0.00262661 0.00254094 8.5663e-05
231 Reddit_feat_L1.txt 0.00120087 0.00112159 7.9282e-05
232 Reddit_feat_L1.txt 0.00234017 0.00227736 6.2812e-05
233 Reddit_feat_L1.txt 0.00141181 0.00134449 6.7325e-05
234 Reddit_feat_L1.txt 0.00261068 0.00254847 6.2208e-05
235 Reddit_feat_L1.txt 0.00117671 0.00109498 8.173e-05
236 Reddit_feat_L1.txt 0.00280535 0.002725 8.0343e-05
237 Reddit_feat_L1.txt 0.00144618 0.00137441 7.1769e-05
238 Reddit_feat_L1.txt 0.00264915 0.002571 7.8149e-05
239 Reddit_feat_L1.txt 0.00117225 0.00109457 7.7681e-05
240 Reddit_feat_L1.txt 0.0017201 0.00163675 8.335e-05
241 Reddit_feat_L1.txt 0.00179294 0.0017265 6.6441e-05
242 Reddit_feat_L1.txt 0.00259076 0.002518 7.276e-05
243 Reddit_feat_L1.txt 0.00122573 0.00115399 7.1742e-05
244 Reddit_feat_L1.txt 0.00228475 0.00221183 7.2916e-05
245 Reddit_feat_L1.txt 0.00140081 0.00132982 7.099e-05
246 Reddit_feat_L1.txt 0.00260437 0.00253388 7.0495e-05
247 Reddit_feat_L1.txt 0.00120408 0.00113266 7.1419e-05
248 Reddit_feat_L1.txt 0.00268178 0.00260926 7.2521e-05
249 Reddit_feat_L1.txt 0.00136044 0.00127182 8.862e-05
250 Reddit_feat_L1.txt 0.00262568 0.00254978 7.59e-05
251 Reddit_feat_L1.txt 0.00117012 0.00109604 7.4086e-05
252 Reddit_feat_L1.txt 0.00248902 0.00240907 7.9952e-05
253 Reddit_feat_L1.txt 0.00138097 0.00128314 9.783e-05
254 Reddit_feat_L1.txt 0.00261132 0.00254037 7.0951e-05
255 Reddit_feat_L1.txt 0.00111767 0.00103321 8.4464e-05
256 Reddit_feat_L1.txt 0.00226958 0.00217393 9.565e-05
257 Reddit_feat_L1.txt 0.00145671 0.00139494 6.1768e-05
258 Reddit_feat_L1.txt 0.00232534 0.00225951 6.5835e-05
259 Reddit_feat_L1.txt 0.00113493 0.00105744 7.749e-05
260 Reddit_feat_L1.txt 0.00227478 0.0022082 6.6574e-05
261 Reddit_feat_L1.txt 0.00155682 0.00148135 7.5465e-05
262 Reddit_feat_L1.txt 0.00270605 0.00263939 6.6666e-05
263 Reddit_feat_L1.txt 0.00113619 0.00106558 7.0608e-05
264 Reddit_feat_L1.txt 0.00227149 0.0022023 6.9181e-05
265 Reddit_feat_L1.txt 0.00145969 0.00140025 5.9439e-05
266 Reddit_feat_L1.txt 0.00279348 0.00273137 6.2106e-05
267 Reddit_feat_L1.txt 0.00117621 0.00110614 7.0064e-05
268 Reddit_feat_L1.txt 0.00231333 0.00224669 6.6643e-05
269 Reddit_feat_L1.txt 0.00146884 0.00140173 6.7104e-05
270 Reddit_feat_L1.txt 0.00271225 0.00264347 6.8778e-05
271 Reddit_feat_L1.txt 0.00114739 0.00105812 8.9266e-05
272 Reddit_feat_L1.txt 0.00213079 0.00203647 9.432e-05
273 Reddit_feat_L1.txt 0.00139 0.00130324 8.6759e-05
274 Reddit_feat_L1.txt 0.00235264 0.00227511 7.7535e-05
275 Reddit_feat_L1.txt 0.00114813 0.00106205 8.6075e-05
276 Reddit_feat_L1.txt 0.0023939 0.00231178 8.2118e-05
277 Reddit_feat_L1.txt 0.00142478 0.00134438 8.0396e-05
278 Reddit_feat_L1.txt 0.00231779 0.00223869 7.91e-05
279 Reddit_feat_L1.txt 0.00119382 0.00110644 8.7382e-05
280 Reddit_feat_L1.txt 0.00225966 0.00218137 7.8294e-05
281 Reddit_feat_L1.txt 0.00136612 0.00129704 6.9086e-05
282 Reddit_feat_L1.txt 0.00234495 0.00226388 8.1071e-05
283 Reddit_feat_L1.txt 0.00117412 0.00110063 7.3489e-05
284 Reddit_feat_L1.txt 0.00228323 0.00221006 7.3171e-05
285 Reddit_feat_L1.txt 0.00138952 0.00132147 6.8056e-05
286 Reddit_feat_L1.txt 0.00227683 0.00219358 8.325e-05
287 Reddit_feat_L1.txt 0.00119581 0.00110869 8.7117e-05
288 Reddit_feat_L1.txt 0.00233464 0.00226964 6.5001e-05
289 Reddit_feat_L1.txt 0.00139939 0.00131666 8.2733e-05
290 Reddit_feat_L1.txt 0.00224216 0.00217217 6.9986e-05
291 Reddit_feat_L1.txt 0.00122448 0.00114671 7.7772e-05
292 Reddit_feat_L1.txt 0.0024198 0.00234364 7.6163e-05
293 Reddit_feat_L1.txt 0.0014306 0.0013614 6.9198e-05
294 Reddit_feat_L1.txt 0.00254788 0.00247183 7.6046e-05
295 Reddit_feat_L1.txt 0.00107219 0.000995762 7.6427e-05
296 Reddit_feat_L1.txt 0.00245589 0.00237574 8.0142e-05
297 Reddit_feat_L1.txt 0.00134858 0.00127883 6.975e-05
298 Reddit_feat_L1.txt 0.00255307 0.00247613 7.6941e-05
299 Reddit_feat_L1.txt 0.00109104 0.00101786 7.3183e-05
300 Reddit_feat_L1.txt 0.00250266 0.00242481 7.7854e-05
301 Reddit_feat_L1.txt 0.00145 0.00137192 7.808e-05
302 Reddit_feat_L1.txt 0.00266521 0.00257124 9.3978e-05
303 Reddit_feat_L1.txt 0.0011883 0.00110159 8.6708e-05
304 Reddit_feat_L1.txt 0.00185031 0.00176138 8.8933e-05
305 Reddit_feat_L1.txt 0.00134555 0.00126533 8.022e-05
306 Reddit_feat_L1.txt 0.00259264 0.00249876 9.3879e-05
307 Reddit_feat_L1.txt 0.00118253 0.00110268 7.985e-05
308 Reddit_feat_L1.txt 0.00220302 0.00211809 8.4922e-05
309 Reddit_feat_L1.txt 0.00133644 0.00125083 8.5607e-05
310 Reddit_feat_L1.txt 0.00255615 0.00246052 9.5621e-05
311 Reddit_feat_L1.txt 0.00113239 0.00104742 8.4967e-05
312 Reddit_feat_L1.txt 0.0027442 0.00266265 8.1555e-05
313 Reddit_feat_L1.txt 0.00142882 0.00133928 8.9539e-05
314 Reddit_feat_L1.txt 0.00263954 0.00254744 9.2102e-05
315 Reddit_feat_L1.txt 0.00119056 0.00108891 0.000101659
316 Reddit_feat_L1.txt 0.00255924 0.00247515 8.4087e-05
317 Reddit_feat_L1.txt 0.00141761 0.00132955 8.8068e-05
318 Reddit_feat_L1.txt 0.00268486 0.00259094 9.3925e-05
319 Reddit_feat_L1.txt 0.00121281 0.00114688 6.5934e-05
320 Reddit_feat_L1.txt 0.00222432 0.00215717 6.7144e-05
321 Reddit_feat_L1.txt 0.00136752 0.00130829 5.9231e-05
322 Reddit_feat_L1.txt 0.00234779 0.00228089 6.6897e-05
323 Reddit_feat_L1.txt 0.00119799 0.00113717 6.0821e-05
324 Reddit_feat_L1.txt 0.00224812 0.00218254 6.5577e-05
325 Reddit_feat_L1.txt 0.00153583 0.00147218 6.3653e-05
326 Reddit_feat_L1.txt 0.00268892 0.00262565 6.3268e-05
327 Reddit_feat_L1.txt 0.0011618 0.00110091 6.0886e-05
328 Reddit_feat_L1.txt 0.00226608 0.00220331 6.2776e-05
329 Reddit_feat_L1.txt 0.00139451 0.00132074 7.3777e-05
330 Reddit_feat_L1.txt 0.00280028 0.00272742 7.2863e-05
331 Reddit_feat_L1.txt 0.00118089 0.00110939 7.1495e-05
332 Reddit_feat_L1.txt 0.00234001 0.00227225 6.7767e-05
333 Reddit_feat_L1.txt 0.00148957 0.00142641 6.3163e-05
334 Reddit_feat_L1.txt 0.00273025 0.00266454 6.5705e-05
335 Reddit_feat_L1.txt 0.00115959 0.00108866 7.0936e-05
336 Reddit_feat_L1.txt 0.00220355 0.00213864 6.4906e-05
337 Reddit_feat_L1.txt 0.00126018 0.00119259 6.7592e-05
338 Reddit_feat_L1.txt 0.00230007 0.00223902 6.1048e-05
339 Reddit_feat_L1.txt 0.00109279 0.00102079 7.1995e-05
340 Reddit_feat_L1.txt 0.00233663 0.00226665 6.9984e-05
341 Reddit_feat_L1.txt 0.00133189 0.00126951 6.2382e-05
342 Reddit_feat_L1.txt 0.00220859 0.00214242 6.617e-05
343 Reddit_feat_L1.txt 0.00112594 0.00105769 6.825e-05
344 Reddit_feat_L1.txt 0.00220085 0.00213273 6.8115e-05
345 Reddit_feat_L1.txt 0.00128186 0.00120493 7.693e-05
346 Reddit_feat_L1.txt 0.00222931 0.0021545 7.4811e-05
347 Reddit_feat_L1.txt 0.00120452 0.00111659 8.7931e-05
348 Reddit_feat_L1.txt 0.00230387 0.00221879 8.5076e-05
349 Reddit_feat_L1.txt 0.00135218 0.00125926 9.2922e-05
350 Reddit_feat_L1.txt 0.00221416 0.00213402 8.014e-05
351 Reddit_feat_L1.txt 0.00114356 0.00105941 8.415e-05
352 Reddit_feat_L1.txt 0.00236198 0.00228556 7.642e-05
353 Reddit_feat_L1.txt 0.00134094 0.00125831 8.2634e-05
354 Reddit_feat_L1.txt 0.002278 0.0022006 7.7401e-05
355 Reddit_feat_L1.txt 0.00121325 0.00112865 8.4603e-05
356 Reddit_feat_L1.txt 0.00228854 0.00220565 8.2884e-05
357 Reddit_feat_L1.txt 0.00151055 0.00142697 8.3577e-05
358 Reddit_feat_L1.txt 0.00263413 0.00256235 7.1777e-05
359 Reddit_feat_L1.txt 0.00109153 0.00101058 8.0956e-05
360 Reddit_feat_L1.txt 0.0023657 0.00227688 8.8815e-05
361 Reddit_feat_L1.txt 0.00131083 0.00123025 8.0583e-05
362 Reddit_feat_L1.txt 0.00253574 0.0024706 6.5133e-05
363 Reddit_feat_L1.txt 0.0011008 0.00102643 7.4365e-05
364 Reddit_feat_L1.txt 0.00268838 0.0026087 7.9675e-05
365 Reddit_feat_L1.txt 0.00133348 0.00126413 6.9352e-05
366 Reddit_feat_L1.txt 0.0025038 0.00243299 7.0814e-05
367 Reddit_feat_L1.txt 0.00105096 0.000985847 6.5117e-05
368 Reddit_feat_L1.txt 0.00177015 0.00171328 5.6871e-05
369 Reddit_feat_L1.txt 0.00170631 0.00164567 6.0644e-05
370 Reddit_feat_L1.txt 0.00254139 0.00246681 7.4575e-05
371 Reddit_feat_L1.txt 0.0012097 0.00112388 8.582e-05
372 Reddit_feat_L1.txt 0.00220663 0.00212889 7.7745e-05
373 Reddit_feat_L1.txt 0.00136724 0.00128846 7.8775e-05
374 Reddit_feat_L1.txt 0.00261149 0.00253376 7.7737e-05
375 Reddit_feat_L1.txt 0.00107208 0.000998742 7.3334e-05
376 Reddit_feat_L1.txt 0.00260107 0.00253084 7.0229e-05
377 Reddit_feat_L1.txt 0.00144921 0.00131555 0.000133667
378 Reddit_feat_L1.txt 0.00250718 0.00244073 6.6454e-05
379 Reddit_feat_L1.txt 0.00108758 0.00100206 8.552e-05
380 Reddit_feat_L1.txt 0.00250268 0.00242177 8.0905e-05
381 Reddit_feat_L1.txt 0.00133268 0.00125751 7.5172e-05
382 Reddit_feat_L1.txt 0.00255494 0.00249322 6.1722e-05
383 Reddit_feat_L1.txt 0.00130104 0.00104757 0.000253469
0 Reddit_A.txt 0.0281687 0.0279333 0.000235452
1 Reddit_A.txt 0.0281948 0.0279056 0.000289268
2 Reddit_A.txt 0.0281943 0.027846 0.000348298
3 Reddit_A.txt 0.0282625 0.0278359 0.000426668
4 Reddit_A.txt 0.0284346 0.02783 0.00060462
5 Reddit_A.txt 0.0281773 0.0277663 0.00041106
6 Reddit_A.txt 0.0282561 0.0277568 0.000499285
7 Reddit_A.txt 0.0283297 0.0277499 0.000579811
8 Reddit_A.txt 0.0286099 0.0277434 0.000866542
9 Reddit_A.txt 0.0288102 0.0277457 0.00106452
10 Reddit_A.txt 0.0285717 0.027737 0.000834649
11 Reddit_A.txt 0.0285145 0.027726 0.000788456
12 Reddit_A.txt 0.0286433 0.0277265 0.000916853
13 Reddit_A.txt 0.0294437 0.027716 0.0017277
14 Reddit_A.txt 0.0292768 0.0277141 0.00156269
15 Reddit_A.txt 0.0296287 0.0277018 0.00192694
16 Reddit_A.txt 0.0292078 0.027676 0.00153175
17 Reddit_A.txt 0.0283796 0.0276687 0.000710958
18 Reddit_A.txt 0.0285229 0.0276386 0.000884321
19 Reddit_A.txt 0.0292334 0.027623 0.00161049
20 Reddit_A.txt 0.0299337 0.0275962 0.00233746
21 Reddit_A.txt 0.0301404 0.0275836 0.00255677
22 Reddit_A.txt 0.0303303 0.0275644 0.00276591
23 Reddit_A.txt 0.0299761 0.0275634 0.00241272
24 Reddit_A.txt 0.0300457 0.0275448 0.00250098
25 Reddit_A.txt 0.029177 0.0275454 0.00163158
26 Reddit_A.txt 0.0288298 0.0275381 0.00129172
27 Reddit_A.txt 0.0294882 0.0275237 0.00196452
28 Reddit_A.txt 0.0287744 0.0275062 0.00126813
29 Reddit_A.txt 0.0302197 0.0274963 0.00272334
30 Reddit_A.txt 0.030094 0.0274829 0.00261114
31 Reddit_A.txt 0.0289369 0.0274615 0.00147539
32 Reddit_A.txt 0.0291653 0.0274497 0.00171556
33 Reddit_A.txt 0.0287653 0.0274498 0.00131547
34 Reddit_A.txt 0.0289179 0.0274384 0.00147949
35 Reddit_A.txt 0.028624 0.0274298 0.00119424
36 Reddit_A.txt 0.0288205 0.0273852 0.00143528
37 Reddit_A.txt 0.0307801 0.0273785 0.00340162
38 Reddit_A.txt 0.028896 0.0273558 0.0015402
39 Reddit_A.txt 0.0323538 0.0273451 0.00500865
40 Reddit_A.txt 0.0288228 0.0273368 0.00148604
41 Reddit_A.txt 0.0284515 0.0272812 0.00117022
42 Reddit_A.txt 0.0291958 0.027263 0.00193278
43 Reddit_A.txt 0.0288311 0.0272266 0.00160452
44 Reddit_A.txt 0.0289049 0.027214 0.00169093
45 Reddit_A.txt 0.0291981 0.0271545 0.00204365
46 Reddit_A.txt 0.0299638 0.0271519 0.0028119
47 Reddit_A.txt 0.0300227 0.0270774 0.00294528
48 Reddit_A.txt 0.0301197 0.0270651 0.00305457
49 Reddit_A.txt 0.0299812 0.0270068 0.00297446
50 Reddit_A.txt 0.0303016 0.0269973 0.00330435
51 Reddit_A.txt 0.0301448 0.0269338 0.00321102
52 Reddit_A.txt 0.0298833 0.0269269 0.00295644
53 Reddit_A.txt 0.0297867 0.0268407 0.00294594
54 Reddit_A.txt 0.0291793 0.0268343 0.00234503
55 Reddit_A.txt 0.0292051 0.0268151 0.00239
56 Reddit_A.txt 0.029106 0.0267878 0.00231824
57 Reddit_A.txt 0.0294383 0.0267777 0.00266056
58 Reddit_A.txt 0.0291879 0.0267381 0.00244977
59 Reddit_A.txt 0.0289333 0.0266929 0.00224036
60 Reddit_A.txt 0.0302502 0.0266525 0.00359774
61 Reddit_A.txt 0.0315856 0.0266464 0.00493924
62 Reddit_A.txt 0.0288726 0.0266352 0.00223739
63 Reddit_A.txt 0.0298481 0.0266067 0.00324141
64 Reddit_A.txt 0.0304865 0.0265939 0.00389252
65 Reddit_A.txt 0.0289603 0.0265472 0.00241311
66 Reddit_A.txt 0.0291943 0.0264823 0.00271194
67 Reddit_A.txt 0.0306499 0.0264706 0.00417927
68 Reddit_A.txt 0.0297822 0.0264201 0.00336211
69 Reddit_A.txt 0.0292838 0.0263711 0.0029127
70 Reddit_A.txt 0.0293457 0.02632 0.00302572
71 Reddit_A.txt 0.0298851 0.0263136 0.00357158
72 Reddit_A.txt 0.0286474 0.0263023 0.00234513
73 Reddit_A.txt 0.0288622 0.0262255 0.00263673
74 Reddit_A.txt 0.0287797 0.0261691 0.00261062
75 Reddit_A.txt 0.0296697 0.0261562 0.00351352
76 Reddit_A.txt 0.0289387 0.0260192 0.00291953
77 Reddit_A.txt 0.0295669 0.026013 0.00355389
78 Reddit_A.txt 0.0295062 0.0259126 0.00359356
79 Reddit_A.txt 0.0289798 0.0259071 0.00307271
80 Reddit_A.txt 0.0290911 0.0258567 0.00323442
81 Reddit_A.txt 0.0293472 0.0257234 0.00362382
82 Reddit_A.txt 0.0290411 0.02571 0.00333117
83 Reddit_A.txt 0.0300255 0.025668 0.00435755
84 Reddit_A.txt 0.0287072 0.0255611 0.00314608
85 Reddit_A.txt 0.0286134 0.0255443 0.00306907
86 Reddit_A.txt 0.0287329 0.0254336 0.00329931
87 Reddit_A.txt 0.0294487 0.0253888 0.0040599
88 Reddit_A.txt 0.02924 0.0252999 0.00394008
89 Reddit_A.txt 0.0308417 0.0252697 0.00557201
90 Reddit_A.txt 0.0334973 0.0252565 0.00824082
91 Reddit_A.txt 0.0286593 0.0251512 0.00350809
92 Reddit_A.txt 0.0290434 0.0251104 0.00393298
93 Reddit_A.txt 0.0291556 0.0251015 0.00405412
94 Reddit_A.txt 0.0296081 0.0250922 0.00451584
95 Reddit_A.txt 0.0290922 0.0249482 0.00414406
96 Reddit_A.txt 0.0290532 0.0249511 0.00410205
97 Reddit_A.txt 0.0288487 0.0248202 0.00402841
98 Reddit_A.txt 0.0301664 0.0248107 0.00535567
99 Reddit_A.txt 0.028797 0.0246693 0.00412774
100 Reddit_A.txt 0.0290517 0.0246649 0.00438672
101 Reddit_A.txt 0.0289188 0.024681 0.00423775
102 Reddit_A.txt 0.0312866 0.0246882 0.00659847
103 Reddit_A.txt 0.0283255 0.0246865 0.00363902
104 Reddit_A.txt 0.0295862 0.0246961 0.00489014
105 Reddit_A.txt 0.0281754 0.0246246 0.0035508
106 Reddit_A.txt 0.0288728 0.0245833 0.00428942
107 Reddit_A.txt 0.0290689 0.0245999 0.00446905
108 Reddit_A.txt 0.0294015 0.0246443 0.00475726
109 Reddit_A.txt 0.0289581 0.0246443 0.00431383
110 Reddit_A.txt 0.0299935 0.0246513 0.00534223
111 Reddit_A.txt 0.0332853 0.0246762 0.00860916
112 Reddit_A.txt 0.030357 0.0246982 0.00565872
113 Reddit_A.txt 0.0296852 0.0247173 0.00496782
114 Reddit_A.txt 0.0300473 0.0247404 0.00530693
115 Reddit_A.txt 0.0326087 0.0247606 0.00784809
116 Reddit_A.txt 0.0286764 0.024792 0.00388433
117 Reddit_A.txt 0.0308007 0.0248133 0.00598742
118 Reddit_A.txt 0.0291631 0.0248351 0.00432797
119 Reddit_A.txt 0.0292209 0.0249069 0.00431398
120 Reddit_A.txt 0.0309549 0.0248836 0.00607132
121 Reddit_A.txt 0.0304003 0.0248739 0.00552635
122 Reddit_A.txt 0.0313106 0.0248291 0.0064815
123 Reddit_A.txt 0.0308342 0.0248208 0.0060134
124 Reddit_A.txt 0.0300109 0.0247804 0.00523043
125 Reddit_A.txt 0.0313651 0.0247734 0.00659173
126 Reddit_A.txt 0.0302458 0.0247127 0.00553309
127 Reddit_A.txt 0.0313918 0.02469 0.00670179
128 Reddit_A.txt 0.0311397 0.024689 0.00645077
129 Reddit_A.txt 0.0302831 0.0246374 0.0056457
130 Reddit_A.txt 0.0293486 0.0246336 0.00471505
131 Reddit_A.txt 0.0296731 0.0245788 0.00509428
132 Reddit_A.txt 0.0292955 0.0245527 0.00474271
133 Reddit_A.txt 0.0306736 0.0245492 0.00612438
134 Reddit_A.txt 0.0308843 0.0244931 0.00639114
135 Reddit_A.txt 0.0328516 0.0244878 0.00836379
136 Reddit_A.txt 0.0288723 0.0244324 0.00443988
137 Reddit_A.txt 0.0303164 0.024423 0.0058934
138 Reddit_A.txt 0.0305256 0.0243749 0.00615071
139 Reddit_A.txt 0.0343074 0.0243688 0.00993866
140 Reddit_A.txt 0.0312158 0.0243249 0.0068909
141 Reddit_A.txt 0.0308256 0.024312 0.00651359
142 Reddit_A.txt 0.0314324 0.0242642 0.00716821
143 Reddit_A.txt 0.0322996 0.0262979 0.00600171
144 Reddit_A.txt 0.0322231 0.026292 0.00593113
145 Reddit_A.txt 0.0347401 0.027192 0.00754815
146 Reddit_A.txt 0.0359696 0.0272129 0.00875664
147 Reddit_A.txt 0.0329981 0.0272152 0.00578287
148 Reddit_A.txt 0.0360914 0.0271711 0.00892029
149 Reddit_A.txt 0.0338621 0.0271191 0.00674304
150 Reddit_A.txt 0.0338446 0.0271249 0.0067197
151 Reddit_A.txt 0.0340915 0.0270564 0.00703512
152 Reddit_A.txt 0.0323916 0.0270568 0.00533479
153 Reddit_A.txt 0.0330107 0.0270011 0.00600955
154 Reddit_A.txt 0.0353473 0.0270037 0.00834359
155 Reddit_A.txt 0.0360599 0.0269654 0.00909448
156 Reddit_A.txt 0.0333698 0.0269657 0.00640414
157 Reddit_A.txt 0.0348512 0.0271861 0.00766503
158 Reddit_A.txt 0.0338598 0.0272016 0.00665818
159 Reddit_A.txt 0.0353148 0.0271685 0.00814635
160 Reddit_A.txt 0.0332417 0.0271695 0.00607224
161 Reddit_A.txt 0.0340195 0.0271384 0.00688114
162 Reddit_A.txt 0.0343511 0.0271425 0.00720867
163 Reddit_A.txt 0.0344425 0.0271375 0.00730497
164 Reddit_A.txt 0.0372074 0.0270545 0.0101529
165 Reddit_A.txt 0.0334829 0.0270077 0.00647515
166 Reddit_A.txt 0.0331445 0.0270122 0.00613229
167 Reddit_A.txt 0.0331873 0.0269645 0.00622276
168 Reddit_A.txt 0.0351837 0.0271391 0.00804468
169 Reddit_A.txt 0.0340907 0.0271505 0.00694018
170 Reddit_A.txt 0.03443 0.0271291 0.0073009
171 Reddit_A.txt 0.0338538 0.0271096 0.0067442
172 Reddit_A.txt 0.0325954 0.0271127 0.00548272
173 Reddit_A.txt 0.0365671 0.0271117 0.00945539
174 Reddit_A.txt 0.0372342 0.0270424 0.0101918
175 Reddit_A.txt 0.0335509 0.0271101 0.00644086
176 Reddit_A.txt 0.0343494 0.0271276 0.00722189
177 Reddit_A.txt 0.0348006 0.0271098 0.0076908
178 Reddit_A.txt 0.0407916 0.0271469 0.0136447
179 Reddit_A.txt 0.0349766 0.0271649 0.00781171
180 Reddit_A.txt 0.035007 0.0271245 0.0078825
181 Reddit_A.txt 0.03295 0.0271444 0.00580561
182 Reddit_A.txt 0.036603 0.0271019 0.00950117
183 Reddit_A.txt 0.0353255 0.0270988 0.00822668
184 Reddit_A.txt 0.0353419 0.027042 0.0082999
185 Reddit_A.txt 0.0379126 0.0270358 0.0108767
186 Reddit_A.txt 0.0373941 0.0269742 0.0104199
187 Reddit_A.txt 0.0335445 0.0269682 0.00657626
188 Reddit_A.txt 0.0349468 0.0268879 0.00805891
189 Reddit_A.txt 0.0352829 0.0268911 0.0083918
190 Reddit_A.txt 0.0360277 0.0268245 0.00920321
191 Reddit_A.txt 0.0347694 0.0268214 0.00794799
192 Reddit_A.txt 0.0345098 0.0267822 0.0077276
193 Reddit_A.txt 0.0383791 0.0267781 0.011601
194 Reddit_A.txt 0.038459 0.0267683 0.0116908
195 Reddit_A.txt 0.0375678 0.0267613 0.0108065
196 Reddit_A.txt 0.0334305 0.0267274 0.00670306
197 Reddit_A.txt 0.0354224 0.0267296 0.00869279
198 Reddit_A.txt 0.0333194 0.0267192 0.00660019
199 Reddit_A.txt 0.0351517 0.0267142 0.00843743
200 Reddit_A.txt 0.0366878 0.0267151 0.00997268
201 Reddit_A.txt 0.0333888 0.0267043 0.00668451
202 Reddit_A.txt 0.0438105 0.0266983 0.0171122
203 Reddit_A.txt 0.0373993 0.0266953 0.010704
204 Reddit_A.txt 0.038538 0.0266461 0.0118919
205 Reddit_A.txt 0.0358813 0.0266464 0.00923486
206 Reddit_A.txt 0.0376255 0.0265998 0.0110257
207 Reddit_A.txt 0.035837 0.0265906 0.00924633
208 Reddit_A.txt 0.0335224 0.0265595 0.00696292
209 Reddit_A.txt 0.0325911 0.0265404 0.0060507
210 Reddit_A.txt 0.0378484 0.0265019 0.0113464
211 Reddit_A.txt 0.0452524 0.0264919 0.0187605
212 Reddit_A.txt 0.0352489 0.0264893 0.00875954
213 Reddit_A.txt 0.035785 0.0264722 0.00931279
214 Reddit_A.txt 0.0360408 0.0264701 0.00957062
215 Reddit_A.txt 0.0404579 0.0264191 0.0140387
216 Reddit_A.txt 0.0362765 0.0263946 0.00988195
217 Reddit_A.txt 0.0339801 0.0263845 0.00759561
218 Reddit_A.txt 0.035857 0.0263292 0.00952779
219 Reddit_A.txt 0.0403832 0.0263273 0.0140559
220 Reddit_A.txt 0.0340101 0.0262827 0.00772737
221 Reddit_A.txt 0.0365462 0.0262422 0.010304
222 Reddit_A.txt 0.0386826 0.0262263 0.0124564
223 Reddit_A.txt 0.0402567 0.0262207 0.014036
224 Reddit_A.txt 0.039291 0.026176 0.013115
225 Reddit_A.txt 0.0339203 0.0261673 0.00775298
226 Reddit_A.txt 0.0355597 0.026155 0.00940466
227 Reddit_A.txt 0.0372517 0.0261416 0.0111101
228 Reddit_A.txt 0.0412132 0.0261338 0.0150794
229 Reddit_A.txt 0.0345207 0.0260825 0.00843824
230 Reddit_A.txt 0.0359765 0.0260688 0.00990776
231 Reddit_A.txt 0.0368664 0.0260537 0.0108127
232 Reddit_A.txt 0.0386685 0.0260366 0.0126319
233 Reddit_A.txt 0.0348675 0.0260279 0.00883961
234 Reddit_A.txt 0.0402859 0.0259644 0.0143215
235 Reddit_A.txt 0.0358131 0.0259603 0.00985276
236 Reddit_A.txt 0.0358597 0.0259428 0.00991686
237 Reddit_A.txt 0.0370869 0.0258608 0.0112261
238 Reddit_A.txt 0.0401966 0.0258016 0.014395
239 Reddit_A.txt 0.038253 0.027257 0.010996
240 Reddit_A.txt 0.0363685 0.0272504 0.00911812
241 Reddit_A.txt 0.0393721 0.0279125 0.0114597
242 Reddit_A.txt 0.0361917 0.0281082 0.00808351
243 Reddit_A.txt 0.0402166 0.028123 0.0120936
244 Reddit_A.txt 0.0422969 0.0281371 0.0141598
245 Reddit_A.txt 0.0413702 0.0285026 0.0128676
246 Reddit_A.txt 0.044749 0.0285255 0.0162235
247 Reddit_A.txt 0.0453021 0.0285247 0.0167774
248 Reddit_A.txt 0.039826 0.0284954 0.0113306
249 Reddit_A.txt 0.0407436 0.0284951 0.0122485
250 Reddit_A.txt 0.0379476 0.0284613 0.00948634
251 Reddit_A.txt 0.0383509 0.0284582 0.00989271
252 Reddit_A.txt 0.038465 0.0286103 0.00985472
253 Reddit_A.txt 0.0422846 0.0286372 0.0136474
254 Reddit_A.txt 0.041759 0.028652 0.013107
255 Reddit_A.txt 0.0410061 0.0286514 0.0123547
256 Reddit_A.txt 0.0454596 0.028655 0.0168047
257 Reddit_A.txt 0.0450674 0.0286049 0.0164625
258 Reddit_A.txt 0.0423918 0.0286095 0.0137823
259 Reddit_A.txt 0.046367 0.028609 0.0177581
260 Reddit_A.txt 0.0394732 0.0285821 0.0108912
261 Reddit_A.txt 0.0422417 0.0285874 0.0136543
262 Reddit_A.txt 0.0430096 0.0285548 0.0144548
263 Reddit_A.txt 0.0466174 0.0285568 0.0180606
264 Reddit_A.txt 0.0435262 0.0285412 0.014985
265 Reddit_A.txt 0.0465453 0.0285388 0.0180065
266 Reddit_A.txt 0.0418246 0.0285235 0.0133011
267 Reddit_A.txt 0.0410632 0.0285193 0.0125439
268 Reddit_A.txt 0.0401935 0.0285141 0.0116794
269 Reddit_A.txt 0.0434222 0.0284975 0.0149247
270 Reddit_A.txt 0.0404292 0.0284957 0.0119336
271 Reddit_A.txt 0.0409612 0.0284357 0.0125256
272 Reddit_A.txt 0.0430081 0.0284263 0.0145818
273 Reddit_A.txt 0.0414166 0.0283947 0.013022
274 Reddit_A.txt 0.0396523 0.0283884 0.0112639
275 Reddit_A.txt 0.0403239 0.0283325 0.0119914
276 Reddit_A.txt 0.0394537 0.0283232 0.0111306
277 Reddit_A.txt 0.0431668 0.0282719 0.0148949
278 Reddit_A.txt 0.0470754 0.0282686 0.0188068
279 Reddit_A.txt 0.037015 0.0282317 0.00878328
280 Reddit_A.txt 0.0524993 0.0282778 0.0242215
281 Reddit_A.txt 0.0447818 0.0283026 0.0164792
282 Reddit_A.txt 0.0425359 0.028296 0.0142398
283 Reddit_A.txt 0.0385312 0.0282996 0.0102316
284 Reddit_A.txt 0.0395804 0.0282413 0.0113391
285 Reddit_A.txt 0.0386463 0.0282389 0.0104074
286 Reddit_A.txt 0.0432364 0.0282389 0.0149975
287 Reddit_A.txt 0.043138 0.0282491 0.0148889
288 Reddit_A.txt 0.0413172 0.0282514 0.0130658
289 Reddit_A.txt 0.0430573 0.0282432 0.0148141
290 Reddit_A.txt 0.0400498 0.0282511 0.0117987
291 Reddit_A.txt 0.0368363 0.0282626 0.00857368
292 Reddit_A.txt 0.0419077 0.0282296 0.0136781
293 Reddit_A.txt 0.0426052 0.0282763 0.0143289
294 Reddit_A.txt 0.03989 0.0282897 0.0116003
295 Reddit_A.txt 0.0427276 0.0282814 0.0144462
296 Reddit_A.txt 0.0473713 0.028288 0.0190833
297 Reddit_A.txt 0.0433535 0.0282449 0.0151085
298 Reddit_A.txt 0.0422674 0.0282473 0.0140202
299 Reddit_A.txt 0.0407265 0.0281819 0.0125447
300 Reddit_A.txt 0.0392389 0.0281542 0.0110847
301 Reddit_A.txt 0.0398536 0.0281483 0.0117053
302 Reddit_A.txt 0.0393534 0.0281498 0.0112036
303 Reddit_A.txt 0.0461343 0.0281453 0.0179891
304 Reddit_A.txt 0.0413217 0.0281531 0.0131686
305 Reddit_A.txt 0.0431235 0.0281462 0.0149773
306 Reddit_A.txt 0.0447647 0.0281465 0.0166181
307 Reddit_A.txt 0.0425454 0.0281508 0.0143946
308 Reddit_A.txt 0.0406397 0.0281556 0.0124841
309 Reddit_A.txt 0.0425764 0.0281513 0.0144251
310 Reddit_A.txt 0.0459208 0.028148 0.0177729
311 Reddit_A.txt 0.0405925 0.0281689 0.0124236
312 Reddit_A.txt 0.0391723 0.0281774 0.0109949
313 Reddit_A.txt 0.0461866 0.028171 0.0180157
314 Reddit_A.txt 0.0452877 0.0281671 0.0171206
315 Reddit_A.txt 0.0399963 0.028159 0.0118373
316 Reddit_A.txt 0.0412571 0.0281564 0.0131006
317 Reddit_A.txt 0.0393044 0.0281523 0.0111521
318 Reddit_A.txt 0.0451171 0.0281471 0.01697
319 Reddit_A.txt 0.0424113 0.0281379 0.0142734
320 Reddit_A.txt 0.0395581 0.0281327 0.0114254
321 Reddit_A.txt 0.041936 0.0281289 0.013807
322 Reddit_A.txt 0.0390259 0.0281045 0.0109214
323 Reddit_A.txt 0.0432809 0.028101 0.0151799
324 Reddit_A.txt 0.0500678 0.0280979 0.0219699
325 Reddit_A.txt 0.038925 0.028093 0.010832
326 Reddit_A.txt 0.0426716 0.0280885 0.0145831
327 Reddit_A.txt 0.045427 0.0280884 0.0173386
328 Reddit_A.txt 0.0445689 0.02808 0.0164889
329 Reddit_A.txt 0.049369 0.0280478 0.0213213
330 Reddit_A.txt 0.0391426 0.0280433 0.0110992
331 Reddit_A.txt 0.0392139 0.0280354 0.0111785
332 Reddit_A.txt 0.0438894 0.028035 0.0158544
333 Reddit_A.txt 0.0517071 0.0280216 0.0236856
334 Reddit_A.txt 0.044258 0.0280132 0.0162448
335 Reddit_A.txt 0.0448891 0.0281839 0.0167052
336 Reddit_A.txt 0.0468412 0.0281913 0.0186499
337 Reddit_A.txt 0.0450411 0.0282304 0.0168107
338 Reddit_A.txt 0.0444717 0.0282432 0.0162285
339 Reddit_A.txt 0.0466394 0.0282551 0.0183844
340 Reddit_A.txt 0.040997 0.0282187 0.0127783
341 Reddit_A.txt 0.0465019 0.0282231 0.0182788
342 Reddit_A.txt 0.0465373 0.0282427 0.0182946
343 Reddit_A.txt 0.0481002 0.0282465 0.0198537
344 Reddit_A.txt 0.0458831 0.028215 0.0176681
345 Reddit_A.txt 0.0420515 0.0283406 0.0137109
346 Reddit_A.txt 0.0463713 0.0284044 0.0179669
347 Reddit_A.txt 0.0490176 0.028414 0.0206036
348 Reddit_A.txt 0.0457467 0.0283671 0.0173796
349 Reddit_A.txt 0.0415067 0.0283474 0.0131593
350 Reddit_A.txt 0.043333 0.0283497 0.0149833
351 Reddit_A.txt 0.0446427 0.0282991 0.0163436
352 Reddit_A.txt 0.0427978 0.0282988 0.014499
353 Reddit_A.txt 0.0490484 0.0282579 0.0207905
354 Reddit_A.txt 0.0498661 0.0282323 0.0216338
355 Reddit_A.txt 0.052888 0.028219 0.024669
356 Reddit_A.txt 0.0430885 0.0282179 0.0148706
357 Reddit_A.txt 0.0392111 0.028213 0.0109982
358 Reddit_A.txt 0.042536 0.028188 0.0143479
359 Reddit_A.txt 0.0494846 0.0281924 0.0212922
360 Reddit_A.txt 0.0504276 0.028192 0.0222356
361 Reddit_A.txt 0.0452698 0.0281547 0.0171151
362 Reddit_A.txt 0.0458757 0.0281546 0.0177211
363 Reddit_A.txt 0.050011 0.0281476 0.0218634
364 Reddit_A.txt 0.047689 0.0281163 0.0195726
365 Reddit_A.txt 0.0491188 0.028118 0.0210008
366 Reddit_A.txt 0.0459801 0.0280868 0.0178933
367 Reddit_A.txt 0.0504467 0.0280916 0.022355
368 Reddit_A.txt 0.0544262 0.0280875 0.0263388
369 Reddit_A.txt 0.052105 0.0280275 0.0240775
370 Reddit_A.txt 0.0472456 0.0280276 0.019218
371 Reddit_A.txt 0.0466228 0.0280205 0.0186024
372 Reddit_A.txt 0.0445334 0.0280005 0.0165329
373 Reddit_A.txt 0.0486263 0.0279938 0.0206324
374 Reddit_A.txt 0.0422207 0.0279439 0.0142768
375 Reddit_A.txt 0.0512925 0.0279005 0.023392
376 Reddit_A.txt 0.05162 0.0278939 0.0237261
377 Reddit_A.txt 0.140322 0.0278754 0.112446
378 Reddit_A.txt 0.105609 0.0278731 0.0777355
379 Reddit_A.txt 0.0832745 0.0278676 0.0554068
380 Reddit_A.txt 0.0693432 0.0278648 0.0414784
381 Reddit_A.txt 0.0581326 0.0278839 0.0302487
382 Reddit_A.txt 0.0476312 0.0278897 0.0197416
383 Reddit_A.txt 0.0360306 0.027917 0.00811364
TACC:  Shutdown complete. Exiting. 
