TACC:  Starting up job 10024561 
TACC:  Starting parallel tasks... 
0 Citeseer_feat_L2.txt 0.00189086 0.00188923 1.636e-06
1 Citeseer_feat_L2.txt 0.00119278 0.00119094 1.841e-06
2 Citeseer_feat_L2.txt 0.00190973 0.00190817 1.567e-06
3 Citeseer_feat_L2.txt 0.00119335 0.00119181 1.532e-06
4 Citeseer_feat_L2.txt 0.00192212 0.0019205 1.62e-06
5 Citeseer_feat_L2.txt 0.00127203 0.00127027 1.757e-06
6 Citeseer_feat_L2.txt 0.00185971 0.001858 1.707e-06
7 Citeseer_feat_L2.txt 0.0012284 0.0012269 1.496e-06
8 Citeseer_feat_L2.txt 0.00201637 0.00201477 1.6e-06
9 Citeseer_feat_L2.txt 0.00118724 0.00118567 1.569e-06
10 Citeseer_feat_L2.txt 0.00205504 0.00205349 1.55e-06
11 Citeseer_feat_L2.txt 0.00118041 0.00117854 1.874e-06
12 Citeseer_feat_L2.txt 0.00200831 0.00200664 1.667e-06
13 Citeseer_feat_L2.txt 0.00116481 0.00116309 1.726e-06
14 Citeseer_feat_L2.txt 0.00210056 0.00209884 1.715e-06
15 Citeseer_feat_L2.txt 0.00119482 0.00119308 1.731e-06
16 Citeseer_feat_L2.txt 0.0019909 0.00198925 1.645e-06
17 Citeseer_feat_L2.txt 0.00111146 0.00111 1.459e-06
18 Citeseer_feat_L2.txt 0.00205565 0.00205398 1.664e-06
19 Citeseer_feat_L2.txt 0.00111602 0.00111421 1.818e-06
20 Citeseer_feat_L2.txt 0.00217045 0.00216888 1.572e-06
21 Citeseer_feat_L2.txt 0.00126366 0.001262 1.661e-06
22 Citeseer_feat_L2.txt 0.00216739 0.00216582 1.572e-06
23 Citeseer_feat_L2.txt 0.00112994 0.0011283 1.642e-06
24 Citeseer_feat_L2.txt 0.0020738 0.00207215 1.645e-06
25 Citeseer_feat_L2.txt 0.00101263 0.00101081 1.826e-06
26 Citeseer_feat_L2.txt 0.00225184 0.00225024 1.596e-06
27 Citeseer_feat_L2.txt 0.00107765 0.00107594 1.704e-06
28 Citeseer_feat_L2.txt 0.00193712 0.00193548 1.634e-06
29 Citeseer_feat_L2.txt 0.00122073 0.00121899 1.738e-06
30 Citeseer_feat_L2.txt 0.00211612 0.00211459 1.524e-06
31 Citeseer_feat_L2.txt 0.00104267 0.0010409 1.768e-06
32 Citeseer_feat_L2.txt 0.00217628 0.00217454 1.74e-06
33 Citeseer_feat_L2.txt 0.00115286 0.00115133 1.526e-06
34 Citeseer_feat_L2.txt 0.00218636 0.00218473 1.633e-06
35 Citeseer_feat_L2.txt 0.00112409 0.00112265 1.439e-06
36 Citeseer_feat_L2.txt 0.0020936 0.00209198 1.616e-06
37 Citeseer_feat_L2.txt 0.00122846 0.00122694 1.52e-06
38 Citeseer_feat_L2.txt 0.00225911 0.00225754 1.571e-06
39 Citeseer_feat_L2.txt 0.00114862 0.00114717 1.457e-06
40 Citeseer_feat_L2.txt 0.00219178 0.00219023 1.554e-06
41 Citeseer_feat_L2.txt 0.00110043 0.00109868 1.756e-06
42 Citeseer_feat_L2.txt 0.00223537 0.00223367 1.706e-06
43 Citeseer_feat_L2.txt 0.00116297 0.00116115 1.824e-06
44 Citeseer_feat_L2.txt 0.00219013 0.00218852 1.611e-06
45 Citeseer_feat_L2.txt 0.00118332 0.00118166 1.661e-06
46 Citeseer_feat_L2.txt 0.00217005 0.00216852 1.53e-06
47 Citeseer_feat_L2.txt 0.00101904 0.00101758 1.462e-06
48 Citeseer_feat_L2.txt 0.00190119 0.00189941 1.777e-06
49 Citeseer_feat_L2.txt 0.00107443 0.0010727 1.732e-06
50 Citeseer_feat_L2.txt 0.0019069 0.0019051 1.799e-06
51 Citeseer_feat_L2.txt 0.00102904 0.00102738 1.658e-06
52 Citeseer_feat_L2.txt 0.00229728 0.00229565 1.621e-06
53 Citeseer_feat_L2.txt 0.00120002 0.00119855 1.471e-06
54 Citeseer_feat_L2.txt 0.00232072 0.00231915 1.573e-06
55 Citeseer_feat_L2.txt 0.00109432 0.00109262 1.704e-06
56 Citeseer_feat_L2.txt 0.00186812 0.00186665 1.467e-06
57 Citeseer_feat_L2.txt 0.00104829 0.00104663 1.655e-06
58 Citeseer_feat_L2.txt 0.00227912 0.00227748 1.64e-06
59 Citeseer_feat_L2.txt 0.00108214 0.00108054 1.603e-06
60 Citeseer_feat_L2.txt 0.00193581 0.00193424 1.567e-06
61 Citeseer_feat_L2.txt 0.00124167 0.00123997 1.704e-06
62 Citeseer_feat_L2.txt 0.00227482 0.00227322 1.599e-06
63 Citeseer_feat_L2.txt 0.00103086 0.00102918 1.677e-06
64 Citeseer_feat_L2.txt 0.00193399 0.00193239 1.592e-06
65 Citeseer_feat_L2.txt 0.00109419 0.00109276 1.427e-06
66 Citeseer_feat_L2.txt 0.00186889 0.0018674 1.485e-06
67 Citeseer_feat_L2.txt 0.00107019 0.00106841 1.782e-06
68 Citeseer_feat_L2.txt 0.00181773 0.00181612 1.606e-06
69 Citeseer_feat_L2.txt 0.00125254 0.0012512 1.34e-06
70 Citeseer_feat_L2.txt 0.00192366 0.00192205 1.61e-06
71 Citeseer_feat_L2.txt 0.00105916 0.00105762 1.544e-06
72 Citeseer_feat_L2.txt 0.00202412 0.00202233 1.783e-06
73 Citeseer_feat_L2.txt 0.00107891 0.00107714 1.769e-06
74 Citeseer_feat_L2.txt 0.00207897 0.00207725 1.712e-06
75 Citeseer_feat_L2.txt 0.0011162 0.00111455 1.649e-06
76 Citeseer_feat_L2.txt 0.0020557 0.00205411 1.592e-06
77 Citeseer_feat_L2.txt 0.00119567 0.00119406 1.612e-06
78 Citeseer_feat_L2.txt 0.00204174 0.0020401 1.638e-06
79 Citeseer_feat_L2.txt 0.00112089 0.00111942 1.461e-06
80 Citeseer_feat_L2.txt 0.00199813 0.00199667 1.465e-06
81 Citeseer_feat_L2.txt 0.00109916 0.00109765 1.506e-06
82 Citeseer_feat_L2.txt 0.0020366 0.00203505 1.551e-06
83 Citeseer_feat_L2.txt 0.00106052 0.001059 1.513e-06
84 Citeseer_feat_L2.txt 0.0021789 0.00217723 1.673e-06
85 Citeseer_feat_L2.txt 0.0012394 0.00123776 1.638e-06
86 Citeseer_feat_L2.txt 0.00220537 0.00220387 1.503e-06
87 Citeseer_feat_L2.txt 0.00112618 0.00112455 1.625e-06
88 Citeseer_feat_L2.txt 0.00200088 0.00199928 1.598e-06
89 Citeseer_feat_L2.txt 0.00107561 0.00107403 1.578e-06
90 Citeseer_feat_L2.txt 0.00214836 0.00214672 1.638e-06
91 Citeseer_feat_L2.txt 0.00110086 0.00109914 1.717e-06
92 Citeseer_feat_L2.txt 0.00198199 0.00198041 1.583e-06
93 Citeseer_feat_L2.txt 0.00118493 0.0011835 1.434e-06
94 Citeseer_feat_L2.txt 0.00218339 0.00218191 1.48e-06
95 Citeseer_feat_L2.txt 0.00107617 0.0010745 1.667e-06
96 Citeseer_feat_L2.txt 0.00237153 0.00236996 1.574e-06
97 Citeseer_feat_L2.txt 0.00104419 0.0010427 1.488e-06
98 Citeseer_feat_L2.txt 0.00217026 0.00216866 1.598e-06
99 Citeseer_feat_L2.txt 0.0010771 0.00107572 1.372e-06
100 Citeseer_feat_L2.txt 0.00223403 0.00223256 1.47e-06
101 Citeseer_feat_L2.txt 0.00117288 0.00117099 1.89e-06
102 Citeseer_feat_L2.txt 0.00218621 0.00218457 1.642e-06
103 Citeseer_feat_L2.txt 0.00109308 0.00109155 1.533e-06
104 Citeseer_feat_L2.txt 0.00252142 0.00251969 1.734e-06
105 Citeseer_feat_L2.txt 0.00104085 0.00103917 1.683e-06
106 Citeseer_feat_L2.txt 0.00218695 0.00218541 1.541e-06
107 Citeseer_feat_L2.txt 0.00108319 0.00108172 1.474e-06
108 Citeseer_feat_L2.txt 0.00221038 0.00220881 1.568e-06
109 Citeseer_feat_L2.txt 0.00119372 0.00119202 1.7e-06
110 Citeseer_feat_L2.txt 0.0022148 0.00221318 1.622e-06
111 Citeseer_feat_L2.txt 0.00108381 0.00108235 1.458e-06
112 Citeseer_feat_L2.txt 0.0022068 0.00220523 1.573e-06
113 Citeseer_feat_L2.txt 0.00105858 0.00105706 1.523e-06
114 Citeseer_feat_L2.txt 0.00194256 0.00194099 1.573e-06
115 Citeseer_feat_L2.txt 0.00107034 0.00106873 1.602e-06
116 Citeseer_feat_L2.txt 0.00227346 0.00227177 1.692e-06
117 Citeseer_feat_L2.txt 0.0012426 0.00124119 1.415e-06
118 Citeseer_feat_L2.txt 0.00228587 0.00228432 1.552e-06
119 Citeseer_feat_L2.txt 0.00108099 0.00107935 1.635e-06
120 Citeseer_feat_L2.txt 0.00191151 0.00190989 1.621e-06
121 Citeseer_feat_L2.txt 0.00116046 0.00115887 1.591e-06
122 Citeseer_feat_L2.txt 0.00232789 0.00232626 1.63e-06
123 Citeseer_feat_L2.txt 0.00116456 0.00116286 1.7e-06
124 Citeseer_feat_L2.txt 0.00191784 0.00191624 1.606e-06
125 Citeseer_feat_L2.txt 0.00125139 0.0012497 1.688e-06
126 Citeseer_feat_L2.txt 0.00225676 0.00225522 1.545e-06
127 Citeseer_feat_L2.txt 0.00108013 0.00107839 1.74e-06
128 Citeseer_feat_L2.txt 0.00188068 0.00187906 1.624e-06
129 Citeseer_feat_L2.txt 0.00112118 0.00111958 1.606e-06
130 Citeseer_feat_L2.txt 0.00192722 0.00192561 1.616e-06
131 Citeseer_feat_L2.txt 0.00115013 0.00114864 1.494e-06
132 Citeseer_feat_L2.txt 0.00188166 0.00188007 1.59e-06
133 Citeseer_feat_L2.txt 0.00122617 0.00122468 1.482e-06
134 Citeseer_feat_L2.txt 0.00187942 0.00187798 1.441e-06
135 Citeseer_feat_L2.txt 0.00112588 0.00112438 1.501e-06
136 Citeseer_feat_L2.txt 0.00203391 0.00203227 1.638e-06
137 Citeseer_feat_L2.txt 0.0011135 0.00111168 1.819e-06
138 Citeseer_feat_L2.txt 0.00207267 0.00207093 1.735e-06
139 Citeseer_feat_L2.txt 0.00109644 0.00109476 1.676e-06
140 Citeseer_feat_L2.txt 0.00198053 0.001979 1.527e-06
141 Citeseer_feat_L2.txt 0.00115682 0.00115532 1.505e-06
142 Citeseer_feat_L2.txt 0.00199372 0.0019922 1.516e-06
143 Citeseer_feat_L2.txt 0.0011115 0.0011098 1.707e-06
144 Citeseer_feat_L2.txt 0.00195606 0.00195436 1.703e-06
145 Citeseer_feat_L2.txt 0.00106655 0.00106505 1.499e-06
146 Citeseer_feat_L2.txt 0.00206629 0.00206474 1.551e-06
147 Citeseer_feat_L2.txt 0.00110344 0.00110191 1.537e-06
148 Citeseer_feat_L2.txt 0.00203847 0.00203696 1.506e-06
149 Citeseer_feat_L2.txt 0.00111448 0.00111281 1.67e-06
150 Citeseer_feat_L2.txt 0.0021639 0.00216229 1.61e-06
151 Citeseer_feat_L2.txt 0.00115505 0.00115338 1.673e-06
152 Citeseer_feat_L2.txt 0.00198682 0.00198531 1.51e-06
153 Citeseer_feat_L2.txt 0.00108916 0.00108743 1.724e-06
154 Citeseer_feat_L2.txt 0.00216631 0.00216475 1.566e-06
155 Citeseer_feat_L2.txt 0.00104236 0.00104083 1.531e-06
156 Citeseer_feat_L2.txt 0.00200716 0.00200549 1.67e-06
157 Citeseer_feat_L2.txt 0.00105793 0.00105644 1.496e-06
158 Citeseer_feat_L2.txt 0.00212592 0.00212428 1.636e-06
159 Citeseer_feat_L2.txt 0.00106019 0.0010585 1.688e-06
160 Citeseer_feat_L2.txt 0.00214068 0.00213901 1.674e-06
161 Citeseer_feat_L2.txt 0.00107676 0.00107516 1.595e-06
162 Citeseer_feat_L2.txt 0.00216055 0.00215887 1.682e-06
163 Citeseer_feat_L2.txt 0.00102161 0.0010199 1.706e-06
164 Citeseer_feat_L2.txt 0.00214685 0.00214529 1.559e-06
165 Citeseer_feat_L2.txt 0.00109323 0.0010915 1.726e-06
166 Citeseer_feat_L2.txt 0.00205859 0.00205705 1.541e-06
167 Citeseer_feat_L2.txt 0.00102784 0.00102641 1.429e-06
168 Citeseer_feat_L2.txt 0.00219561 0.00219384 1.766e-06
169 Citeseer_feat_L2.txt 0.000992306 0.000990628 1.678e-06
170 Citeseer_feat_L2.txt 0.0022642 0.00226262 1.581e-06
171 Citeseer_feat_L2.txt 0.00102779 0.00102629 1.5e-06
172 Citeseer_feat_L2.txt 0.0021278 0.00212629 1.511e-06
173 Citeseer_feat_L2.txt 0.00111226 0.00111053 1.725e-06
174 Citeseer_feat_L2.txt 0.00219758 0.00219598 1.6e-06
175 Citeseer_feat_L2.txt 0.000972945 0.000971213 1.732e-06
176 Citeseer_feat_L2.txt 0.00187302 0.00187155 1.477e-06
177 Citeseer_feat_L2.txt 0.00107609 0.00107458 1.503e-06
178 Citeseer_feat_L2.txt 0.00188581 0.00188434 1.472e-06
179 Citeseer_feat_L2.txt 0.00108289 0.00108121 1.685e-06
180 Citeseer_feat_L2.txt 0.00223836 0.00223681 1.551e-06
181 Citeseer_feat_L2.txt 0.00121087 0.00120918 1.688e-06
182 Citeseer_feat_L2.txt 0.00232817 0.00232637 1.8e-06
183 Citeseer_feat_L2.txt 0.00107108 0.00106946 1.62e-06
184 Citeseer_feat_L2.txt 0.00179778 0.0017963 1.485e-06
185 Citeseer_feat_L2.txt 0.00105207 0.00105029 1.785e-06
186 Citeseer_feat_L2.txt 0.00226455 0.00226298 1.57e-06
187 Citeseer_feat_L2.txt 0.00101563 0.00101395 1.68e-06
188 Citeseer_feat_L2.txt 0.00192549 0.00192396 1.532e-06
189 Citeseer_feat_L2.txt 0.00121741 0.00121568 1.734e-06
190 Citeseer_feat_L2.txt 0.00219754 0.00219595 1.592e-06
191 Citeseer_feat_L2.txt 0.000979659 0.000978243 1.416e-06
192 Citeseer_feat_L2.txt 0.00186261 0.00186093 1.675e-06
193 Citeseer_feat_L2.txt 0.00109715 0.00109571 1.441e-06
194 Citeseer_feat_L2.txt 0.00191051 0.00190897 1.536e-06
195 Citeseer_feat_L2.txt 0.00111042 0.00110874 1.682e-06
196 Citeseer_feat_L2.txt 0.0018962 0.0018947 1.504e-06
197 Citeseer_feat_L2.txt 0.0012895 0.00128779 1.708e-06
198 Citeseer_feat_L2.txt 0.00187204 0.00187034 1.703e-06
199 Citeseer_feat_L2.txt 0.00113303 0.00113141 1.623e-06
200 Citeseer_feat_L2.txt 0.00209738 0.00209584 1.54e-06
201 Citeseer_feat_L2.txt 0.00109912 0.00109748 1.648e-06
202 Citeseer_feat_L2.txt 0.00205146 0.00204977 1.687e-06
203 Citeseer_feat_L2.txt 0.00110209 0.00110044 1.655e-06
204 Citeseer_feat_L2.txt 0.00202698 0.00202542 1.561e-06
205 Citeseer_feat_L2.txt 0.00119567 0.00119394 1.729e-06
206 Citeseer_feat_L2.txt 0.00203866 0.00203714 1.517e-06
207 Citeseer_feat_L2.txt 0.00112499 0.00112345 1.535e-06
208 Citeseer_feat_L2.txt 0.00203893 0.00203723 1.693e-06
209 Citeseer_feat_L2.txt 0.00107915 0.0010775 1.641e-06
210 Citeseer_feat_L2.txt 0.00203754 0.00203602 1.523e-06
211 Citeseer_feat_L2.txt 0.00106713 0.00106555 1.577e-06
212 Citeseer_feat_L2.txt 0.00223122 0.00222973 1.498e-06
213 Citeseer_feat_L2.txt 0.0012406 0.00123886 1.731e-06
214 Citeseer_feat_L2.txt 0.00219315 0.00219164 1.507e-06
215 Citeseer_feat_L2.txt 0.00109366 0.00109198 1.683e-06
216 Citeseer_feat_L2.txt 0.00204825 0.00204657 1.684e-06
217 Citeseer_feat_L2.txt 0.00110218 0.00110049 1.69e-06
218 Citeseer_feat_L2.txt 0.00217942 0.00217797 1.45e-06
219 Citeseer_feat_L2.txt 0.00106779 0.001066 1.788e-06
220 Citeseer_feat_L2.txt 0.00199598 0.00199428 1.699e-06
221 Citeseer_feat_L2.txt 0.00119497 0.00119318 1.788e-06
222 Citeseer_feat_L2.txt 0.00216219 0.00216063 1.552e-06
223 Citeseer_feat_L2.txt 0.00106725 0.00106579 1.461e-06
224 Citeseer_feat_L2.txt 0.0021563 0.0021546 1.696e-06
225 Citeseer_feat_L2.txt 0.00109041 0.0010888 1.605e-06
226 Citeseer_feat_L2.txt 0.00218114 0.00217951 1.627e-06
227 Citeseer_feat_L2.txt 0.00112039 0.00111887 1.521e-06
228 Citeseer_feat_L2.txt 0.00210973 0.00210805 1.681e-06
229 Citeseer_feat_L2.txt 0.00121295 0.00121134 1.607e-06
230 Citeseer_feat_L2.txt 0.00221439 0.00221276 1.627e-06
231 Citeseer_feat_L2.txt 0.00113099 0.00112943 1.558e-06
232 Citeseer_feat_L2.txt 0.00225482 0.00225326 1.554e-06
233 Citeseer_feat_L2.txt 0.00107534 0.00107374 1.602e-06
234 Citeseer_feat_L2.txt 0.00225236 0.00225069 1.664e-06
235 Citeseer_feat_L2.txt 0.00112899 0.00112747 1.515e-06
236 Citeseer_feat_L2.txt 0.00224373 0.00224087 2.859e-06
237 Citeseer_feat_L2.txt 0.00124171 0.00124 1.709e-06
238 Citeseer_feat_L2.txt 0.00224063 0.00223874 1.89e-06
239 Citeseer_feat_L2.txt 0.0011325 0.00113088 1.62e-06
240 Citeseer_feat_L2.txt 0.002124 0.00212245 1.541e-06
241 Citeseer_feat_L2.txt 0.00101346 0.001012 1.458e-06
242 Citeseer_feat_L2.txt 0.00194912 0.00194757 1.551e-06
243 Citeseer_feat_L2.txt 0.00103939 0.00103783 1.563e-06
244 Citeseer_feat_L2.txt 0.00238278 0.00238123 1.552e-06
245 Citeseer_feat_L2.txt 0.00113357 0.00113208 1.498e-06
246 Citeseer_feat_L2.txt 0.00233094 0.00232934 1.6e-06
247 Citeseer_feat_L2.txt 0.00106641 0.00106472 1.684e-06
248 Citeseer_feat_L2.txt 0.00193937 0.00193782 1.547e-06
249 Citeseer_feat_L2.txt 0.0010114 0.00100988 1.521e-06
250 Citeseer_feat_L2.txt 0.00231991 0.00231813 1.784e-06
251 Citeseer_feat_L2.txt 0.000943256 0.000941518 1.738e-06
252 Citeseer_feat_L2.txt 0.00193618 0.00193426 1.922e-06
253 Citeseer_feat_L2.txt 0.00119125 0.00118981 1.433e-06
254 Citeseer_feat_L2.txt 0.00229626 0.00229478 1.481e-06
255 Citeseer_feat_L2.txt 0.000951545 0.000949665 1.88e-06
256 Citeseer_feat_L2.txt 0.00178527 0.00178366 1.609e-06
257 Citeseer_feat_L2.txt 0.00120699 0.00120531 1.684e-06
258 Citeseer_feat_L2.txt 0.00182328 0.00182152 1.757e-06
259 Citeseer_feat_L2.txt 0.00117287 0.00117133 1.54e-06
260 Citeseer_feat_L2.txt 0.00177799 0.00177647 1.522e-06
261 Citeseer_feat_L2.txt 0.00124903 0.00124748 1.555e-06
262 Citeseer_feat_L2.txt 0.00188146 0.00187972 1.738e-06
263 Citeseer_feat_L2.txt 0.00101915 0.0010175 1.653e-06
264 Citeseer_feat_L2.txt 0.00206886 0.00206712 1.74e-06
265 Citeseer_feat_L2.txt 0.00112629 0.00112481 1.481e-06
266 Citeseer_feat_L2.txt 0.00204307 0.00204142 1.645e-06
267 Citeseer_feat_L2.txt 0.00102978 0.00102844 1.34e-06
268 Citeseer_feat_L2.txt 0.00205374 0.00205207 1.66e-06
269 Citeseer_feat_L2.txt 0.00115052 0.00114887 1.643e-06
270 Citeseer_feat_L2.txt 0.00193414 0.00193251 1.639e-06
271 Citeseer_feat_L2.txt 0.00106416 0.00106259 1.571e-06
272 Citeseer_feat_L2.txt 0.0020031 0.00200143 1.676e-06
273 Citeseer_feat_L2.txt 0.00117886 0.00117723 1.63e-06
274 Citeseer_feat_L2.txt 0.00203202 0.00203032 1.696e-06
275 Citeseer_feat_L2.txt 0.00101433 0.00101283 1.496e-06
276 Citeseer_feat_L2.txt 0.00209244 0.00209068 1.763e-06
277 Citeseer_feat_L2.txt 0.00118748 0.00118585 1.625e-06
278 Citeseer_feat_L2.txt 0.00213495 0.0021334 1.554e-06
279 Citeseer_feat_L2.txt 0.0011715 0.00117001 1.49e-06
280 Citeseer_feat_L2.txt 0.00195698 0.00195536 1.612e-06
281 Citeseer_feat_L2.txt 0.00110419 0.00110252 1.669e-06
282 Citeseer_feat_L2.txt 0.00220061 0.00219896 1.647e-06
283 Citeseer_feat_L2.txt 0.00110735 0.00110566 1.685e-06
284 Citeseer_feat_L2.txt 0.00195781 0.00195621 1.594e-06
285 Citeseer_feat_L2.txt 0.00126001 0.00125834 1.676e-06
286 Citeseer_feat_L2.txt 0.00215509 0.00215349 1.592e-06
287 Citeseer_feat_L2.txt 0.00100113 0.00099942 1.707e-06
288 Citeseer_feat_L2.txt 0.00206908 0.00206741 1.667e-06
289 Citeseer_feat_L2.txt 0.001186 0.00118434 1.658e-06
290 Citeseer_feat_L2.txt 0.00217904 0.00217744 1.594e-06
291 Citeseer_feat_L2.txt 0.00116282 0.00116114 1.68e-06
292 Citeseer_feat_L2.txt 0.00216941 0.00216773 1.686e-06
293 Citeseer_feat_L2.txt 0.00111664 0.00111505 1.591e-06
294 Citeseer_feat_L2.txt 0.00209828 0.0020966 1.682e-06
295 Citeseer_feat_L2.txt 0.00116873 0.0011671 1.629e-06
296 Citeseer_feat_L2.txt 0.00224949 0.00224777 1.714e-06
297 Citeseer_feat_L2.txt 0.00104797 0.00104636 1.61e-06
298 Citeseer_feat_L2.txt 0.00215807 0.00215635 1.719e-06
299 Citeseer_feat_L2.txt 0.000989449 0.000987887 1.562e-06
300 Citeseer_feat_L2.txt 0.00210949 0.00210778 1.711e-06
301 Citeseer_feat_L2.txt 0.00131745 0.00131587 1.575e-06
302 Citeseer_feat_L2.txt 0.00224058 0.00223827 2.314e-06
303 Citeseer_feat_L2.txt 0.00108075 0.00107895 1.799e-06
304 Citeseer_feat_L2.txt 0.00195696 0.0019554 1.557e-06
305 Citeseer_feat_L2.txt 0.00111706 0.00111533 1.73e-06
306 Citeseer_feat_L2.txt 0.0019418 0.00194009 1.71e-06
307 Citeseer_feat_L2.txt 0.000993213 0.000991491 1.722e-06
308 Citeseer_feat_L2.txt 0.00234948 0.0023478 1.681e-06
309 Citeseer_feat_L2.txt 0.00125978 0.00125818 1.6e-06
310 Citeseer_feat_L2.txt 0.00229873 0.00229698 1.749e-06
311 Citeseer_feat_L2.txt 0.00100069 0.000998992 1.697e-06
312 Citeseer_feat_L2.txt 0.00194831 0.00194654 1.771e-06
313 Citeseer_feat_L2.txt 0.00102446 0.00102277 1.692e-06
314 Citeseer_feat_L2.txt 0.00231898 0.00231733 1.641e-06
315 Citeseer_feat_L2.txt 0.00103623 0.00103457 1.664e-06
316 Citeseer_feat_L2.txt 0.00194029 0.00193873 1.558e-06
317 Citeseer_feat_L2.txt 0.00128986 0.00128817 1.69e-06
318 Citeseer_feat_L2.txt 0.00229809 0.00229644 1.647e-06
319 Citeseer_feat_L2.txt 0.00112118 0.00111945 1.725e-06
320 Citeseer_feat_L2.txt 0.00192313 0.00192146 1.671e-06
321 Citeseer_feat_L2.txt 0.00103571 0.00103417 1.532e-06
322 Citeseer_feat_L2.txt 0.00192488 0.00192317 1.711e-06
323 Citeseer_feat_L2.txt 0.00113725 0.00113568 1.568e-06
324 Citeseer_feat_L2.txt 0.00180478 0.00180306 1.718e-06
325 Citeseer_feat_L2.txt 0.00118618 0.00118451 1.663e-06
326 Citeseer_feat_L2.txt 0.00192009 0.00191842 1.668e-06
327 Citeseer_feat_L2.txt 0.00115676 0.00115521 1.55e-06
328 Citeseer_feat_L2.txt 0.00206885 0.00206718 1.676e-06
329 Citeseer_feat_L2.txt 0.00102492 0.00102324 1.682e-06
330 Citeseer_feat_L2.txt 0.00205565 0.00205394 1.703e-06
331 Citeseer_feat_L2.txt 0.00111553 0.00111385 1.689e-06
332 Citeseer_feat_L2.txt 0.00199908 0.0019973 1.78e-06
333 Citeseer_feat_L2.txt 0.00115324 0.00115156 1.677e-06
334 Citeseer_feat_L2.txt 0.00204734 0.00204575 1.594e-06
335 Citeseer_feat_L2.txt 0.00113839 0.00113677 1.618e-06
336 Citeseer_feat_L2.txt 0.00197607 0.0019745 1.568e-06
337 Citeseer_feat_L2.txt 0.00110258 0.00110089 1.694e-06
338 Citeseer_feat_L2.txt 0.00202824 0.00202659 1.643e-06
339 Citeseer_feat_L2.txt 0.00114873 0.00114715 1.58e-06
340 Citeseer_feat_L2.txt 0.00215291 0.00215125 1.659e-06
341 Citeseer_feat_L2.txt 0.00121385 0.00121225 1.597e-06
342 Citeseer_feat_L2.txt 0.00219749 0.00219583 1.661e-06
343 Citeseer_feat_L2.txt 0.00111504 0.00111342 1.626e-06
344 Citeseer_feat_L2.txt 0.00208668 0.00208494 1.74e-06
345 Citeseer_feat_L2.txt 0.00107659 0.00107488 1.709e-06
346 Citeseer_feat_L2.txt 0.00211234 0.00211071 1.626e-06
347 Citeseer_feat_L2.txt 0.00107881 0.00107725 1.565e-06
348 Citeseer_feat_L2.txt 0.00203846 0.00203676 1.696e-06
349 Citeseer_feat_L2.txt 0.0011632 0.0011615 1.697e-06
350 Citeseer_feat_L2.txt 0.00210865 0.00210704 1.608e-06
351 Citeseer_feat_L2.txt 0.00111262 0.00111103 1.594e-06
352 Citeseer_feat_L2.txt 0.00239029 0.00238859 1.696e-06
353 Citeseer_feat_L2.txt 0.00111085 0.00110921 1.645e-06
354 Citeseer_feat_L2.txt 0.00212235 0.00212063 1.72e-06
355 Citeseer_feat_L2.txt 0.00110333 0.00110177 1.561e-06
356 Citeseer_feat_L2.txt 0.00214101 0.00213934 1.663e-06
357 Citeseer_feat_L2.txt 0.00127118 0.00126952 1.663e-06
358 Citeseer_feat_L2.txt 0.00215691 0.00215537 1.546e-06
359 Citeseer_feat_L2.txt 0.00111028 0.00110861 1.673e-06
360 Citeseer_feat_L2.txt 0.0024962 0.00249445 1.75e-06
361 Citeseer_feat_L2.txt 0.00110463 0.00110304 1.598e-06
362 Citeseer_feat_L2.txt 0.00224167 0.0022399 1.763e-06
363 Citeseer_feat_L2.txt 0.00105969 0.00105808 1.61e-06
364 Citeseer_feat_L2.txt 0.0022149 0.0022132 1.703e-06
365 Citeseer_feat_L2.txt 0.0012699 0.00126828 1.618e-06
366 Citeseer_feat_L2.txt 0.00215753 0.0021558 1.727e-06
367 Citeseer_feat_L2.txt 0.00112137 0.00111961 1.762e-06
368 Citeseer_feat_L2.txt 0.00191111 0.00190948 1.633e-06
369 Citeseer_feat_L2.txt 0.00108239 0.00108064 1.753e-06
370 Citeseer_feat_L2.txt 0.00188849 0.00188667 1.814e-06
371 Citeseer_feat_L2.txt 0.00106449 0.00106288 1.613e-06
372 Citeseer_feat_L2.txt 0.0022749 0.00227314 1.757e-06
373 Citeseer_feat_L2.txt 0.00127215 0.00127047 1.68e-06
374 Citeseer_feat_L2.txt 0.00232052 0.00231883 1.689e-06
375 Citeseer_feat_L2.txt 0.00107665 0.00107511 1.544e-06
376 Citeseer_feat_L2.txt 0.00190388 0.0019022 1.683e-06
377 Citeseer_feat_L2.txt 0.00111378 0.00111208 1.701e-06
378 Citeseer_feat_L2.txt 0.00226295 0.00226127 1.684e-06
379 Citeseer_feat_L2.txt 0.00109708 0.00109534 1.738e-06
380 Citeseer_feat_L2.txt 0.00190986 0.00190814 1.72e-06
381 Citeseer_feat_L2.txt 0.00121121 0.00120958 1.632e-06
382 Citeseer_feat_L2.txt 0.00226835 0.00226658 1.775e-06
383 Citeseer_feat_L2.txt 0.00110393 0.00107004 3.3887e-05
0 Citeseer_A.txt 0.000810003 0.000808778 1.225e-06
1 Citeseer_A.txt 0.000807839 0.00080711 7.29e-07
2 Citeseer_A.txt 0.00081396 0.000813446 5.14e-07
3 Citeseer_A.txt 0.000808919 0.000807996 9.23e-07
4 Citeseer_A.txt 0.000828259 0.000827477 7.82e-07
5 Citeseer_A.txt 0.000810881 0.000810058 8.23e-07
6 Citeseer_A.txt 0.000827117 0.000826418 6.99e-07
7 Citeseer_A.txt 0.00081005 0.000809088 9.62e-07
8 Citeseer_A.txt 0.00081681 0.000816109 7.01e-07
9 Citeseer_A.txt 0.000812099 0.00081133 7.69e-07
10 Citeseer_A.txt 0.000821296 0.00082067 6.26e-07
11 Citeseer_A.txt 0.000815982 0.000814957 1.025e-06
12 Citeseer_A.txt 0.000821321 0.00082066 6.61e-07
13 Citeseer_A.txt 0.000813275 0.00081265 6.25e-07
14 Citeseer_A.txt 0.000821599 0.000820862 7.37e-07
15 Citeseer_A.txt 0.000812898 0.000812294 6.04e-07
16 Citeseer_A.txt 0.000841163 0.000840503 6.6e-07
17 Citeseer_A.txt 0.000836937 0.000836289 6.48e-07
18 Citeseer_A.txt 0.000839677 0.000838818 8.59e-07
19 Citeseer_A.txt 0.000837052 0.000836186 8.66e-07
20 Citeseer_A.txt 0.000842628 0.000842017 6.11e-07
21 Citeseer_A.txt 0.000838457 0.000837726 7.31e-07
22 Citeseer_A.txt 0.000838777 0.000838101 6.76e-07
23 Citeseer_A.txt 0.000832737 0.000832036 7.01e-07
24 Citeseer_A.txt 0.000825835 0.000825046 7.89e-07
25 Citeseer_A.txt 0.000821787 0.000821111 6.76e-07
26 Citeseer_A.txt 0.000827845 0.000827198 6.47e-07
27 Citeseer_A.txt 0.000822599 0.000821998 6.01e-07
28 Citeseer_A.txt 0.000823449 0.000822554 8.95e-07
29 Citeseer_A.txt 0.000823563 0.00082278 7.83e-07
30 Citeseer_A.txt 0.000823024 0.000822457 5.67e-07
31 Citeseer_A.txt 0.000820632 0.000820044 5.88e-07
32 Citeseer_A.txt 0.000756619 0.000756017 6.02e-07
33 Citeseer_A.txt 0.000746272 0.000745685 5.87e-07
34 Citeseer_A.txt 0.00075219 0.000751591 5.99e-07
35 Citeseer_A.txt 0.000745734 0.000745119 6.15e-07
36 Citeseer_A.txt 0.000764429 0.000763764 6.65e-07
37 Citeseer_A.txt 0.000756989 0.000756255 7.34e-07
38 Citeseer_A.txt 0.000752038 0.000751375 6.63e-07
39 Citeseer_A.txt 0.000745819 0.000745231 5.88e-07
40 Citeseer_A.txt 0.000756795 0.000756168 6.27e-07
41 Citeseer_A.txt 0.000747255 0.000746625 6.3e-07
42 Citeseer_A.txt 0.000759014 0.000758401 6.13e-07
43 Citeseer_A.txt 0.000762409 0.000761675 7.34e-07
44 Citeseer_A.txt 0.000756864 0.000756144 7.2e-07
45 Citeseer_A.txt 0.000760447 0.000759785 6.62e-07
46 Citeseer_A.txt 0.000769181 0.000768457 7.24e-07
47 Citeseer_A.txt 0.000763238 0.000762705 5.33e-07
48 Citeseer_A.txt 0.000810064 0.000809401 6.63e-07
49 Citeseer_A.txt 0.000807288 0.000806537 7.51e-07
50 Citeseer_A.txt 0.000816295 0.000815583 7.12e-07
51 Citeseer_A.txt 0.000810579 0.000809972 6.07e-07
52 Citeseer_A.txt 0.000817269 0.000816632 6.37e-07
53 Citeseer_A.txt 0.000818445 0.000817689 7.56e-07
54 Citeseer_A.txt 0.000823958 0.000823398 5.6e-07
55 Citeseer_A.txt 0.000816874 0.000816132 7.42e-07
56 Citeseer_A.txt 0.000805157 0.000804607 5.5e-07
57 Citeseer_A.txt 0.000800885 0.000800069 8.16e-07
58 Citeseer_A.txt 0.000817288 0.00081665 6.38e-07
59 Citeseer_A.txt 0.00081187 0.000811183 6.87e-07
60 Citeseer_A.txt 0.000817403 0.00081672 6.83e-07
61 Citeseer_A.txt 0.000808302 0.000807755 5.47e-07
62 Citeseer_A.txt 0.000833383 0.000832771 6.12e-07
63 Citeseer_A.txt 0.000828484 0.000827803 6.81e-07
64 Citeseer_A.txt 0.000836586 0.000835952 6.34e-07
65 Citeseer_A.txt 0.000830634 0.00083003 6.04e-07
66 Citeseer_A.txt 0.000841217 0.000840495 7.22e-07
67 Citeseer_A.txt 0.000834414 0.000833476 9.38e-07
68 Citeseer_A.txt 0.000833654 0.000832986 6.68e-07
69 Citeseer_A.txt 0.000830028 0.000829342 6.86e-07
70 Citeseer_A.txt 0.000832075 0.000831516 5.59e-07
71 Citeseer_A.txt 0.000830062 0.000829344 7.18e-07
72 Citeseer_A.txt 0.000826427 0.000825628 7.99e-07
73 Citeseer_A.txt 0.000820694 0.00082005 6.44e-07
74 Citeseer_A.txt 0.000826934 0.000826321 6.13e-07
75 Citeseer_A.txt 0.000828921 0.000828188 7.33e-07
76 Citeseer_A.txt 0.000826793 0.000826037 7.56e-07
77 Citeseer_A.txt 0.000818983 0.000818301 6.82e-07
78 Citeseer_A.txt 0.000823221 0.000822389 8.32e-07
79 Citeseer_A.txt 0.000816895 0.000816198 6.97e-07
80 Citeseer_A.txt 0.000757425 0.000756833 5.92e-07
81 Citeseer_A.txt 0.000749099 0.00074848 6.19e-07
82 Citeseer_A.txt 0.000757274 0.000756152 1.122e-06
83 Citeseer_A.txt 0.000743735 0.000743029 7.06e-07
84 Citeseer_A.txt 0.000755977 0.000755327 6.5e-07
85 Citeseer_A.txt 0.000748872 0.000748134 7.38e-07
86 Citeseer_A.txt 0.000758941 0.000758012 9.29e-07
87 Citeseer_A.txt 0.00075987 0.000759027 8.43e-07
88 Citeseer_A.txt 0.000757456 0.000756811 6.45e-07
89 Citeseer_A.txt 0.000758513 0.00075784 6.73e-07
90 Citeseer_A.txt 0.000757371 0.000756699 6.72e-07
91 Citeseer_A.txt 0.000743647 0.000742932 7.15e-07
92 Citeseer_A.txt 0.000746416 0.000745779 6.37e-07
93 Citeseer_A.txt 0.000742868 0.000742075 7.93e-07
94 Citeseer_A.txt 0.000758279 0.000757243 1.036e-06
95 Citeseer_A.txt 0.000755689 0.000754982 7.07e-07
96 Citeseer_A.txt 0.000806185 0.000805251 9.34e-07
97 Citeseer_A.txt 0.00080397 0.000803345 6.25e-07
98 Citeseer_A.txt 0.000811258 0.000810681 5.77e-07
99 Citeseer_A.txt 0.000804527 0.000803944 5.83e-07
100 Citeseer_A.txt 0.000809292 0.00080878 5.12e-07
101 Citeseer_A.txt 0.000805602 0.000805069 5.33e-07
102 Citeseer_A.txt 0.000812826 0.000812272 5.54e-07
103 Citeseer_A.txt 0.000806534 0.00080575 7.84e-07
104 Citeseer_A.txt 0.000818001 0.000817391 6.1e-07
105 Citeseer_A.txt 0.000813781 0.000812907 8.74e-07
106 Citeseer_A.txt 0.000823244 0.000822556 6.88e-07
107 Citeseer_A.txt 0.000814534 0.000813665 8.69e-07
108 Citeseer_A.txt 0.000814856 0.000813958 8.98e-07
109 Citeseer_A.txt 0.000808641 0.000807782 8.59e-07
110 Citeseer_A.txt 0.000816693 0.000815701 9.92e-07
111 Citeseer_A.txt 0.000810213 0.000809223 9.9e-07
112 Citeseer_A.txt 0.000845736 0.000845026 7.1e-07
113 Citeseer_A.txt 0.000839351 0.000838568 7.83e-07
114 Citeseer_A.txt 0.000850728 0.000850094 6.34e-07
115 Citeseer_A.txt 0.00084603 0.000845221 8.09e-07
116 Citeseer_A.txt 0.000841211 0.000840614 5.97e-07
117 Citeseer_A.txt 0.000837229 0.000836504 7.25e-07
118 Citeseer_A.txt 0.000842937 0.000842305 6.32e-07
119 Citeseer_A.txt 0.000837615 0.000836778 8.37e-07
120 Citeseer_A.txt 0.000824113 0.000823526 5.87e-07
121 Citeseer_A.txt 0.00082488 0.000824163 7.17e-07
122 Citeseer_A.txt 0.000823941 0.000823235 7.06e-07
123 Citeseer_A.txt 0.000822816 0.000821992 8.24e-07
124 Citeseer_A.txt 0.000822397 0.000821755 6.42e-07
125 Citeseer_A.txt 0.000819479 0.000818701 7.78e-07
126 Citeseer_A.txt 0.000826533 0.000825908 6.25e-07
127 Citeseer_A.txt 0.000823019 0.000822369 6.5e-07
128 Citeseer_A.txt 0.000760738 0.000760044 6.94e-07
129 Citeseer_A.txt 0.000752233 0.000751481 7.52e-07
130 Citeseer_A.txt 0.000770649 0.000770043 6.06e-07
131 Citeseer_A.txt 0.000769077 0.000768288 7.89e-07
132 Citeseer_A.txt 0.000767977 0.000767346 6.31e-07
133 Citeseer_A.txt 0.000753569 0.000752878 6.91e-07
134 Citeseer_A.txt 0.00075824 0.000757377 8.63e-07
135 Citeseer_A.txt 0.000751937 0.000751233 7.04e-07
136 Citeseer_A.txt 0.000768228 0.000767602 6.26e-07
137 Citeseer_A.txt 0.000759942 0.000759237 7.05e-07
138 Citeseer_A.txt 0.000766104 0.000765473 6.31e-07
139 Citeseer_A.txt 0.000752307 0.000751708 5.99e-07
140 Citeseer_A.txt 0.000752107 0.000751484 6.23e-07
141 Citeseer_A.txt 0.000751564 0.000750781 7.83e-07
142 Citeseer_A.txt 0.000762068 0.000761414 6.54e-07
143 Citeseer_A.txt 0.00075641 0.000755788 6.22e-07
144 Citeseer_A.txt 0.000828514 0.000827675 8.39e-07
145 Citeseer_A.txt 0.000832869 0.000831969 9e-07
146 Citeseer_A.txt 0.000831468 0.000830847 6.21e-07
147 Citeseer_A.txt 0.000807833 0.000807171 6.62e-07
148 Citeseer_A.txt 0.000860082 0.000859314 7.68e-07
149 Citeseer_A.txt 0.000843841 0.000842897 9.44e-07
150 Citeseer_A.txt 0.000855795 0.000855217 5.78e-07
151 Citeseer_A.txt 0.00083063 0.000829748 8.82e-07
152 Citeseer_A.txt 0.000825495 0.000824566 9.29e-07
153 Citeseer_A.txt 0.000809147 0.00080824 9.07e-07
154 Citeseer_A.txt 0.000832468 0.000831698 7.7e-07
155 Citeseer_A.txt 0.000823863 0.000822941 9.22e-07
156 Citeseer_A.txt 0.000832937 0.000832251 6.86e-07
157 Citeseer_A.txt 0.000833374 0.000832656 7.18e-07
158 Citeseer_A.txt 0.000854649 0.000853988 6.61e-07
159 Citeseer_A.txt 0.00084167 0.000840781 8.89e-07
160 Citeseer_A.txt 0.000857023 0.000856135 8.88e-07
161 Citeseer_A.txt 0.000855763 0.000854873 8.9e-07
162 Citeseer_A.txt 0.000860521 0.000859808 7.13e-07
163 Citeseer_A.txt 0.000850768 0.000849884 8.84e-07
164 Citeseer_A.txt 0.000856348 0.000855615 7.33e-07
165 Citeseer_A.txt 0.000851057 0.000850126 9.31e-07
166 Citeseer_A.txt 0.000857109 0.000856229 8.8e-07
167 Citeseer_A.txt 0.000860403 0.000859416 9.87e-07
168 Citeseer_A.txt 0.000859087 0.000858032 1.055e-06
169 Citeseer_A.txt 0.000833277 0.000832417 8.6e-07
170 Citeseer_A.txt 0.000840796 0.000839748 1.048e-06
171 Citeseer_A.txt 0.000837132 0.000836237 8.95e-07
172 Citeseer_A.txt 0.000858392 0.000857594 7.98e-07
173 Citeseer_A.txt 0.000826068 0.000825272 7.96e-07
174 Citeseer_A.txt 0.000840242 0.00083961 6.32e-07
175 Citeseer_A.txt 0.000845164 0.000844544 6.2e-07
176 Citeseer_A.txt 0.000764649 0.000763764 8.85e-07
177 Citeseer_A.txt 0.000754298 0.00075366 6.38e-07
178 Citeseer_A.txt 0.000756461 0.000755786 6.75e-07
179 Citeseer_A.txt 0.000767998 0.000767144 8.54e-07
180 Citeseer_A.txt 0.000753949 0.000752885 1.064e-06
181 Citeseer_A.txt 0.000754667 0.000753789 8.78e-07
182 Citeseer_A.txt 0.000763209 0.000762086 1.123e-06
183 Citeseer_A.txt 0.00075252 0.000751817 7.03e-07
184 Citeseer_A.txt 0.000761276 0.000760159 1.117e-06
185 Citeseer_A.txt 0.000753 0.000751976 1.024e-06
186 Citeseer_A.txt 0.000769575 0.000768407 1.168e-06
187 Citeseer_A.txt 0.000765937 0.000765066 8.71e-07
188 Citeseer_A.txt 0.000762372 0.000761691 6.81e-07
189 Citeseer_A.txt 0.000763312 0.000762507 8.05e-07
190 Citeseer_A.txt 0.000760539 0.000759957 5.82e-07
191 Citeseer_A.txt 0.000749347 0.000748464 8.83e-07
192 Citeseer_A.txt 0.000817576 0.000816593 9.83e-07
193 Citeseer_A.txt 0.000815689 0.000814616 1.073e-06
194 Citeseer_A.txt 0.000812086 0.000811396 6.9e-07
195 Citeseer_A.txt 0.000805278 0.000804517 7.61e-07
196 Citeseer_A.txt 0.000826189 0.000825039 1.15e-06
197 Citeseer_A.txt 0.000818582 0.000817588 9.94e-07
198 Citeseer_A.txt 0.000812184 0.000811188 9.96e-07
199 Citeseer_A.txt 0.000804949 0.00080397 9.79e-07
200 Citeseer_A.txt 0.000815634 0.000814798 8.36e-07
201 Citeseer_A.txt 0.000809299 0.000808302 9.97e-07
202 Citeseer_A.txt 0.00080988 0.000808838 1.042e-06
203 Citeseer_A.txt 0.000806682 0.000805969 7.13e-07
204 Citeseer_A.txt 0.00082576 0.000824941 8.19e-07
205 Citeseer_A.txt 0.000819075 0.000818283 7.92e-07
206 Citeseer_A.txt 0.000832151 0.000831343 8.08e-07
207 Citeseer_A.txt 0.000826828 0.000825926 9.02e-07
208 Citeseer_A.txt 0.000839094 0.000838117 9.77e-07
209 Citeseer_A.txt 0.00083676 0.00083591 8.5e-07
210 Citeseer_A.txt 0.000845144 0.00084416 9.84e-07
211 Citeseer_A.txt 0.000838545 0.000837707 8.38e-07
212 Citeseer_A.txt 0.000836426 0.00083558 8.46e-07
213 Citeseer_A.txt 0.000833789 0.000832813 9.76e-07
214 Citeseer_A.txt 0.000836852 0.000836124 7.28e-07
215 Citeseer_A.txt 0.000830851 0.000830096 7.55e-07
216 Citeseer_A.txt 0.000826561 0.000825881 6.8e-07
217 Citeseer_A.txt 0.000820778 0.000819666 1.112e-06
218 Citeseer_A.txt 0.000827939 0.000826977 9.62e-07
219 Citeseer_A.txt 0.000821483 0.000820694 7.89e-07
220 Citeseer_A.txt 0.000832351 0.000831361 9.9e-07
221 Citeseer_A.txt 0.000818212 0.000817561 6.51e-07
222 Citeseer_A.txt 0.000828092 0.000827332 7.6e-07
223 Citeseer_A.txt 0.000822043 0.000821266 7.77e-07
224 Citeseer_A.txt 0.000751473 0.000750819 6.54e-07
225 Citeseer_A.txt 0.000744716 0.000744172 5.44e-07
226 Citeseer_A.txt 0.000760683 0.000759675 1.008e-06
227 Citeseer_A.txt 0.000745068 0.000744408 6.6e-07
228 Citeseer_A.txt 0.000760634 0.000759496 1.138e-06
229 Citeseer_A.txt 0.000754437 0.000753706 7.31e-07
230 Citeseer_A.txt 0.000749371 0.000748269 1.102e-06
231 Citeseer_A.txt 0.000743565 0.000742748 8.17e-07
232 Citeseer_A.txt 0.000757048 0.000755968 1.08e-06
233 Citeseer_A.txt 0.000757421 0.000756371 1.05e-06
234 Citeseer_A.txt 0.000760714 0.000759622 1.092e-06
235 Citeseer_A.txt 0.00075382 0.00075307 7.5e-07
236 Citeseer_A.txt 0.000761811 0.000760121 1.69e-06
237 Citeseer_A.txt 0.000763289 0.000762489 8e-07
238 Citeseer_A.txt 0.000761167 0.000760154 1.013e-06
239 Citeseer_A.txt 0.000756351 0.000755185 1.166e-06
240 Citeseer_A.txt 0.000798554 0.000797235 1.319e-06
241 Citeseer_A.txt 0.000795061 0.000793993 1.068e-06
242 Citeseer_A.txt 0.000804324 0.000803272 1.052e-06
243 Citeseer_A.txt 0.000797189 0.000796294 8.95e-07
244 Citeseer_A.txt 0.000842376 0.000841649 7.27e-07
245 Citeseer_A.txt 0.000808584 0.000807875 7.09e-07
246 Citeseer_A.txt 0.000866492 0.000865649 8.43e-07
247 Citeseer_A.txt 0.000803885 0.000803023 8.62e-07
248 Citeseer_A.txt 0.000802736 0.000801723 1.013e-06
249 Citeseer_A.txt 0.000797142 0.000796239 9.03e-07
250 Citeseer_A.txt 0.000821345 0.000820496 8.49e-07
251 Citeseer_A.txt 0.000810192 0.000809348 8.44e-07
252 Citeseer_A.txt 0.000844992 0.00084413 8.62e-07
253 Citeseer_A.txt 0.000830072 0.00082943 6.42e-07
254 Citeseer_A.txt 0.000820148 0.000819072 1.076e-06
255 Citeseer_A.txt 0.000798386 0.000797688 6.98e-07
256 Citeseer_A.txt 0.000840244 0.00083941 8.34e-07
257 Citeseer_A.txt 0.000836988 0.000835988 1e-06
258 Citeseer_A.txt 0.000843183 0.000842122 1.061e-06
259 Citeseer_A.txt 0.000836577 0.000835542 1.035e-06
260 Citeseer_A.txt 0.000836023 0.000835036 9.87e-07
261 Citeseer_A.txt 0.000841312 0.000840303 1.009e-06
262 Citeseer_A.txt 0.000838389 0.000837333 1.056e-06
263 Citeseer_A.txt 0.00083487 0.000833787 1.083e-06
264 Citeseer_A.txt 0.000855523 0.000854594 9.29e-07
265 Citeseer_A.txt 0.000853475 0.000852586 8.89e-07
266 Citeseer_A.txt 0.000858181 0.000857113 1.068e-06
267 Citeseer_A.txt 0.0008152 0.000814187 1.013e-06
268 Citeseer_A.txt 0.000853244 0.000852299 9.45e-07
269 Citeseer_A.txt 0.000811515 0.000810559 9.56e-07
270 Citeseer_A.txt 0.000852867 0.00085202 8.47e-07
271 Citeseer_A.txt 0.000806432 0.000805534 8.98e-07
272 Citeseer_A.txt 0.00074132 0.000740405 9.15e-07
273 Citeseer_A.txt 0.000738004 0.000736809 1.195e-06
274 Citeseer_A.txt 0.000747319 0.000746188 1.131e-06
275 Citeseer_A.txt 0.000738061 0.000737321 7.4e-07
276 Citeseer_A.txt 0.000742642 0.000741717 9.25e-07
277 Citeseer_A.txt 0.000738708 0.00073772 9.88e-07
278 Citeseer_A.txt 0.000747383 0.00074657 8.13e-07
279 Citeseer_A.txt 0.000740262 0.000739329 9.33e-07
280 Citeseer_A.txt 0.000740273 0.000739562 7.11e-07
281 Citeseer_A.txt 0.000736504 0.00073558 9.24e-07
282 Citeseer_A.txt 0.000745983 0.00074522 7.63e-07
283 Citeseer_A.txt 0.000738699 0.000737652 1.047e-06
284 Citeseer_A.txt 0.000739152 0.000738265 8.87e-07
285 Citeseer_A.txt 0.00073582 0.000734732 1.088e-06
286 Citeseer_A.txt 0.000746001 0.00074504 9.61e-07
287 Citeseer_A.txt 0.000740153 0.000739059 1.094e-06
288 Citeseer_A.txt 0.000807421 0.000806316 1.105e-06
289 Citeseer_A.txt 0.000806352 0.000804335 2.017e-06
290 Citeseer_A.txt 0.000814906 0.000813719 1.187e-06
291 Citeseer_A.txt 0.000806342 0.000805244 1.098e-06
292 Citeseer_A.txt 0.000816403 0.000815417 9.86e-07
293 Citeseer_A.txt 0.000823506 0.000822311 1.195e-06
294 Citeseer_A.txt 0.000814202 0.000813083 1.119e-06
295 Citeseer_A.txt 0.000805114 0.000803849 1.265e-06
296 Citeseer_A.txt 0.000828248 0.000826084 2.164e-06
297 Citeseer_A.txt 0.000831723 0.000830566 1.157e-06
298 Citeseer_A.txt 0.000813821 0.000812988 8.33e-07
299 Citeseer_A.txt 0.000805213 0.000804201 1.012e-06
300 Citeseer_A.txt 0.000834379 0.000833583 7.96e-07
301 Citeseer_A.txt 0.000814212 0.000813118 1.094e-06
302 Citeseer_A.txt 0.000813672 0.000812811 8.61e-07
303 Citeseer_A.txt 0.000807405 0.000806274 1.131e-06
304 Citeseer_A.txt 0.000846065 0.000845111 9.54e-07
305 Citeseer_A.txt 0.000849572 0.000848557 1.015e-06
306 Citeseer_A.txt 0.000845855 0.000845206 6.49e-07
307 Citeseer_A.txt 0.000863198 0.000862176 1.022e-06
308 Citeseer_A.txt 0.000852223 0.000851498 7.25e-07
309 Citeseer_A.txt 0.000850184 0.000849322 8.62e-07
310 Citeseer_A.txt 0.000845846 0.000845125 7.21e-07
311 Citeseer_A.txt 0.000846655 0.000845686 9.69e-07
312 Citeseer_A.txt 0.000820827 0.000819543 1.284e-06
313 Citeseer_A.txt 0.000811569 0.000810357 1.212e-06
314 Citeseer_A.txt 0.000857134 0.000856156 9.78e-07
315 Citeseer_A.txt 0.000825425 0.000824302 1.123e-06
316 Citeseer_A.txt 0.000844302 0.000843584 7.18e-07
317 Citeseer_A.txt 0.000817389 0.000816435 9.54e-07
318 Citeseer_A.txt 0.000859096 0.000858043 1.053e-06
319 Citeseer_A.txt 0.000828963 0.000827559 1.404e-06
320 Citeseer_A.txt 0.000747217 0.000746504 7.13e-07
321 Citeseer_A.txt 0.000743385 0.000742639 7.46e-07
322 Citeseer_A.txt 0.000748684 0.00074785 8.34e-07
323 Citeseer_A.txt 0.000744163 0.000742214 1.949e-06
324 Citeseer_A.txt 0.000758856 0.000757269 1.587e-06
325 Citeseer_A.txt 0.000753779 0.000752878 9.01e-07
326 Citeseer_A.txt 0.000759273 0.000758287 9.86e-07
327 Citeseer_A.txt 0.000753976 0.000752987 9.89e-07
328 Citeseer_A.txt 0.000761792 0.000760882 9.1e-07
329 Citeseer_A.txt 0.000755207 0.000754198 1.009e-06
330 Citeseer_A.txt 0.000757237 0.000756314 9.23e-07
331 Citeseer_A.txt 0.000750959 0.000749851 1.108e-06
332 Citeseer_A.txt 0.000759524 0.000758529 9.95e-07
333 Citeseer_A.txt 0.000754106 0.000752954 1.152e-06
334 Citeseer_A.txt 0.000755487 0.000754464 1.023e-06
335 Citeseer_A.txt 0.00074973 0.000748557 1.173e-06
336 Citeseer_A.txt 0.000806363 0.000805299 1.064e-06
337 Citeseer_A.txt 0.000803369 0.000802321 1.048e-06
338 Citeseer_A.txt 0.000809258 0.000807773 1.485e-06
339 Citeseer_A.txt 0.000802923 0.000801756 1.167e-06
340 Citeseer_A.txt 0.000843329 0.000842331 9.98e-07
341 Citeseer_A.txt 0.000823808 0.000822475 1.333e-06
342 Citeseer_A.txt 0.000810295 0.000809069 1.226e-06
343 Citeseer_A.txt 0.000803016 0.000801984 1.032e-06
344 Citeseer_A.txt 0.000844764 0.000843855 9.09e-07
345 Citeseer_A.txt 0.00082527 0.000824018 1.252e-06
346 Citeseer_A.txt 0.00081081 0.000809816 9.94e-07
347 Citeseer_A.txt 0.000802588 0.000801624 9.64e-07
348 Citeseer_A.txt 0.000824939 0.000823919 1.02e-06
349 Citeseer_A.txt 0.000819717 0.000818643 1.074e-06
350 Citeseer_A.txt 0.000831712 0.00083091 8.02e-07
351 Citeseer_A.txt 0.000822189 0.000820602 1.587e-06
352 Citeseer_A.txt 0.000844101 0.000842624 1.477e-06
353 Citeseer_A.txt 0.000848788 0.000847741 1.047e-06
354 Citeseer_A.txt 0.000843668 0.000842853 8.15e-07
355 Citeseer_A.txt 0.000845103 0.000843985 1.118e-06
356 Citeseer_A.txt 0.000844688 0.000843811 8.77e-07
357 Citeseer_A.txt 0.000847376 0.000846331 1.045e-06
358 Citeseer_A.txt 0.000843195 0.000842449 7.46e-07
359 Citeseer_A.txt 0.00084484 0.000843522 1.318e-06
360 Citeseer_A.txt 0.000824934 0.000824054 8.8e-07
361 Citeseer_A.txt 0.000818396 0.000817779 6.17e-07
362 Citeseer_A.txt 0.000848893 0.000848227 6.66e-07
363 Citeseer_A.txt 0.00082056 0.000820029 5.31e-07
364 Citeseer_A.txt 0.000817905 0.000816975 9.3e-07
365 Citeseer_A.txt 0.000813734 0.000812707 1.027e-06
366 Citeseer_A.txt 0.000835838 0.000834915 9.23e-07
367 Citeseer_A.txt 0.000823222 0.000822071 1.151e-06
368 Citeseer_A.txt 0.000759039 0.000757888 1.151e-06
369 Citeseer_A.txt 0.000754071 0.000753304 7.67e-07
370 Citeseer_A.txt 0.00075746 0.000756543 9.17e-07
371 Citeseer_A.txt 0.000751443 0.00075046 9.83e-07
372 Citeseer_A.txt 0.000757666 0.00075691 7.56e-07
373 Citeseer_A.txt 0.000753809 0.000752983 8.26e-07
374 Citeseer_A.txt 0.000757973 0.000756998 9.75e-07
375 Citeseer_A.txt 0.000751657 0.000750846 8.11e-07
376 Citeseer_A.txt 0.000755479 0.000754477 1.002e-06
377 Citeseer_A.txt 0.00075079 0.000749698 1.092e-06
378 Citeseer_A.txt 0.000748043 0.00074698 1.063e-06
379 Citeseer_A.txt 0.000742035 0.000741002 1.033e-06
380 Citeseer_A.txt 0.000745906 0.000744754 1.152e-06
381 Citeseer_A.txt 0.000742177 0.000741244 9.33e-07
382 Citeseer_A.txt 0.000755242 0.000753643 1.599e-06
383 Citeseer_A.txt 0.000764456 0.000749083 1.5373e-05
TACC:  Shutdown complete. Exiting. 
