TACC:  Starting up job 10024561 
TACC:  Starting parallel tasks... 
0 Reddit_feat_L2.txt 0.00230032 0.00183826 0.000462059
1 Reddit_feat_L2.txt 0.00160488 0.00113056 0.000474316
2 Reddit_feat_L2.txt 0.00220162 0.00178763 0.000413991
3 Reddit_feat_L2.txt 0.00137502 0.000988635 0.00038639
4 Reddit_feat_L2.txt 0.00233365 0.00180463 0.000529016
5 Reddit_feat_L2.txt 0.00140031 0.00111833 0.000281971
6 Reddit_feat_L2.txt 0.00222105 0.00187412 0.000346929
7 Reddit_feat_L2.txt 0.00146122 0.00113783 0.000323392
8 Reddit_feat_L2.txt 0.00246224 0.00209638 0.00036586
9 Reddit_feat_L2.txt 0.00185258 0.0012818 0.000570781
10 Reddit_feat_L2.txt 0.00228467 0.00184032 0.000444355
11 Reddit_feat_L2.txt 0.00127395 0.000999923 0.000274026
12 Reddit_feat_L2.txt 0.00223802 0.00204042 0.000197599
13 Reddit_feat_L2.txt 0.00181805 0.00123496 0.000583096
14 Reddit_feat_L2.txt 0.00259131 0.00198266 0.000608651
15 Reddit_feat_L2.txt 0.00160811 0.00100284 0.000605267
16 Reddit_feat_L2.txt 0.00264792 0.00210486 0.000543062
17 Reddit_feat_L2.txt 0.00127825 0.00108925 0.000189003
18 Reddit_feat_L2.txt 0.00237905 0.00204487 0.000334178
19 Reddit_feat_L2.txt 0.00152933 0.00101293 0.0005164
20 Reddit_feat_L2.txt 0.00265006 0.00204211 0.000607948
21 Reddit_feat_L2.txt 0.00176109 0.00115622 0.000604876
22 Reddit_feat_L2.txt 0.0028769 0.00227348 0.000603418
23 Reddit_feat_L2.txt 0.00162939 0.00102198 0.000607411
24 Reddit_feat_L2.txt 0.00273201 0.00212434 0.000607675
25 Reddit_feat_L2.txt 0.00163323 0.00126337 0.000369862
26 Reddit_feat_L2.txt 0.00227376 0.00202196 0.000251809
27 Reddit_feat_L2.txt 0.00152468 0.00106577 0.000458909
28 Reddit_feat_L2.txt 0.00219443 0.00200977 0.000184667
29 Reddit_feat_L2.txt 0.00182986 0.0012494 0.000580462
30 Reddit_feat_L2.txt 0.00257948 0.00200631 0.000573171
31 Reddit_feat_L2.txt 0.00126991 0.001072 0.000197905
32 Reddit_feat_L2.txt 0.00220189 0.00200089 0.000200998
33 Reddit_feat_L2.txt 0.00137668 0.00119527 0.000181411
34 Reddit_feat_L2.txt 0.00208433 0.00187872 0.000205608
35 Reddit_feat_L2.txt 0.00130546 0.00115606 0.000149399
36 Reddit_feat_L2.txt 0.00208256 0.00191478 0.000167785
37 Reddit_feat_L2.txt 0.00120552 0.0011176 8.7919e-05
38 Reddit_feat_L2.txt 0.00228851 0.00206872 0.000219787
39 Reddit_feat_L2.txt 0.00150681 0.0010861 0.000420709
40 Reddit_feat_L2.txt 0.00235007 0.00214393 0.000206138
41 Reddit_feat_L2.txt 0.00130834 0.00114652 0.000161826
42 Reddit_feat_L2.txt 0.00221647 0.0019788 0.000237673
43 Reddit_feat_L2.txt 0.00117804 0.00104568 0.000132364
44 Reddit_feat_L2.txt 0.0022734 0.00211577 0.000157633
45 Reddit_feat_L2.txt 0.00144049 0.00125927 0.000181223
46 Reddit_feat_L2.txt 0.00245432 0.00201416 0.00044016
47 Reddit_feat_L2.txt 0.00168903 0.00101321 0.000675818
48 Reddit_feat_L2.txt 0.00248303 0.00189288 0.000590153
49 Reddit_feat_L2.txt 0.00174598 0.00118394 0.000562038
50 Reddit_feat_L2.txt 0.00256163 0.00195565 0.00060598
51 Reddit_feat_L2.txt 0.00165824 0.00110074 0.000557504
52 Reddit_feat_L2.txt 0.00227369 0.00202543 0.000248261
53 Reddit_feat_L2.txt 0.00153539 0.00119854 0.00033685
54 Reddit_feat_L2.txt 0.00216271 0.00197925 0.000183459
55 Reddit_feat_L2.txt 0.00129864 0.00111917 0.000179467
56 Reddit_feat_L2.txt 0.00233256 0.00214544 0.000187114
57 Reddit_feat_L2.txt 0.0014072 0.00122791 0.000179289
58 Reddit_feat_L2.txt 0.0022024 0.00203763 0.000164769
59 Reddit_feat_L2.txt 0.00125853 0.0010793 0.000179224
60 Reddit_feat_L2.txt 0.00224032 0.00207903 0.000161293
61 Reddit_feat_L2.txt 0.00141067 0.0012205 0.000190168
62 Reddit_feat_L2.txt 0.00217166 0.00203443 0.000137229
63 Reddit_feat_L2.txt 0.00123903 0.00109749 0.000141541
64 Reddit_feat_L2.txt 0.00198113 0.00183186 0.000149273
65 Reddit_feat_L2.txt 0.00138782 0.00121856 0.00016926
66 Reddit_feat_L2.txt 0.00203193 0.00187873 0.000153192
67 Reddit_feat_L2.txt 0.00122542 0.00109064 0.000134778
68 Reddit_feat_L2.txt 0.00204336 0.00189663 0.000146738
69 Reddit_feat_L2.txt 0.00138906 0.00120527 0.000183793
70 Reddit_feat_L2.txt 0.00212447 0.0019036 0.000220871
71 Reddit_feat_L2.txt 0.00129379 0.0011135 0.00018029
72 Reddit_feat_L2.txt 0.00224166 0.00212045 0.000121203
73 Reddit_feat_L2.txt 0.00143554 0.00129493 0.000140604
74 Reddit_feat_L2.txt 0.00194389 0.0018022 0.000141685
75 Reddit_feat_L2.txt 0.0012112 0.00104154 0.000169656
76 Reddit_feat_L2.txt 0.00227553 0.0021775 9.8034e-05
77 Reddit_feat_L2.txt 0.00137191 0.00125411 0.000117796
78 Reddit_feat_L2.txt 0.00219326 0.00207178 0.000121473
79 Reddit_feat_L2.txt 0.00131214 0.00118267 0.000129469
80 Reddit_feat_L2.txt 0.00214333 0.00204013 0.000103197
81 Reddit_feat_L2.txt 0.0013275 0.00113064 0.000196859
82 Reddit_feat_L2.txt 0.00225435 0.00210058 0.000153774
83 Reddit_feat_L2.txt 0.00127505 0.00112323 0.000151825
84 Reddit_feat_L2.txt 0.00228717 0.00214637 0.000140808
85 Reddit_feat_L2.txt 0.00132511 0.00117435 0.000150758
86 Reddit_feat_L2.txt 0.00230808 0.00214562 0.00016246
87 Reddit_feat_L2.txt 0.00120297 0.00107999 0.000122984
88 Reddit_feat_L2.txt 0.00248873 0.00239097 9.7768e-05
89 Reddit_feat_L2.txt 0.0014165 0.00122595 0.000190554
90 Reddit_feat_L2.txt 0.00230388 0.00201566 0.000288218
91 Reddit_feat_L2.txt 0.0012358 0.00109857 0.000137236
92 Reddit_feat_L2.txt 0.00227904 0.00215722 0.000121823
93 Reddit_feat_L2.txt 0.00129105 0.00115966 0.00013139
94 Reddit_feat_L2.txt 0.00218872 0.00205708 0.00013164
95 Reddit_feat_L2.txt 0.00134457 0.00113362 0.000210952
96 Reddit_feat_L2.txt 0.00262759 0.00243799 0.000189598
97 Reddit_feat_L2.txt 0.00127071 0.00113966 0.00013105
98 Reddit_feat_L2.txt 0.0020223 0.00183217 0.000190125
99 Reddit_feat_L2.txt 0.00136127 0.0011483 0.000212966
100 Reddit_feat_L2.txt 0.00213683 0.00194927 0.000187556
101 Reddit_feat_L2.txt 0.00135083 0.00116124 0.000189582
102 Reddit_feat_L2.txt 0.00221343 0.00211193 0.000101502
103 Reddit_feat_L2.txt 0.00128934 0.00110965 0.000179688
104 Reddit_feat_L2.txt 0.00242213 0.00232325 9.8874e-05
105 Reddit_feat_L2.txt 0.00137904 0.00124311 0.00013593
106 Reddit_feat_L2.txt 0.00218125 0.00209356 8.7692e-05
107 Reddit_feat_L2.txt 0.00115852 0.00104328 0.000115238
108 Reddit_feat_L2.txt 0.00242154 0.00235596 6.5584e-05
109 Reddit_feat_L2.txt 0.00129859 0.00116671 0.000131882
110 Reddit_feat_L2.txt 0.00207925 0.0019897 8.9556e-05
111 Reddit_feat_L2.txt 0.00122472 0.0011411 8.3621e-05
112 Reddit_feat_L2.txt 0.00209625 0.00190369 0.00019256
113 Reddit_feat_L2.txt 0.0012792 0.00115981 0.000119389
114 Reddit_feat_L2.txt 0.00205317 0.00197338 7.9786e-05
115 Reddit_feat_L2.txt 0.00116127 0.00104425 0.000117013
116 Reddit_feat_L2.txt 0.00217924 0.00208861 9.0624e-05
117 Reddit_feat_L2.txt 0.00128338 0.00115266 0.000130717
118 Reddit_feat_L2.txt 0.00214213 0.00200461 0.000137519
119 Reddit_feat_L2.txt 0.0013172 0.00114272 0.000174474
120 Reddit_feat_L2.txt 0.00216918 0.00207491 9.4268e-05
121 Reddit_feat_L2.txt 0.00135494 0.00117146 0.000183475
122 Reddit_feat_L2.txt 0.00215413 0.00204856 0.000105572
123 Reddit_feat_L2.txt 0.00122855 0.00110028 0.000128271
124 Reddit_feat_L2.txt 0.0021321 0.00203092 0.000101172
125 Reddit_feat_L2.txt 0.00128835 0.00121395 7.4406e-05
126 Reddit_feat_L2.txt 0.00211253 0.00199079 0.000121744
127 Reddit_feat_L2.txt 0.00118829 0.00109916 8.9134e-05
128 Reddit_feat_L2.txt 0.00199909 0.0018669 0.000132188
129 Reddit_feat_L2.txt 0.00132666 0.00119977 0.000126883
130 Reddit_feat_L2.txt 0.00196655 0.00185284 0.000113706
131 Reddit_feat_L2.txt 0.00122545 0.00112636 9.9096e-05
132 Reddit_feat_L2.txt 0.00191655 0.00177832 0.000138229
133 Reddit_feat_L2.txt 0.0013531 0.00121789 0.000135205
134 Reddit_feat_L2.txt 0.00203218 0.00183434 0.000197835
135 Reddit_feat_L2.txt 0.00117435 0.00102033 0.000154014
136 Reddit_feat_L2.txt 0.0021678 0.00202923 0.000138566
137 Reddit_feat_L2.txt 0.00128157 0.00122054 6.1033e-05
138 Reddit_feat_L2.txt 0.00203679 0.00189614 0.000140649
139 Reddit_feat_L2.txt 0.00118008 0.00109899 8.1095e-05
140 Reddit_feat_L2.txt 0.00221388 0.00208767 0.00012621
141 Reddit_feat_L2.txt 0.00138841 0.00126911 0.000119298
142 Reddit_feat_L2.txt 0.00205554 0.00197624 7.9297e-05
143 Reddit_feat_L2.txt 0.00113343 0.00100773 0.000125699
144 Reddit_feat_L2.txt 0.00222921 0.00206737 0.000161843
145 Reddit_feat_L2.txt 0.00128301 0.00117983 0.000103174
146 Reddit_feat_L2.txt 0.00211727 0.00199909 0.000118185
147 Reddit_feat_L2.txt 0.00115795 0.00105687 0.000101077
148 Reddit_feat_L2.txt 0.00214216 0.00202907 0.000113096
149 Reddit_feat_L2.txt 0.00133855 0.00119959 0.000138963
150 Reddit_feat_L2.txt 0.00258422 0.0023693 0.000214914
151 Reddit_feat_L2.txt 0.0012955 0.00117093 0.000124564
152 Reddit_feat_L2.txt 0.00226998 0.00207492 0.000195063
153 Reddit_feat_L2.txt 0.00141542 0.00119133 0.000224096
154 Reddit_feat_L2.txt 0.00207823 0.00199541 8.282e-05
155 Reddit_feat_L2.txt 0.00108847 0.000998376 9.0097e-05
156 Reddit_feat_L2.txt 0.00217819 0.00206819 0.000109998
157 Reddit_feat_L2.txt 0.00144903 0.00120708 0.000241943
158 Reddit_feat_L2.txt 0.00221888 0.0020368 0.000182081
159 Reddit_feat_L2.txt 0.00113666 0.00101628 0.000120372
160 Reddit_feat_L2.txt 0.00214287 0.00204662 9.6247e-05
161 Reddit_feat_L2.txt 0.00129489 0.00117787 0.00011702
162 Reddit_feat_L2.txt 0.00194868 0.00186796 8.0715e-05
163 Reddit_feat_L2.txt 0.00110485 0.00102865 7.62e-05
164 Reddit_feat_L2.txt 0.00206357 0.00196806 9.5518e-05
165 Reddit_feat_L2.txt 0.00128909 0.00122187 6.7223e-05
166 Reddit_feat_L2.txt 0.00216958 0.00206635 0.000103232
167 Reddit_feat_L2.txt 0.00130162 0.0010897 0.000211922
168 Reddit_feat_L2.txt 0.00235203 0.00223932 0.000112707
169 Reddit_feat_L2.txt 0.00130927 0.00118523 0.000124041
170 Reddit_feat_L2.txt 0.00212424 0.00204625 7.7989e-05
171 Reddit_feat_L2.txt 0.00114644 0.00105711 8.9331e-05
172 Reddit_feat_L2.txt 0.00220062 0.00212571 7.4912e-05
173 Reddit_feat_L2.txt 0.0012383 0.00116521 7.3095e-05
174 Reddit_feat_L2.txt 0.00214963 0.00206435 8.5278e-05
175 Reddit_feat_L2.txt 0.0012993 0.00106295 0.000236347
176 Reddit_feat_L2.txt 0.00219515 0.00207847 0.000116681
177 Reddit_feat_L2.txt 0.00117998 0.00110989 7.0088e-05
178 Reddit_feat_L2.txt 0.00228166 0.00196398 0.000317685
179 Reddit_feat_L2.txt 0.00122213 0.00108577 0.000136364
180 Reddit_feat_L2.txt 0.00215383 0.00203928 0.000114545
181 Reddit_feat_L2.txt 0.00144837 0.00122928 0.000219087
182 Reddit_feat_L2.txt 0.00203322 0.00191426 0.000118957
183 Reddit_feat_L2.txt 0.00114889 0.00108458 6.431e-05
184 Reddit_feat_L2.txt 0.00215885 0.00205171 0.000107143
185 Reddit_feat_L2.txt 0.0012616 0.00120021 6.1388e-05
186 Reddit_feat_L2.txt 0.00213997 0.00207145 6.8524e-05
187 Reddit_feat_L2.txt 0.0012896 0.0011828 0.000106805
188 Reddit_feat_L2.txt 0.0023949 0.00216921 0.00022569
189 Reddit_feat_L2.txt 0.00130739 0.00120958 9.7801e-05
190 Reddit_feat_L2.txt 0.00216294 0.00206886 9.4084e-05
191 Reddit_feat_L2.txt 0.00119617 0.000994442 0.00020173
192 Reddit_feat_L2.txt 0.00212231 0.00192628 0.000196036
193 Reddit_feat_L2.txt 0.0013332 0.0012346 9.8603e-05
194 Reddit_feat_L2.txt 0.002041 0.00185861 0.000182382
195 Reddit_feat_L2.txt 0.00113933 0.00107142 6.7915e-05
196 Reddit_feat_L2.txt 0.0021693 0.00193365 0.000235644
197 Reddit_feat_L2.txt 0.00136876 0.00125808 0.000110686
198 Reddit_feat_L2.txt 0.00209881 0.00194456 0.000154259
199 Reddit_feat_L2.txt 0.00119082 0.00111843 7.2391e-05
200 Reddit_feat_L2.txt 0.00223574 0.00212416 0.000111582
201 Reddit_feat_L2.txt 0.0012594 0.00118201 7.739e-05
202 Reddit_feat_L2.txt 0.00198939 0.00191428 7.5114e-05
203 Reddit_feat_L2.txt 0.00114845 0.00105849 8.9962e-05
204 Reddit_feat_L2.txt 0.00218179 0.00210095 8.0841e-05
205 Reddit_feat_L2.txt 0.00134527 0.00119553 0.000149739
206 Reddit_feat_L2.txt 0.00234551 0.00207724 0.000268271
207 Reddit_feat_L2.txt 0.00124207 0.00109679 0.000145284
208 Reddit_feat_L2.txt 0.00228625 0.0021316 0.000154649
209 Reddit_feat_L2.txt 0.00138499 0.00121289 0.000172093
210 Reddit_feat_L2.txt 0.00227813 0.00209858 0.000179553
211 Reddit_feat_L2.txt 0.00128731 0.00111706 0.000170243
212 Reddit_feat_L2.txt 0.0021939 0.00209526 9.8641e-05
213 Reddit_feat_L2.txt 0.00140384 0.00128381 0.000120023
214 Reddit_feat_L2.txt 0.00222843 0.00213477 9.3664e-05
215 Reddit_feat_L2.txt 0.00119564 0.00110857 8.7068e-05
216 Reddit_feat_L2.txt 0.00258005 0.00247815 0.000101904
217 Reddit_feat_L2.txt 0.0013417 0.00121942 0.000122276
218 Reddit_feat_L2.txt 0.00218908 0.00210675 8.2335e-05
219 Reddit_feat_L2.txt 0.00127399 0.00113807 0.000135923
220 Reddit_feat_L2.txt 0.00237395 0.00219718 0.000176769
221 Reddit_feat_L2.txt 0.00132508 0.00125907 6.6015e-05
222 Reddit_feat_L2.txt 0.00221311 0.00213568 7.7432e-05
223 Reddit_feat_L2.txt 0.00117624 0.0011154 6.0841e-05
224 Reddit_feat_L2.txt 0.00268265 0.00243151 0.000251133
225 Reddit_feat_L2.txt 0.00143585 0.00125135 0.000184496
226 Reddit_feat_L2.txt 0.00200268 0.00193287 6.9817e-05
227 Reddit_feat_L2.txt 0.00117436 0.00111069 6.3674e-05
228 Reddit_feat_L2.txt 0.00213867 0.0020559 8.2766e-05
229 Reddit_feat_L2.txt 0.00135026 0.00126232 8.794e-05
230 Reddit_feat_L2.txt 0.00216382 0.00210183 6.1995e-05
231 Reddit_feat_L2.txt 0.00125125 0.00108821 0.00016304
232 Reddit_feat_L2.txt 0.00253091 0.00241732 0.00011359
233 Reddit_feat_L2.txt 0.00130802 0.00123245 7.5567e-05
234 Reddit_feat_L2.txt 0.00216793 0.00207397 9.3953e-05
235 Reddit_feat_L2.txt 0.00128902 0.00119611 9.2902e-05
236 Reddit_feat_L2.txt 0.00254566 0.00244511 0.000100555
237 Reddit_feat_L2.txt 0.00137607 0.00123521 0.000140851
238 Reddit_feat_L2.txt 0.00212025 0.00203763 8.2622e-05
239 Reddit_feat_L2.txt 0.00124102 0.00112579 0.000115235
240 Reddit_feat_L2.txt 0.00203321 0.00195648 7.6727e-05
241 Reddit_feat_L2.txt 0.00119236 0.00110313 8.9231e-05
242 Reddit_feat_L2.txt 0.00209023 0.00186841 0.000221819
243 Reddit_feat_L2.txt 0.00121174 0.00108297 0.000128773
244 Reddit_feat_L2.txt 0.00204264 0.00195514 8.7497e-05
245 Reddit_feat_L2.txt 0.00133573 0.00120817 0.000127557
246 Reddit_feat_L2.txt 0.00204586 0.00198401 6.1858e-05
247 Reddit_feat_L2.txt 0.00114862 0.00108446 6.416e-05
248 Reddit_feat_L2.txt 0.00226286 0.00216837 9.4492e-05
249 Reddit_feat_L2.txt 0.00126688 0.00114335 0.000123528
250 Reddit_feat_L2.txt 0.00220278 0.00209179 0.000110986
251 Reddit_feat_L2.txt 0.00123038 0.00114882 8.1559e-05
252 Reddit_feat_L2.txt 0.00229984 0.00214366 0.000156182
253 Reddit_feat_L2.txt 0.00123312 0.00116042 7.2697e-05
254 Reddit_feat_L2.txt 0.0020688 0.00199907 6.9723e-05
255 Reddit_feat_L2.txt 0.0011656 0.00109234 7.3254e-05
256 Reddit_feat_L2.txt 0.00198953 0.0018976 9.1936e-05
257 Reddit_feat_L2.txt 0.00126552 0.0011936 7.1918e-05
258 Reddit_feat_L2.txt 0.00199722 0.00187892 0.000118295
259 Reddit_feat_L2.txt 0.00115587 0.00108227 7.3603e-05
260 Reddit_feat_L2.txt 0.00202056 0.00192505 9.551e-05
261 Reddit_feat_L2.txt 0.00124434 0.00110318 0.000141165
262 Reddit_feat_L2.txt 0.00198717 0.00191894 6.8229e-05
263 Reddit_feat_L2.txt 0.00105503 0.000978294 7.6731e-05
264 Reddit_feat_L2.txt 0.00239582 0.00203931 0.000356508
265 Reddit_feat_L2.txt 0.00120722 0.00114394 6.3282e-05
266 Reddit_feat_L2.txt 0.00201221 0.00193125 8.096e-05
267 Reddit_feat_L2.txt 0.00124574 0.00115754 8.8198e-05
268 Reddit_feat_L2.txt 0.00215404 0.00205756 9.6472e-05
269 Reddit_feat_L2.txt 0.00123495 0.00116743 6.7521e-05
270 Reddit_feat_L2.txt 0.00223939 0.00210962 0.000129773
271 Reddit_feat_L2.txt 0.00139066 0.00115436 0.000236304
272 Reddit_feat_L2.txt 0.00223575 0.00213685 9.8899e-05
273 Reddit_feat_L2.txt 0.00120939 0.00114824 6.1153e-05
274 Reddit_feat_L2.txt 0.00216477 0.00209355 7.1218e-05
275 Reddit_feat_L2.txt 0.00136713 0.00120426 0.000162864
276 Reddit_feat_L2.txt 0.00215599 0.00201958 0.000136411
277 Reddit_feat_L2.txt 0.0013585 0.00119083 0.000167664
278 Reddit_feat_L2.txt 0.002219 0.00210113 0.000117864
279 Reddit_feat_L2.txt 0.00131277 0.00114368 0.000169086
280 Reddit_feat_L2.txt 0.00213324 0.0020543 7.8941e-05
281 Reddit_feat_L2.txt 0.00136884 0.00127047 9.8377e-05
282 Reddit_feat_L2.txt 0.00205322 0.00199052 6.2701e-05
283 Reddit_feat_L2.txt 0.00125059 0.00119027 6.0325e-05
284 Reddit_feat_L2.txt 0.0022821 0.00204278 0.000239323
285 Reddit_feat_L2.txt 0.00145161 0.00120825 0.000243352
286 Reddit_feat_L2.txt 0.00214676 0.00207085 7.5902e-05
287 Reddit_feat_L2.txt 0.00116623 0.00109247 7.3753e-05
288 Reddit_feat_L2.txt 0.00206952 0.00197684 9.2675e-05
289 Reddit_feat_L2.txt 0.00121444 0.00114605 6.8389e-05
290 Reddit_feat_L2.txt 0.00197947 0.00189781 8.1651e-05
291 Reddit_feat_L2.txt 0.0011647 0.00107234 9.2354e-05
292 Reddit_feat_L2.txt 0.00209842 0.00201635 8.2072e-05
293 Reddit_feat_L2.txt 0.0013345 0.00122209 0.000112412
294 Reddit_feat_L2.txt 0.00222081 0.00212112 9.9691e-05
295 Reddit_feat_L2.txt 0.0012008 0.00112655 7.4255e-05
296 Reddit_feat_L2.txt 0.00218329 0.00211589 6.7405e-05
297 Reddit_feat_L2.txt 0.00122637 0.00111785 0.000108522
298 Reddit_feat_L2.txt 0.00218227 0.00207451 0.000107755
299 Reddit_feat_L2.txt 0.00114298 0.00106072 8.2269e-05
300 Reddit_feat_L2.txt 0.00220618 0.00213552 7.0662e-05
301 Reddit_feat_L2.txt 0.0012804 0.00120789 7.2513e-05
302 Reddit_feat_L2.txt 0.00206747 0.00200948 5.799e-05
303 Reddit_feat_L2.txt 0.00123928 0.00116469 7.4593e-05
304 Reddit_feat_L2.txt 0.00202973 0.00190934 0.00012039
305 Reddit_feat_L2.txt 0.00118786 0.00111899 6.8878e-05
306 Reddit_feat_L2.txt 0.00209193 0.00201043 8.1498e-05
307 Reddit_feat_L2.txt 0.00119049 0.0010906 9.9885e-05
308 Reddit_feat_L2.txt 0.00222677 0.00206631 0.000160463
309 Reddit_feat_L2.txt 0.0012426 0.00114305 9.9546e-05
310 Reddit_feat_L2.txt 0.00208829 0.0019872 0.000101092
311 Reddit_feat_L2.txt 0.00120064 0.00112405 7.6584e-05
312 Reddit_feat_L2.txt 0.00232218 0.00223832 8.3857e-05
313 Reddit_feat_L2.txt 0.0012498 0.00115298 9.6824e-05
314 Reddit_feat_L2.txt 0.00214449 0.00206202 8.2472e-05
315 Reddit_feat_L2.txt 0.00124334 0.00112777 0.000115574
316 Reddit_feat_L2.txt 0.00217556 0.00209554 8.0016e-05
317 Reddit_feat_L2.txt 0.00131711 0.00120737 0.000109748
318 Reddit_feat_L2.txt 0.0021261 0.00204144 8.4657e-05
319 Reddit_feat_L2.txt 0.00131132 0.00118483 0.000126491
320 Reddit_feat_L2.txt 0.00185388 0.00178998 6.3904e-05
321 Reddit_feat_L2.txt 0.00134078 0.00127623 6.4555e-05
322 Reddit_feat_L2.txt 0.00190529 0.00182618 7.9116e-05
323 Reddit_feat_L2.txt 0.0012052 0.00108228 0.000122923
324 Reddit_feat_L2.txt 0.0019177 0.00183618 8.1522e-05
325 Reddit_feat_L2.txt 0.00136295 0.00122734 0.000135613
326 Reddit_feat_L2.txt 0.00196387 0.00188757 7.6302e-05
327 Reddit_feat_L2.txt 0.00119026 0.00112059 6.9663e-05
328 Reddit_feat_L2.txt 0.0022686 0.00217942 8.9187e-05
329 Reddit_feat_L2.txt 0.00129414 0.00122853 6.5618e-05
330 Reddit_feat_L2.txt 0.00210022 0.00188838 0.000211841
331 Reddit_feat_L2.txt 0.00144086 0.00112627 0.00031459
332 Reddit_feat_L2.txt 0.00220466 0.00209046 0.000114192
333 Reddit_feat_L2.txt 0.00130288 0.00122399 7.8885e-05
334 Reddit_feat_L2.txt 0.0021554 0.00207827 7.7127e-05
335 Reddit_feat_L2.txt 0.00116586 0.00109791 6.7954e-05
336 Reddit_feat_L2.txt 0.00224874 0.00208755 0.000161192
337 Reddit_feat_L2.txt 0.00134075 0.00127362 6.7135e-05
338 Reddit_feat_L2.txt 0.00213349 0.00206151 7.1987e-05
339 Reddit_feat_L2.txt 0.00118748 0.00111105 7.6428e-05
340 Reddit_feat_L2.txt 0.00219794 0.00211088 8.7053e-05
341 Reddit_feat_L2.txt 0.00131559 0.00123013 8.5461e-05
342 Reddit_feat_L2.txt 0.00218872 0.00209258 9.6142e-05
343 Reddit_feat_L2.txt 0.00120794 0.00111751 9.0428e-05
344 Reddit_feat_L2.txt 0.00252346 0.00243452 8.8943e-05
345 Reddit_feat_L2.txt 0.00128612 0.00118787 9.8258e-05
346 Reddit_feat_L2.txt 0.00224077 0.0021672 7.3578e-05
347 Reddit_feat_L2.txt 0.00119933 0.00111553 8.3806e-05
348 Reddit_feat_L2.txt 0.00239899 0.00222429 0.000174695
349 Reddit_feat_L2.txt 0.00154923 0.001261 0.000288225
350 Reddit_feat_L2.txt 0.00218702 0.00211392 7.31e-05
351 Reddit_feat_L2.txt 0.00119686 0.00112205 7.4801e-05
352 Reddit_feat_L2.txt 0.00265661 0.00248058 0.000176028
353 Reddit_feat_L2.txt 0.00126868 0.00119609 7.259e-05
354 Reddit_feat_L2.txt 0.00199095 0.00190439 8.6558e-05
355 Reddit_feat_L2.txt 0.00119423 0.00110745 8.6777e-05
356 Reddit_feat_L2.txt 0.00228159 0.00210363 0.000177956
357 Reddit_feat_L2.txt 0.00151762 0.00124009 0.000277526
358 Reddit_feat_L2.txt 0.00231625 0.00213042 0.000185832
359 Reddit_feat_L2.txt 0.00136309 0.00108682 0.000276267
360 Reddit_feat_L2.txt 0.00253871 0.00246204 7.6671e-05
361 Reddit_feat_L2.txt 0.00126971 0.00119323 7.6474e-05
362 Reddit_feat_L2.txt 0.00220578 0.00207054 0.000135237
363 Reddit_feat_L2.txt 0.00115883 0.00107759 8.1236e-05
364 Reddit_feat_L2.txt 0.00249117 0.00241853 7.2636e-05
365 Reddit_feat_L2.txt 0.0013009 0.00120507 9.5837e-05
366 Reddit_feat_L2.txt 0.00217294 0.00205107 0.000121865
367 Reddit_feat_L2.txt 0.00116384 0.00108429 7.9553e-05
368 Reddit_feat_L2.txt 0.00205397 0.00197764 7.6322e-05
369 Reddit_feat_L2.txt 0.00128668 0.00120222 8.4458e-05
370 Reddit_feat_L2.txt 0.00206581 0.00199399 7.182e-05
371 Reddit_feat_L2.txt 0.00120329 0.00110595 9.7337e-05
372 Reddit_feat_L2.txt 0.00214819 0.0020507 9.7489e-05
373 Reddit_feat_L2.txt 0.00134622 0.00123134 0.000114877
374 Reddit_feat_L2.txt 0.00203382 0.00195044 8.3376e-05
375 Reddit_feat_L2.txt 0.00114672 0.00106621 8.0512e-05
376 Reddit_feat_L2.txt 0.00221087 0.00212787 8.3001e-05
377 Reddit_feat_L2.txt 0.00133064 0.00122753 0.00010311
378 Reddit_feat_L2.txt 0.0022032 0.00214379 5.9411e-05
379 Reddit_feat_L2.txt 0.00113768 0.00107533 6.2353e-05
380 Reddit_feat_L2.txt 0.00226587 0.00220329 6.2575e-05
381 Reddit_feat_L2.txt 0.0013226 0.00125347 6.913e-05
382 Reddit_feat_L2.txt 0.00210848 0.00203146 7.702e-05
383 Reddit_feat_L2.txt 0.00119252 0.00107346 0.000119058
0 Reddit_A.txt 0.0235989 0.0231935 0.000405445
1 Reddit_A.txt 0.0239413 0.0232 0.000741326
2 Reddit_A.txt 0.0241027 0.0232243 0.000878456
3 Reddit_A.txt 0.0243262 0.0232633 0.00106291
4 Reddit_A.txt 0.0248432 0.0232937 0.00154952
5 Reddit_A.txt 0.0242288 0.0233321 0.000896743
6 Reddit_A.txt 0.0245634 0.0233594 0.00120393
7 Reddit_A.txt 0.0247232 0.0233933 0.00132992
8 Reddit_A.txt 0.0253803 0.0234229 0.00195739
9 Reddit_A.txt 0.0260851 0.0234573 0.00262786
10 Reddit_A.txt 0.0254553 0.0234772 0.00197808
11 Reddit_A.txt 0.0251603 0.0235104 0.00164994
12 Reddit_A.txt 0.0254342 0.0235378 0.00189639
13 Reddit_A.txt 0.0277919 0.0235675 0.00422439
14 Reddit_A.txt 0.0274123 0.023605 0.00380727
15 Reddit_A.txt 0.0280981 0.023638 0.00446014
16 Reddit_A.txt 0.0270579 0.0236672 0.00339072
17 Reddit_A.txt 0.0251485 0.0236962 0.00145225
18 Reddit_A.txt 0.0255508 0.0237244 0.00182637
19 Reddit_A.txt 0.0275037 0.0237564 0.00374733
20 Reddit_A.txt 0.0293806 0.0237935 0.00558719
21 Reddit_A.txt 0.0299038 0.0238251 0.0060787
22 Reddit_A.txt 0.0305114 0.0238525 0.00665891
23 Reddit_A.txt 0.0303255 0.0238966 0.00642889
24 Reddit_A.txt 0.0298839 0.0238961 0.00598788
25 Reddit_A.txt 0.0275466 0.0238564 0.0036902
26 Reddit_A.txt 0.0266207 0.0238273 0.00279349
27 Reddit_A.txt 0.0283057 0.023794 0.00451171
28 Reddit_A.txt 0.0262732 0.0237645 0.00250871
29 Reddit_A.txt 0.0301763 0.0237348 0.00644155
30 Reddit_A.txt 0.0299038 0.0237003 0.00620357
31 Reddit_A.txt 0.0269184 0.0236789 0.00323947
32 Reddit_A.txt 0.0272313 0.0236405 0.00359074
33 Reddit_A.txt 0.0263 0.0236127 0.00268736
34 Reddit_A.txt 0.0266231 0.02358 0.00304312
35 Reddit_A.txt 0.0259762 0.0235475 0.00242876
36 Reddit_A.txt 0.0265139 0.0235224 0.00299151
37 Reddit_A.txt 0.0317715 0.0234821 0.00828938
38 Reddit_A.txt 0.0267248 0.0234459 0.00327885
39 Reddit_A.txt 0.035563 0.023416 0.0121471
40 Reddit_A.txt 0.0268224 0.0233874 0.00343499
41 Reddit_A.txt 0.0257099 0.0233582 0.00235168
42 Reddit_A.txt 0.027488 0.0233216 0.00416638
43 Reddit_A.txt 0.026824 0.0233532 0.00347082
44 Reddit_A.txt 0.0269285 0.0233846 0.00354395
45 Reddit_A.txt 0.0277167 0.0234223 0.00429441
46 Reddit_A.txt 0.0297514 0.0234481 0.00630322
47 Reddit_A.txt 0.030457 0.0234912 0.00696581
48 Reddit_A.txt 0.0308593 0.0235046 0.00735473
49 Reddit_A.txt 0.0307412 0.0235312 0.00721001
50 Reddit_A.txt 0.0316501 0.0235661 0.008084
51 Reddit_A.txt 0.0312327 0.0235967 0.00763603
52 Reddit_A.txt 0.030291 0.0236244 0.00666659
53 Reddit_A.txt 0.0303544 0.0236636 0.00669088
54 Reddit_A.txt 0.0287582 0.0236985 0.00505972
55 Reddit_A.txt 0.0288922 0.0237339 0.0051583
56 Reddit_A.txt 0.0287546 0.0237666 0.004988
57 Reddit_A.txt 0.0296205 0.0238071 0.00581334
58 Reddit_A.txt 0.0290164 0.0238319 0.00518459
59 Reddit_A.txt 0.028552 0.0238648 0.0046872
60 Reddit_A.txt 0.0318144 0.0239029 0.00791141
61 Reddit_A.txt 0.0355666 0.023943 0.0116236
62 Reddit_A.txt 0.028627 0.0239658 0.00466119
63 Reddit_A.txt 0.0310935 0.0240003 0.00709325
64 Reddit_A.txt 0.0331954 0.0240303 0.00916511
65 Reddit_A.txt 0.029151 0.0240597 0.00509123
66 Reddit_A.txt 0.0298056 0.0240977 0.0057079
67 Reddit_A.txt 0.0335894 0.0241245 0.00946498
68 Reddit_A.txt 0.0314567 0.0241554 0.00730127
69 Reddit_A.txt 0.0302603 0.0241861 0.00607428
70 Reddit_A.txt 0.0309489 0.024217 0.00673188
71 Reddit_A.txt 0.0337498 0.0242498 0.0095
72 Reddit_A.txt 0.0291587 0.024256 0.00490265
73 Reddit_A.txt 0.0298537 0.0242177 0.005636
74 Reddit_A.txt 0.0298968 0.0241902 0.0057066
75 Reddit_A.txt 0.0319827 0.0241617 0.00782096
76 Reddit_A.txt 0.03049 0.0241231 0.00636697
77 Reddit_A.txt 0.0320559 0.0240952 0.00796065
78 Reddit_A.txt 0.0320528 0.0240618 0.00799101
79 Reddit_A.txt 0.0305198 0.0240312 0.00648854
80 Reddit_A.txt 0.0310463 0.0240056 0.00704067
81 Reddit_A.txt 0.0317571 0.0239704 0.00778672
82 Reddit_A.txt 0.031059 0.0239418 0.00711724
83 Reddit_A.txt 0.033768 0.0239103 0.00985773
84 Reddit_A.txt 0.0306211 0.0238753 0.00674585
85 Reddit_A.txt 0.0303872 0.023847 0.00654023
86 Reddit_A.txt 0.0309787 0.0238186 0.00716009
87 Reddit_A.txt 0.032729 0.0237846 0.00894436
88 Reddit_A.txt 0.0320854 0.0237542 0.00833115
89 Reddit_A.txt 0.0363995 0.0237258 0.0126737
90 Reddit_A.txt 0.0434477 0.0236834 0.0197642
91 Reddit_A.txt 0.0310292 0.0236364 0.00739277
92 Reddit_A.txt 0.0324223 0.0236403 0.00878196
93 Reddit_A.txt 0.0323436 0.0236836 0.00865994
94 Reddit_A.txt 0.0337433 0.0237153 0.0100281
95 Reddit_A.txt 0.0324898 0.0237407 0.00874904
96 Reddit_A.txt 0.0323235 0.0237604 0.00856309
97 Reddit_A.txt 0.0324217 0.0238049 0.00861675
98 Reddit_A.txt 0.0361061 0.023847 0.0122591
99 Reddit_A.txt 0.0328396 0.0238786 0.00896101
100 Reddit_A.txt 0.0333771 0.0239108 0.00946631
101 Reddit_A.txt 0.0330583 0.02395 0.00910829
102 Reddit_A.txt 0.0381849 0.023972 0.0142129
103 Reddit_A.txt 0.0318196 0.0240045 0.0078151
104 Reddit_A.txt 0.0347256 0.0240446 0.0106809
105 Reddit_A.txt 0.0315973 0.0240722 0.00752511
106 Reddit_A.txt 0.033339 0.0241038 0.00923519
107 Reddit_A.txt 0.0337348 0.0241367 0.00959815
108 Reddit_A.txt 0.034483 0.0241749 0.0103082
109 Reddit_A.txt 0.0331399 0.0241925 0.00894739
110 Reddit_A.txt 0.0360553 0.0242309 0.0118244
111 Reddit_A.txt 0.0446275 0.0242663 0.0203612
112 Reddit_A.txt 0.0370049 0.0242999 0.0127049
113 Reddit_A.txt 0.0353728 0.0243239 0.0110489
114 Reddit_A.txt 0.0361856 0.0243565 0.0118291
115 Reddit_A.txt 0.042827 0.0243929 0.0184341
116 Reddit_A.txt 0.0325792 0.0244142 0.00816502
117 Reddit_A.txt 0.037767 0.024448 0.0133191
118 Reddit_A.txt 0.0336685 0.0244741 0.00919445
119 Reddit_A.txt 0.0358139 0.0245144 0.0112995
120 Reddit_A.txt 0.0383541 0.0245045 0.0138496
121 Reddit_A.txt 0.0370996 0.024474 0.0126257
122 Reddit_A.txt 0.0396058 0.0244441 0.0151617
123 Reddit_A.txt 0.0387236 0.0244179 0.0143057
124 Reddit_A.txt 0.0359627 0.0243915 0.0115711
125 Reddit_A.txt 0.039477 0.0243513 0.0151257
126 Reddit_A.txt 0.0367093 0.024327 0.0123823
127 Reddit_A.txt 0.039699 0.024297 0.015402
128 Reddit_A.txt 0.0392352 0.0242728 0.0149624
129 Reddit_A.txt 0.0366912 0.0242324 0.0124588
130 Reddit_A.txt 0.0343664 0.0242008 0.0101656
131 Reddit_A.txt 0.0354875 0.0241721 0.0113154
132 Reddit_A.txt 0.0344858 0.0241348 0.010351
133 Reddit_A.txt 0.0377804 0.0241044 0.0136759
134 Reddit_A.txt 0.0390267 0.0240746 0.014952
135 Reddit_A.txt 0.0439982 0.024054 0.0199441
136 Reddit_A.txt 0.033692 0.0240078 0.00968426
137 Reddit_A.txt 0.0375761 0.0239748 0.0136013
138 Reddit_A.txt 0.0378049 0.0239962 0.0138087
139 Reddit_A.txt 0.0377988 0.0240232 0.0137756
140 Reddit_A.txt 0.0401512 0.0240538 0.0160974
141 Reddit_A.txt 0.038954 0.0240944 0.0148596
142 Reddit_A.txt 0.0408142 0.024128 0.0166862
143 Reddit_A.txt 0.0382734 0.0241613 0.014112
144 Reddit_A.txt 0.0370145 0.0241934 0.0128211
145 Reddit_A.txt 0.0416733 0.0242228 0.0174505
146 Reddit_A.txt 0.0447063 0.0242562 0.0204501
147 Reddit_A.txt 0.0370662 0.0242895 0.0127767
148 Reddit_A.txt 0.0455552 0.0243249 0.0212303
149 Reddit_A.txt 0.039765 0.0243597 0.0154054
150 Reddit_A.txt 0.0396926 0.0243867 0.015306
151 Reddit_A.txt 0.0404939 0.024429 0.0160649
152 Reddit_A.txt 0.0358908 0.0244619 0.0114289
153 Reddit_A.txt 0.0379263 0.024497 0.0134293
154 Reddit_A.txt 0.0435788 0.0245228 0.019056
155 Reddit_A.txt 0.0459209 0.024572 0.0213489
156 Reddit_A.txt 0.0388857 0.0245889 0.0142968
157 Reddit_A.txt 0.0419722 0.0246238 0.0173484
158 Reddit_A.txt 0.0394857 0.0246548 0.0148309
159 Reddit_A.txt 0.0432942 0.0246932 0.018601
160 Reddit_A.txt 0.0381574 0.02472 0.0134374
161 Reddit_A.txt 0.0402756 0.0247498 0.0155258
162 Reddit_A.txt 0.0411527 0.0247855 0.0163672
163 Reddit_A.txt 0.0411969 0.0248149 0.0163821
164 Reddit_A.txt 0.0487497 0.0248506 0.0238991
165 Reddit_A.txt 0.039471 0.02488 0.0145911
166 Reddit_A.txt 0.0383261 0.0249133 0.0134129
167 Reddit_A.txt 0.0411496 0.0249458 0.0162037
168 Reddit_A.txt 0.0430113 0.0249417 0.0180696
169 Reddit_A.txt 0.0405565 0.0249182 0.0156383
170 Reddit_A.txt 0.0415331 0.024883 0.0166501
171 Reddit_A.txt 0.0399242 0.0248491 0.0150752
172 Reddit_A.txt 0.0370994 0.0248168 0.0122826
173 Reddit_A.txt 0.0468077 0.0247839 0.0220238
174 Reddit_A.txt 0.0485356 0.0247634 0.0237722
175 Reddit_A.txt 0.0391612 0.0247322 0.014429
176 Reddit_A.txt 0.0406343 0.0246978 0.0159365
177 Reddit_A.txt 0.0421375 0.0246646 0.0174728
178 Reddit_A.txt 0.0572663 0.0246277 0.0326386
179 Reddit_A.txt 0.0427467 0.0245974 0.0181494
180 Reddit_A.txt 0.0426433 0.0245633 0.01808
181 Reddit_A.txt 0.0374129 0.0245305 0.0128824
182 Reddit_A.txt 0.0468977 0.0245274 0.0223703
183 Reddit_A.txt 0.0434591 0.0245714 0.0188876
184 Reddit_A.txt 0.0441549 0.0245973 0.0195576
185 Reddit_A.txt 0.0507208 0.0246286 0.0260922
186 Reddit_A.txt 0.0490289 0.024663 0.0243659
187 Reddit_A.txt 0.0397674 0.0246964 0.015071
188 Reddit_A.txt 0.0431896 0.0247374 0.0184523
189 Reddit_A.txt 0.0443044 0.0247677 0.0195368
190 Reddit_A.txt 0.0464597 0.0248106 0.0216492
191 Reddit_A.txt 0.0428274 0.0248356 0.0179917
192 Reddit_A.txt 0.042233 0.0248827 0.0173503
193 Reddit_A.txt 0.0526292 0.0249106 0.0277186
194 Reddit_A.txt 0.0532691 0.0249448 0.0283243
195 Reddit_A.txt 0.0512189 0.0249739 0.0262451
196 Reddit_A.txt 0.0403222 0.0250116 0.0153106
197 Reddit_A.txt 0.045221 0.0250501 0.0201709
198 Reddit_A.txt 0.0398186 0.0250864 0.0147322
199 Reddit_A.txt 0.0450173 0.0251297 0.0198876
200 Reddit_A.txt 0.0482445 0.0251636 0.0230808
201 Reddit_A.txt 0.0403761 0.0251975 0.0151787
202 Reddit_A.txt 0.066688 0.0252404 0.0414476
203 Reddit_A.txt 0.0504918 0.025267 0.0252248
204 Reddit_A.txt 0.0534139 0.0253031 0.0281108
205 Reddit_A.txt 0.0473066 0.0253299 0.0219767
206 Reddit_A.txt 0.0517978 0.0253674 0.0264303
207 Reddit_A.txt 0.04705 0.0254031 0.0216469
208 Reddit_A.txt 0.0410766 0.0254346 0.0156421
209 Reddit_A.txt 0.0391093 0.0254668 0.0136425
210 Reddit_A.txt 0.0522074 0.0254999 0.0267075
211 Reddit_A.txt 0.0715306 0.0255281 0.0460025
212 Reddit_A.txt 0.045804 0.0255617 0.0202423
213 Reddit_A.txt 0.0469784 0.0255943 0.0213841
214 Reddit_A.txt 0.0481762 0.0256292 0.022547
215 Reddit_A.txt 0.061473 0.0256584 0.0358146
216 Reddit_A.txt 0.0486701 0.0256637 0.0230064
217 Reddit_A.txt 0.0431399 0.0256285 0.0175114
218 Reddit_A.txt 0.0480776 0.0255981 0.0224795
219 Reddit_A.txt 0.0594146 0.0255621 0.0338524
220 Reddit_A.txt 0.0431545 0.025532 0.0176225
221 Reddit_A.txt 0.0500467 0.0254989 0.0245478
222 Reddit_A.txt 0.0551327 0.025477 0.0296557
223 Reddit_A.txt 0.0585967 0.0254349 0.0331617
224 Reddit_A.txt 0.0573636 0.0254006 0.031963
225 Reddit_A.txt 0.0434613 0.025367 0.0180943
226 Reddit_A.txt 0.0467681 0.02534 0.0214282
227 Reddit_A.txt 0.0515938 0.025303 0.0262908
228 Reddit_A.txt 0.0617201 0.0252727 0.0364475
229 Reddit_A.txt 0.0447473 0.0252408 0.0195065
230 Reddit_A.txt 0.0482461 0.0252099 0.0230362
231 Reddit_A.txt 0.0511727 0.0251618 0.0260109
232 Reddit_A.txt 0.0552426 0.0251358 0.0301067
233 Reddit_A.txt 0.0454103 0.0251016 0.0203086
234 Reddit_A.txt 0.0592232 0.0250729 0.0341503
235 Reddit_A.txt 0.0477063 0.0250219 0.0226845
236 Reddit_A.txt 0.0481157 0.0250131 0.0231026
237 Reddit_A.txt 0.051855 0.0250422 0.0268128
238 Reddit_A.txt 0.0597871 0.0250881 0.034699
239 Reddit_A.txt 0.0513206 0.0251112 0.0262094
240 Reddit_A.txt 0.0456619 0.025123 0.0205389
241 Reddit_A.txt 0.0525543 0.0251626 0.0273917
242 Reddit_A.txt 0.0440152 0.0251977 0.0188176
243 Reddit_A.txt 0.0539133 0.0252191 0.0286941
244 Reddit_A.txt 0.0601881 0.0252574 0.0349307
245 Reddit_A.txt 0.0559829 0.0252915 0.0306914
246 Reddit_A.txt 0.0646934 0.0253283 0.039365
247 Reddit_A.txt 0.0661423 0.0253681 0.0407742
248 Reddit_A.txt 0.0528285 0.0253918 0.0274366
249 Reddit_A.txt 0.0557406 0.0254216 0.030319
250 Reddit_A.txt 0.0480439 0.0254546 0.0225893
251 Reddit_A.txt 0.0489863 0.0254955 0.0234909
252 Reddit_A.txt 0.048989 0.0255356 0.0234535
253 Reddit_A.txt 0.0588161 0.0255738 0.0332422
254 Reddit_A.txt 0.0576033 0.0256077 0.0319957
255 Reddit_A.txt 0.0552974 0.0256244 0.029673
256 Reddit_A.txt 0.0666767 0.0256558 0.0410209
257 Reddit_A.txt 0.0655869 0.0256971 0.0398898
258 Reddit_A.txt 0.058758 0.0257204 0.0330375
259 Reddit_A.txt 0.0687643 0.0257608 0.0430036
260 Reddit_A.txt 0.0514967 0.025788 0.0257087
261 Reddit_A.txt 0.0583217 0.0258223 0.0324994
262 Reddit_A.txt 0.0604431 0.0258509 0.0345922
263 Reddit_A.txt 0.0723258 0.0258836 0.0464423
264 Reddit_A.txt 0.0630475 0.0258822 0.0371652
265 Reddit_A.txt 0.0691393 0.0258539 0.0432855
266 Reddit_A.txt 0.0584507 0.0258182 0.0326325
267 Reddit_A.txt 0.0557166 0.0257873 0.0299292
268 Reddit_A.txt 0.0537718 0.0257613 0.0280105
269 Reddit_A.txt 0.0618046 0.0257221 0.0360824
270 Reddit_A.txt 0.0539872 0.0256986 0.0282885
271 Reddit_A.txt 0.0558906 0.0256598 0.0302308
272 Reddit_A.txt 0.0614894 0.02563 0.0358594
273 Reddit_A.txt 0.0570295 0.0255994 0.0314301
274 Reddit_A.txt 0.0524332 0.0255702 0.026863
275 Reddit_A.txt 0.0541861 0.025527 0.0286591
276 Reddit_A.txt 0.051839 0.025486 0.026353
277 Reddit_A.txt 0.0613736 0.0254656 0.0359079
278 Reddit_A.txt 0.0711728 0.0254349 0.0457379
279 Reddit_A.txt 0.0462233 0.0254022 0.0208212
280 Reddit_A.txt 0.0855717 0.0253878 0.0601839
281 Reddit_A.txt 0.0651436 0.0254126 0.039731
282 Reddit_A.txt 0.0598039 0.0254605 0.0343434
283 Reddit_A.txt 0.0502679 0.0254891 0.0247789
284 Reddit_A.txt 0.0527536 0.0255086 0.027245
285 Reddit_A.txt 0.0500439 0.0255473 0.0244966
286 Reddit_A.txt 0.0620017 0.0255817 0.03642
287 Reddit_A.txt 0.0609305 0.0256077 0.0353228
288 Reddit_A.txt 0.0565551 0.0256094 0.0309457
289 Reddit_A.txt 0.0620306 0.0256416 0.0363891
290 Reddit_A.txt 0.0539849 0.0256761 0.0283088
291 Reddit_A.txt 0.0459204 0.0257088 0.0202116
292 Reddit_A.txt 0.0589097 0.0257357 0.033174
293 Reddit_A.txt 0.0608852 0.0257685 0.0351167
294 Reddit_A.txt 0.0535258 0.0257985 0.0277273
295 Reddit_A.txt 0.0613816 0.0258296 0.035552
296 Reddit_A.txt 0.073124 0.0258661 0.0472579
297 Reddit_A.txt 0.0630798 0.0258991 0.0371807
298 Reddit_A.txt 0.0601091 0.0259307 0.0341784
299 Reddit_A.txt 0.0561873 0.0259686 0.0302187
300 Reddit_A.txt 0.0530143 0.0259939 0.0270204
301 Reddit_A.txt 0.0541383 0.0260314 0.028107
302 Reddit_A.txt 0.0528721 0.0260653 0.0268068
303 Reddit_A.txt 0.0695602 0.0260953 0.0434649
304 Reddit_A.txt 0.0577657 0.026132 0.0316338
305 Reddit_A.txt 0.063309 0.026166 0.037143
306 Reddit_A.txt 0.0674009 0.0261996 0.0412013
307 Reddit_A.txt 0.0608713 0.0262323 0.034639
308 Reddit_A.txt 0.0566029 0.0262629 0.0303399
309 Reddit_A.txt 0.061416 0.0263054 0.0351106
310 Reddit_A.txt 0.0696555 0.0263438 0.0433116
311 Reddit_A.txt 0.0598302 0.0263735 0.0334567
312 Reddit_A.txt 0.0525086 0.0263774 0.0261312
313 Reddit_A.txt 0.0704609 0.0263525 0.0441084
314 Reddit_A.txt 0.0685133 0.0263158 0.0421975
315 Reddit_A.txt 0.0546374 0.0262806 0.0283568
316 Reddit_A.txt 0.05801 0.0262424 0.0317676
317 Reddit_A.txt 0.0525923 0.0262065 0.0263858
318 Reddit_A.txt 0.0669055 0.0261766 0.0407288
319 Reddit_A.txt 0.0603303 0.0261445 0.0341858
320 Reddit_A.txt 0.0531054 0.0261122 0.0269932
321 Reddit_A.txt 0.0592379 0.0260799 0.033158
322 Reddit_A.txt 0.0517113 0.0260412 0.0256701
323 Reddit_A.txt 0.0623043 0.0260455 0.0362587
324 Reddit_A.txt 0.0795896 0.0260692 0.0535203
325 Reddit_A.txt 0.052388 0.0261042 0.0262838
326 Reddit_A.txt 0.0617766 0.0261309 0.0356457
327 Reddit_A.txt 0.0685546 0.0261664 0.0423881
328 Reddit_A.txt 0.0659775 0.0261947 0.0397828
329 Reddit_A.txt 0.078908 0.0262187 0.0526892
330 Reddit_A.txt 0.0529109 0.0262492 0.0266617
331 Reddit_A.txt 0.0531762 0.0262818 0.0268944
332 Reddit_A.txt 0.0643264 0.026317 0.0380094
333 Reddit_A.txt 0.0845984 0.0263414 0.0582571
334 Reddit_A.txt 0.0657313 0.0263718 0.0393595
335 Reddit_A.txt 0.0675916 0.0263992 0.0411924
336 Reddit_A.txt 0.0724192 0.0264063 0.0460129
337 Reddit_A.txt 0.0673439 0.0263678 0.0409761
338 Reddit_A.txt 0.0657446 0.0263299 0.0394147
339 Reddit_A.txt 0.0716676 0.0263079 0.0453597
340 Reddit_A.txt 0.0571594 0.0262754 0.030884
341 Reddit_A.txt 0.0702619 0.0262972 0.0439647
342 Reddit_A.txt 0.0711146 0.026324 0.0447906
343 Reddit_A.txt 0.0748666 0.0263502 0.0485164
344 Reddit_A.txt 0.0697249 0.0263717 0.0433532
345 Reddit_A.txt 0.0594732 0.0264041 0.0330691
346 Reddit_A.txt 0.0708591 0.0264352 0.0444238
347 Reddit_A.txt 0.0773763 0.0264756 0.0509007
348 Reddit_A.txt 0.0687359 0.0265078 0.0422281
349 Reddit_A.txt 0.0583257 0.0265389 0.0317868
350 Reddit_A.txt 0.0623248 0.0265722 0.0357526
351 Reddit_A.txt 0.0665781 0.0266084 0.0399697
352 Reddit_A.txt 0.0622858 0.0266492 0.0356366
353 Reddit_A.txt 0.0780354 0.0266804 0.051355
354 Reddit_A.txt 0.0800006 0.026719 0.0532817
355 Reddit_A.txt 0.0876425 0.0267477 0.0608948
356 Reddit_A.txt 0.0626036 0.026778 0.0358256
357 Reddit_A.txt 0.0525216 0.0268111 0.0257104
358 Reddit_A.txt 0.0621175 0.0268428 0.0352747
359 Reddit_A.txt 0.0826858 0.0268797 0.0558061
360 Reddit_A.txt 0.0812113 0.0268837 0.0543276
361 Reddit_A.txt 0.0682924 0.0268456 0.0414468
362 Reddit_A.txt 0.0694146 0.0268175 0.0425971
363 Reddit_A.txt 0.0798778 0.0267866 0.0530912
364 Reddit_A.txt 0.0739334 0.0267608 0.0471726
365 Reddit_A.txt 0.0775849 0.0267462 0.0508387
366 Reddit_A.txt 0.0691878 0.0267709 0.0424168
367 Reddit_A.txt 0.0807233 0.0267917 0.0539316
368 Reddit_A.txt 0.0642338 0.0268211 0.0374127
369 Reddit_A.txt 0.0841707 0.0268512 0.0573195
370 Reddit_A.txt 0.0729319 0.0268582 0.0460737
371 Reddit_A.txt 0.0719138 0.0268569 0.0450569
372 Reddit_A.txt 0.0657664 0.0268622 0.0389041
373 Reddit_A.txt 0.0766163 0.0268876 0.0497287
374 Reddit_A.txt 0.0602739 0.0269026 0.0333714
375 Reddit_A.txt 0.082428 0.026929 0.0554989
376 Reddit_A.txt 0.0836904 0.0269286 0.0567618
377 Reddit_A.txt 0.310602 0.0269519 0.28365
378 Reddit_A.txt 0.224355 0.0269723 0.197382
379 Reddit_A.txt 0.168329 0.0269951 0.141334
380 Reddit_A.txt 0.130384 0.0270206 0.103363
381 Reddit_A.txt 0.102488 0.0270084 0.0754794
382 Reddit_A.txt 0.0760736 0.0270251 0.0490485
383 Reddit_A.txt 0.042779 0.0231694 0.0196095
TACC:  Shutdown complete. Exiting. 
