TACC:  Starting up job 10065966 
TACC:  Starting parallel tasks... 
0 Reddit_feat_L1.txt 0.00119325 0.000430534 0.00076272
1 Reddit_feat_L1.txt 0.00111627 0.000307889 0.00080838
2 Reddit_feat_L1.txt 0.00125721 0.00043236 0.000824854
3 Reddit_feat_L1.txt 0.00116864 0.00035447 0.000814169
4 Reddit_feat_L1.txt 0.00125955 0.000424066 0.000835488
5 Reddit_feat_L1.txt 0.00109446 0.000314151 0.000780313
6 Reddit_feat_L1.txt 0.00135898 0.000456092 0.000902892
7 Reddit_feat_L1.txt 0.00119049 0.000310374 0.000880119
8 Reddit_feat_L1.txt 0.00132029 0.000428285 0.000892009
9 Reddit_feat_L1.txt 0.00111052 0.000302948 0.000807571
10 Reddit_feat_L1.txt 0.00129495 0.000427733 0.00086722
11 Reddit_feat_L1.txt 0.0011955 0.000350804 0.000844693
12 Reddit_feat_L1.txt 0.00123292 0.000412099 0.000820816
13 Reddit_feat_L1.txt 0.0011041 0.000306468 0.000797629
14 Reddit_feat_L1.txt 0.00137683 0.000439353 0.00093748
15 Reddit_feat_L1.txt 0.00117118 0.000296906 0.000874272
16 Reddit_feat_L1.txt 0.00122298 0.00040197 0.000821006
17 Reddit_feat_L1.txt 0.00119962 0.000283547 0.000916069
18 Reddit_feat_L1.txt 0.00132538 0.000410382 0.000915002
19 Reddit_feat_L1.txt 0.0012429 0.000268785 0.000974118
20 Reddit_feat_L1.txt 0.00119001 0.000403314 0.000786701
21 Reddit_feat_L1.txt 0.00117994 0.000273835 0.0009061
22 Reddit_feat_L1.txt 0.00128418 0.000402797 0.000881387
23 Reddit_feat_L1.txt 0.00115868 0.000252421 0.000906255
0 Reddit_A.txt 0.0149116 0.0061104 0.0088012
1 Reddit_A.txt 0.0272173 0.00627508 0.0209422
2 Reddit_A.txt 0.0322199 0.00645218 0.0257677
3 Reddit_A.txt 0.0370098 0.00657537 0.0304344
4 Reddit_A.txt 0.035839 0.00657412 0.0292649
5 Reddit_A.txt 0.0470144 0.00640676 0.0406076
6 Reddit_A.txt 0.0532764 0.00629847 0.0469779
7 Reddit_A.txt 0.0648828 0.00643046 0.0584524
8 Reddit_A.txt 0.0737583 0.00655535 0.067203
9 Reddit_A.txt 0.0806248 0.00668715 0.0739377
10 Reddit_A.txt 0.0800536 0.00668556 0.073368
11 Reddit_A.txt 0.0983882 0.00655866 0.0918295
12 Reddit_A.txt 0.119462 0.00667983 0.112782
13 Reddit_A.txt 0.125689 0.00682825 0.118861
14 Reddit_A.txt 0.128912 0.00699818 0.121914
15 Reddit_A.txt 0.136089 0.00699838 0.12909
16 Reddit_A.txt 0.167215 0.00685224 0.160362
17 Reddit_A.txt 0.153011 0.00670783 0.146303
18 Reddit_A.txt 0.154751 0.00649044 0.14826
19 Reddit_A.txt 0.157548 0.00629261 0.151256
20 Reddit_A.txt 0.178686 0.00608403 0.172602
21 Reddit_A.txt 0.179588 0.00608384 0.173504
22 Reddit_A.txt 0.196026 0.00608466 0.189942
23 Reddit_A.txt 0.341748 0.0059457 0.335802
TACC:  Shutdown complete. Exiting. 
