TACC:  Starting up job 10065966 
TACC:  Starting parallel tasks... 
0 Reddit_feat_L1.txt 0.0012203 0.000418895 0.000801405
1 Reddit_feat_L1.txt 0.00133019 0.000488674 0.00084152
2 Reddit_feat_L1.txt 0.00133741 0.000476502 0.000860906
3 Reddit_feat_L1.txt 0.00136305 0.00054933 0.000813718
4 Reddit_feat_L1.txt 0.0012841 0.000450559 0.000833536
5 Reddit_feat_L1.txt 0.00132811 0.00055024 0.000777869
6 Reddit_feat_L1.txt 0.00134078 0.00044152 0.000899256
7 Reddit_feat_L1.txt 0.00139975 0.000516474 0.00088328
8 Reddit_feat_L1.txt 0.00132443 0.000431906 0.000892522
9 Reddit_feat_L1.txt 0.00129667 0.00048547 0.0008112
10 Reddit_feat_L1.txt 0.00135158 0.000484185 0.000867397
11 Reddit_feat_L1.txt 0.00139954 0.000555289 0.000844254
12 Reddit_feat_L1.txt 0.00123623 0.000447049 0.000789184
13 Reddit_feat_L1.txt 0.00133538 0.000539825 0.000795552
14 Reddit_feat_L1.txt 0.0013563 0.000429339 0.000926962
15 Reddit_feat_L1.txt 0.0013869 0.000518402 0.000868497
16 Reddit_feat_L1.txt 0.00122494 0.000413082 0.000811855
17 Reddit_feat_L1.txt 0.00137491 0.000464497 0.00091041
18 Reddit_feat_L1.txt 0.00135357 0.000408084 0.000945489
19 Reddit_feat_L1.txt 0.00148453 0.000482922 0.00100161
20 Reddit_feat_L1.txt 0.00121589 0.000409415 0.000806473
21 Reddit_feat_L1.txt 0.0013825 0.000487973 0.000894528
22 Reddit_feat_L1.txt 0.00128153 0.000399491 0.000882037
23 Reddit_feat_L1.txt 0.00136933 0.00047422 0.000895105
0 Reddit_A.txt 0.0149735 0.00621498 0.0087585
1 Reddit_A.txt 0.0268611 0.0063659 0.0204952
2 Reddit_A.txt 0.0317686 0.00653659 0.025232
3 Reddit_A.txt 0.0367771 0.00653411 0.030243
4 Reddit_A.txt 0.0359231 0.00649471 0.0294283
5 Reddit_A.txt 0.0472667 0.00648802 0.0407787
6 Reddit_A.txt 0.0532925 0.00658216 0.0467104
7 Reddit_A.txt 0.0647586 0.00674451 0.0580141
8 Reddit_A.txt 0.0741632 0.00692077 0.0672424
9 Reddit_A.txt 0.0800558 0.00691995 0.0731359
10 Reddit_A.txt 0.0796011 0.00674763 0.0728535
11 Reddit_A.txt 0.0984309 0.00658192 0.091849
12 Reddit_A.txt 0.119182 0.00636903 0.112813
13 Reddit_A.txt 0.128554 0.00646113 0.122093
14 Reddit_A.txt 0.130247 0.00664093 0.123606
15 Reddit_A.txt 0.136073 0.00663909 0.129434
16 Reddit_A.txt 0.166015 0.00648463 0.15953
17 Reddit_A.txt 0.153127 0.0063307 0.146796
18 Reddit_A.txt 0.158141 0.00627593 0.151865
19 Reddit_A.txt 0.160258 0.00638755 0.153871
20 Reddit_A.txt 0.181481 0.006386 0.175095
21 Reddit_A.txt 0.175409 0.00635112 0.169058
22 Reddit_A.txt 0.195089 0.00635118 0.188738
23 Reddit_A.txt 0.336321 0.00621588 0.330105
TACC:  Shutdown complete. Exiting. 
