TACC:  Starting up job 10066078 
TACC:  Starting parallel tasks... 
0 Reddit_feat_L1.txt 0.00173243 0.000180198 0.00155223
1 Reddit_feat_L1.txt 0.00181275 0.000264849 0.0015479
2 Reddit_feat_L1.txt 0.0017972 0.000249132 0.00154807
3 Reddit_feat_L1.txt 0.00199948 0.000253126 0.00174636
4 Reddit_feat_L1.txt 0.00176381 0.000181814 0.00158199
5 Reddit_feat_L1.txt 0.00187169 0.000267139 0.00160455
6 Reddit_feat_L1.txt 0.00182611 0.00025296 0.00157315
7 Reddit_feat_L1.txt 0.00195807 0.000249765 0.00170831
8 Reddit_feat_L1.txt 0.00184789 0.000172849 0.00167504
9 Reddit_feat_L1.txt 0.00203168 0.000196564 0.00183512
10 Reddit_feat_L1.txt 0.00186517 0.000186191 0.00167898
11 Reddit_feat_L1.txt 0.00195185 0.000192055 0.0017598
0 Reddit_A.txt 0.0358864 0.00560974 0.0302766
1 Reddit_A.txt 0.053766 0.00586556 0.0479004
2 Reddit_A.txt 0.0703395 0.00593662 0.0644029
3 Reddit_A.txt 0.105199 0.00605956 0.0991391
4 Reddit_A.txt 0.144417 0.0061468 0.138271
5 Reddit_A.txt 0.153222 0.00627406 0.146948
6 Reddit_A.txt 0.229661 0.00626703 0.223394
7 Reddit_A.txt 0.236861 0.00565772 0.231203
8 Reddit_A.txt 0.290563 0.00555918 0.285004
9 Reddit_A.txt 0.286572 0.00530392 0.281268
10 Reddit_A.txt 0.317691 0.00494378 0.312747
11 Reddit_A.txt 0.491185 0.00518091 0.486004
TACC:  Shutdown complete. Exiting. 
