TACC:  Starting up job 10066078 
TACC:  Starting parallel tasks... 
0 Reddit_feat_L2.txt 0.0116668 0.000150916 0.0115159
1 Reddit_feat_L2.txt 0.00599784 0.000181533 0.00581631
2 Reddit_feat_L2.txt 0.00338858 0.000159725 0.00322885
3 Reddit_feat_L2.txt 0.00386106 0.000167341 0.00369372
4 Reddit_feat_L2.txt 0.002783 0.000147903 0.00263509
5 Reddit_feat_L2.txt 0.00363091 0.000184834 0.00344608
6 Reddit_feat_L2.txt 0.00297848 0.000161206 0.00281727
7 Reddit_feat_L2.txt 0.00213549 0.000160845 0.00197464
8 Reddit_feat_L2.txt 0.0022308 0.000136458 0.00209434
9 Reddit_feat_L2.txt 0.00266465 0.000182776 0.00248187
10 Reddit_feat_L2.txt 0.00298802 0.000169799 0.00281822
11 Reddit_feat_L2.txt 0.00189648 0.000172867 0.00172361
0 Reddit_A.txt 0.0856573 0.010954 0.0747033
1 Reddit_A.txt 0.129943 0.0109538 0.11899
2 Reddit_A.txt 0.170455 0.0110566 0.159398
3 Reddit_A.txt 0.25172 0.0110557 0.240664
4 Reddit_A.txt 0.325403 0.0109148 0.314489
5 Reddit_A.txt 0.389815 0.0110598 0.378756
6 Reddit_A.txt 0.552596 0.0110495 0.541546
7 Reddit_A.txt 0.590238 0.0109184 0.57932
8 Reddit_A.txt 0.716351 0.0110219 0.705329
9 Reddit_A.txt 0.69169 0.0110272 0.680663
10 Reddit_A.txt 0.799065 0.0105596 0.788505
11 Reddit_A.txt 1.21953 0.0106898 1.20884
TACC:  Shutdown complete. Exiting. 
