TACC:  Starting up job 10066078 
TACC:  Starting parallel tasks... 
0 Reddit_feat_L2.txt 0.0117533 0.00015489 0.0115985
1 Reddit_feat_L2.txt 0.0060143 0.000193896 0.0058204
2 Reddit_feat_L2.txt 0.00343299 0.000169092 0.0032639
3 Reddit_feat_L2.txt 0.00319185 0.000186152 0.0030057
4 Reddit_feat_L2.txt 0.00383449 0.000153719 0.00368077
5 Reddit_feat_L2.txt 0.0026359 0.000194307 0.00244159
6 Reddit_feat_L2.txt 0.00367661 0.000168211 0.0035084
7 Reddit_feat_L2.txt 0.00214688 0.000177388 0.00196949
8 Reddit_feat_L2.txt 0.00225816 0.000144068 0.0021141
9 Reddit_feat_L2.txt 0.00193573 0.000185464 0.00175027
10 Reddit_feat_L2.txt 0.00301395 0.000164822 0.00284913
11 Reddit_feat_L2.txt 0.00194896 0.000178832 0.00177012
0 Reddit_A.txt 0.0875008 0.0146255 0.0728753
1 Reddit_A.txt 0.136494 0.0152407 0.121253
2 Reddit_A.txt 0.17432 0.0152376 0.159083
3 Reddit_A.txt 0.255952 0.014108 0.241844
4 Reddit_A.txt 0.37337 0.0137593 0.35961
5 Reddit_A.txt 0.411894 0.0129875 0.398906
6 Reddit_A.txt 0.55671 0.0122846 0.544425
7 Reddit_A.txt 0.58992 0.0120981 0.577822
8 Reddit_A.txt 0.719143 0.011738 0.707405
9 Reddit_A.txt 0.691726 0.0110978 0.680628
10 Reddit_A.txt 0.804108 0.0115339 0.792574
11 Reddit_A.txt 1.23846 0.0135908 1.22487
TACC:  Shutdown complete. Exiting. 
