TACC:  Starting up job 10066078 
TACC:  Starting parallel tasks... 
0 Reddit_feat_L2.txt 0.011619 0.000157019 0.011462
1 Reddit_feat_L2.txt 0.00698709 0.000156408 0.00683068
2 Reddit_feat_L2.txt 0.00434097 0.000160433 0.00418054
3 Reddit_feat_L2.txt 0.00383454 0.000163429 0.00367111
4 Reddit_feat_L2.txt 0.00269187 0.000157543 0.00253433
5 Reddit_feat_L2.txt 0.00349531 0.000160948 0.00333436
6 Reddit_feat_L2.txt 0.00297197 0.000163948 0.00280802
7 Reddit_feat_L2.txt 0.00308899 0.0001578 0.00293119
8 Reddit_feat_L2.txt 0.00227352 0.000152339 0.00212118
9 Reddit_feat_L2.txt 0.00257194 0.000159064 0.00241287
10 Reddit_feat_L2.txt 0.00205799 0.000154607 0.00190338
11 Reddit_feat_L2.txt 0.00282599 0.000157049 0.00266895
0 Reddit_A.txt 0.0854141 0.0112621 0.074152
1 Reddit_A.txt 0.131561 0.0110694 0.120491
2 Reddit_A.txt 0.169997 0.0118064 0.158191
3 Reddit_A.txt 0.261206 0.0129647 0.248242
4 Reddit_A.txt 0.346841 0.0137487 0.333092
5 Reddit_A.txt 0.375678 0.0137559 0.361922
6 Reddit_A.txt 0.556571 0.0125954 0.543975
7 Reddit_A.txt 0.586463 0.012162 0.574301
8 Reddit_A.txt 0.719123 0.0120929 0.70703
9 Reddit_A.txt 0.695112 0.0114955 0.683616
10 Reddit_A.txt 0.798624 0.0110537 0.78757
11 Reddit_A.txt 1.23036 0.0112623 1.21909
TACC:  Shutdown complete. Exiting. 
