TACC:  Starting up job 10066078 
TACC:  Starting parallel tasks... 
0 Reddit_feat_L1.txt 0.00170514 0.000169361 0.00153578
1 Reddit_feat_L1.txt 0.00177302 0.000245476 0.00152754
2 Reddit_feat_L1.txt 0.00178173 0.000256097 0.00152563
3 Reddit_feat_L1.txt 0.00202334 0.000229438 0.0017939
4 Reddit_feat_L1.txt 0.00177569 0.000183011 0.00159268
5 Reddit_feat_L1.txt 0.00186326 0.00024546 0.0016178
6 Reddit_feat_L1.txt 0.00181443 0.000260317 0.00155411
7 Reddit_feat_L1.txt 0.00190594 0.000224612 0.00168133
8 Reddit_feat_L1.txt 0.00181352 0.000174594 0.00163893
9 Reddit_feat_L1.txt 0.00199253 0.000196377 0.00179616
10 Reddit_feat_L1.txt 0.00179099 0.00019398 0.00159701
11 Reddit_feat_L1.txt 0.0018606 0.000188323 0.00167228
0 Reddit_A.txt 0.0431011 0.00810936 0.0349917
1 Reddit_A.txt 0.0660549 0.00856466 0.0574903
2 Reddit_A.txt 0.0852514 0.00855834 0.076693
3 Reddit_A.txt 0.113703 0.00835676 0.105347
4 Reddit_A.txt 0.156993 0.00863775 0.148355
5 Reddit_A.txt 0.189977 0.00863575 0.181341
6 Reddit_A.txt 0.237931 0.00818597 0.229745
7 Reddit_A.txt 0.279398 0.00819171 0.271207
8 Reddit_A.txt 0.348226 0.00812723 0.340098
9 Reddit_A.txt 0.350824 0.00678987 0.344034
10 Reddit_A.txt 0.361346 0.00668853 0.354657
11 Reddit_A.txt 0.557904 0.00735538 0.550549
TACC:  Shutdown complete. Exiting. 
