TACC:  Starting up job 10065966 
TACC:  Starting parallel tasks... 
0 Reddit_feat_L2.txt 0.00618971 0.000344625 0.00584508
1 Reddit_feat_L2.txt 0.00654465 0.00021199 0.00633266
2 Reddit_feat_L2.txt 0.00353532 0.000330731 0.00320459
3 Reddit_feat_L2.txt 0.00393242 0.000213607 0.00371881
4 Reddit_feat_L2.txt 0.00222436 0.000332088 0.00189227
5 Reddit_feat_L2.txt 0.00231598 0.000208441 0.00210754
6 Reddit_feat_L2.txt 0.00229426 0.000318368 0.00197589
7 Reddit_feat_L2.txt 0.00197252 0.000189314 0.0017832
8 Reddit_feat_L2.txt 0.00201898 0.000335247 0.00168373
9 Reddit_feat_L2.txt 0.0021017 0.000205687 0.00189601
10 Reddit_feat_L2.txt 0.00181256 0.00032286 0.0014897
11 Reddit_feat_L2.txt 0.002075 0.000202344 0.00187266
12 Reddit_feat_L2.txt 0.00215628 0.000326747 0.00182954
13 Reddit_feat_L2.txt 0.0018238 0.000200408 0.00162339
14 Reddit_feat_L2.txt 0.00186406 0.000311181 0.00155288
15 Reddit_feat_L2.txt 0.0015374 0.00019523 0.00134217
16 Reddit_feat_L2.txt 0.00176797 0.00032445 0.00144352
17 Reddit_feat_L2.txt 0.00169387 0.000191096 0.00150277
18 Reddit_feat_L2.txt 0.0013679 0.000319314 0.00104859
19 Reddit_feat_L2.txt 0.00135643 0.000197737 0.00115869
20 Reddit_feat_L2.txt 0.00164848 0.000323312 0.00132516
21 Reddit_feat_L2.txt 0.00151455 0.000190516 0.00132404
22 Reddit_feat_L2.txt 0.00182885 0.000309844 0.00151901
23 Reddit_feat_L2.txt 0.0012153 0.000184458 0.00103085
0 Reddit_A.txt 0.0374397 0.0159587 0.021481
1 Reddit_A.txt 0.0670156 0.0154655 0.0515501
2 Reddit_A.txt 0.0750649 0.0150406 0.0600243
3 Reddit_A.txt 0.089225 0.0147293 0.0744957
4 Reddit_A.txt 0.0885185 0.0147673 0.0737511
5 Reddit_A.txt 0.116658 0.0151107 0.101548
6 Reddit_A.txt 0.133766 0.0156359 0.11813
7 Reddit_A.txt 0.158745 0.0159563 0.142789
8 Reddit_A.txt 0.177051 0.0159569 0.161095
9 Reddit_A.txt 0.201174 0.0157088 0.185465
10 Reddit_A.txt 0.199466 0.0155905 0.183876
11 Reddit_A.txt 0.245012 0.0159393 0.229072
12 Reddit_A.txt 0.298485 0.016434 0.282051
13 Reddit_A.txt 0.323599 0.0167638 0.306835
14 Reddit_A.txt 0.323527 0.0167647 0.306762
15 Reddit_A.txt 0.344231 0.0165088 0.327722
16 Reddit_A.txt 0.416084 0.0161689 0.399915
17 Reddit_A.txt 0.382718 0.015822 0.366896
18 Reddit_A.txt 0.394333 0.0161871 0.378146
19 Reddit_A.txt 0.404047 0.0165206 0.387526
20 Reddit_A.txt 0.452877 0.0165193 0.436358
21 Reddit_A.txt 0.452085 0.0163067 0.435778
22 Reddit_A.txt 0.508581 0.0158914 0.492689
23 Reddit_A.txt 0.861273 0.0159616 0.845311
TACC:  Shutdown complete. Exiting. 
