TACC:  Starting up job 10065966 
TACC:  Starting parallel tasks... 
0 Reddit_feat_L2.txt 0.00627728 0.000326884 0.00595039
1 Reddit_feat_L2.txt 0.00659431 0.000222813 0.00637149
2 Reddit_feat_L2.txt 0.00362956 0.000356459 0.0032731
3 Reddit_feat_L2.txt 0.00392947 0.000202603 0.00372686
4 Reddit_feat_L2.txt 0.0022552 0.000321518 0.00193368
5 Reddit_feat_L2.txt 0.00233019 0.000213652 0.00211654
6 Reddit_feat_L2.txt 0.00233177 0.000337466 0.0019943
7 Reddit_feat_L2.txt 0.00198423 0.000200794 0.00178343
8 Reddit_feat_L2.txt 0.00200173 0.000327314 0.00167442
9 Reddit_feat_L2.txt 0.00209113 0.000215463 0.00187567
10 Reddit_feat_L2.txt 0.0017898 0.000339486 0.00145032
11 Reddit_feat_L2.txt 0.00205839 0.000206603 0.00185179
12 Reddit_feat_L2.txt 0.00215199 0.000319741 0.00183225
13 Reddit_feat_L2.txt 0.00183675 0.000205985 0.00163076
14 Reddit_feat_L2.txt 0.00189376 0.000328584 0.00156518
15 Reddit_feat_L2.txt 0.0015805 0.000197738 0.00138277
16 Reddit_feat_L2.txt 0.00177762 0.000318417 0.0014592
17 Reddit_feat_L2.txt 0.0017412 0.000201635 0.00153957
18 Reddit_feat_L2.txt 0.00140594 0.000325282 0.00108065
19 Reddit_feat_L2.txt 0.00141749 0.000193729 0.00122376
20 Reddit_feat_L2.txt 0.00167078 0.000303381 0.0013674
21 Reddit_feat_L2.txt 0.0015093 0.000183972 0.00132533
22 Reddit_feat_L2.txt 0.00186377 0.000313176 0.00155059
23 Reddit_feat_L2.txt 0.00124991 0.000185235 0.00106467
0 Reddit_A.txt 0.0377123 0.0159627 0.0217497
1 Reddit_A.txt 0.0668532 0.0154091 0.0514441
2 Reddit_A.txt 0.0749563 0.0149269 0.0600294
3 Reddit_A.txt 0.0890881 0.0150456 0.0740424
4 Reddit_A.txt 0.0891447 0.0153829 0.0737618
5 Reddit_A.txt 0.116929 0.0155282 0.101401
6 Reddit_A.txt 0.135356 0.0158299 0.119526
7 Reddit_A.txt 0.161964 0.0161486 0.145816
8 Reddit_A.txt 0.180104 0.01615 0.163954
9 Reddit_A.txt 0.202043 0.0158838 0.186159
10 Reddit_A.txt 0.200428 0.0155274 0.184901
11 Reddit_A.txt 0.244867 0.0151973 0.229669
12 Reddit_A.txt 0.298156 0.0151189 0.283037
13 Reddit_A.txt 0.321905 0.0154404 0.306465
14 Reddit_A.txt 0.323188 0.0154418 0.307746
15 Reddit_A.txt 0.34168 0.0151888 0.326492
16 Reddit_A.txt 0.417446 0.0154511 0.401995
17 Reddit_A.txt 0.382573 0.0156026 0.36697
18 Reddit_A.txt 0.395702 0.0162705 0.379431
19 Reddit_A.txt 0.402114 0.0166177 0.385496
20 Reddit_A.txt 0.453586 0.0166184 0.436968
21 Reddit_A.txt 0.455442 0.016365 0.439077
22 Reddit_A.txt 0.513028 0.0163663 0.496662
23 Reddit_A.txt 0.877287 0.0159667 0.86132
TACC:  Shutdown complete. Exiting. 
