TACC:  Starting up job 10065966 
TACC:  Starting parallel tasks... 
0 Reddit_feat_L1.txt 0.00121284 0.000429162 0.000783679
1 Reddit_feat_L1.txt 0.00121393 0.000368281 0.000845651
2 Reddit_feat_L1.txt 0.00130728 0.000460538 0.000846746
3 Reddit_feat_L1.txt 0.00113835 0.000324762 0.000813584
4 Reddit_feat_L1.txt 0.00126745 0.000436781 0.000830668
5 Reddit_feat_L1.txt 0.0011474 0.000367678 0.000779722
6 Reddit_feat_L1.txt 0.00132664 0.000426469 0.000900173
7 Reddit_feat_L1.txt 0.00114895 0.000269931 0.00087902
8 Reddit_feat_L1.txt 0.00132462 0.000431557 0.000893063
9 Reddit_feat_L1.txt 0.00114602 0.000339317 0.0008067
10 Reddit_feat_L1.txt 0.00131009 0.000441869 0.000868225
11 Reddit_feat_L1.txt 0.00113446 0.000290024 0.000844437
12 Reddit_feat_L1.txt 0.00122769 0.000417457 0.000810228
13 Reddit_feat_L1.txt 0.00114811 0.00035365 0.000794456
14 Reddit_feat_L1.txt 0.00137126 0.000438019 0.000933237
15 Reddit_feat_L1.txt 0.00114946 0.000280231 0.000869228
16 Reddit_feat_L1.txt 0.00120516 0.00039393 0.000811231
17 Reddit_feat_L1.txt 0.00117147 0.000260412 0.000911055
18 Reddit_feat_L1.txt 0.00132453 0.000409948 0.000914581
19 Reddit_feat_L1.txt 0.00124482 0.000272924 0.000971897
20 Reddit_feat_L1.txt 0.00116284 0.000380117 0.000782723
21 Reddit_feat_L1.txt 0.0012004 0.000275658 0.000924742
22 Reddit_feat_L1.txt 0.00131275 0.000401963 0.000910789
23 Reddit_feat_L1.txt 0.0012087 0.000280563 0.00092814
0 Reddit_A.txt 0.0153298 0.00667342 0.00865639
1 Reddit_A.txt 0.0273654 0.00650623 0.0208592
2 Reddit_A.txt 0.0319881 0.0062841 0.0257041
3 Reddit_A.txt 0.0370185 0.00612793 0.0308905
4 Reddit_A.txt 0.0360478 0.00595162 0.0300962
5 Reddit_A.txt 0.0469603 0.0058635 0.0410968
6 Reddit_A.txt 0.0528635 0.00593463 0.0469289
7 Reddit_A.txt 0.0644421 0.00611471 0.0583273
8 Reddit_A.txt 0.0731239 0.00630639 0.0668176
9 Reddit_A.txt 0.080985 0.00644142 0.0745436
10 Reddit_A.txt 0.0783656 0.00643726 0.0719283
11 Reddit_A.txt 0.0979123 0.006361 0.0915512
12 Reddit_A.txt 0.118809 0.0063563 0.112453
13 Reddit_A.txt 0.129112 0.00628815 0.122824
14 Reddit_A.txt 0.130786 0.00638487 0.124401
15 Reddit_A.txt 0.134524 0.00651437 0.12801
16 Reddit_A.txt 0.16641 0.00651527 0.159895
17 Reddit_A.txt 0.152312 0.0065496 0.145762
18 Reddit_A.txt 0.157957 0.00672169 0.151235
19 Reddit_A.txt 0.157564 0.0068184 0.150745
20 Reddit_A.txt 0.182522 0.00722105 0.175301
21 Reddit_A.txt 0.183372 0.00721921 0.176152
22 Reddit_A.txt 0.201 0.00722053 0.193779
23 Reddit_A.txt 0.34471 0.006676 0.338034
TACC:  Shutdown complete. Exiting. 
