TACC:  Starting up job 10065966 
TACC:  Starting parallel tasks... 
0 Reddit_feat_L2.txt 0.00630951 0.000425848 0.00588366
1 Reddit_feat_L2.txt 0.00651871 0.000214526 0.00630419
2 Reddit_feat_L2.txt 0.00364519 0.000445687 0.0031995
3 Reddit_feat_L2.txt 0.00388409 0.000207248 0.00367684
4 Reddit_feat_L2.txt 0.00228198 0.000406811 0.00187517
5 Reddit_feat_L2.txt 0.00227406 0.000215343 0.00205872
6 Reddit_feat_L2.txt 0.00243433 0.000437261 0.00199707
7 Reddit_feat_L2.txt 0.00195172 0.000202257 0.00174946
8 Reddit_feat_L2.txt 0.00209559 0.000421514 0.00167408
9 Reddit_feat_L2.txt 0.00206383 0.000210135 0.00185369
10 Reddit_feat_L2.txt 0.00192461 0.000442327 0.00148228
11 Reddit_feat_L2.txt 0.00203418 0.000199715 0.00183447
12 Reddit_feat_L2.txt 0.00226828 0.000408926 0.00185935
13 Reddit_feat_L2.txt 0.0018264 0.000193777 0.00163262
14 Reddit_feat_L2.txt 0.00202164 0.000437437 0.0015842
15 Reddit_feat_L2.txt 0.00156825 0.000199565 0.00136868
16 Reddit_feat_L2.txt 0.00186918 0.000408577 0.0014606
17 Reddit_feat_L2.txt 0.00171347 0.000199337 0.00151413
18 Reddit_feat_L2.txt 0.00157066 0.000428376 0.00114229
19 Reddit_feat_L2.txt 0.00143035 0.000186053 0.0012443
20 Reddit_feat_L2.txt 0.00180053 0.000396371 0.00140416
21 Reddit_feat_L2.txt 0.0015512 0.000200554 0.00135065
22 Reddit_feat_L2.txt 0.00197182 0.000423227 0.00154859
23 Reddit_feat_L2.txt 0.00127297 0.000178997 0.00109397
0 Reddit_A.txt 0.0372811 0.0157275 0.0215535
1 Reddit_A.txt 0.067513 0.0161098 0.0514031
2 Reddit_A.txt 0.0763843 0.0165227 0.0598616
3 Reddit_A.txt 0.0905009 0.0165203 0.0739806
4 Reddit_A.txt 0.0898126 0.0161018 0.0737109
5 Reddit_A.txt 0.116295 0.0156683 0.100627
6 Reddit_A.txt 0.134869 0.0158671 0.119002
7 Reddit_A.txt 0.163484 0.0161949 0.147289
8 Reddit_A.txt 0.180726 0.0161946 0.164531
9 Reddit_A.txt 0.20203 0.0159355 0.186094
10 Reddit_A.txt 0.2007 0.0155634 0.185136
11 Reddit_A.txt 0.244775 0.0155019 0.229273
12 Reddit_A.txt 0.295211 0.0160255 0.279186
13 Reddit_A.txt 0.317259 0.0163369 0.300922
14 Reddit_A.txt 0.317359 0.0163388 0.30102
15 Reddit_A.txt 0.344467 0.0160996 0.328368
16 Reddit_A.txt 0.416267 0.0157296 0.400537
17 Reddit_A.txt 0.382211 0.0153903 0.366821
18 Reddit_A.txt 0.394771 0.0148797 0.379891
19 Reddit_A.txt 0.401571 0.0145742 0.386997
20 Reddit_A.txt 0.448749 0.0146573 0.434091
21 Reddit_A.txt 0.451353 0.014666 0.436687
22 Reddit_A.txt 0.501274 0.014668 0.486606
23 Reddit_A.txt 0.866087 0.0151274 0.850959
TACC:  Shutdown complete. Exiting. 
