TACC:  Starting up job 10065966 
TACC:  Starting parallel tasks... 
0 Reddit_feat_L2.txt 0.00616633 0.00033626 0.00583007
1 Reddit_feat_L2.txt 0.00651778 0.000198779 0.006319
2 Reddit_feat_L2.txt 0.00361368 0.000406274 0.00320741
3 Reddit_feat_L2.txt 0.00388442 0.000185439 0.00369898
4 Reddit_feat_L2.txt 0.00220518 0.000322582 0.00188259
5 Reddit_feat_L2.txt 0.00228216 0.000203984 0.00207818
6 Reddit_feat_L2.txt 0.00239826 0.000396601 0.00200166
7 Reddit_feat_L2.txt 0.00193213 0.000179129 0.001753
8 Reddit_feat_L2.txt 0.00199118 0.000326065 0.00166512
9 Reddit_feat_L2.txt 0.00204326 0.000189595 0.00185367
10 Reddit_feat_L2.txt 0.00184702 0.000394353 0.00145267
11 Reddit_feat_L2.txt 0.00200297 0.000180042 0.00182293
12 Reddit_feat_L2.txt 0.00219546 0.000319183 0.00187628
13 Reddit_feat_L2.txt 0.00180828 0.000200075 0.00160821
14 Reddit_feat_L2.txt 0.00197363 0.000402462 0.00157117
15 Reddit_feat_L2.txt 0.00152033 0.000182267 0.00133806
16 Reddit_feat_L2.txt 0.00176264 0.00032221 0.00144043
17 Reddit_feat_L2.txt 0.00168431 0.000183593 0.00150071
18 Reddit_feat_L2.txt 0.00147292 0.000389985 0.00108293
19 Reddit_feat_L2.txt 0.00137344 0.000166631 0.00120681
20 Reddit_feat_L2.txt 0.00164849 0.000295491 0.001353
21 Reddit_feat_L2.txt 0.00151366 0.000193797 0.00131986
22 Reddit_feat_L2.txt 0.00194543 0.000383534 0.0015619
23 Reddit_feat_L2.txt 0.00124271 0.000176247 0.00106646
0 Reddit_A.txt 0.037074 0.0151839 0.02189
1 Reddit_A.txt 0.0669422 0.0155075 0.0514347
2 Reddit_A.txt 0.0755114 0.0155068 0.0600046
3 Reddit_A.txt 0.0911339 0.0152615 0.0758724
4 Reddit_A.txt 0.0902037 0.0148956 0.0753081
5 Reddit_A.txt 0.118476 0.0148249 0.103651
6 Reddit_A.txt 0.135165 0.0153479 0.119817
7 Reddit_A.txt 0.162304 0.0156713 0.146633
8 Reddit_A.txt 0.179727 0.015672 0.164054
9 Reddit_A.txt 0.201664 0.01541 0.186254
10 Reddit_A.txt 0.199352 0.0152989 0.184053
11 Reddit_A.txt 0.243388 0.0156384 0.22775
12 Reddit_A.txt 0.299717 0.0161499 0.283567
13 Reddit_A.txt 0.323522 0.0164574 0.307065
14 Reddit_A.txt 0.325065 0.0164594 0.308605
15 Reddit_A.txt 0.344268 0.016231 0.328037
16 Reddit_A.txt 0.417826 0.015877 0.401949
17 Reddit_A.txt 0.384118 0.0155338 0.368584
18 Reddit_A.txt 0.393434 0.0150107 0.378424
19 Reddit_A.txt 0.401805 0.0146803 0.387125
20 Reddit_A.txt 0.452083 0.0148534 0.43723
21 Reddit_A.txt 0.451943 0.0148635 0.43708
22 Reddit_A.txt 0.501382 0.0148653 0.486517
23 Reddit_A.txt 0.850885 0.0146698 0.836215
TACC:  Shutdown complete. Exiting. 
