TACC:  Starting up job 10065982 
TACC:  Starting parallel tasks... 
0 Reddit_feat_L2.txt 0.00300937 0.000331856 0.00267751
1 Reddit_feat_L2.txt 0.0034712 0.000298349 0.00317285
2 Reddit_feat_L2.txt 0.00385807 0.000325779 0.00353229
3 Reddit_feat_L2.txt 0.00298404 0.000305296 0.00267874
4 Reddit_feat_L2.txt 0.0016627 0.000337049 0.00132565
5 Reddit_feat_L2.txt 0.00204393 0.000317466 0.00172647
6 Reddit_feat_L2.txt 0.00318009 0.0004241 0.00275599
7 Reddit_feat_L2.txt 0.0013485 0.000295277 0.00105322
8 Reddit_feat_L2.txt 0.00140307 0.00034353 0.00105954
9 Reddit_feat_L2.txt 0.00109129 0.000293585 0.000797701
10 Reddit_feat_L2.txt 0.001286 0.000337416 0.000948581
11 Reddit_feat_L2.txt 0.00138839 0.000292319 0.00109607
12 Reddit_feat_L2.txt 0.00153735 0.000343716 0.00119363
13 Reddit_feat_L2.txt 0.000995757 0.000286105 0.000709652
14 Reddit_feat_L2.txt 0.0012694 0.000416093 0.000853307
15 Reddit_feat_L2.txt 0.00105995 0.000293267 0.000766681
16 Reddit_feat_L2.txt 0.00114104 0.00032984 0.000811196
17 Reddit_feat_L2.txt 0.000974381 0.000287877 0.000686504
18 Reddit_feat_L2.txt 0.00112043 0.000324762 0.000795667
19 Reddit_feat_L2.txt 0.00123772 0.000290135 0.000947581
20 Reddit_feat_L2.txt 0.000964836 0.000328222 0.000636614
21 Reddit_feat_L2.txt 0.000987759 0.000283879 0.00070388
22 Reddit_feat_L2.txt 0.00127569 0.000412096 0.000863598
23 Reddit_feat_L2.txt 0.00106926 0.000279656 0.000789607
24 Reddit_feat_L2.txt 0.00120706 0.000330328 0.000876733
25 Reddit_feat_L2.txt 0.00108695 0.000289449 0.000797499
26 Reddit_feat_L2.txt 0.00117553 0.000332027 0.000843507
27 Reddit_feat_L2.txt 0.000961683 0.00029049 0.000671193
28 Reddit_feat_L2.txt 0.00111699 0.000347562 0.000769431
29 Reddit_feat_L2.txt 0.000933416 0.000288624 0.000644792
30 Reddit_feat_L2.txt 0.00110263 0.000419838 0.000682792
31 Reddit_feat_L2.txt 0.000891285 0.000291196 0.000600089
32 Reddit_feat_L2.txt 0.00085933 0.000326139 0.000533191
33 Reddit_feat_L2.txt 0.00104815 0.000278917 0.000769234
34 Reddit_feat_L2.txt 0.00103549 0.000320071 0.000715415
35 Reddit_feat_L2.txt 0.000948909 0.000278354 0.000670555
36 Reddit_feat_L2.txt 0.00090927 0.000314151 0.000595119
37 Reddit_feat_L2.txt 0.000755176 0.000271199 0.000483977
38 Reddit_feat_L2.txt 0.00099749 0.000417504 0.000579986
39 Reddit_feat_L2.txt 0.000855953 0.000280373 0.00057558
40 Reddit_feat_L2.txt 0.000842668 0.000317286 0.000525382
41 Reddit_feat_L2.txt 0.0010603 0.000274449 0.000785854
42 Reddit_feat_L2.txt 0.000928446 0.000313977 0.000614469
43 Reddit_feat_L2.txt 0.00104487 0.000268646 0.000776223
44 Reddit_feat_L2.txt 0.00121824 0.000331176 0.000887068
45 Reddit_feat_L2.txt 0.000812801 0.000271236 0.000541565
46 Reddit_feat_L2.txt 0.000906188 0.000397172 0.000509016
47 Reddit_feat_L2.txt 0.000712942 0.000267382 0.00044556
0 Reddit_A.txt 0.0227254 0.0169987 0.0057267
1 Reddit_A.txt 0.033295 0.0167527 0.0165423
2 Reddit_A.txt 0.0443386 0.0164685 0.0278702
3 Reddit_A.txt 0.0420535 0.0162757 0.0257778
4 Reddit_A.txt 0.0458305 0.0160394 0.0297912
5 Reddit_A.txt 0.0418765 0.0161705 0.025706
6 Reddit_A.txt 0.0556084 0.0164613 0.0391471
7 Reddit_A.txt 0.053875 0.0166616 0.0372134
8 Reddit_A.txt 0.0615286 0.0168739 0.0446547
9 Reddit_A.txt 0.0520585 0.0168708 0.0351878
10 Reddit_A.txt 0.0584046 0.0166518 0.0417528
11 Reddit_A.txt 0.07761 0.0164379 0.0611721
12 Reddit_A.txt 0.0733394 0.0164124 0.056927
13 Reddit_A.txt 0.0806054 0.0165688 0.0640366
14 Reddit_A.txt 0.0895408 0.0165708 0.07297
15 Reddit_A.txt 0.0945955 0.0164541 0.0781414
16 Reddit_A.txt 0.093775 0.0162718 0.0775032
17 Reddit_A.txt 0.0960809 0.0161734 0.0799074
18 Reddit_A.txt 0.112708 0.0162963 0.0964116
19 Reddit_A.txt 0.112221 0.0164589 0.0957621
20 Reddit_A.txt 0.114061 0.0164596 0.0976017
21 Reddit_A.txt 0.111143 0.0163329 0.0948106
22 Reddit_A.txt 0.131665 0.0161487 0.115516
23 Reddit_A.txt 0.130663 0.0161628 0.1145
24 Reddit_A.txt 0.146552 0.0164087 0.130143
25 Reddit_A.txt 0.169193 0.0165713 0.152621
26 Reddit_A.txt 0.177439 0.016571 0.160868
27 Reddit_A.txt 0.165992 0.01646 0.149532
28 Reddit_A.txt 0.163288 0.0162789 0.147009
29 Reddit_A.txt 0.166725 0.0163002 0.150425
30 Reddit_A.txt 0.192118 0.0165471 0.175571
31 Reddit_A.txt 0.177354 0.0167078 0.160646
32 Reddit_A.txt 0.233924 0.0167081 0.217216
33 Reddit_A.txt 0.21192 0.0165899 0.19533
34 Reddit_A.txt 0.193772 0.0164232 0.177349
35 Reddit_A.txt 0.207838 0.0165463 0.191291
36 Reddit_A.txt 0.202019 0.0167831 0.185236
37 Reddit_A.txt 0.208464 0.0169318 0.191533
38 Reddit_A.txt 0.216453 0.016933 0.19952
39 Reddit_A.txt 0.207972 0.0168223 0.19115
40 Reddit_A.txt 0.211609 0.0169195 0.19469
41 Reddit_A.txt 0.24361 0.0169199 0.22669
42 Reddit_A.txt 0.241558 0.0170816 0.224477
43 Reddit_A.txt 0.235817 0.0172451 0.218572
44 Reddit_A.txt 0.275572 0.017244 0.258329
45 Reddit_A.txt 0.27306 0.0171637 0.255896
46 Reddit_A.txt 0.256636 0.0169497 0.239687
47 Reddit_A.txt 0.642205 0.0170013 0.625204
TACC:  Shutdown complete. Exiting. 
