TACC:  Starting up job 10066081 
TACC:  Starting parallel tasks... 
0 Reddit_feat_L2.txt 0.00631228 0.000544143 0.00576814
1 Reddit_feat_L2.txt 0.00607413 0.00028557 0.00578856
2 Reddit_feat_L2.txt 0.00346485 0.000543838 0.00292102
3 Reddit_feat_L2.txt 0.00409268 0.000278386 0.0038143
4 Reddit_feat_L2.txt 0.00244819 0.00053668 0.00191151
5 Reddit_feat_L2.txt 0.00232824 0.000277615 0.00205063
6 Reddit_feat_L2.txt 0.00249269 0.000544492 0.0019482
7 Reddit_feat_L2.txt 0.00183702 0.000290424 0.0015466
8 Reddit_feat_L2.txt 0.00200943 0.000542862 0.00146656
9 Reddit_feat_L2.txt 0.0022013 0.000279352 0.00192195
10 Reddit_feat_L2.txt 0.00180686 0.000537222 0.00126964
11 Reddit_feat_L2.txt 0.00191761 0.000275181 0.00164243
12 Reddit_feat_L2.txt 0.0023328 0.000541807 0.00179099
13 Reddit_feat_L2.txt 0.00174934 0.000267411 0.00148193
14 Reddit_feat_L2.txt 0.00194644 0.000524504 0.00142194
15 Reddit_feat_L2.txt 0.00167312 0.000277174 0.00139594
16 Reddit_feat_L2.txt 0.00189761 0.000525186 0.00137242
17 Reddit_feat_L2.txt 0.00164174 0.000267091 0.00137465
18 Reddit_feat_L2.txt 0.00172531 0.000540898 0.00118441
19 Reddit_feat_L2.txt 0.00147556 0.000276463 0.0011991
20 Reddit_feat_L2.txt 0.001815 0.00053724 0.00127776
21 Reddit_feat_L2.txt 0.00171407 0.000272988 0.00144108
22 Reddit_feat_L2.txt 0.00191237 0.000530611 0.00138176
23 Reddit_feat_L2.txt 0.00122233 0.00027398 0.000948345
0 Reddit_A.txt 0.0385149 0.0158525 0.0226624
1 Reddit_A.txt 0.0660688 0.0161722 0.0498966
2 Reddit_A.txt 0.069832 0.01617 0.053662
3 Reddit_A.txt 0.0900557 0.0155808 0.0744749
4 Reddit_A.txt 0.0907564 0.0154159 0.0753405
5 Reddit_A.txt 0.108304 0.0150229 0.0932814
6 Reddit_A.txt 0.126566 0.0144398 0.112126
7 Reddit_A.txt 0.145584 0.0140913 0.131492
8 Reddit_A.txt 0.157889 0.0137015 0.144187
9 Reddit_A.txt 0.190936 0.0137574 0.177179
10 Reddit_A.txt 0.18176 0.0141668 0.167593
11 Reddit_A.txt 0.2271 0.014542 0.212558
12 Reddit_A.txt 0.284086 0.0151002 0.268986
13 Reddit_A.txt 0.292875 0.0154122 0.277463
14 Reddit_A.txt 0.291072 0.0154097 0.275662
15 Reddit_A.txt 0.325217 0.0148462 0.310371
16 Reddit_A.txt 0.391758 0.0145812 0.377176
17 Reddit_A.txt 0.356862 0.0147294 0.342133
18 Reddit_A.txt 0.357107 0.0147713 0.342336
19 Reddit_A.txt 0.362747 0.0147737 0.347974
20 Reddit_A.txt 0.402631 0.0146633 0.387967
21 Reddit_A.txt 0.411926 0.0143825 0.397544
22 Reddit_A.txt 0.463172 0.0141475 0.449024
23 Reddit_A.txt 0.795072 0.0152726 0.779799
TACC:  Shutdown complete. Exiting. 
