TACC:  Starting up job 10066081 
TACC:  Starting parallel tasks... 
0 Reddit_feat_L2.txt 0.00605459 0.000187112 0.00586747
1 Reddit_feat_L2.txt 0.00598959 0.000154374 0.00583522
2 Reddit_feat_L2.txt 0.00318161 0.000199101 0.00298251
3 Reddit_feat_L2.txt 0.00402208 0.00014762 0.00387446
4 Reddit_feat_L2.txt 0.00202879 0.000170624 0.00185816
5 Reddit_feat_L2.txt 0.00216119 0.000133541 0.00202765
6 Reddit_feat_L2.txt 0.00208274 0.000193007 0.00188974
7 Reddit_feat_L2.txt 0.00181044 0.000164401 0.00164604
8 Reddit_feat_L2.txt 0.00173156 0.000188018 0.00154355
9 Reddit_feat_L2.txt 0.00207408 0.000146639 0.00192744
10 Reddit_feat_L2.txt 0.0015181 0.000180627 0.00133747
11 Reddit_feat_L2.txt 0.00182443 0.000145066 0.00167937
12 Reddit_feat_L2.txt 0.00198959 0.000195138 0.00179445
13 Reddit_feat_L2.txt 0.00165618 0.000148517 0.00150766
14 Reddit_feat_L2.txt 0.00162876 0.000199276 0.00142949
15 Reddit_feat_L2.txt 0.00153748 0.000149038 0.00138844
16 Reddit_feat_L2.txt 0.00162738 0.000167801 0.00145958
17 Reddit_feat_L2.txt 0.00156645 0.000126347 0.0014401
18 Reddit_feat_L2.txt 0.00136877 0.000194447 0.00117432
19 Reddit_feat_L2.txt 0.00123738 0.000171378 0.00106601
20 Reddit_feat_L2.txt 0.00142532 0.000186418 0.0012389
21 Reddit_feat_L2.txt 0.00157819 0.00012808 0.00145011
22 Reddit_feat_L2.txt 0.00158112 0.000178932 0.00140219
23 Reddit_feat_L2.txt 0.00105785 0.000141934 0.000915914
0 Reddit_A.txt 0.0363678 0.0138607 0.0225071
1 Reddit_A.txt 0.0604092 0.0129556 0.0474536
2 Reddit_A.txt 0.0638805 0.012569 0.0513116
3 Reddit_A.txt 0.0871994 0.0122316 0.0749678
4 Reddit_A.txt 0.0811091 0.0125407 0.0685684
5 Reddit_A.txt 0.106406 0.0125405 0.0938656
6 Reddit_A.txt 0.125693 0.0125282 0.113165
7 Reddit_A.txt 0.144612 0.0128452 0.131767
8 Reddit_A.txt 0.156024 0.0132321 0.142792
9 Reddit_A.txt 0.189592 0.0138051 0.175787
10 Reddit_A.txt 0.181763 0.0141125 0.16765
11 Reddit_A.txt 0.22863 0.0142614 0.214368
12 Reddit_A.txt 0.278918 0.01474 0.264179
13 Reddit_A.txt 0.294213 0.0150507 0.279163
14 Reddit_A.txt 0.288384 0.0150496 0.273334
15 Reddit_A.txt 0.326475 0.0147699 0.311705
16 Reddit_A.txt 0.40334 0.0151317 0.388209
17 Reddit_A.txt 0.340989 0.0151369 0.325852
18 Reddit_A.txt 0.358198 0.0146521 0.343546
19 Reddit_A.txt 0.367114 0.0145766 0.352537
20 Reddit_A.txt 0.400436 0.0145255 0.385911
21 Reddit_A.txt 0.407994 0.0142337 0.39376
22 Reddit_A.txt 0.463893 0.0138182 0.450075
23 Reddit_A.txt 0.803757 0.0138604 0.789897
TACC:  Shutdown complete. Exiting. 
