TACC:  Starting up job 10066081 
TACC:  Starting parallel tasks... 
0 Reddit_feat_L2.txt 0.00602216 0.000205748 0.00581641
1 Reddit_feat_L2.txt 0.00601871 0.000126629 0.00589208
2 Reddit_feat_L2.txt 0.00324608 0.000204219 0.00304186
3 Reddit_feat_L2.txt 0.00387823 0.000141889 0.00373634
4 Reddit_feat_L2.txt 0.00216695 0.000208333 0.00195861
5 Reddit_feat_L2.txt 0.00225126 0.000134114 0.00211714
6 Reddit_feat_L2.txt 0.00216885 0.000216429 0.00195242
7 Reddit_feat_L2.txt 0.00179836 0.000145349 0.00165301
8 Reddit_feat_L2.txt 0.0017581 0.000200802 0.0015573
9 Reddit_feat_L2.txt 0.00201801 0.000135024 0.00188299
10 Reddit_feat_L2.txt 0.00155063 0.000213841 0.00133678
11 Reddit_feat_L2.txt 0.00185247 0.00013717 0.0017153
12 Reddit_feat_L2.txt 0.00200701 0.000196349 0.00181066
13 Reddit_feat_L2.txt 0.00165498 0.000112783 0.0015422
14 Reddit_feat_L2.txt 0.00167674 0.000195258 0.00148148
15 Reddit_feat_L2.txt 0.00159544 0.000151759 0.00144368
16 Reddit_feat_L2.txt 0.00162755 0.000199614 0.00142794
17 Reddit_feat_L2.txt 0.00161109 0.000127154 0.00148394
18 Reddit_feat_L2.txt 0.00139616 0.000209763 0.0011864
19 Reddit_feat_L2.txt 0.00140547 0.000135048 0.00127042
20 Reddit_feat_L2.txt 0.00166584 0.00019839 0.00146745
21 Reddit_feat_L2.txt 0.00156953 0.000134334 0.0014352
22 Reddit_feat_L2.txt 0.00162867 0.000209839 0.00141883
23 Reddit_feat_L2.txt 0.00110345 0.000137565 0.000965885
0 Reddit_A.txt 0.0370297 0.0143556 0.0226741
1 Reddit_A.txt 0.0608527 0.0133834 0.0474694
2 Reddit_A.txt 0.0647585 0.0137759 0.0509825
3 Reddit_A.txt 0.0904599 0.0143365 0.0761233
4 Reddit_A.txt 0.0828838 0.0146485 0.0682353
5 Reddit_A.txt 0.108404 0.0146454 0.0937584
6 Reddit_A.txt 0.127323 0.0140826 0.113241
7 Reddit_A.txt 0.144912 0.0137778 0.131134
8 Reddit_A.txt 0.156554 0.0136726 0.142882
9 Reddit_A.txt 0.191952 0.0142435 0.177709
10 Reddit_A.txt 0.182201 0.0145526 0.167649
11 Reddit_A.txt 0.22739 0.0146968 0.212693
12 Reddit_A.txt 0.279325 0.0150223 0.264302
13 Reddit_A.txt 0.307627 0.0153403 0.292286
14 Reddit_A.txt 0.300832 0.0153386 0.285493
15 Reddit_A.txt 0.326084 0.0147641 0.31132
16 Reddit_A.txt 0.390613 0.0144752 0.376138
17 Reddit_A.txt 0.356192 0.0146196 0.341573
18 Reddit_A.txt 0.358652 0.0146479 0.344004
19 Reddit_A.txt 0.365458 0.0146493 0.350808
20 Reddit_A.txt 0.401856 0.0146715 0.387184
21 Reddit_A.txt 0.411712 0.0146728 0.397039
22 Reddit_A.txt 0.461982 0.0142925 0.447689
23 Reddit_A.txt 0.803544 0.0143576 0.789186
TACC:  Shutdown complete. Exiting. 
