TACC:  Starting up job 10065982 
TACC:  Starting parallel tasks... 
0 Reddit_feat_L1.txt 0.000804355 0.000437536 0.000366819
1 Reddit_feat_L1.txt 0.000919104 0.000534884 0.00038422
2 Reddit_feat_L1.txt 0.000863274 0.000483105 0.000380169
3 Reddit_feat_L1.txt 0.000981952 0.000579502 0.00040245
4 Reddit_feat_L1.txt 0.00087107 0.000485118 0.000385952
5 Reddit_feat_L1.txt 0.000928976 0.000534103 0.000394873
6 Reddit_feat_L1.txt 0.00103913 0.000618433 0.000420693
7 Reddit_feat_L1.txt 0.00106863 0.000621368 0.000447258
8 Reddit_feat_L1.txt 0.000996029 0.000514441 0.000481588
9 Reddit_feat_L1.txt 0.000967202 0.000573859 0.000393343
10 Reddit_feat_L1.txt 0.000917484 0.000525633 0.000391851
11 Reddit_feat_L1.txt 0.00104041 0.000646427 0.000393981
12 Reddit_feat_L1.txt 0.000917804 0.000465516 0.000452288
13 Reddit_feat_L1.txt 0.000972171 0.000524571 0.0004476
14 Reddit_feat_L1.txt 0.00100325 0.000558076 0.000445173
15 Reddit_feat_L1.txt 0.00102597 0.000594914 0.00043106
16 Reddit_feat_L1.txt 0.000884188 0.000435772 0.000448416
17 Reddit_feat_L1.txt 0.000961296 0.000539128 0.000422168
18 Reddit_feat_L1.txt 0.000906929 0.00050213 0.000404799
19 Reddit_feat_L1.txt 0.00102484 0.000600081 0.000424762
20 Reddit_feat_L1.txt 0.000959033 0.000499267 0.000459766
21 Reddit_feat_L1.txt 0.000966094 0.000545086 0.000421008
22 Reddit_feat_L1.txt 0.00103169 0.000613824 0.000417862
23 Reddit_feat_L1.txt 0.0010342 0.000612298 0.000421904
24 Reddit_feat_L1.txt 0.000902793 0.000500102 0.000402691
25 Reddit_feat_L1.txt 0.000965262 0.000553821 0.000411441
26 Reddit_feat_L1.txt 0.000908515 0.000502111 0.000406404
27 Reddit_feat_L1.txt 0.00101905 0.000632793 0.000386254
28 Reddit_feat_L1.txt 0.000939713 0.000464429 0.000475284
29 Reddit_feat_L1.txt 0.000981258 0.000538319 0.000442939
30 Reddit_feat_L1.txt 0.00100815 0.000581011 0.000427143
31 Reddit_feat_L1.txt 0.00105126 0.000587297 0.000463959
32 Reddit_feat_L1.txt 0.000858043 0.000456022 0.000402021
33 Reddit_feat_L1.txt 0.000967949 0.000549507 0.000418442
34 Reddit_feat_L1.txt 0.000889918 0.000419279 0.000470639
35 Reddit_feat_L1.txt 0.000968412 0.000525273 0.000443139
36 Reddit_feat_L1.txt 0.000875024 0.000422247 0.000452777
37 Reddit_feat_L1.txt 0.00101764 0.000531716 0.00048592
38 Reddit_feat_L1.txt 0.00102774 0.000519828 0.000507916
39 Reddit_feat_L1.txt 0.00101026 0.000534087 0.000476176
40 Reddit_feat_L1.txt 0.000793749 0.000419863 0.000373886
41 Reddit_feat_L1.txt 0.000937846 0.000540092 0.000397754
42 Reddit_feat_L1.txt 0.000853834 0.000438655 0.000415179
43 Reddit_feat_L1.txt 0.00106377 0.000559529 0.000504237
44 Reddit_feat_L1.txt 0.000924104 0.000426605 0.000497499
45 Reddit_feat_L1.txt 0.000941494 0.000536103 0.000405391
46 Reddit_feat_L1.txt 0.000976353 0.000522369 0.000453984
47 Reddit_feat_L1.txt 0.00101954 0.000550971 0.000468566
0 Reddit_A.txt 0.00886219 0.0066609 0.00220129
1 Reddit_A.txt 0.0133873 0.00675353 0.00663377
2 Reddit_A.txt 0.0186961 0.0068408 0.0118553
3 Reddit_A.txt 0.0174739 0.00684065 0.0106333
4 Reddit_A.txt 0.0190653 0.00675916 0.0123061
5 Reddit_A.txt 0.0176311 0.00667257 0.0109585
6 Reddit_A.txt 0.0223276 0.0065676 0.01576
7 Reddit_A.txt 0.0218425 0.00658342 0.015259
8 Reddit_A.txt 0.0261632 0.00667395 0.0194892
9 Reddit_A.txt 0.0208143 0.00674409 0.0140702
10 Reddit_A.txt 0.0233704 0.00674403 0.0166264
11 Reddit_A.txt 0.0315577 0.00680611 0.0247515
12 Reddit_A.txt 0.0292527 0.00689994 0.0223527
13 Reddit_A.txt 0.0321552 0.00697031 0.0251849
14 Reddit_A.txt 0.0376362 0.00705765 0.0305786
15 Reddit_A.txt 0.0381341 0.00705475 0.0310794
16 Reddit_A.txt 0.0370075 0.00698455 0.0300229
17 Reddit_A.txt 0.0382454 0.00691154 0.0313339
18 Reddit_A.txt 0.0450736 0.00681734 0.0382563
19 Reddit_A.txt 0.0446849 0.0067481 0.0379368
20 Reddit_A.txt 0.0465849 0.00683069 0.0397542
21 Reddit_A.txt 0.0439336 0.00682959 0.037104
22 Reddit_A.txt 0.0528302 0.00674672 0.0460835
23 Reddit_A.txt 0.0526261 0.00664815 0.045978
24 Reddit_A.txt 0.0590989 0.00653782 0.0525611
25 Reddit_A.txt 0.0681887 0.0064373 0.0617514
26 Reddit_A.txt 0.0725868 0.00633668 0.0662502
27 Reddit_A.txt 0.0656269 0.00627667 0.0593502
28 Reddit_A.txt 0.0646824 0.00620326 0.0584791
29 Reddit_A.txt 0.0660562 0.00622438 0.0598318
30 Reddit_A.txt 0.0741286 0.00663158 0.0674971
31 Reddit_A.txt 0.0691999 0.00694252 0.0622574
32 Reddit_A.txt 0.0938268 0.0072524 0.0865744
33 Reddit_A.txt 0.0867808 0.00749689 0.079284
34 Reddit_A.txt 0.0784386 0.00763473 0.0708038
35 Reddit_A.txt 0.0848829 0.00768493 0.077198
36 Reddit_A.txt 0.0819844 0.00768299 0.0743014
37 Reddit_A.txt 0.0839076 0.00763916 0.0762685
38 Reddit_A.txt 0.0887528 0.00747243 0.0812803
39 Reddit_A.txt 0.0818944 0.00724515 0.0746493
40 Reddit_A.txt 0.0836509 0.00693456 0.0767164
41 Reddit_A.txt 0.09741 0.00681548 0.0905945
42 Reddit_A.txt 0.0947333 0.00681405 0.0879193
43 Reddit_A.txt 0.0923456 0.00669932 0.0856463
44 Reddit_A.txt 0.108051 0.00672136 0.101329
45 Reddit_A.txt 0.102039 0.00671833 0.0953206
46 Reddit_A.txt 0.0974681 0.0067196 0.0907485
47 Reddit_A.txt 0.252695 0.00663228 0.246063
TACC:  Shutdown complete. Exiting. 
