TACC:  Starting up job 10065982 
TACC:  Starting parallel tasks... 
0 Reddit_feat_L2.txt 0.00304414 0.000365728 0.00267841
1 Reddit_feat_L2.txt 0.00338421 0.000223392 0.00316082
2 Reddit_feat_L2.txt 0.00389844 0.000357195 0.00354124
3 Reddit_feat_L2.txt 0.00290847 0.000234492 0.00267398
4 Reddit_feat_L2.txt 0.00168245 0.000361351 0.0013211
5 Reddit_feat_L2.txt 0.00195187 0.000217829 0.00173404
6 Reddit_feat_L2.txt 0.00320334 0.000413898 0.00278944
7 Reddit_feat_L2.txt 0.00126529 0.000194056 0.00107123
8 Reddit_feat_L2.txt 0.00142436 0.000342099 0.00108226
9 Reddit_feat_L2.txt 0.000994872 0.000196474 0.000798398
10 Reddit_feat_L2.txt 0.00127528 0.000335674 0.000939606
11 Reddit_feat_L2.txt 0.00127304 0.000196378 0.00107666
12 Reddit_feat_L2.txt 0.00153999 0.000347645 0.00119235
13 Reddit_feat_L2.txt 0.00090118 0.000202375 0.000698805
14 Reddit_feat_L2.txt 0.00129235 0.000407029 0.000885325
15 Reddit_feat_L2.txt 0.000959689 0.000206691 0.000752998
16 Reddit_feat_L2.txt 0.00115609 0.000345647 0.000810445
17 Reddit_feat_L2.txt 0.000871202 0.000197075 0.000674127
18 Reddit_feat_L2.txt 0.00114679 0.000349746 0.000797044
19 Reddit_feat_L2.txt 0.00115311 0.000203547 0.000949559
20 Reddit_feat_L2.txt 0.000995577 0.000350358 0.000645219
21 Reddit_feat_L2.txt 0.000912926 0.000204038 0.000708888
22 Reddit_feat_L2.txt 0.00128349 0.000423259 0.000860228
23 Reddit_feat_L2.txt 0.000986871 0.000198168 0.000788703
24 Reddit_feat_L2.txt 0.00116395 0.000344489 0.000819465
25 Reddit_feat_L2.txt 0.000984607 0.000217193 0.000767414
26 Reddit_feat_L2.txt 0.00116657 0.00034083 0.000825737
27 Reddit_feat_L2.txt 0.000837296 0.000205548 0.000631748
28 Reddit_feat_L2.txt 0.00107812 0.000346388 0.000731734
29 Reddit_feat_L2.txt 0.000832461 0.000205599 0.000626862
30 Reddit_feat_L2.txt 0.0011164 0.000424531 0.000691868
31 Reddit_feat_L2.txt 0.000812966 0.000205177 0.000607789
32 Reddit_feat_L2.txt 0.000882528 0.000347249 0.000535279
33 Reddit_feat_L2.txt 0.000992398 0.000222485 0.000769913
34 Reddit_feat_L2.txt 0.00106167 0.00034275 0.000718924
35 Reddit_feat_L2.txt 0.000887471 0.000203721 0.00068375
36 Reddit_feat_L2.txt 0.000937831 0.000335176 0.000602655
37 Reddit_feat_L2.txt 0.000717075 0.0001995 0.000517575
38 Reddit_feat_L2.txt 0.00100524 0.000410566 0.00059467
39 Reddit_feat_L2.txt 0.000773949 0.000198145 0.000575804
40 Reddit_feat_L2.txt 0.000836993 0.000337647 0.000499346
41 Reddit_feat_L2.txt 0.000966067 0.000188901 0.000777166
42 Reddit_feat_L2.txt 0.00097031 0.000334983 0.000635327
43 Reddit_feat_L2.txt 0.000977045 0.000190265 0.00078678
44 Reddit_feat_L2.txt 0.00121429 0.000339314 0.000874978
45 Reddit_feat_L2.txt 0.000748985 0.000197535 0.00055145
46 Reddit_feat_L2.txt 0.00092718 0.000412588 0.000514592
47 Reddit_feat_L2.txt 0.000650255 0.000193763 0.000456492
0 Reddit_A.txt 0.0225959 0.0170673 0.00552853
1 Reddit_A.txt 0.0333956 0.0168216 0.016574
2 Reddit_A.txt 0.0448074 0.0168178 0.0279896
3 Reddit_A.txt 0.0422819 0.0168135 0.0254684
4 Reddit_A.txt 0.0461978 0.0165999 0.0295979
5 Reddit_A.txt 0.0420445 0.0163893 0.0256552
6 Reddit_A.txt 0.0552145 0.0161011 0.0391134
7 Reddit_A.txt 0.0530795 0.0158814 0.0371981
8 Reddit_A.txt 0.0605541 0.0159362 0.0446179
9 Reddit_A.txt 0.0520144 0.0160954 0.035919
10 Reddit_A.txt 0.0579309 0.016315 0.041616
11 Reddit_A.txt 0.0777488 0.0165407 0.0612081
12 Reddit_A.txt 0.0739123 0.0168205 0.0570919
13 Reddit_A.txt 0.0810081 0.0170301 0.0639781
14 Reddit_A.txt 0.0900762 0.0172456 0.0728306
15 Reddit_A.txt 0.0957133 0.0172409 0.0784724
16 Reddit_A.txt 0.0944379 0.0170219 0.077416
17 Reddit_A.txt 0.0965847 0.0167994 0.0797854
18 Reddit_A.txt 0.112427 0.0164952 0.0959315
19 Reddit_A.txt 0.111849 0.016485 0.0953643
20 Reddit_A.txt 0.11503 0.0164866 0.0985434
21 Reddit_A.txt 0.11167 0.0163815 0.0952881
22 Reddit_A.txt 0.132689 0.0162292 0.116459
23 Reddit_A.txt 0.13121 0.0162561 0.114954
24 Reddit_A.txt 0.145034 0.0165144 0.128519
25 Reddit_A.txt 0.166151 0.0166729 0.149478
26 Reddit_A.txt 0.174465 0.0166751 0.15779
27 Reddit_A.txt 0.165297 0.0165454 0.148751
28 Reddit_A.txt 0.162835 0.0163421 0.146493
29 Reddit_A.txt 0.165709 0.0163308 0.149378
30 Reddit_A.txt 0.19194 0.0165822 0.175358
31 Reddit_A.txt 0.177372 0.0167427 0.160629
32 Reddit_A.txt 0.234075 0.0167429 0.217332
33 Reddit_A.txt 0.213354 0.0166147 0.196739
34 Reddit_A.txt 0.19422 0.0164465 0.177774
35 Reddit_A.txt 0.208133 0.0164753 0.191658
36 Reddit_A.txt 0.200518 0.0167254 0.183792
37 Reddit_A.txt 0.207965 0.0168935 0.191071
38 Reddit_A.txt 0.218514 0.0168953 0.201619
39 Reddit_A.txt 0.204019 0.0167669 0.187252
40 Reddit_A.txt 0.213302 0.0167491 0.196553
41 Reddit_A.txt 0.243005 0.0168306 0.226174
42 Reddit_A.txt 0.244141 0.0171723 0.226969
43 Reddit_A.txt 0.23556 0.017334 0.218226
44 Reddit_A.txt 0.268227 0.0173341 0.250893
45 Reddit_A.txt 0.260296 0.0172543 0.243042
46 Reddit_A.txt 0.256475 0.0172569 0.239218
47 Reddit_A.txt 0.635347 0.0170694 0.618278
TACC:  Shutdown complete. Exiting. 
