TACC:  Starting up job 10065982 
TACC:  Starting parallel tasks... 
0 Cora_feat_L2.txt 0.00105378 0.00104598 7.799e-06
1 Cora_feat_L2.txt 0.000567239 0.000559185 8.054e-06
2 Cora_feat_L2.txt 0.000664549 0.000656864 7.685e-06
3 Cora_feat_L2.txt 0.000580432 0.000562744 1.7688e-05
4 Cora_feat_L2.txt 0.00104657 0.00103854 8.031e-06
5 Cora_feat_L2.txt 0.000580192 0.000562599 1.7593e-05
6 Cora_feat_L2.txt 0.001009 0.00100098 8.026e-06
7 Cora_feat_L2.txt 0.000567841 0.000559837 8.004e-06
8 Cora_feat_L2.txt 0.00070204 0.000693888 8.152e-06
9 Cora_feat_L2.txt 0.000562198 0.000554185 8.013e-06
10 Cora_feat_L2.txt 0.00102801 0.00102031 7.7e-06
11 Cora_feat_L2.txt 0.000564739 0.000556743 7.996e-06
12 Cora_feat_L2.txt 0.0010248 0.00101659 8.204e-06
13 Cora_feat_L2.txt 0.00055391 0.000546033 7.877e-06
14 Cora_feat_L2.txt 0.000645809 0.00063758 8.229e-06
15 Cora_feat_L2.txt 0.000575252 0.000551383 2.3869e-05
16 Cora_feat_L2.txt 0.00104144 0.00103338 8.056e-06
17 Cora_feat_L2.txt 0.000554211 0.000545988 8.223e-06
18 Cora_feat_L2.txt 0.000674926 0.000666639 8.287e-06
19 Cora_feat_L2.txt 0.000588912 0.000580876 8.036e-06
20 Cora_feat_L2.txt 0.00106269 0.00105467 8.017e-06
21 Cora_feat_L2.txt 0.000582344 0.000574274 8.07e-06
22 Cora_feat_L2.txt 0.00102691 0.00101886 8.054e-06
23 Cora_feat_L2.txt 0.000582484 0.000574066 8.418e-06
24 Cora_feat_L2.txt 0.000699305 0.000691037 8.268e-06
25 Cora_feat_L2.txt 0.000565281 0.000557131 8.15e-06
26 Cora_feat_L2.txt 0.00102782 0.00101955 8.268e-06
27 Cora_feat_L2.txt 0.000562455 0.000554351 8.104e-06
28 Cora_feat_L2.txt 0.00102658 0.00101856 8.022e-06
29 Cora_feat_L2.txt 0.0005591 0.000551049 8.051e-06
30 Cora_feat_L2.txt 0.000663642 0.000655102 8.54e-06
31 Cora_feat_L2.txt 0.000573255 0.000565216 8.039e-06
32 Cora_feat_L2.txt 0.00104788 0.00103946 8.417e-06
33 Cora_feat_L2.txt 0.000563053 0.000554704 8.349e-06
34 Cora_feat_L2.txt 0.000660812 0.0006525 8.312e-06
35 Cora_feat_L2.txt 0.000561929 0.00055403 7.899e-06
36 Cora_feat_L2.txt 0.00103368 0.00102546 8.216e-06
37 Cora_feat_L2.txt 0.000554984 0.000546617 8.367e-06
38 Cora_feat_L2.txt 0.00100296 0.000994801 8.156e-06
39 Cora_feat_L2.txt 0.000549744 0.000541418 8.326e-06
40 Cora_feat_L2.txt 0.000700162 0.000691926 8.236e-06
41 Cora_feat_L2.txt 0.000559515 0.000551204 8.311e-06
42 Cora_feat_L2.txt 0.00102901 0.00102053 8.476e-06
43 Cora_feat_L2.txt 0.000559527 0.00055147 8.057e-06
44 Cora_feat_L2.txt 0.00103821 0.00103002 8.19e-06
45 Cora_feat_L2.txt 0.00055463 0.000546437 8.193e-06
46 Cora_feat_L2.txt 0.000653571 0.000645361 8.21e-06
47 Cora_feat_L2.txt 0.000572239 0.000561465 1.0774e-05
0 Cora_A.txt 0.000235715 0.00023279 2.925e-06
1 Cora_A.txt 0.000238918 0.000237266 1.652e-06
2 Cora_A.txt 0.000237755 0.000235112 2.643e-06
3 Cora_A.txt 0.000248476 0.000247351 1.125e-06
4 Cora_A.txt 0.00020708 0.000204965 2.115e-06
5 Cora_A.txt 0.000236534 0.000233903 2.631e-06
6 Cora_A.txt 0.00021689 0.000214093 2.797e-06
7 Cora_A.txt 0.000258836 0.000256167 2.669e-06
8 Cora_A.txt 0.000254808 0.000252443 2.365e-06
9 Cora_A.txt 0.000222274 0.000219842 2.432e-06
10 Cora_A.txt 0.000256917 0.000254519 2.398e-06
11 Cora_A.txt 0.000257117 0.000254737 2.38e-06
12 Cora_A.txt 0.000272541 0.000269545 2.996e-06
13 Cora_A.txt 0.000269682 0.000266506 3.176e-06
14 Cora_A.txt 0.000245302 0.000242059 3.243e-06
15 Cora_A.txt 0.000234419 0.00023183 2.589e-06
16 Cora_A.txt 0.000231998 0.000229149 2.849e-06
17 Cora_A.txt 0.000236955 0.000234519 2.436e-06
18 Cora_A.txt 0.000237248 0.000234135 3.113e-06
19 Cora_A.txt 0.000248901 0.000245581 3.32e-06
20 Cora_A.txt 0.00020651 0.00020308 3.43e-06
21 Cora_A.txt 0.000233687 0.000230739 2.948e-06
22 Cora_A.txt 0.000198526 0.000195117 3.409e-06
23 Cora_A.txt 0.000252683 0.000249031 3.652e-06
24 Cora_A.txt 0.000252463 0.00024907 3.393e-06
25 Cora_A.txt 0.000212036 0.000206759 5.277e-06
26 Cora_A.txt 0.000254278 0.000251828 2.45e-06
27 Cora_A.txt 0.000252416 0.000250311 2.105e-06
28 Cora_A.txt 0.00026726 0.000263938 3.322e-06
29 Cora_A.txt 0.000266273 0.000262788 3.485e-06
30 Cora_A.txt 0.000242128 0.000239191 2.937e-06
31 Cora_A.txt 0.000232586 0.000228589 3.997e-06
32 Cora_A.txt 0.000179192 0.000175581 3.611e-06
33 Cora_A.txt 0.000181844 0.000178837 3.007e-06
34 Cora_A.txt 0.000148615 0.000144106 4.509e-06
35 Cora_A.txt 0.000181539 0.000176887 4.652e-06
36 Cora_A.txt 0.000179282 0.000174955 4.327e-06
37 Cora_A.txt 0.00016973 0.00016438 5.35e-06
38 Cora_A.txt 0.000179369 0.000175972 3.397e-06
39 Cora_A.txt 0.000192036 0.000187766 4.27e-06
40 Cora_A.txt 0.000184441 0.000180748 3.693e-06
41 Cora_A.txt 0.000193805 0.000190362 3.443e-06
42 Cora_A.txt 0.000179662 0.000176766 2.896e-06
43 Cora_A.txt 0.000166163 0.000162792 3.371e-06
44 Cora_A.txt 0.000192172 0.000189424 2.748e-06
45 Cora_A.txt 0.000205664 0.000201625 4.039e-06
46 Cora_A.txt 0.000223502 0.00021831 5.192e-06
47 Cora_A.txt 0.000216445 0.00021209 4.355e-06
TACC:  Shutdown complete. Exiting. 
