TACC:  Starting up job 10065982 
TACC:  Starting parallel tasks... 
0 Reddit_feat_L2.txt 0.00306101 0.000352172 0.00270884
1 Reddit_feat_L2.txt 0.00342273 0.000222425 0.0032003
2 Reddit_feat_L2.txt 0.00390248 0.00034684 0.00355564
3 Reddit_feat_L2.txt 0.0029101 0.000209751 0.00270035
4 Reddit_feat_L2.txt 0.00167487 0.000351291 0.00132358
5 Reddit_feat_L2.txt 0.00197589 0.000220546 0.00175535
6 Reddit_feat_L2.txt 0.00319129 0.000419301 0.00277199
7 Reddit_feat_L2.txt 0.00128872 0.000201777 0.00108695
8 Reddit_feat_L2.txt 0.00142863 0.00034212 0.00108651
9 Reddit_feat_L2.txt 0.00102238 0.000221867 0.000800511
10 Reddit_feat_L2.txt 0.00127777 0.000338071 0.000939698
11 Reddit_feat_L2.txt 0.00131031 0.00022175 0.00108856
12 Reddit_feat_L2.txt 0.00155162 0.000346547 0.00120508
13 Reddit_feat_L2.txt 0.000932121 0.00023259 0.000699531
14 Reddit_feat_L2.txt 0.00130168 0.000415486 0.000886198
15 Reddit_feat_L2.txt 0.000981428 0.000225146 0.000756282
16 Reddit_feat_L2.txt 0.00115707 0.000332283 0.000824788
17 Reddit_feat_L2.txt 0.00087691 0.000206923 0.000669987
18 Reddit_feat_L2.txt 0.00115195 0.000338468 0.00081348
19 Reddit_feat_L2.txt 0.00116262 0.000204734 0.000957888
20 Reddit_feat_L2.txt 0.000988725 0.000347125 0.0006416
21 Reddit_feat_L2.txt 0.000926867 0.000213195 0.000713672
22 Reddit_feat_L2.txt 0.00128625 0.000420043 0.000866206
23 Reddit_feat_L2.txt 0.000990435 0.00020575 0.000784685
24 Reddit_feat_L2.txt 0.00119824 0.000334881 0.000863362
25 Reddit_feat_L2.txt 0.000977972 0.0002107 0.000767272
26 Reddit_feat_L2.txt 0.00116371 0.000332998 0.000830715
27 Reddit_feat_L2.txt 0.000841024 0.000212906 0.000628118
28 Reddit_feat_L2.txt 0.0010919 0.000344031 0.000747867
29 Reddit_feat_L2.txt 0.000843402 0.000226877 0.000616525
30 Reddit_feat_L2.txt 0.00114527 0.000414869 0.000730396
31 Reddit_feat_L2.txt 0.000821027 0.000216118 0.000604909
32 Reddit_feat_L2.txt 0.000882796 0.000346793 0.000536003
33 Reddit_feat_L2.txt 0.000979462 0.000193579 0.000785883
34 Reddit_feat_L2.txt 0.00105402 0.000333714 0.000720301
35 Reddit_feat_L2.txt 0.000881693 0.000194497 0.000687196
36 Reddit_feat_L2.txt 0.000950504 0.000347572 0.000602932
37 Reddit_feat_L2.txt 0.000690667 0.000199663 0.000491004
38 Reddit_feat_L2.txt 0.00099678 0.000406451 0.000590329
39 Reddit_feat_L2.txt 0.000769275 0.000196849 0.000572426
40 Reddit_feat_L2.txt 0.000833745 0.000329746 0.000503999
41 Reddit_feat_L2.txt 0.000966361 0.000192466 0.000773895
42 Reddit_feat_L2.txt 0.000908488 0.000330174 0.000578314
43 Reddit_feat_L2.txt 0.000953759 0.000197347 0.000756412
44 Reddit_feat_L2.txt 0.00121867 0.00033868 0.000879988
45 Reddit_feat_L2.txt 0.000761064 0.000209402 0.000551662
46 Reddit_feat_L2.txt 0.000906498 0.0004027 0.000503798
47 Reddit_feat_L2.txt 0.000662602 0.000219045 0.000443557
0 Reddit_A.txt 0.0223957 0.0167599 0.00563584
1 Reddit_A.txt 0.0334745 0.0168683 0.0166062
2 Reddit_A.txt 0.0449877 0.0170807 0.027907
3 Reddit_A.txt 0.0425837 0.0170791 0.0255046
4 Reddit_A.txt 0.0465598 0.0168666 0.0296932
5 Reddit_A.txt 0.0422125 0.0166817 0.0255309
6 Reddit_A.txt 0.0559806 0.0168377 0.0391429
7 Reddit_A.txt 0.0542822 0.0170391 0.0372432
8 Reddit_A.txt 0.0618422 0.0172532 0.044589
9 Reddit_A.txt 0.053418 0.0172494 0.0361687
10 Reddit_A.txt 0.0593036 0.017032 0.0422716
11 Reddit_A.txt 0.0791163 0.0168216 0.0622947
12 Reddit_A.txt 0.0729438 0.0165176 0.0564262
13 Reddit_A.txt 0.0807009 0.0163041 0.0643968
14 Reddit_A.txt 0.0889622 0.0160694 0.0728928
15 Reddit_A.txt 0.094414 0.0159095 0.0785045
16 Reddit_A.txt 0.0931257 0.0156901 0.0774357
17 Reddit_A.txt 0.0955082 0.0157679 0.0797403
18 Reddit_A.txt 0.109951 0.0160728 0.0938782
19 Reddit_A.txt 0.109947 0.016274 0.093673
20 Reddit_A.txt 0.112461 0.0164853 0.0959754
21 Reddit_A.txt 0.11176 0.0164826 0.0952773
22 Reddit_A.txt 0.131596 0.0162682 0.115327
23 Reddit_A.txt 0.130865 0.0161983 0.114667
24 Reddit_A.txt 0.1471 0.0164506 0.130649
25 Reddit_A.txt 0.169138 0.01661 0.152528
26 Reddit_A.txt 0.177473 0.0166106 0.160863
27 Reddit_A.txt 0.166229 0.0164921 0.149737
28 Reddit_A.txt 0.162687 0.0163154 0.146372
29 Reddit_A.txt 0.166733 0.0163688 0.150364
30 Reddit_A.txt 0.191696 0.0166266 0.175069
31 Reddit_A.txt 0.17749 0.0167942 0.160696
32 Reddit_A.txt 0.233683 0.0167942 0.216889
33 Reddit_A.txt 0.214603 0.0166655 0.197937
34 Reddit_A.txt 0.193819 0.0164756 0.177343
35 Reddit_A.txt 0.208544 0.0164624 0.192082
36 Reddit_A.txt 0.201402 0.0167304 0.184671
37 Reddit_A.txt 0.208769 0.0168907 0.191878
38 Reddit_A.txt 0.217032 0.0168941 0.200138
39 Reddit_A.txt 0.204968 0.0167499 0.188218
40 Reddit_A.txt 0.214525 0.016545 0.19798
41 Reddit_A.txt 0.241605 0.0165535 0.225052
42 Reddit_A.txt 0.243818 0.0169243 0.226893
43 Reddit_A.txt 0.234056 0.0170896 0.216966
44 Reddit_A.txt 0.270743 0.0170875 0.253655
45 Reddit_A.txt 0.271808 0.0170316 0.254777
46 Reddit_A.txt 0.259341 0.0167799 0.242561
47 Reddit_A.txt 0.639787 0.0167626 0.623025
TACC:  Shutdown complete. Exiting. 
