TACC:  Starting up job 10066081 
TACC:  Starting parallel tasks... 
0 Reddit_feat_L1.txt 0.000963191 0.000207892 0.000755299
1 Reddit_feat_L1.txt 0.000945852 0.000210211 0.000735641
2 Reddit_feat_L1.txt 0.000999765 0.000251085 0.00074868
3 Reddit_feat_L1.txt 0.0010975 0.000258929 0.000838568
4 Reddit_feat_L1.txt 0.00102677 0.000224192 0.000802578
5 Reddit_feat_L1.txt 0.0010248 0.000269158 0.00075564
6 Reddit_feat_L1.txt 0.00116477 0.000271453 0.000893319
7 Reddit_feat_L1.txt 0.0010559 0.000193258 0.000862644
8 Reddit_feat_L1.txt 0.0010748 0.000207015 0.000867782
9 Reddit_feat_L1.txt 0.00108259 0.000252752 0.000829838
10 Reddit_feat_L1.txt 0.00115604 0.000290306 0.000865737
11 Reddit_feat_L1.txt 0.00109856 0.000254692 0.000843867
12 Reddit_feat_L1.txt 0.00100163 0.000214992 0.000786642
13 Reddit_feat_L1.txt 0.000986786 0.000257997 0.000728789
14 Reddit_feat_L1.txt 0.00113394 0.000267107 0.000866834
15 Reddit_feat_L1.txt 0.00106912 0.000204637 0.000864484
16 Reddit_feat_L1.txt 0.00102006 0.000210353 0.000809711
17 Reddit_feat_L1.txt 0.00112448 0.000204384 0.000920095
18 Reddit_feat_L1.txt 0.00113928 0.000225673 0.000913604
19 Reddit_feat_L1.txt 0.00109897 0.000181496 0.000917472
20 Reddit_feat_L1.txt 0.000945642 0.000206666 0.000738976
21 Reddit_feat_L1.txt 0.00109381 0.000204312 0.000889501
22 Reddit_feat_L1.txt 0.00108007 0.000228402 0.00085167
23 Reddit_feat_L1.txt 0.00106055 0.000193735 0.000866818
0 Reddit_A.txt 0.0158624 0.00620775 0.00965461
1 Reddit_A.txt 0.0261017 0.0061934 0.0199083
2 Reddit_A.txt 0.0266963 0.00609904 0.0205973
3 Reddit_A.txt 0.0373369 0.00576204 0.0315749
4 Reddit_A.txt 0.0330761 0.00563886 0.0274372
5 Reddit_A.txt 0.0423527 0.00546978 0.0368829
6 Reddit_A.txt 0.0528979 0.0053158 0.0475821
7 Reddit_A.txt 0.0595387 0.00544727 0.0540914
8 Reddit_A.txt 0.0651242 0.00561615 0.059508
9 Reddit_A.txt 0.0820476 0.0058287 0.0762189
10 Reddit_A.txt 0.0728118 0.00597941 0.0668324
11 Reddit_A.txt 0.0898924 0.00598097 0.0839115
12 Reddit_A.txt 0.113739 0.00605932 0.107679
13 Reddit_A.txt 0.115973 0.00614404 0.109829
14 Reddit_A.txt 0.114728 0.00621208 0.108516
15 Reddit_A.txt 0.130216 0.00637249 0.123844
16 Reddit_A.txt 0.169294 0.00654315 0.162751
17 Reddit_A.txt 0.144254 0.00658592 0.137668
18 Reddit_A.txt 0.148885 0.00658943 0.142296
19 Reddit_A.txt 0.144589 0.00639426 0.138195
20 Reddit_A.txt 0.1586 0.00641891 0.152182
21 Reddit_A.txt 0.171476 0.00641715 0.165059
22 Reddit_A.txt 0.182282 0.0063544 0.175927
23 Reddit_A.txt 0.318509 0.00610684 0.312403
TACC:  Shutdown complete. Exiting. 
