TACC:  Starting up job 10065982 
TACC:  Starting parallel tasks... 
0 Citeseer_feat_L1.txt 0.000824628 0.000770502 5.4126e-05
1 Citeseer_feat_L1.txt 0.000758806 0.00070484 5.3966e-05
2 Citeseer_feat_L1.txt 0.000889304 0.000840507 4.8797e-05
3 Citeseer_feat_L1.txt 0.000642454 0.000598534 4.392e-05
4 Citeseer_feat_L1.txt 0.000891848 0.000847836 4.4012e-05
5 Citeseer_feat_L1.txt 0.000725256 0.000681244 4.4012e-05
6 Citeseer_feat_L1.txt 0.000894022 0.000842453 5.1569e-05
7 Citeseer_feat_L1.txt 0.000775416 0.000717488 5.7928e-05
8 Citeseer_feat_L1.txt 0.00081486 0.000767641 4.7219e-05
9 Citeseer_feat_L1.txt 0.000728651 0.000684646 4.4005e-05
10 Citeseer_feat_L1.txt 0.00113951 0.00109576 4.3748e-05
11 Citeseer_feat_L1.txt 0.000621705 0.000573216 4.8489e-05
12 Citeseer_feat_L1.txt 0.000878126 0.000827131 5.0995e-05
13 Citeseer_feat_L1.txt 0.000650919 0.000599106 5.1813e-05
14 Citeseer_feat_L1.txt 0.0007629 0.000716355 4.6545e-05
15 Citeseer_feat_L1.txt 0.000692123 0.000647377 4.4746e-05
16 Citeseer_feat_L1.txt 0.00083083 0.000789233 4.1597e-05
17 Citeseer_feat_L1.txt 0.000720334 0.00067203 4.8304e-05
18 Citeseer_feat_L1.txt 0.000851896 0.000792389 5.9507e-05
19 Citeseer_feat_L1.txt 0.000638835 0.000583945 5.489e-05
20 Citeseer_feat_L1.txt 0.000876414 0.000826053 5.0361e-05
21 Citeseer_feat_L1.txt 0.000785984 0.000739356 4.6628e-05
22 Citeseer_feat_L1.txt 0.000903239 0.0008575 4.5739e-05
23 Citeseer_feat_L1.txt 0.000707984 0.000664791 4.3193e-05
24 Citeseer_feat_L1.txt 0.000816563 0.000769264 4.7299e-05
25 Citeseer_feat_L1.txt 0.000691325 0.000642841 4.8484e-05
26 Citeseer_feat_L1.txt 0.00120415 0.00115721 4.6948e-05
27 Citeseer_feat_L1.txt 0.000601554 0.000558232 4.3322e-05
28 Citeseer_feat_L1.txt 0.000877377 0.000833895 4.3482e-05
29 Citeseer_feat_L1.txt 0.000650515 0.000606005 4.451e-05
30 Citeseer_feat_L1.txt 0.000744606 0.000695678 4.8928e-05
31 Citeseer_feat_L1.txt 0.000667692 0.000618342 4.935e-05
32 Citeseer_feat_L1.txt 0.000798957 0.000752196 4.6761e-05
33 Citeseer_feat_L1.txt 0.000664295 0.000618725 4.557e-05
34 Citeseer_feat_L1.txt 0.000829148 0.000784715 4.4433e-05
35 Citeseer_feat_L1.txt 0.000620766 0.000575615 4.5151e-05
36 Citeseer_feat_L1.txt 0.000842755 0.000789376 5.3379e-05
37 Citeseer_feat_L1.txt 0.000759802 0.000704657 5.5145e-05
38 Citeseer_feat_L1.txt 0.000883515 0.000835438 4.8077e-05
39 Citeseer_feat_L1.txt 0.000699475 0.00065483 4.4645e-05
40 Citeseer_feat_L1.txt 0.000788915 0.000745372 4.3543e-05
41 Citeseer_feat_L1.txt 0.00070859 0.000663715 4.4875e-05
42 Citeseer_feat_L1.txt 0.00115548 0.00109982 5.5652e-05
43 Citeseer_feat_L1.txt 0.00063383 0.000580796 5.3034e-05
44 Citeseer_feat_L1.txt 0.000865881 0.000809384 5.6497e-05
45 Citeseer_feat_L1.txt 0.000649728 0.000606283 4.3445e-05
46 Citeseer_feat_L1.txt 0.000804748 0.000722152 8.2596e-05
47 Citeseer_feat_L1.txt 0.000694606 0.000642678 5.1928e-05
0 Citeseer_A.txt 0.000345248 0.000340586 4.662e-06
1 Citeseer_A.txt 0.000326508 0.000322391 4.117e-06
2 Citeseer_A.txt 0.000319996 0.000316263 3.733e-06
3 Citeseer_A.txt 0.000350547 0.000347645 2.902e-06
4 Citeseer_A.txt 0.000281826 0.000279314 2.512e-06
5 Citeseer_A.txt 0.00035742 0.000354673 2.747e-06
6 Citeseer_A.txt 0.000363908 0.000360747 3.161e-06
7 Citeseer_A.txt 0.000439385 0.000435482 3.903e-06
8 Citeseer_A.txt 0.000273477 0.000266049 7.428e-06
9 Citeseer_A.txt 0.000352581 0.000349202 3.379e-06
10 Citeseer_A.txt 0.000326017 0.000322712 3.305e-06
11 Citeseer_A.txt 0.00033074 0.000327958 2.782e-06
12 Citeseer_A.txt 0.000356098 0.000345998 1.01e-05
13 Citeseer_A.txt 0.000308256 0.000304823 3.433e-06
14 Citeseer_A.txt 0.000273763 0.000270527 3.236e-06
15 Citeseer_A.txt 0.000276732 0.000273757 2.975e-06
16 Citeseer_A.txt 0.000362277 0.000359339 2.938e-06
17 Citeseer_A.txt 0.000381544 0.000377966 3.578e-06
18 Citeseer_A.txt 0.000289843 0.000286015 3.828e-06
19 Citeseer_A.txt 0.000357531 0.000351498 6.033e-06
20 Citeseer_A.txt 0.000300916 0.000296655 4.261e-06
21 Citeseer_A.txt 0.000405838 0.000400512 5.326e-06
22 Citeseer_A.txt 0.000363667 0.000358833 4.834e-06
23 Citeseer_A.txt 0.000382363 0.000377613 4.75e-06
24 Citeseer_A.txt 0.000253469 0.000248195 5.274e-06
25 Citeseer_A.txt 0.000268073 0.000263106 4.967e-06
26 Citeseer_A.txt 0.000338312 0.000333827 4.485e-06
27 Citeseer_A.txt 0.000299745 0.000293236 6.509e-06
28 Citeseer_A.txt 0.000351059 0.000346159 4.9e-06
29 Citeseer_A.txt 0.000303786 0.000299355 4.431e-06
30 Citeseer_A.txt 0.000288848 0.000280884 7.964e-06
31 Citeseer_A.txt 0.000288941 0.00028199 6.951e-06
32 Citeseer_A.txt 0.000361982 0.000356943 5.039e-06
33 Citeseer_A.txt 0.000351027 0.000342424 8.603e-06
34 Citeseer_A.txt 0.000348228 0.000338396 9.832e-06
35 Citeseer_A.txt 0.000349579 0.000344863 4.716e-06
36 Citeseer_A.txt 0.0003456 0.000335944 9.656e-06
37 Citeseer_A.txt 0.00041063 0.000400644 9.986e-06
38 Citeseer_A.txt 0.000405932 0.000398819 7.113e-06
39 Citeseer_A.txt 0.000364191 0.000355565 8.626e-06
40 Citeseer_A.txt 0.000275794 0.000267105 8.689e-06
41 Citeseer_A.txt 0.000346767 0.000341103 5.664e-06
42 Citeseer_A.txt 0.000329956 0.000322703 7.253e-06
43 Citeseer_A.txt 0.000331873 0.000325448 6.425e-06
44 Citeseer_A.txt 0.000356737 0.000348018 8.719e-06
45 Citeseer_A.txt 0.000334312 0.000328658 5.654e-06
46 Citeseer_A.txt 0.000305014 0.000295567 9.447e-06
47 Citeseer_A.txt 0.000293685 0.00028574 7.945e-06
TACC:  Shutdown complete. Exiting. 
