TACC:  Starting up job 10065982 
TACC:  Starting parallel tasks... 
0 Cora_feat_L1.txt 0.000861659 0.000841543 2.0116e-05
1 Cora_feat_L1.txt 0.000482648 0.000461261 2.1387e-05
2 Cora_feat_L1.txt 0.00118998 0.00116854 2.1442e-05
3 Cora_feat_L1.txt 0.000459022 0.000437616 2.1406e-05
4 Cora_feat_L1.txt 0.00109845 0.00107671 2.1747e-05
5 Cora_feat_L1.txt 0.000474742 0.000453175 2.1567e-05
6 Cora_feat_L1.txt 0.00104156 0.0010182 2.3361e-05
7 Cora_feat_L1.txt 0.000507248 0.000483514 2.3734e-05
8 Cora_feat_L1.txt 0.00110525 0.00108259 2.266e-05
9 Cora_feat_L1.txt 0.000474897 0.000452052 2.2845e-05
10 Cora_feat_L1.txt 0.000976265 0.00095483 2.1435e-05
11 Cora_feat_L1.txt 0.000410614 0.000388552 2.2062e-05
12 Cora_feat_L1.txt 0.00115171 0.00112791 2.3804e-05
13 Cora_feat_L1.txt 0.00049403 0.000471005 2.3025e-05
14 Cora_feat_L1.txt 0.0012333 0.00121015 2.315e-05
15 Cora_feat_L1.txt 0.000437428 0.000415689 2.1739e-05
16 Cora_feat_L1.txt 0.000857437 0.000830173 2.7264e-05
17 Cora_feat_L1.txt 0.000473151 0.000452293 2.0858e-05
18 Cora_feat_L1.txt 0.00117895 0.00115558 2.3369e-05
19 Cora_feat_L1.txt 0.000464824 0.000425007 3.9817e-05
20 Cora_feat_L1.txt 0.00107413 0.00105075 2.3381e-05
21 Cora_feat_L1.txt 0.000481837 0.000458851 2.2986e-05
22 Cora_feat_L1.txt 0.00104771 0.00102468 2.3035e-05
23 Cora_feat_L1.txt 0.00050582 0.00047723 2.859e-05
24 Cora_feat_L1.txt 0.00109944 0.00107642 2.3019e-05
25 Cora_feat_L1.txt 0.000488827 0.000467542 2.1285e-05
26 Cora_feat_L1.txt 0.000972268 0.000949825 2.2443e-05
27 Cora_feat_L1.txt 0.000401112 0.000382279 1.8833e-05
28 Cora_feat_L1.txt 0.00115058 0.00112744 2.3143e-05
29 Cora_feat_L1.txt 0.000473685 0.000449624 2.4061e-05
30 Cora_feat_L1.txt 0.00121892 0.00119471 2.4214e-05
31 Cora_feat_L1.txt 0.00042561 0.000402938 2.2672e-05
32 Cora_feat_L1.txt 0.000793727 0.000768567 2.516e-05
33 Cora_feat_L1.txt 0.000423614 0.000401201 2.2413e-05
34 Cora_feat_L1.txt 0.00115351 0.00113134 2.2169e-05
35 Cora_feat_L1.txt 0.000410313 0.000387906 2.2407e-05
36 Cora_feat_L1.txt 0.00106459 0.00104129 2.3297e-05
37 Cora_feat_L1.txt 0.00044032 0.00041854 2.178e-05
38 Cora_feat_L1.txt 0.00103985 0.00101636 2.3492e-05
39 Cora_feat_L1.txt 0.000453704 0.000431538 2.2166e-05
40 Cora_feat_L1.txt 0.00106434 0.00104221 2.2129e-05
41 Cora_feat_L1.txt 0.00039794 0.000375494 2.2446e-05
42 Cora_feat_L1.txt 0.000942604 0.000918446 2.4158e-05
43 Cora_feat_L1.txt 0.000399787 0.000377141 2.2646e-05
44 Cora_feat_L1.txt 0.00107388 0.00105462 1.9255e-05
45 Cora_feat_L1.txt 0.000463511 0.000442037 2.1474e-05
46 Cora_feat_L1.txt 0.00118824 0.00116783 2.0414e-05
47 Cora_feat_L1.txt 0.000415503 0.000388025 2.7478e-05
0 Cora_A.txt 0.000323704 0.000318757 4.947e-06
1 Cora_A.txt 0.000321111 0.000318108 3.003e-06
2 Cora_A.txt 0.000373013 0.000368846 4.167e-06
3 Cora_A.txt 0.000343135 0.000341125 2.01e-06
4 Cora_A.txt 0.000361147 0.000357654 3.493e-06
5 Cora_A.txt 0.000362952 0.000358545 4.407e-06
6 Cora_A.txt 0.000351036 0.00034615 4.886e-06
7 Cora_A.txt 0.000289439 0.000284965 4.474e-06
8 Cora_A.txt 0.000358719 0.000354657 4.062e-06
9 Cora_A.txt 0.000329204 0.000325044 4.16e-06
10 Cora_A.txt 0.000371563 0.000367339 4.224e-06
11 Cora_A.txt 0.000376545 0.000372434 4.111e-06
12 Cora_A.txt 0.000339189 0.000334101 5.088e-06
13 Cora_A.txt 0.000320254 0.000314884 5.37e-06
14 Cora_A.txt 0.000339341 0.000333845 5.496e-06
15 Cora_A.txt 0.000270399 0.000265802 4.597e-06
16 Cora_A.txt 0.000398345 0.000393695 4.65e-06
17 Cora_A.txt 0.000359881 0.000355583 4.298e-06
18 Cora_A.txt 0.000369734 0.000358438 1.1296e-05
19 Cora_A.txt 0.000386107 0.000379995 6.112e-06
20 Cora_A.txt 0.000400154 0.000393359 6.795e-06
21 Cora_A.txt 0.000402611 0.00039735 5.261e-06
22 Cora_A.txt 0.000350563 0.000344541 6.022e-06
23 Cora_A.txt 0.000327258 0.000320489 6.769e-06
24 Cora_A.txt 0.000371403 0.000365441 5.962e-06
25 Cora_A.txt 0.000334275 0.0003233 1.0975e-05
26 Cora_A.txt 0.000334196 0.000329242 4.954e-06
27 Cora_A.txt 0.000353712 0.000350171 3.541e-06
28 Cora_A.txt 0.000335124 0.00032947 5.654e-06
29 Cora_A.txt 0.000316906 0.000310371 6.535e-06
30 Cora_A.txt 0.000343862 0.000338675 5.187e-06
31 Cora_A.txt 0.000270502 0.000263381 7.121e-06
32 Cora_A.txt 0.00035993 0.000353754 6.176e-06
33 Cora_A.txt 0.00036216 0.000356745 5.415e-06
34 Cora_A.txt 0.000339753 0.00033142 8.333e-06
35 Cora_A.txt 0.000387912 0.000379249 8.663e-06
36 Cora_A.txt 0.000402556 0.000394014 8.542e-06
37 Cora_A.txt 0.000406514 0.000395293 1.1221e-05
38 Cora_A.txt 0.000351635 0.000344618 7.017e-06
39 Cora_A.txt 0.000327552 0.000319217 8.335e-06
40 Cora_A.txt 0.000395404 0.000388728 6.676e-06
41 Cora_A.txt 0.000328299 0.000322038 6.261e-06
42 Cora_A.txt 0.000414034 0.000408098 5.936e-06
43 Cora_A.txt 0.000425072 0.000417845 7.227e-06
44 Cora_A.txt 0.000340526 0.000335238 5.288e-06
45 Cora_A.txt 0.000303865 0.000295973 7.892e-06
46 Cora_A.txt 0.000328949 0.000319123 9.826e-06
47 Cora_A.txt 0.000275262 0.000267805 7.457e-06
TACC:  Shutdown complete. Exiting. 
