TACC:  Starting up job 10066081 
TACC:  Starting parallel tasks... 
0 Reddit_feat_L1.txt 0.00096202 0.000203866 0.000758154
1 Reddit_feat_L1.txt 0.000907747 0.000171169 0.000736578
2 Reddit_feat_L1.txt 0.00102833 0.00026796 0.000760374
3 Reddit_feat_L1.txt 0.00111823 0.000251725 0.00086651
4 Reddit_feat_L1.txt 0.00104239 0.000239422 0.000802963
5 Reddit_feat_L1.txt 0.000999111 0.000239733 0.000759378
6 Reddit_feat_L1.txt 0.00117107 0.000280214 0.000890854
7 Reddit_feat_L1.txt 0.00104752 0.000217902 0.000829613
8 Reddit_feat_L1.txt 0.00104804 0.000210412 0.000837623
9 Reddit_feat_L1.txt 0.00100126 0.000194457 0.000806799
10 Reddit_feat_L1.txt 0.00111126 0.000289055 0.000822201
11 Reddit_feat_L1.txt 0.00104878 0.000248496 0.00080028
12 Reddit_feat_L1.txt 0.00104473 0.000233998 0.000810731
13 Reddit_feat_L1.txt 0.000962155 0.00023127 0.000730885
14 Reddit_feat_L1.txt 0.00113354 0.000276474 0.000857063
15 Reddit_feat_L1.txt 0.00113513 0.000228996 0.000906129
16 Reddit_feat_L1.txt 0.000979021 0.000212412 0.000766609
17 Reddit_feat_L1.txt 0.00104429 0.000182579 0.000861712
18 Reddit_feat_L1.txt 0.00118405 0.00022958 0.000954468
19 Reddit_feat_L1.txt 0.00108484 0.000165788 0.000919055
20 Reddit_feat_L1.txt 0.000955391 0.000217178 0.000738213
21 Reddit_feat_L1.txt 0.00107086 0.000168239 0.000902621
22 Reddit_feat_L1.txt 0.00108701 0.000233884 0.000853131
23 Reddit_feat_L1.txt 0.00104676 0.000180045 0.000866715
0 Reddit_A.txt 0.018024 0.00661019 0.0114138
1 Reddit_A.txt 0.031006 0.00631749 0.0246885
2 Reddit_A.txt 0.0324474 0.00606818 0.0263792
3 Reddit_A.txt 0.0441246 0.00580491 0.0383197
4 Reddit_A.txt 0.0401303 0.00587769 0.0342526
5 Reddit_A.txt 0.0526511 0.00587722 0.0467739
6 Reddit_A.txt 0.0627006 0.00597517 0.0567254
7 Reddit_A.txt 0.0725305 0.00612035 0.0664101
8 Reddit_A.txt 0.0786127 0.00623111 0.0723816
9 Reddit_A.txt 0.0802166 0.00642174 0.0737949
10 Reddit_A.txt 0.0774766 0.00654459 0.070932
11 Reddit_A.txt 0.0947536 0.006674 0.0880796
12 Reddit_A.txt 0.141284 0.0068888 0.134396
13 Reddit_A.txt 0.132786 0.00701931 0.125767
14 Reddit_A.txt 0.131012 0.00701746 0.123995
15 Reddit_A.txt 0.15942 0.00708484 0.152336
16 Reddit_A.txt 0.204954 0.00728641 0.197668
17 Reddit_A.txt 0.178131 0.00736073 0.17077
18 Reddit_A.txt 0.180592 0.00734807 0.173244
19 Reddit_A.txt 0.16325 0.00693716 0.156313
20 Reddit_A.txt 0.181592 0.00693383 0.174658
21 Reddit_A.txt 0.208206 0.0068073 0.201398
22 Reddit_A.txt 0.22775 0.00663128 0.221118
23 Reddit_A.txt 0.404176 0.00660921 0.397567
TACC:  Shutdown complete. Exiting. 
