TACC:  Starting up job 10066081 
TACC:  Starting parallel tasks... 
0 Reddit_feat_L2.txt 0.00586359 0.000188819 0.00567477
1 Reddit_feat_L2.txt 0.00594115 0.000150049 0.0057911
2 Reddit_feat_L2.txt 0.00314064 0.000196654 0.00294399
3 Reddit_feat_L2.txt 0.00387022 0.000125006 0.00374521
4 Reddit_feat_L2.txt 0.00217366 0.000176841 0.00199682
5 Reddit_feat_L2.txt 0.00229323 0.000118335 0.00217489
6 Reddit_feat_L2.txt 0.00207508 0.000192344 0.00188274
7 Reddit_feat_L2.txt 0.00178363 0.000134667 0.00164896
8 Reddit_feat_L2.txt 0.0017157 0.000176478 0.00153922
9 Reddit_feat_L2.txt 0.00208255 0.000137219 0.00194533
10 Reddit_feat_L2.txt 0.00152748 0.000187087 0.00134039
11 Reddit_feat_L2.txt 0.00185224 0.000125078 0.00172716
12 Reddit_feat_L2.txt 0.0019502 0.000184305 0.00176589
13 Reddit_feat_L2.txt 0.00162336 0.000123751 0.00149961
14 Reddit_feat_L2.txt 0.00162082 0.000190875 0.00142995
15 Reddit_feat_L2.txt 0.00156842 0.000134067 0.00143435
16 Reddit_feat_L2.txt 0.00157202 0.000177266 0.00139475
17 Reddit_feat_L2.txt 0.00156804 0.000130565 0.00143747
18 Reddit_feat_L2.txt 0.00136842 0.000192919 0.0011755
19 Reddit_feat_L2.txt 0.00133552 0.000128588 0.00120694
20 Reddit_feat_L2.txt 0.001507 0.0001823 0.0013247
21 Reddit_feat_L2.txt 0.00153989 0.000128114 0.00141177
22 Reddit_feat_L2.txt 0.00171219 0.000184153 0.00152804
23 Reddit_feat_L2.txt 0.00118584 0.000125653 0.00106019
0 Reddit_A.txt 0.0371052 0.0145504 0.0225548
1 Reddit_A.txt 0.0611394 0.01371 0.0474294
2 Reddit_A.txt 0.0642595 0.0132741 0.0509855
3 Reddit_A.txt 0.0879699 0.0127084 0.0752615
4 Reddit_A.txt 0.0804952 0.0123947 0.0681005
5 Reddit_A.txt 0.106381 0.0125331 0.0938483
6 Reddit_A.txt 0.125654 0.0131013 0.112552
7 Reddit_A.txt 0.149913 0.0134145 0.136498
8 Reddit_A.txt 0.162357 0.0138029 0.148554
9 Reddit_A.txt 0.19131 0.0143734 0.176937
10 Reddit_A.txt 0.184004 0.0146853 0.169319
11 Reddit_A.txt 0.228269 0.0150729 0.213196
12 Reddit_A.txt 0.28032 0.0156265 0.264694
13 Reddit_A.txt 0.296501 0.0159246 0.280576
14 Reddit_A.txt 0.28749 0.0159262 0.271564
15 Reddit_A.txt 0.315882 0.0153716 0.300511
16 Reddit_A.txt 0.408282 0.0151201 0.393162
17 Reddit_A.txt 0.371719 0.0152657 0.356453
18 Reddit_A.txt 0.359689 0.0152563 0.344433
19 Reddit_A.txt 0.364574 0.0152343 0.349339
20 Reddit_A.txt 0.406059 0.0151356 0.390923
21 Reddit_A.txt 0.415459 0.0148654 0.400594
22 Reddit_A.txt 0.461614 0.0145295 0.447084
23 Reddit_A.txt 0.798252 0.014555 0.783697
TACC:  Shutdown complete. Exiting. 
