TACC:  Starting up job 10065982 
TACC:  Starting parallel tasks... 
0 Reddit_feat_L1.txt 0.000883777 0.000499478 0.000384299
1 Reddit_feat_L1.txt 0.000742192 0.000336849 0.000405343
2 Reddit_feat_L1.txt 0.00082605 0.000426347 0.000399703
3 Reddit_feat_L1.txt 0.000740173 0.000332164 0.000408009
4 Reddit_feat_L1.txt 0.000860109 0.000466206 0.000393903
5 Reddit_feat_L1.txt 0.000721283 0.000321098 0.000400185
6 Reddit_feat_L1.txt 0.00100858 0.000585277 0.000423298
7 Reddit_feat_L1.txt 0.000798193 0.000338365 0.000459828
8 Reddit_feat_L1.txt 0.000973163 0.000507938 0.000465225
9 Reddit_feat_L1.txt 0.000666541 0.000278713 0.000387828
10 Reddit_feat_L1.txt 0.00086628 0.00047741 0.00038887
11 Reddit_feat_L1.txt 0.00073822 0.000349368 0.000388852
12 Reddit_feat_L1.txt 0.000952249 0.000471152 0.000481097
13 Reddit_feat_L1.txt 0.000785789 0.000321173 0.000464616
14 Reddit_feat_L1.txt 0.00101811 0.000558556 0.000459554
15 Reddit_feat_L1.txt 0.000752249 0.000327556 0.000424693
16 Reddit_feat_L1.txt 0.000945982 0.000496912 0.00044907
17 Reddit_feat_L1.txt 0.000750015 0.000332183 0.000417832
18 Reddit_feat_L1.txt 0.000826668 0.000427761 0.000398907
19 Reddit_feat_L1.txt 0.000783115 0.000358109 0.000425006
20 Reddit_feat_L1.txt 0.000941804 0.000488372 0.000453432
21 Reddit_feat_L1.txt 0.000772697 0.00033384 0.000438857
22 Reddit_feat_L1.txt 0.000994196 0.000563471 0.000430725
23 Reddit_feat_L1.txt 0.000773119 0.000333136 0.000439983
24 Reddit_feat_L1.txt 0.000880245 0.000481875 0.00039837
25 Reddit_feat_L1.txt 0.000671132 0.000257912 0.00041322
26 Reddit_feat_L1.txt 0.000842236 0.000446902 0.000395334
27 Reddit_feat_L1.txt 0.000706366 0.000318078 0.000388288
28 Reddit_feat_L1.txt 0.000929125 0.000464311 0.000464814
29 Reddit_feat_L1.txt 0.000759365 0.000316894 0.000442471
30 Reddit_feat_L1.txt 0.000984657 0.000562509 0.000422148
31 Reddit_feat_L1.txt 0.000795975 0.000328147 0.000467828
32 Reddit_feat_L1.txt 0.000825804 0.000428516 0.000397288
33 Reddit_feat_L1.txt 0.00068451 0.000266523 0.000417987
34 Reddit_feat_L1.txt 0.000883679 0.000418831 0.000464848
35 Reddit_feat_L1.txt 0.000703538 0.000260999 0.000442539
36 Reddit_feat_L1.txt 0.000880272 0.000427584 0.000452688
37 Reddit_feat_L1.txt 0.000739854 0.000249169 0.000490685
38 Reddit_feat_L1.txt 0.00102937 0.000521309 0.00050806
39 Reddit_feat_L1.txt 0.000730837 0.000250574 0.000480263
40 Reddit_feat_L1.txt 0.000800265 0.000426346 0.000373919
41 Reddit_feat_L1.txt 0.000644005 0.000240085 0.00040392
42 Reddit_feat_L1.txt 0.000801103 0.000391515 0.000409588
43 Reddit_feat_L1.txt 0.000754175 0.000251092 0.000503083
44 Reddit_feat_L1.txt 0.00090255 0.000410713 0.000491837
45 Reddit_feat_L1.txt 0.000656815 0.000251954 0.000404861
46 Reddit_feat_L1.txt 0.000950552 0.000503326 0.000447226
47 Reddit_feat_L1.txt 0.000726859 0.000256855 0.000470004
0 Reddit_A.txt 0.00903849 0.00691672 0.00212178
1 Reddit_A.txt 0.0132081 0.00654966 0.00665845
2 Reddit_A.txt 0.0182958 0.00650438 0.0117914
3 Reddit_A.txt 0.0167358 0.00643538 0.0103004
4 Reddit_A.txt 0.0185252 0.00640691 0.0121183
5 Reddit_A.txt 0.0173814 0.00648504 0.0108963
6 Reddit_A.txt 0.022372 0.00657394 0.0157981
7 Reddit_A.txt 0.021497 0.00665273 0.0148442
8 Reddit_A.txt 0.0260387 0.00674079 0.0192979
9 Reddit_A.txt 0.02095 0.00673875 0.0142113
10 Reddit_A.txt 0.0235219 0.00666095 0.016861
11 Reddit_A.txt 0.0318216 0.00669024 0.0251314
12 Reddit_A.txt 0.0295449 0.00679303 0.0227519
13 Reddit_A.txt 0.0319609 0.00686844 0.0250924
14 Reddit_A.txt 0.0375732 0.00695392 0.0306193
15 Reddit_A.txt 0.0378164 0.00695366 0.0308627
16 Reddit_A.txt 0.0370027 0.00687196 0.0301308
17 Reddit_A.txt 0.0383882 0.00679143 0.0315968
18 Reddit_A.txt 0.0435836 0.00670139 0.0368822
19 Reddit_A.txt 0.0440057 0.00681311 0.0371926
20 Reddit_A.txt 0.0464381 0.00691765 0.0395205
21 Reddit_A.txt 0.0445886 0.00698487 0.0376038
22 Reddit_A.txt 0.0531997 0.00698299 0.0462167
23 Reddit_A.txt 0.0526382 0.00689515 0.0457431
24 Reddit_A.txt 0.0585447 0.00678022 0.0517644
25 Reddit_A.txt 0.0671516 0.00677799 0.0603737
26 Reddit_A.txt 0.0719561 0.00686147 0.0650946
27 Reddit_A.txt 0.0656931 0.0068625 0.0588306
28 Reddit_A.txt 0.0658077 0.00678719 0.0590205
29 Reddit_A.txt 0.0671048 0.00671961 0.0603852
30 Reddit_A.txt 0.0782963 0.00675459 0.0715417
31 Reddit_A.txt 0.0716551 0.00682016 0.0648349
32 Reddit_A.txt 0.0954409 0.0069036 0.0885373
33 Reddit_A.txt 0.0853556 0.00690354 0.078452
34 Reddit_A.txt 0.0775977 0.00683588 0.0707618
35 Reddit_A.txt 0.0838927 0.00689408 0.0769987
36 Reddit_A.txt 0.078828 0.00694578 0.0718822
37 Reddit_A.txt 0.081277 0.00703539 0.0742416
38 Reddit_A.txt 0.0868254 0.00715305 0.0796723
39 Reddit_A.txt 0.0818015 0.00722161 0.0745799
40 Reddit_A.txt 0.0841846 0.00721912 0.0769654
41 Reddit_A.txt 0.0978405 0.00715713 0.0906834
42 Reddit_A.txt 0.0944554 0.00715785 0.0872976
43 Reddit_A.txt 0.0913238 0.00710239 0.0842214
44 Reddit_A.txt 0.107237 0.00704934 0.100188
45 Reddit_A.txt 0.103149 0.00702947 0.09612
46 Reddit_A.txt 0.097734 0.00685955 0.0908744
47 Reddit_A.txt 0.2548 0.00692049 0.24788
TACC:  Shutdown complete. Exiting. 
