TACC:  Starting up job 10024616 
TACC:  Starting parallel tasks... 
0 Citeseer_feat_L2.txt 0.000850526 0.000849281 1.245e-06
1 Citeseer_feat_L2.txt 0.00105614 0.00105525 8.94e-07
2 Citeseer_feat_L2.txt 0.00106123 0.00106039 8.4e-07
3 Citeseer_feat_L2.txt 0.00102375 0.00102283 9.19e-07
4 Citeseer_feat_L2.txt 0.00105576 0.00105479 9.69e-07
5 Citeseer_feat_L2.txt 0.00119414 0.00119325 8.94e-07
6 Citeseer_feat_L2.txt 0.00107288 0.00107199 8.89e-07
7 Citeseer_feat_L2.txt 0.000970224 0.000969297 9.27e-07
8 Citeseer_feat_L2.txt 0.000972109 0.000971236 8.73e-07
9 Citeseer_feat_L2.txt 0.00104607 0.00104506 1.015e-06
10 Citeseer_feat_L2.txt 0.00097906 0.00097816 9e-07
11 Citeseer_feat_L2.txt 0.00101536 0.00101438 9.89e-07
12 Citeseer_feat_L2.txt 0.00102689 0.00102604 8.49e-07
13 Citeseer_feat_L2.txt 0.00103381 0.0010329 9.19e-07
14 Citeseer_feat_L2.txt 0.000923892 0.000923017 8.75e-07
15 Citeseer_feat_L2.txt 0.00110143 0.00110042 1.015e-06
16 Citeseer_feat_L2.txt 0.00100787 0.00100703 8.39e-07
17 Citeseer_feat_L2.txt 0.00100757 0.00100653 1.04e-06
18 Citeseer_feat_L2.txt 0.00101835 0.00101749 8.63e-07
19 Citeseer_feat_L2.txt 0.00103859 0.00103767 9.25e-07
20 Citeseer_feat_L2.txt 0.00103112 0.00103019 9.32e-07
21 Citeseer_feat_L2.txt 0.000991383 0.000990349 1.034e-06
22 Citeseer_feat_L2.txt 0.00112889 0.00112797 9.13e-07
23 Citeseer_feat_L2.txt 0.00111445 0.00111352 9.23e-07
24 Citeseer_feat_L2.txt 0.00111994 0.00111901 9.26e-07
25 Citeseer_feat_L2.txt 0.000987096 0.000986166 9.3e-07
26 Citeseer_feat_L2.txt 0.000957351 0.000956533 8.18e-07
27 Citeseer_feat_L2.txt 0.00106242 0.00106138 1.04e-06
28 Citeseer_feat_L2.txt 0.000980384 0.000979537 8.47e-07
29 Citeseer_feat_L2.txt 0.00111026 0.00110945 8.07e-07
30 Citeseer_feat_L2.txt 0.000949515 0.000948682 8.33e-07
31 Citeseer_feat_L2.txt 0.000960987 0.000959942 1.045e-06
32 Citeseer_feat_L2.txt 0.000900902 0.000900048 8.54e-07
33 Citeseer_feat_L2.txt 0.000979827 0.000978912 9.15e-07
34 Citeseer_feat_L2.txt 0.0010756 0.00107476 8.46e-07
35 Citeseer_feat_L2.txt 0.0010028 0.00100189 9.12e-07
36 Citeseer_feat_L2.txt 0.00102463 0.00102371 9.12e-07
37 Citeseer_feat_L2.txt 0.00107434 0.0010734 9.42e-07
38 Citeseer_feat_L2.txt 0.00102048 0.00101959 8.9e-07
39 Citeseer_feat_L2.txt 0.00103694 0.00103589 1.045e-06
40 Citeseer_feat_L2.txt 0.00102445 0.00102352 9.29e-07
41 Citeseer_feat_L2.txt 0.00106594 0.00106493 1.007e-06
42 Citeseer_feat_L2.txt 0.00112331 0.00112246 8.51e-07
43 Citeseer_feat_L2.txt 0.000998097 0.000997074 1.023e-06
44 Citeseer_feat_L2.txt 0.00106375 0.00106291 8.41e-07
45 Citeseer_feat_L2.txt 0.000961143 0.000960185 9.58e-07
46 Citeseer_feat_L2.txt 0.000935474 0.000934648 8.26e-07
47 Citeseer_feat_L2.txt 0.00104713 0.00104609 1.034e-06
48 Citeseer_feat_L2.txt 0.000902496 0.00090095 1.546e-06
49 Citeseer_feat_L2.txt 0.000875014 0.000873834 1.18e-06
50 Citeseer_feat_L2.txt 0.00105873 0.00105756 1.176e-06
51 Citeseer_feat_L2.txt 0.00118913 0.00118799 1.145e-06
52 Citeseer_feat_L2.txt 0.00102718 0.00102611 1.073e-06
53 Citeseer_feat_L2.txt 0.00117358 0.00117266 9.22e-07
54 Citeseer_feat_L2.txt 0.000966046 0.000965087 9.59e-07
55 Citeseer_feat_L2.txt 0.00106258 0.00106135 1.234e-06
56 Citeseer_feat_L2.txt 0.00102509 0.00102408 1.01e-06
57 Citeseer_feat_L2.txt 0.00108731 0.00108622 1.086e-06
58 Citeseer_feat_L2.txt 0.00113696 0.00113588 1.077e-06
59 Citeseer_feat_L2.txt 0.000991167 0.000989925 1.242e-06
60 Citeseer_feat_L2.txt 0.00110126 0.0011002 1.058e-06
61 Citeseer_feat_L2.txt 0.0010476 0.00104654 1.064e-06
62 Citeseer_feat_L2.txt 0.00113944 0.00113838 1.063e-06
63 Citeseer_feat_L2.txt 0.00102858 0.00102735 1.222e-06
64 Citeseer_feat_L2.txt 0.00117618 0.00117515 1.027e-06
65 Citeseer_feat_L2.txt 0.00105334 0.0010522 1.148e-06
66 Citeseer_feat_L2.txt 0.00117464 0.00117357 1.073e-06
67 Citeseer_feat_L2.txt 0.00101627 0.00101505 1.213e-06
68 Citeseer_feat_L2.txt 0.000988456 0.000987413 1.043e-06
69 Citeseer_feat_L2.txt 0.000993443 0.000992307 1.136e-06
70 Citeseer_feat_L2.txt 0.0010693 0.00106828 1.022e-06
71 Citeseer_feat_L2.txt 0.00116693 0.00116577 1.159e-06
72 Citeseer_feat_L2.txt 0.00114378 0.00114266 1.124e-06
73 Citeseer_feat_L2.txt 0.00108138 0.00108016 1.218e-06
74 Citeseer_feat_L2.txt 0.00116579 0.0011647 1.095e-06
75 Citeseer_feat_L2.txt 0.00101881 0.00101766 1.151e-06
76 Citeseer_feat_L2.txt 0.00107872 0.0010777 1.028e-06
77 Citeseer_feat_L2.txt 0.00116087 0.00115967 1.202e-06
78 Citeseer_feat_L2.txt 0.00114291 0.00114186 1.059e-06
79 Citeseer_feat_L2.txt 0.00112327 0.00112205 1.213e-06
80 Citeseer_feat_L2.txt 0.000887301 0.000885711 1.59e-06
81 Citeseer_feat_L2.txt 0.000973864 0.000972606 1.258e-06
82 Citeseer_feat_L2.txt 0.00095337 0.000952073 1.297e-06
83 Citeseer_feat_L2.txt 0.00102834 0.00102708 1.259e-06
84 Citeseer_feat_L2.txt 0.00111258 0.00111139 1.194e-06
85 Citeseer_feat_L2.txt 0.000993039 0.000991829 1.21e-06
86 Citeseer_feat_L2.txt 0.00107656 0.00107559 9.68e-07
87 Citeseer_feat_L2.txt 0.00104183 0.00104068 1.142e-06
88 Citeseer_feat_L2.txt 0.00105885 0.00105779 1.058e-06
89 Citeseer_feat_L2.txt 0.00113147 0.00113027 1.2e-06
90 Citeseer_feat_L2.txt 0.00103414 0.00103303 1.112e-06
91 Citeseer_feat_L2.txt 0.00116738 0.00116611 1.269e-06
92 Citeseer_feat_L2.txt 0.00106951 0.00106848 1.028e-06
93 Citeseer_feat_L2.txt 0.00113298 0.0011318 1.176e-06
94 Citeseer_feat_L2.txt 0.00117227 0.0011712 1.072e-06
95 Citeseer_feat_L2.txt 0.00117819 0.00117718 1.012e-06
96 Citeseer_feat_L2.txt 0.000902067 0.000901019 1.048e-06
97 Citeseer_feat_L2.txt 0.00104801 0.00104695 1.057e-06
98 Citeseer_feat_L2.txt 0.000971499 0.00097064 8.59e-07
99 Citeseer_feat_L2.txt 0.00101383 0.00101278 1.058e-06
100 Citeseer_feat_L2.txt 0.000816499 0.000815563 9.36e-07
101 Citeseer_feat_L2.txt 0.00100096 0.00100003 9.26e-07
102 Citeseer_feat_L2.txt 0.00117426 0.00117338 8.79e-07
103 Citeseer_feat_L2.txt 0.00108631 0.00108531 1.003e-06
104 Citeseer_feat_L2.txt 0.00103747 0.00103659 8.72e-07
105 Citeseer_feat_L2.txt 0.00114274 0.00114167 1.077e-06
106 Citeseer_feat_L2.txt 0.000930098 0.000929137 9.61e-07
107 Citeseer_feat_L2.txt 0.00101199 0.00101096 1.026e-06
108 Citeseer_feat_L2.txt 0.00117442 0.0011735 9.24e-07
109 Citeseer_feat_L2.txt 0.000971392 0.000970425 9.67e-07
110 Citeseer_feat_L2.txt 0.00119894 0.00119807 8.73e-07
111 Citeseer_feat_L2.txt 0.00112023 0.00111923 9.99e-07
112 Citeseer_feat_L2.txt 0.00106334 0.00106241 9.35e-07
113 Citeseer_feat_L2.txt 0.00100623 0.00100531 9.21e-07
114 Citeseer_feat_L2.txt 0.000949687 0.000948811 8.76e-07
115 Citeseer_feat_L2.txt 0.00102364 0.00102271 9.26e-07
116 Citeseer_feat_L2.txt 0.00107967 0.00107878 8.91e-07
117 Citeseer_feat_L2.txt 0.000980863 0.000979796 1.067e-06
118 Citeseer_feat_L2.txt 0.00111444 0.0011134 1.04e-06
119 Citeseer_feat_L2.txt 0.00107111 0.00107003 1.081e-06
120 Citeseer_feat_L2.txt 0.00104601 0.00104508 9.4e-07
121 Citeseer_feat_L2.txt 0.00104169 0.00104077 9.19e-07
122 Citeseer_feat_L2.txt 0.00117445 0.00117355 9.02e-07
123 Citeseer_feat_L2.txt 0.0011505 0.00114957 9.28e-07
124 Citeseer_feat_L2.txt 0.00115956 0.00115865 9e-07
125 Citeseer_feat_L2.txt 0.00114018 0.00113911 1.073e-06
126 Citeseer_feat_L2.txt 0.000894608 0.000893709 8.99e-07
127 Citeseer_feat_L2.txt 0.000990248 0.000989136 1.112e-06
128 Citeseer_feat_L2.txt 0.00101899 0.00101817 8.24e-07
129 Citeseer_feat_L2.txt 0.000855992 0.000854938 1.054e-06
130 Citeseer_feat_L2.txt 0.00102854 0.00102761 9.27e-07
131 Citeseer_feat_L2.txt 0.00115706 0.00115597 1.084e-06
132 Citeseer_feat_L2.txt 0.00105733 0.00105639 9.34e-07
133 Citeseer_feat_L2.txt 0.00100799 0.00100693 1.061e-06
134 Citeseer_feat_L2.txt 0.000919821 0.000918936 8.85e-07
135 Citeseer_feat_L2.txt 0.00109142 0.00109032 1.099e-06
136 Citeseer_feat_L2.txt 0.00106903 0.00106815 8.76e-07
137 Citeseer_feat_L2.txt 0.000975892 0.000974848 1.044e-06
138 Citeseer_feat_L2.txt 0.000984219 0.000983335 8.84e-07
139 Citeseer_feat_L2.txt 0.00108601 0.00108509 9.11e-07
140 Citeseer_feat_L2.txt 0.000941312 0.000940378 9.34e-07
141 Citeseer_feat_L2.txt 0.00109897 0.00109789 1.082e-06
142 Citeseer_feat_L2.txt 0.00114168 0.00114079 8.99e-07
143 Citeseer_feat_L2.txt 0.00112526 0.00112425 1.017e-06
144 Citeseer_feat_L2.txt 0.000925255 0.000924285 9.7e-07
145 Citeseer_feat_L2.txt 0.000916457 0.000915378 1.079e-06
146 Citeseer_feat_L2.txt 0.00095992 0.000959012 9.08e-07
147 Citeseer_feat_L2.txt 0.00105326 0.00105222 1.035e-06
148 Citeseer_feat_L2.txt 0.00122408 0.00122323 8.59e-07
149 Citeseer_feat_L2.txt 0.00104814 0.00104708 1.059e-06
150 Citeseer_feat_L2.txt 0.00107585 0.00107497 8.77e-07
151 Citeseer_feat_L2.txt 0.00115653 0.00115558 9.59e-07
152 Citeseer_feat_L2.txt 0.00102718 0.00102635 8.36e-07
153 Citeseer_feat_L2.txt 0.00106309 0.00106205 1.042e-06
154 Citeseer_feat_L2.txt 0.00111271 0.0011118 9.09e-07
155 Citeseer_feat_L2.txt 0.00110676 0.00110583 9.33e-07
156 Citeseer_feat_L2.txt 0.00105277 0.0010519 8.66e-07
157 Citeseer_feat_L2.txt 0.00107189 0.0010708 1.089e-06
158 Citeseer_feat_L2.txt 0.00108597 0.00108509 8.78e-07
159 Citeseer_feat_L2.txt 0.000936202 0.000935332 8.7e-07
160 Citeseer_feat_L2.txt 0.00105931 0.00105849 8.18e-07
161 Citeseer_feat_L2.txt 0.00106423 0.00106331 9.26e-07
162 Citeseer_feat_L2.txt 0.000997684 0.000996788 8.96e-07
163 Citeseer_feat_L2.txt 0.00109163 0.0010907 9.34e-07
164 Citeseer_feat_L2.txt 0.00110036 0.00109944 9.24e-07
165 Citeseer_feat_L2.txt 0.00101709 0.00101611 9.74e-07
166 Citeseer_feat_L2.txt 0.00115847 0.00115758 8.95e-07
167 Citeseer_feat_L2.txt 0.00095741 0.000956216 1.194e-06
168 Citeseer_feat_L2.txt 0.00109286 0.00109195 9.16e-07
169 Citeseer_feat_L2.txt 0.00109872 0.00109762 1.103e-06
170 Citeseer_feat_L2.txt 0.00113971 0.00113886 8.55e-07
171 Citeseer_feat_L2.txt 0.00110201 0.00110096 1.043e-06
172 Citeseer_feat_L2.txt 0.00106744 0.00106643 1.007e-06
173 Citeseer_feat_L2.txt 0.00114422 0.00114315 1.069e-06
174 Citeseer_feat_L2.txt 0.0010119 0.00101099 9.07e-07
175 Citeseer_feat_L2.txt 0.00103821 0.00103718 1.026e-06
176 Citeseer_feat_L2.txt 0.00090589 0.000904945 9.45e-07
177 Citeseer_feat_L2.txt 0.00105181 0.00105074 1.069e-06
178 Citeseer_feat_L2.txt 0.000938964 0.000938058 9.06e-07
179 Citeseer_feat_L2.txt 0.000998454 0.000997261 1.193e-06
180 Citeseer_feat_L2.txt 0.0010739 0.00107299 9.1e-07
181 Citeseer_feat_L2.txt 0.00116774 0.00116659 1.157e-06
182 Citeseer_feat_L2.txt 0.000965722 0.000964844 8.78e-07
183 Citeseer_feat_L2.txt 0.00107743 0.00107632 1.111e-06
184 Citeseer_feat_L2.txt 0.00112964 0.00112872 9.19e-07
185 Citeseer_feat_L2.txt 0.00110047 0.00109948 9.87e-07
186 Citeseer_feat_L2.txt 0.0011234 0.00112245 9.44e-07
187 Citeseer_feat_L2.txt 0.000939569 0.000938549 1.02e-06
188 Citeseer_feat_L2.txt 0.00104255 0.00104163 9.14e-07
189 Citeseer_feat_L2.txt 0.00107887 0.0010778 1.066e-06
190 Citeseer_feat_L2.txt 0.00106754 0.00106671 8.36e-07
191 Citeseer_feat_L2.txt 0.00106403 0.00106298 1.053e-06
192 Citeseer_feat_L2.txt 0.000985288 0.000984256 1.032e-06
193 Citeseer_feat_L2.txt 0.000926255 0.000925254 1.001e-06
194 Citeseer_feat_L2.txt 0.00110796 0.00110707 8.94e-07
195 Citeseer_feat_L2.txt 0.000956797 0.000955888 9.09e-07
196 Citeseer_feat_L2.txt 0.00108134 0.00108048 8.61e-07
197 Citeseer_feat_L2.txt 0.00118758 0.00118651 1.072e-06
198 Citeseer_feat_L2.txt 0.00088663 0.000885745 8.85e-07
199 Citeseer_feat_L2.txt 0.000879775 0.000878818 9.57e-07
200 Citeseer_feat_L2.txt 0.000927787 0.000926966 8.21e-07
201 Citeseer_feat_L2.txt 0.00104794 0.00104702 9.17e-07
202 Citeseer_feat_L2.txt 0.000927706 0.000926843 8.63e-07
203 Citeseer_feat_L2.txt 0.00112756 0.00112654 1.02e-06
204 Citeseer_feat_L2.txt 0.00108903 0.00108817 8.63e-07
205 Citeseer_feat_L2.txt 0.000942364 0.00094135 1.014e-06
206 Citeseer_feat_L2.txt 0.00106261 0.00106177 8.41e-07
207 Citeseer_feat_L2.txt 0.000819092 0.000818076 1.016e-06
208 Citeseer_feat_L2.txt 0.000989122 0.000988153 9.69e-07
209 Citeseer_feat_L2.txt 0.000857367 0.000856448 9.19e-07
210 Citeseer_feat_L2.txt 0.000884686 0.000883802 8.84e-07
211 Citeseer_feat_L2.txt 0.000849835 0.000848791 1.044e-06
212 Citeseer_feat_L2.txt 0.000899619 0.00089875 8.69e-07
213 Citeseer_feat_L2.txt 0.00106383 0.00106292 9.11e-07
214 Citeseer_feat_L2.txt 0.00107328 0.00107237 9.12e-07
215 Citeseer_feat_L2.txt 0.000975575 0.00097462 9.55e-07
216 Citeseer_feat_L2.txt 0.00114447 0.00114357 8.99e-07
217 Citeseer_feat_L2.txt 0.0010806 0.00107966 9.38e-07
218 Citeseer_feat_L2.txt 0.000932118 0.000931242 8.76e-07
219 Citeseer_feat_L2.txt 0.00102674 0.00102568 1.058e-06
220 Citeseer_feat_L2.txt 0.000961888 0.000961 8.88e-07
221 Citeseer_feat_L2.txt 0.00106432 0.00106325 1.068e-06
222 Citeseer_feat_L2.txt 0.000931571 0.000930688 8.83e-07
223 Citeseer_feat_L2.txt 0.000895376 0.000894294 1.082e-06
224 Citeseer_feat_L2.txt 0.00101932 0.00101845 8.71e-07
225 Citeseer_feat_L2.txt 0.00114588 0.00114485 1.029e-06
226 Citeseer_feat_L2.txt 0.000888601 0.000887698 9.03e-07
227 Citeseer_feat_L2.txt 0.000870469 0.000869439 1.03e-06
228 Citeseer_feat_L2.txt 0.00102891 0.00102804 8.66e-07
229 Citeseer_feat_L2.txt 0.000991748 0.000990674 1.074e-06
230 Citeseer_feat_L2.txt 0.00109488 0.00109396 9.21e-07
231 Citeseer_feat_L2.txt 0.00096572 0.000964605 1.115e-06
232 Citeseer_feat_L2.txt 0.000978105 0.000977233 8.72e-07
233 Citeseer_feat_L2.txt 0.00114437 0.00114332 1.044e-06
234 Citeseer_feat_L2.txt 0.000932289 0.000931301 9.88e-07
235 Citeseer_feat_L2.txt 0.000987891 0.00098684 1.051e-06
236 Citeseer_feat_L2.txt 0.000987716 0.000986808 9.08e-07
237 Citeseer_feat_L2.txt 0.000937462 0.000936394 1.068e-06
238 Citeseer_feat_L2.txt 0.00104767 0.00104672 9.49e-07
239 Citeseer_feat_L2.txt 0.00100997 0.00100891 1.064e-06
240 Citeseer_feat_L2.txt 0.00101709 0.00101552 1.566e-06
241 Citeseer_feat_L2.txt 0.00108975 0.00108877 9.76e-07
242 Citeseer_feat_L2.txt 0.000962396 0.000961566 8.3e-07
243 Citeseer_feat_L2.txt 0.00106921 0.00106813 1.076e-06
244 Citeseer_feat_L2.txt 0.000959676 0.000958819 8.57e-07
245 Citeseer_feat_L2.txt 0.00111808 0.00111711 9.78e-07
246 Citeseer_feat_L2.txt 0.00102976 0.00102892 8.4e-07
247 Citeseer_feat_L2.txt 0.00106474 0.00106372 1.023e-06
248 Citeseer_feat_L2.txt 0.00103103 0.00103014 8.91e-07
249 Citeseer_feat_L2.txt 0.00109531 0.00109422 1.084e-06
250 Citeseer_feat_L2.txt 0.00105853 0.00105768 8.51e-07
251 Citeseer_feat_L2.txt 0.0011205 0.0011194 1.1e-06
252 Citeseer_feat_L2.txt 0.00107217 0.00107134 8.32e-07
253 Citeseer_feat_L2.txt 0.00102863 0.00102757 1.06e-06
254 Citeseer_feat_L2.txt 0.00105526 0.00105433 9.28e-07
255 Citeseer_feat_L2.txt 0.00107308 0.00107203 1.043e-06
256 Citeseer_feat_L2.txt 0.00110845 0.00110758 8.7e-07
257 Citeseer_feat_L2.txt 0.00108758 0.00108665 9.27e-07
258 Citeseer_feat_L2.txt 0.00109887 0.00109795 9.25e-07
259 Citeseer_feat_L2.txt 0.00104057 0.00103964 9.34e-07
260 Citeseer_feat_L2.txt 0.00115418 0.00115329 8.88e-07
261 Citeseer_feat_L2.txt 0.00108203 0.00108103 9.96e-07
262 Citeseer_feat_L2.txt 0.00108346 0.0010826 8.59e-07
263 Citeseer_feat_L2.txt 0.00106899 0.00106801 9.8e-07
264 Citeseer_feat_L2.txt 0.00110125 0.00110029 9.64e-07
265 Citeseer_feat_L2.txt 0.00108645 0.00108549 9.56e-07
266 Citeseer_feat_L2.txt 0.00113216 0.00113129 8.71e-07
267 Citeseer_feat_L2.txt 0.00105139 0.00105034 1.052e-06
268 Citeseer_feat_L2.txt 0.00111916 0.00111836 8.04e-07
269 Citeseer_feat_L2.txt 0.00103248 0.00103141 1.07e-06
270 Citeseer_feat_L2.txt 0.00107177 0.0010709 8.65e-07
271 Citeseer_feat_L2.txt 0.00107185 0.00107081 1.042e-06
272 Citeseer_feat_L2.txt 0.000995753 0.000994926 8.27e-07
273 Citeseer_feat_L2.txt 0.00111288 0.00111188 1.002e-06
274 Citeseer_feat_L2.txt 0.00111298 0.00111211 8.79e-07
275 Citeseer_feat_L2.txt 0.000971368 0.000970285 1.083e-06
276 Citeseer_feat_L2.txt 0.00114935 0.00114848 8.69e-07
277 Citeseer_feat_L2.txt 0.00111599 0.001115 9.91e-07
278 Citeseer_feat_L2.txt 0.00106873 0.00106782 9.17e-07
279 Citeseer_feat_L2.txt 0.00115206 0.0011511 9.68e-07
280 Citeseer_feat_L2.txt 0.00098818 0.000987344 8.36e-07
281 Citeseer_feat_L2.txt 0.00100687 0.00100592 9.5e-07
282 Citeseer_feat_L2.txt 0.00104814 0.00104724 8.95e-07
283 Citeseer_feat_L2.txt 0.00105973 0.00105884 8.97e-07
284 Citeseer_feat_L2.txt 0.00106446 0.00106356 8.95e-07
285 Citeseer_feat_L2.txt 0.00112115 0.00112014 1.009e-06
286 Citeseer_feat_L2.txt 0.00107012 0.00106924 8.83e-07
287 Citeseer_feat_L2.txt 0.00107123 0.00107021 1.027e-06
288 Citeseer_feat_L2.txt 0.000878344 0.000877234 1.11e-06
289 Citeseer_feat_L2.txt 0.00110418 0.00110309 1.093e-06
290 Citeseer_feat_L2.txt 0.00101685 0.001016 8.51e-07
291 Citeseer_feat_L2.txt 0.00112383 0.00112286 9.65e-07
292 Citeseer_feat_L2.txt 0.00115511 0.00115425 8.59e-07
293 Citeseer_feat_L2.txt 0.00103868 0.00103776 9.22e-07
294 Citeseer_feat_L2.txt 0.00105599 0.00105512 8.69e-07
295 Citeseer_feat_L2.txt 0.000999937 0.000998885 1.052e-06
296 Citeseer_feat_L2.txt 0.000903157 0.000902293 8.64e-07
297 Citeseer_feat_L2.txt 0.00110644 0.00110545 9.85e-07
298 Citeseer_feat_L2.txt 0.00104461 0.00104374 8.69e-07
299 Citeseer_feat_L2.txt 0.0010033 0.00100242 8.84e-07
300 Citeseer_feat_L2.txt 0.00100427 0.0010034 8.73e-07
301 Citeseer_feat_L2.txt 0.00108631 0.00108535 9.58e-07
302 Citeseer_feat_L2.txt 0.00111132 0.00111038 9.34e-07
303 Citeseer_feat_L2.txt 0.0010111 0.00101016 9.4e-07
304 Citeseer_feat_L2.txt 0.000975441 0.000974553 8.88e-07
305 Citeseer_feat_L2.txt 0.00101012 0.00100916 9.62e-07
306 Citeseer_feat_L2.txt 0.000921008 0.000920083 9.25e-07
307 Citeseer_feat_L2.txt 0.00104571 0.00104477 9.36e-07
308 Citeseer_feat_L2.txt 0.000985019 0.000984108 9.11e-07
309 Citeseer_feat_L2.txt 0.00100201 0.00100095 1.053e-06
310 Citeseer_feat_L2.txt 0.00105829 0.00105739 8.97e-07
311 Citeseer_feat_L2.txt 0.00114673 0.00114582 9.14e-07
312 Citeseer_feat_L2.txt 0.000931062 0.0009301 9.62e-07
313 Citeseer_feat_L2.txt 0.0010821 0.00108102 1.08e-06
314 Citeseer_feat_L2.txt 0.00113804 0.00113702 1.02e-06
315 Citeseer_feat_L2.txt 0.0010015 0.00100042 1.084e-06
316 Citeseer_feat_L2.txt 0.00091895 0.000918041 9.09e-07
317 Citeseer_feat_L2.txt 0.000928234 0.000927196 1.038e-06
318 Citeseer_feat_L2.txt 0.00107443 0.00107349 9.38e-07
319 Citeseer_feat_L2.txt 0.00107479 0.0010739 8.86e-07
320 Citeseer_feat_L2.txt 0.000926057 0.00092519 8.67e-07
321 Citeseer_feat_L2.txt 0.000982281 0.00098133 9.51e-07
322 Citeseer_feat_L2.txt 0.000948104 0.000947249 8.55e-07
323 Citeseer_feat_L2.txt 0.000999721 0.000998704 1.017e-06
324 Citeseer_feat_L2.txt 0.000970978 0.000969897 1.081e-06
325 Citeseer_feat_L2.txt 0.00107079 0.0010698 9.86e-07
326 Citeseer_feat_L2.txt 0.00110318 0.00110228 8.98e-07
327 Citeseer_feat_L2.txt 0.00104288 0.00104178 1.103e-06
328 Citeseer_feat_L2.txt 0.000993016 0.000992158 8.58e-07
329 Citeseer_feat_L2.txt 0.00113249 0.00113148 1.005e-06
330 Citeseer_feat_L2.txt 0.0010925 0.0010916 9e-07
331 Citeseer_feat_L2.txt 0.00103661 0.00103564 9.69e-07
332 Citeseer_feat_L2.txt 0.00110218 0.00110123 9.47e-07
333 Citeseer_feat_L2.txt 0.000970103 0.000968988 1.115e-06
334 Citeseer_feat_L2.txt 0.00104882 0.00104788 9.34e-07
335 Citeseer_feat_L2.txt 0.0011611 0.00115996 1.136e-06
336 Citeseer_feat_L2.txt 0.00090327 0.000902095 1.175e-06
337 Citeseer_feat_L2.txt 0.000885927 0.000884877 1.05e-06
338 Citeseer_feat_L2.txt 0.0010848 0.00108389 9.07e-07
339 Citeseer_feat_L2.txt 0.00114681 0.00114574 1.07e-06
340 Citeseer_feat_L2.txt 0.00100857 0.00100761 9.55e-07
341 Citeseer_feat_L2.txt 0.000866644 0.000865586 1.058e-06
342 Citeseer_feat_L2.txt 0.00110185 0.00110096 8.93e-07
343 Citeseer_feat_L2.txt 0.0010265 0.00102541 1.09e-06
344 Citeseer_feat_L2.txt 0.00115626 0.00115524 1.018e-06
345 Citeseer_feat_L2.txt 0.00118629 0.00118529 9.99e-07
346 Citeseer_feat_L2.txt 0.00091884 0.000917945 8.95e-07
347 Citeseer_feat_L2.txt 0.00102955 0.00102859 9.58e-07
348 Citeseer_feat_L2.txt 0.000974251 0.000973377 8.74e-07
349 Citeseer_feat_L2.txt 0.00110352 0.00110236 1.155e-06
350 Citeseer_feat_L2.txt 0.00106461 0.00106367 9.38e-07
351 Citeseer_feat_L2.txt 0.00100798 0.00100703 9.58e-07
352 Citeseer_feat_L2.txt 0.00101711 0.0010111 6.011e-06
353 Citeseer_feat_L2.txt 0.000959404 0.000958467 9.37e-07
354 Citeseer_feat_L2.txt 0.000965844 0.00096486 9.84e-07
355 Citeseer_feat_L2.txt 0.00104047 0.00103958 8.97e-07
356 Citeseer_feat_L2.txt 0.0010078 0.00100696 8.34e-07
357 Citeseer_feat_L2.txt 0.00102887 0.00102789 9.84e-07
358 Citeseer_feat_L2.txt 0.000930803 0.000929928 8.75e-07
359 Citeseer_feat_L2.txt 0.00103125 0.00103014 1.105e-06
360 Citeseer_feat_L2.txt 0.00124723 0.00124625 9.78e-07
361 Citeseer_feat_L2.txt 0.00108195 0.00108085 1.1e-06
362 Citeseer_feat_L2.txt 0.00104071 0.00103986 8.5e-07
363 Citeseer_feat_L2.txt 0.00115347 0.0011524 1.072e-06
364 Citeseer_feat_L2.txt 0.00100064 0.00099974 8.99e-07
365 Citeseer_feat_L2.txt 0.00108177 0.00108086 9.14e-07
366 Citeseer_feat_L2.txt 0.00100015 0.000999212 9.37e-07
367 Citeseer_feat_L2.txt 0.00105713 0.00105611 1.027e-06
368 Citeseer_feat_L2.txt 0.000989747 0.000988675 1.072e-06
369 Citeseer_feat_L2.txt 0.000941079 0.000940007 1.072e-06
370 Citeseer_feat_L2.txt 0.00106173 0.00106073 9.98e-07
371 Citeseer_feat_L2.txt 0.00102053 0.00101953 1.001e-06
372 Citeseer_feat_L2.txt 0.00101312 0.0010123 8.21e-07
373 Citeseer_feat_L2.txt 0.000963799 0.000962692 1.107e-06
374 Citeseer_feat_L2.txt 0.000946849 0.000945978 8.71e-07
375 Citeseer_feat_L2.txt 0.00105792 0.00105701 9.09e-07
376 Citeseer_feat_L2.txt 0.000982805 0.000976731 6.074e-06
377 Citeseer_feat_L2.txt 0.000956225 0.000955154 1.071e-06
378 Citeseer_feat_L2.txt 0.00095204 0.000951095 9.45e-07
379 Citeseer_feat_L2.txt 0.00105114 0.0010501 1.036e-06
380 Citeseer_feat_L2.txt 0.00120072 0.00119984 8.81e-07
381 Citeseer_feat_L2.txt 0.00110983 0.00110895 8.86e-07
382 Citeseer_feat_L2.txt 0.00110209 0.00110123 8.59e-07
383 Citeseer_feat_L2.txt 0.00100919 0.00100827 9.16e-07
384 Citeseer_feat_L2.txt 0.000844579 0.000843589 9.9e-07
385 Citeseer_feat_L2.txt 0.000937047 0.000936137 9.1e-07
386 Citeseer_feat_L2.txt 0.00102767 0.00102676 9.13e-07
387 Citeseer_feat_L2.txt 0.00101989 0.00101879 1.098e-06
388 Citeseer_feat_L2.txt 0.00098777 0.000986844 9.26e-07
389 Citeseer_feat_L2.txt 0.00105095 0.00104991 1.044e-06
390 Citeseer_feat_L2.txt 0.00111967 0.00111877 8.97e-07
391 Citeseer_feat_L2.txt 0.00106148 0.00106048 1.001e-06
392 Citeseer_feat_L2.txt 0.00100032 0.00099945 8.67e-07
393 Citeseer_feat_L2.txt 0.000988845 0.000987801 1.044e-06
394 Citeseer_feat_L2.txt 0.000958035 0.000957079 9.56e-07
395 Citeseer_feat_L2.txt 0.000997409 0.000996472 9.37e-07
396 Citeseer_feat_L2.txt 0.00105957 0.0010587 8.78e-07
397 Citeseer_feat_L2.txt 0.00112549 0.00112448 1.005e-06
398 Citeseer_feat_L2.txt 0.00100377 0.00100291 8.56e-07
399 Citeseer_feat_L2.txt 0.000956613 0.000955731 8.82e-07
400 Citeseer_feat_L2.txt 0.0010919 0.00109103 8.72e-07
401 Citeseer_feat_L2.txt 0.00102104 0.00102015 8.97e-07
402 Citeseer_feat_L2.txt 0.0010977 0.00109681 8.88e-07
403 Citeseer_feat_L2.txt 0.00100642 0.00100544 9.84e-07
404 Citeseer_feat_L2.txt 0.00100378 0.00100285 9.32e-07
405 Citeseer_feat_L2.txt 0.00108693 0.00108597 9.52e-07
406 Citeseer_feat_L2.txt 0.000938664 0.000937808 8.56e-07
407 Citeseer_feat_L2.txt 0.00102766 0.00102667 9.9e-07
408 Citeseer_feat_L2.txt 0.00102044 0.00101947 9.68e-07
409 Citeseer_feat_L2.txt 0.00110035 0.00109938 9.71e-07
410 Citeseer_feat_L2.txt 0.00104206 0.00104121 8.48e-07
411 Citeseer_feat_L2.txt 0.00111946 0.00111846 9.94e-07
412 Citeseer_feat_L2.txt 0.00104943 0.00104853 9.01e-07
413 Citeseer_feat_L2.txt 0.00103818 0.00103723 9.56e-07
414 Citeseer_feat_L2.txt 0.000993479 0.000992607 8.72e-07
415 Citeseer_feat_L2.txt 0.00118131 0.00118022 1.093e-06
416 Citeseer_feat_L2.txt 0.00103202 0.00103112 9e-07
417 Citeseer_feat_L2.txt 0.00101045 0.00100956 8.91e-07
418 Citeseer_feat_L2.txt 0.00104388 0.00104285 1.027e-06
419 Citeseer_feat_L2.txt 0.00101863 0.00101763 9.98e-07
420 Citeseer_feat_L2.txt 0.000972336 0.000971317 1.019e-06
421 Citeseer_feat_L2.txt 0.000923438 0.000922421 1.017e-06
422 Citeseer_feat_L2.txt 0.00101715 0.00101623 9.18e-07
423 Citeseer_feat_L2.txt 0.00119759 0.00119653 1.06e-06
424 Citeseer_feat_L2.txt 0.000918973 0.000918067 9.06e-07
425 Citeseer_feat_L2.txt 0.00104285 0.00104184 1.004e-06
426 Citeseer_feat_L2.txt 0.00093576 0.000934932 8.28e-07
427 Citeseer_feat_L2.txt 0.00104673 0.00104582 9.17e-07
428 Citeseer_feat_L2.txt 0.000999094 0.000998153 9.41e-07
429 Citeseer_feat_L2.txt 0.001039 0.00103811 8.97e-07
430 Citeseer_feat_L2.txt 0.00107446 0.00107358 8.82e-07
431 Citeseer_feat_L2.txt 0.00101999 0.00101893 1.057e-06
432 Citeseer_feat_L2.txt 0.000997168 0.000996107 1.061e-06
433 Citeseer_feat_L2.txt 0.00114619 0.00114509 1.101e-06
434 Citeseer_feat_L2.txt 0.00106382 0.00106295 8.68e-07
435 Citeseer_feat_L2.txt 0.00105793 0.00105704 8.95e-07
436 Citeseer_feat_L2.txt 0.00115068 0.0011498 8.77e-07
437 Citeseer_feat_L2.txt 0.00119395 0.00119299 9.53e-07
438 Citeseer_feat_L2.txt 0.00110381 0.00110294 8.68e-07
439 Citeseer_feat_L2.txt 0.000973484 0.000972589 8.95e-07
440 Citeseer_feat_L2.txt 0.00114393 0.00114302 9.11e-07
441 Citeseer_feat_L2.txt 0.00109229 0.00109132 9.7e-07
442 Citeseer_feat_L2.txt 0.00106402 0.00106301 1.011e-06
443 Citeseer_feat_L2.txt 0.000971852 0.000970835 1.017e-06
444 Citeseer_feat_L2.txt 0.00112436 0.00112346 8.93e-07
445 Citeseer_feat_L2.txt 0.00107072 0.0010697 1.02e-06
446 Citeseer_feat_L2.txt 0.00110543 0.00110456 8.71e-07
447 Citeseer_feat_L2.txt 0.00105123 0.00105026 9.67e-07
448 Citeseer_feat_L2.txt 0.00111367 0.00111275 9.2e-07
449 Citeseer_feat_L2.txt 0.00115863 0.00115752 1.11e-06
450 Citeseer_feat_L2.txt 0.00112383 0.00112299 8.35e-07
451 Citeseer_feat_L2.txt 0.00114167 0.00114061 1.056e-06
452 Citeseer_feat_L2.txt 0.00104833 0.00104742 9.07e-07
453 Citeseer_feat_L2.txt 0.00113023 0.00112919 1.044e-06
454 Citeseer_feat_L2.txt 0.00111425 0.00111334 9.15e-07
455 Citeseer_feat_L2.txt 0.00116895 0.00116786 1.092e-06
456 Citeseer_feat_L2.txt 0.00102861 0.00102768 9.33e-07
457 Citeseer_feat_L2.txt 0.00105787 0.00105685 1.019e-06
458 Citeseer_feat_L2.txt 0.00102712 0.00102619 9.31e-07
459 Citeseer_feat_L2.txt 0.00104642 0.0010455 9.17e-07
460 Citeseer_feat_L2.txt 0.000997236 0.000996293 9.43e-07
461 Citeseer_feat_L2.txt 0.00111852 0.00111744 1.086e-06
462 Citeseer_feat_L2.txt 0.00100665 0.00100578 8.71e-07
463 Citeseer_feat_L2.txt 0.000944795 0.000943782 1.013e-06
464 Citeseer_feat_L2.txt 0.000913368 0.000912483 8.85e-07
465 Citeseer_feat_L2.txt 0.00101866 0.00101758 1.076e-06
466 Citeseer_feat_L2.txt 0.00113342 0.00113254 8.75e-07
467 Citeseer_feat_L2.txt 0.00111447 0.0011135 9.69e-07
468 Citeseer_feat_L2.txt 0.00106446 0.00106347 9.96e-07
469 Citeseer_feat_L2.txt 0.000944646 0.000943662 9.84e-07
470 Citeseer_feat_L2.txt 0.00102468 0.00102385 8.25e-07
471 Citeseer_feat_L2.txt 0.00106361 0.00106251 1.097e-06
472 Citeseer_feat_L2.txt 0.00113952 0.00113863 8.9e-07
473 Citeseer_feat_L2.txt 0.00106018 0.00105919 9.82e-07
474 Citeseer_feat_L2.txt 0.00102639 0.00102547 9.22e-07
475 Citeseer_feat_L2.txt 0.00110773 0.00110673 1.006e-06
476 Citeseer_feat_L2.txt 0.00108408 0.00108318 9.08e-07
477 Citeseer_feat_L2.txt 0.00106444 0.00106353 9.11e-07
478 Citeseer_feat_L2.txt 0.00103383 0.0010329 9.22e-07
479 Citeseer_feat_L2.txt 0.00105753 0.00105661 9.2e-07
480 Citeseer_feat_L2.txt 0.00091059 0.000909457 1.133e-06
481 Citeseer_feat_L2.txt 0.000861241 0.000860211 1.03e-06
482 Citeseer_feat_L2.txt 0.000877981 0.000877038 9.43e-07
483 Citeseer_feat_L2.txt 0.00105209 0.00105114 9.46e-07
484 Citeseer_feat_L2.txt 0.00102511 0.0010241 1.008e-06
485 Citeseer_feat_L2.txt 0.00108957 0.00108857 1.001e-06
486 Citeseer_feat_L2.txt 0.00118214 0.00118126 8.87e-07
487 Citeseer_feat_L2.txt 0.0010588 0.00105767 1.132e-06
488 Citeseer_feat_L2.txt 0.000916556 0.000915663 8.93e-07
489 Citeseer_feat_L2.txt 0.000973858 0.000972759 1.099e-06
490 Citeseer_feat_L2.txt 0.00105243 0.00105154 8.92e-07
491 Citeseer_feat_L2.txt 0.000954606 0.000953737 8.69e-07
492 Citeseer_feat_L2.txt 0.00111033 0.0011093 1.028e-06
493 Citeseer_feat_L2.txt 0.000933299 0.000932206 1.093e-06
494 Citeseer_feat_L2.txt 0.000987189 0.00098637 8.19e-07
495 Citeseer_feat_L2.txt 0.00106146 0.00106041 1.051e-06
496 Citeseer_feat_L2.txt 0.00104387 0.00104297 8.96e-07
497 Citeseer_feat_L2.txt 0.00118849 0.00118753 9.6e-07
498 Citeseer_feat_L2.txt 0.00107166 0.0010708 8.6e-07
499 Citeseer_feat_L2.txt 0.000942053 0.000941161 8.92e-07
500 Citeseer_feat_L2.txt 0.000971684 0.000970802 8.82e-07
501 Citeseer_feat_L2.txt 0.00104734 0.00104636 9.83e-07
502 Citeseer_feat_L2.txt 0.00105375 0.00105283 9.14e-07
503 Citeseer_feat_L2.txt 0.00107786 0.00107689 9.69e-07
504 Citeseer_feat_L2.txt 0.000938974 0.000937994 9.8e-07
505 Citeseer_feat_L2.txt 0.00110349 0.0011025 9.91e-07
506 Citeseer_feat_L2.txt 0.00108774 0.00108689 8.54e-07
507 Citeseer_feat_L2.txt 0.0010615 0.00106041 1.096e-06
508 Citeseer_feat_L2.txt 0.000976476 0.000975583 8.93e-07
509 Citeseer_feat_L2.txt 0.00112331 0.0011223 1.006e-06
510 Citeseer_feat_L2.txt 0.00107037 0.00106949 8.82e-07
511 Citeseer_feat_L2.txt 0.00102946 0.00102834 1.116e-06
512 Citeseer_feat_L2.txt 0.000885448 0.000884352 1.096e-06
513 Citeseer_feat_L2.txt 0.00105529 0.0010542 1.092e-06
514 Citeseer_feat_L2.txt 0.00101244 0.0010115 9.36e-07
515 Citeseer_feat_L2.txt 0.00102201 0.00102093 1.075e-06
516 Citeseer_feat_L2.txt 0.00101088 0.00100998 9.05e-07
517 Citeseer_feat_L2.txt 0.00107852 0.0010775 1.025e-06
518 Citeseer_feat_L2.txt 0.000925826 0.000924893 9.33e-07
519 Citeseer_feat_L2.txt 0.00105156 0.00105059 9.76e-07
520 Citeseer_feat_L2.txt 0.000911376 0.000910379 9.97e-07
521 Citeseer_feat_L2.txt 0.00107627 0.0010752 1.077e-06
522 Citeseer_feat_L2.txt 0.0010167 0.00101566 1.034e-06
523 Citeseer_feat_L2.txt 0.00105738 0.00105629 1.086e-06
524 Citeseer_feat_L2.txt 0.000951952 0.000951071 8.81e-07
525 Citeseer_feat_L2.txt 0.00102513 0.00102418 9.52e-07
526 Citeseer_feat_L2.txt 0.0010208 0.0010199 9e-07
527 Citeseer_feat_L2.txt 0.00100036 0.000999329 1.031e-06
528 Citeseer_feat_L2.txt 0.000881107 0.000879954 1.153e-06
529 Citeseer_feat_L2.txt 0.000946618 0.000945568 1.05e-06
530 Citeseer_feat_L2.txt 0.00102397 0.00102307 8.98e-07
531 Citeseer_feat_L2.txt 0.0010358 0.00103475 1.05e-06
532 Citeseer_feat_L2.txt 0.00106985 0.00106891 9.41e-07
533 Citeseer_feat_L2.txt 0.000994091 0.000993145 9.46e-07
534 Citeseer_feat_L2.txt 0.00102173 0.00102076 9.67e-07
535 Citeseer_feat_L2.txt 0.000909417 0.000908549 8.68e-07
536 Citeseer_feat_L2.txt 0.00101711 0.00101618 9.25e-07
537 Citeseer_feat_L2.txt 0.000880926 0.000879986 9.4e-07
538 Citeseer_feat_L2.txt 0.000998494 0.000997555 9.39e-07
539 Citeseer_feat_L2.txt 0.00113082 0.00112989 9.32e-07
540 Citeseer_feat_L2.txt 0.00114258 0.00114161 9.68e-07
541 Citeseer_feat_L2.txt 0.00100196 0.00100095 1.009e-06
542 Citeseer_feat_L2.txt 0.00123694 0.001236 9.4e-07
543 Citeseer_feat_L2.txt 0.00114674 0.00114572 1.015e-06
544 Citeseer_feat_L2.txt 0.000955585 0.000954658 9.27e-07
545 Citeseer_feat_L2.txt 0.00100091 0.000999909 9.96e-07
546 Citeseer_feat_L2.txt 0.00115928 0.00115838 9.05e-07
547 Citeseer_feat_L2.txt 0.00105544 0.00105441 1.023e-06
548 Citeseer_feat_L2.txt 0.00105926 0.00105829 9.66e-07
549 Citeseer_feat_L2.txt 0.00105135 0.00105038 9.76e-07
550 Citeseer_feat_L2.txt 0.000996992 0.000996048 9.44e-07
551 Citeseer_feat_L2.txt 0.00116719 0.00116615 1.044e-06
552 Citeseer_feat_L2.txt 0.000990112 0.000989172 9.4e-07
553 Citeseer_feat_L2.txt 0.00102491 0.0010239 1.017e-06
554 Citeseer_feat_L2.txt 0.0011197 0.00111862 1.073e-06
555 Citeseer_feat_L2.txt 0.00109205 0.00109097 1.081e-06
556 Citeseer_feat_L2.txt 0.00102991 0.001029 9.03e-07
557 Citeseer_feat_L2.txt 0.00112363 0.00112255 1.072e-06
558 Citeseer_feat_L2.txt 0.00103721 0.00103629 9.21e-07
559 Citeseer_feat_L2.txt 0.00107377 0.0010727 1.066e-06
560 Citeseer_feat_L2.txt 0.000987054 0.000986141 9.13e-07
561 Citeseer_feat_L2.txt 0.00101672 0.00101568 1.041e-06
562 Citeseer_feat_L2.txt 0.000940946 0.000939995 9.51e-07
563 Citeseer_feat_L2.txt 0.000908996 0.000908072 9.24e-07
564 Citeseer_feat_L2.txt 0.000930657 0.000929712 9.45e-07
565 Citeseer_feat_L2.txt 0.000971602 0.000970659 9.43e-07
566 Citeseer_feat_L2.txt 0.000863318 0.000862399 9.19e-07
567 Citeseer_feat_L2.txt 0.00121083 0.00120986 9.79e-07
568 Citeseer_feat_L2.txt 0.00109591 0.00109504 8.73e-07
569 Citeseer_feat_L2.txt 0.000914447 0.000913408 1.039e-06
570 Citeseer_feat_L2.txt 0.00122389 0.00122293 9.56e-07
571 Citeseer_feat_L2.txt 0.00108761 0.00108655 1.062e-06
572 Citeseer_feat_L2.txt 0.00107799 0.00107707 9.15e-07
573 Citeseer_feat_L2.txt 0.00111983 0.00111892 9.09e-07
574 Citeseer_feat_L2.txt 0.00104044 0.00103944 9.92e-07
575 Citeseer_feat_L2.txt 0.0011217 0.00112079 9.1e-07
576 Citeseer_feat_L2.txt 0.000969933 0.000968841 1.092e-06
577 Citeseer_feat_L2.txt 0.00091669 0.000915707 9.83e-07
578 Citeseer_feat_L2.txt 0.00088346 0.00088255 9.1e-07
579 Citeseer_feat_L2.txt 0.00086414 0.000863253 8.87e-07
580 Citeseer_feat_L2.txt 0.00104633 0.00104539 9.43e-07
581 Citeseer_feat_L2.txt 0.00106871 0.00106781 9.07e-07
582 Citeseer_feat_L2.txt 0.00096942 0.000968438 9.82e-07
583 Citeseer_feat_L2.txt 0.0010284 0.00102751 8.9e-07
584 Citeseer_feat_L2.txt 0.00103088 0.00102992 9.63e-07
585 Citeseer_feat_L2.txt 0.00104572 0.00104472 1e-06
586 Citeseer_feat_L2.txt 0.000996101 0.000995214 8.87e-07
587 Citeseer_feat_L2.txt 0.000964363 0.000963301 1.062e-06
588 Citeseer_feat_L2.txt 0.00098603 0.000985097 9.33e-07
589 Citeseer_feat_L2.txt 0.00103753 0.00103654 9.93e-07
590 Citeseer_feat_L2.txt 0.000865767 0.000864829 9.38e-07
591 Citeseer_feat_L2.txt 0.000940256 0.000939257 9.99e-07
592 Citeseer_feat_L2.txt 0.000982067 0.000981137 9.3e-07
593 Citeseer_feat_L2.txt 0.000976688 0.000975649 1.039e-06
594 Citeseer_feat_L2.txt 0.000911763 0.000910845 9.18e-07
595 Citeseer_feat_L2.txt 0.00102695 0.00102589 1.053e-06
596 Citeseer_feat_L2.txt 0.000916615 0.00091571 9.05e-07
597 Citeseer_feat_L2.txt 0.00105092 0.0010499 1.017e-06
598 Citeseer_feat_L2.txt 0.000968238 0.000967113 1.125e-06
599 Citeseer_feat_L2.txt 0.0010781 0.00107713 9.67e-07
600 Citeseer_feat_L2.txt 0.000946653 0.000945675 9.78e-07
601 Citeseer_feat_L2.txt 0.000937415 0.000936394 1.021e-06
602 Citeseer_feat_L2.txt 0.000967878 0.00096695 9.28e-07
603 Citeseer_feat_L2.txt 0.000985732 0.000984669 1.063e-06
604 Citeseer_feat_L2.txt 0.000881326 0.000880428 8.98e-07
605 Citeseer_feat_L2.txt 0.000972173 0.000971185 9.88e-07
606 Citeseer_feat_L2.txt 0.000899774 0.000898812 9.62e-07
607 Citeseer_feat_L2.txt 0.000941239 0.000940241 9.98e-07
608 Citeseer_feat_L2.txt 0.000993463 0.000992428 1.035e-06
609 Citeseer_feat_L2.txt 0.000917763 0.000916693 1.07e-06
610 Citeseer_feat_L2.txt 0.00104845 0.00104738 1.065e-06
611 Citeseer_feat_L2.txt 0.000884187 0.00088333 8.57e-07
612 Citeseer_feat_L2.txt 0.000867982 0.000867114 8.68e-07
613 Citeseer_feat_L2.txt 0.000921034 0.000920026 1.008e-06
614 Citeseer_feat_L2.txt 0.000953982 0.000953081 9.01e-07
615 Citeseer_feat_L2.txt 0.00092912 0.000928138 9.82e-07
616 Citeseer_feat_L2.txt 0.00097029 0.000969407 8.83e-07
617 Citeseer_feat_L2.txt 0.000944622 0.000943714 9.08e-07
618 Citeseer_feat_L2.txt 0.00090526 0.000904192 1.068e-06
619 Citeseer_feat_L2.txt 0.00105863 0.00105755 1.076e-06
620 Citeseer_feat_L2.txt 0.000969382 0.000968571 8.11e-07
621 Citeseer_feat_L2.txt 0.000875394 0.000874359 1.035e-06
622 Citeseer_feat_L2.txt 0.00103142 0.00103052 9.04e-07
623 Citeseer_feat_L2.txt 0.00107463 0.00107356 1.07e-06
624 Citeseer_feat_L2.txt 0.00097816 0.000977116 1.044e-06
625 Citeseer_feat_L2.txt 0.000890972 0.000889875 1.097e-06
626 Citeseer_feat_L2.txt 0.00101221 0.00101122 9.92e-07
627 Citeseer_feat_L2.txt 0.00102648 0.00102537 1.105e-06
628 Citeseer_feat_L2.txt 0.00100168 0.00100076 9.19e-07
629 Citeseer_feat_L2.txt 0.00115061 0.00114961 1.002e-06
630 Citeseer_feat_L2.txt 0.00103839 0.00103749 9.01e-07
631 Citeseer_feat_L2.txt 0.00102195 0.00102104 9.18e-07
632 Citeseer_feat_L2.txt 0.000890587 0.000889694 8.93e-07
633 Citeseer_feat_L2.txt 0.00105852 0.00105742 1.093e-06
634 Citeseer_feat_L2.txt 0.00102703 0.00102604 9.88e-07
635 Citeseer_feat_L2.txt 0.00100753 0.0010065 1.031e-06
636 Citeseer_feat_L2.txt 0.00100647 0.00100549 9.75e-07
637 Citeseer_feat_L2.txt 0.00104866 0.0010477 9.54e-07
638 Citeseer_feat_L2.txt 0.000989144 0.000988086 1.058e-06
639 Citeseer_feat_L2.txt 0.00111828 0.00111722 1.064e-06
640 Citeseer_feat_L2.txt 0.000978181 0.000977269 9.12e-07
641 Citeseer_feat_L2.txt 0.0010157 0.00101476 9.4e-07
642 Citeseer_feat_L2.txt 0.00112239 0.00112146 9.25e-07
643 Citeseer_feat_L2.txt 0.00108031 0.0010794 9.11e-07
644 Citeseer_feat_L2.txt 0.00109996 0.00109895 1.018e-06
645 Citeseer_feat_L2.txt 0.00101564 0.00101459 1.052e-06
646 Citeseer_feat_L2.txt 0.000994766 0.000993875 8.91e-07
647 Citeseer_feat_L2.txt 0.00100182 0.00100076 1.056e-06
648 Citeseer_feat_L2.txt 0.00100493 0.00100395 9.83e-07
649 Citeseer_feat_L2.txt 0.00109091 0.00108988 1.032e-06
650 Citeseer_feat_L2.txt 0.000982122 0.000981283 8.39e-07
651 Citeseer_feat_L2.txt 0.00106052 0.00105965 8.66e-07
652 Citeseer_feat_L2.txt 0.00108051 0.00107959 9.11e-07
653 Citeseer_feat_L2.txt 0.0010358 0.00103486 9.36e-07
654 Citeseer_feat_L2.txt 0.00105209 0.0010511 9.91e-07
655 Citeseer_feat_L2.txt 0.00107529 0.00107432 9.66e-07
656 Citeseer_feat_L2.txt 0.00112032 0.0011193 1.022e-06
657 Citeseer_feat_L2.txt 0.00112044 0.00111958 8.65e-07
658 Citeseer_feat_L2.txt 0.00099636 0.000995394 9.66e-07
659 Citeseer_feat_L2.txt 0.00100887 0.00100786 1.01e-06
660 Citeseer_feat_L2.txt 0.00100255 0.00100169 8.62e-07
661 Citeseer_feat_L2.txt 0.00103564 0.00103471 9.25e-07
662 Citeseer_feat_L2.txt 0.00113677 0.00113583 9.37e-07
663 Citeseer_feat_L2.txt 0.0010179 0.001017 8.95e-07
664 Citeseer_feat_L2.txt 0.00101557 0.00101465 9.21e-07
665 Citeseer_feat_L2.txt 0.0010323 0.00103119 1.11e-06
666 Citeseer_feat_L2.txt 0.00109556 0.00109463 9.24e-07
667 Citeseer_feat_L2.txt 0.00102919 0.00102828 9.16e-07
668 Citeseer_feat_L2.txt 0.00105315 0.00105222 9.31e-07
669 Citeseer_feat_L2.txt 0.00105315 0.00105214 1.015e-06
670 Citeseer_feat_L2.txt 0.00103294 0.001032 9.39e-07
671 Citeseer_feat_L2.txt 0.00109342 0.00109234 1.078e-06
672 Citeseer_feat_L2.txt 0.000960446 0.000959399 1.047e-06
673 Citeseer_feat_L2.txt 0.000818575 0.000817616 9.59e-07
674 Citeseer_feat_L2.txt 0.00107055 0.00106961 9.43e-07
675 Citeseer_feat_L2.txt 0.00102067 0.00101965 1.018e-06
676 Citeseer_feat_L2.txt 0.000912867 0.00091195 9.17e-07
677 Citeseer_feat_L2.txt 0.00116363 0.00116274 8.95e-07
678 Citeseer_feat_L2.txt 0.000935537 0.000934592 9.45e-07
679 Citeseer_feat_L2.txt 0.00112517 0.00112417 9.96e-07
680 Citeseer_feat_L2.txt 0.000871777 0.00087085 9.27e-07
681 Citeseer_feat_L2.txt 0.000941821 0.000940793 1.028e-06
682 Citeseer_feat_L2.txt 0.000954437 0.000953499 9.38e-07
683 Citeseer_feat_L2.txt 0.0010129 0.00101189 1.01e-06
684 Citeseer_feat_L2.txt 0.00106792 0.00106693 9.85e-07
685 Citeseer_feat_L2.txt 0.00124256 0.00124153 1.02e-06
686 Citeseer_feat_L2.txt 0.00114645 0.00114555 9.07e-07
687 Citeseer_feat_L2.txt 0.000980823 0.000979769 1.054e-06
688 Citeseer_feat_L2.txt 0.00109844 0.0010975 9.4e-07
689 Citeseer_feat_L2.txt 0.00105138 0.00105046 9.17e-07
690 Citeseer_feat_L2.txt 0.00114123 0.00114021 1.017e-06
691 Citeseer_feat_L2.txt 0.00120752 0.00120646 1.06e-06
692 Citeseer_feat_L2.txt 0.000919981 0.000919106 8.75e-07
693 Citeseer_feat_L2.txt 0.00113606 0.00113491 1.144e-06
694 Citeseer_feat_L2.txt 0.00107884 0.00107796 8.85e-07
695 Citeseer_feat_L2.txt 0.00124185 0.00124088 9.75e-07
696 Citeseer_feat_L2.txt 0.00102384 0.00102286 9.8e-07
697 Citeseer_feat_L2.txt 0.000915267 0.000914243 1.024e-06
698 Citeseer_feat_L2.txt 0.000995896 0.00099502 8.76e-07
699 Citeseer_feat_L2.txt 0.00112996 0.00112888 1.082e-06
700 Citeseer_feat_L2.txt 0.000991908 0.000991113 7.95e-07
701 Citeseer_feat_L2.txt 0.00113504 0.00113404 1.006e-06
702 Citeseer_feat_L2.txt 0.00105733 0.00105645 8.82e-07
703 Citeseer_feat_L2.txt 0.00115718 0.00115617 1.01e-06
704 Citeseer_feat_L2.txt 0.00102694 0.00102592 1.02e-06
705 Citeseer_feat_L2.txt 0.000980842 0.000979835 1.007e-06
706 Citeseer_feat_L2.txt 0.00088903 0.000888091 9.39e-07
707 Citeseer_feat_L2.txt 0.0010092 0.00100808 1.121e-06
708 Citeseer_feat_L2.txt 0.000971382 0.000970359 1.023e-06
709 Citeseer_feat_L2.txt 0.000950808 0.000949839 9.69e-07
710 Citeseer_feat_L2.txt 0.00086614 0.000865207 9.33e-07
711 Citeseer_feat_L2.txt 0.00114426 0.00114325 1.01e-06
712 Citeseer_feat_L2.txt 0.00107105 0.00107013 9.13e-07
713 Citeseer_feat_L2.txt 0.00102125 0.00102014 1.103e-06
714 Citeseer_feat_L2.txt 0.00111199 0.00111109 8.98e-07
715 Citeseer_feat_L2.txt 0.000923488 0.000922439 1.049e-06
716 Citeseer_feat_L2.txt 0.000937376 0.000936478 8.98e-07
717 Citeseer_feat_L2.txt 0.00116666 0.0011657 9.61e-07
718 Citeseer_feat_L2.txt 0.00111499 0.00111394 1.048e-06
719 Citeseer_feat_L2.txt 0.00102998 0.00102894 1.046e-06
720 Citeseer_feat_L2.txt 0.0010104 0.00100931 1.09e-06
721 Citeseer_feat_L2.txt 0.000881145 0.00088006 1.085e-06
722 Citeseer_feat_L2.txt 0.00108581 0.00108489 9.19e-07
723 Citeseer_feat_L2.txt 0.00105595 0.00105507 8.86e-07
724 Citeseer_feat_L2.txt 0.00110255 0.00110164 9.08e-07
725 Citeseer_feat_L2.txt 0.00110009 0.00109909 1.001e-06
726 Citeseer_feat_L2.txt 0.0010421 0.00104115 9.45e-07
727 Citeseer_feat_L2.txt 0.00101631 0.00101541 8.99e-07
728 Citeseer_feat_L2.txt 0.000885411 0.000884507 9.04e-07
729 Citeseer_feat_L2.txt 0.00093356 0.000932598 9.62e-07
730 Citeseer_feat_L2.txt 0.00105161 0.0010506 1.005e-06
731 Citeseer_feat_L2.txt 0.00104655 0.00104555 1.002e-06
732 Citeseer_feat_L2.txt 0.000999102 0.000998166 9.36e-07
733 Citeseer_feat_L2.txt 0.0010823 0.00108125 1.051e-06
734 Citeseer_feat_L2.txt 0.00101072 0.00100983 8.9e-07
735 Citeseer_feat_L2.txt 0.00111714 0.00111612 1.012e-06
736 Citeseer_feat_L2.txt 0.00112356 0.0011226 9.56e-07
737 Citeseer_feat_L2.txt 0.00118054 0.00117962 9.27e-07
738 Citeseer_feat_L2.txt 0.00104949 0.00104861 8.73e-07
739 Citeseer_feat_L2.txt 0.0010009 0.000999958 9.41e-07
740 Citeseer_feat_L2.txt 0.00100143 0.00100048 9.53e-07
741 Citeseer_feat_L2.txt 0.00103092 0.00103006 8.55e-07
742 Citeseer_feat_L2.txt 0.00103572 0.00103482 9.05e-07
743 Citeseer_feat_L2.txt 0.00106815 0.00106706 1.092e-06
744 Citeseer_feat_L2.txt 0.000996514 0.000995593 9.21e-07
745 Citeseer_feat_L2.txt 0.00117711 0.00117618 9.3e-07
746 Citeseer_feat_L2.txt 0.0010141 0.00101316 9.41e-07
747 Citeseer_feat_L2.txt 0.00114885 0.00114783 1.022e-06
748 Citeseer_feat_L2.txt 0.00105791 0.00105697 9.49e-07
749 Citeseer_feat_L2.txt 0.00100941 0.00100838 1.038e-06
750 Citeseer_feat_L2.txt 0.00108543 0.00108462 8.09e-07
751 Citeseer_feat_L2.txt 0.00110168 0.00110061 1.063e-06
752 Citeseer_feat_L2.txt 0.00109062 0.00108973 8.9e-07
753 Citeseer_feat_L2.txt 0.000969318 0.000968371 9.47e-07
754 Citeseer_feat_L2.txt 0.000972505 0.000971573 9.32e-07
755 Citeseer_feat_L2.txt 0.00106235 0.00106137 9.81e-07
756 Citeseer_feat_L2.txt 0.00112842 0.00112749 9.33e-07
757 Citeseer_feat_L2.txt 0.00102409 0.00102315 9.4e-07
758 Citeseer_feat_L2.txt 0.00103716 0.00103625 9.07e-07
759 Citeseer_feat_L2.txt 0.00095151 0.000950595 9.15e-07
760 Citeseer_feat_L2.txt 0.00100376 0.00100285 9.04e-07
761 Citeseer_feat_L2.txt 0.000982807 0.000981851 9.56e-07
762 Citeseer_feat_L2.txt 0.000964822 0.000963907 9.15e-07
763 Citeseer_feat_L2.txt 0.00117111 0.00117019 9.15e-07
764 Citeseer_feat_L2.txt 0.00108083 0.00107986 9.67e-07
765 Citeseer_feat_L2.txt 0.00110196 0.00110109 8.78e-07
766 Citeseer_feat_L2.txt 0.00108034 0.00107933 1.005e-06
767 Citeseer_feat_L2.txt 0.00102866 0.000999035 2.9621e-05
0 Citeseer_A.txt 0.000899949 0.0008992 7.49e-07
1 Citeseer_A.txt 0.000896198 0.000895477 7.21e-07
2 Citeseer_A.txt 0.000904603 0.000904002 6.01e-07
3 Citeseer_A.txt 0.000897556 0.000897054 5.02e-07
4 Citeseer_A.txt 0.000903312 0.000902784 5.28e-07
5 Citeseer_A.txt 0.000899282 0.000898731 5.51e-07
6 Citeseer_A.txt 0.000906212 0.000905518 6.94e-07
7 Citeseer_A.txt 0.000899575 0.000898897 6.78e-07
8 Citeseer_A.txt 0.000896757 0.000896167 5.9e-07
9 Citeseer_A.txt 0.000892627 0.000892008 6.19e-07
10 Citeseer_A.txt 0.000902748 0.00090221 5.38e-07
11 Citeseer_A.txt 0.000895345 0.000894777 5.68e-07
12 Citeseer_A.txt 0.000898286 0.000897794 4.92e-07
13 Citeseer_A.txt 0.00089403 0.000893559 4.71e-07
14 Citeseer_A.txt 0.000901312 0.00090068 6.32e-07
15 Citeseer_A.txt 0.000895497 0.000894807 6.9e-07
16 Citeseer_A.txt 0.000926392 0.000925802 5.9e-07
17 Citeseer_A.txt 0.000922606 0.000922079 5.27e-07
18 Citeseer_A.txt 0.000928005 0.000927394 6.11e-07
19 Citeseer_A.txt 0.000922206 0.000921423 7.83e-07
20 Citeseer_A.txt 0.000922732 0.000922113 6.19e-07
21 Citeseer_A.txt 0.000919269 0.000918658 6.11e-07
22 Citeseer_A.txt 0.000925823 0.000925118 7.05e-07
23 Citeseer_A.txt 0.000919484 0.00091863 8.54e-07
24 Citeseer_A.txt 0.000908474 0.000907901 5.73e-07
25 Citeseer_A.txt 0.000903679 0.000903084 5.95e-07
26 Citeseer_A.txt 0.000912382 0.000911835 5.47e-07
27 Citeseer_A.txt 0.000906372 0.000905831 5.41e-07
28 Citeseer_A.txt 0.000909224 0.000908644 5.8e-07
29 Citeseer_A.txt 0.000905386 0.000904803 5.83e-07
30 Citeseer_A.txt 0.000910888 0.000910442 4.46e-07
31 Citeseer_A.txt 0.000904042 0.00090344 6.02e-07
32 Citeseer_A.txt 0.000835776 0.000835106 6.7e-07
33 Citeseer_A.txt 0.000831664 0.000831089 5.75e-07
34 Citeseer_A.txt 0.000838454 0.000837939 5.15e-07
35 Citeseer_A.txt 0.000832356 0.00083169 6.66e-07
36 Citeseer_A.txt 0.000832857 0.000832281 5.76e-07
37 Citeseer_A.txt 0.000829099 0.00082854 5.59e-07
38 Citeseer_A.txt 0.00083923 0.000838679 5.51e-07
39 Citeseer_A.txt 0.000832954 0.000832399 5.55e-07
40 Citeseer_A.txt 0.000846676 0.000846072 6.04e-07
41 Citeseer_A.txt 0.000842632 0.000842049 5.83e-07
42 Citeseer_A.txt 0.000853753 0.000853186 5.67e-07
43 Citeseer_A.txt 0.00084665 0.000846073 5.77e-07
44 Citeseer_A.txt 0.00084683 0.000846224 6.06e-07
45 Citeseer_A.txt 0.000841752 0.000841073 6.79e-07
46 Citeseer_A.txt 0.000842456 0.000841953 5.03e-07
47 Citeseer_A.txt 0.000836071 0.000835557 5.14e-07
48 Citeseer_A.txt 0.000898772 0.000898085 6.87e-07
49 Citeseer_A.txt 0.000894362 0.000893644 7.18e-07
50 Citeseer_A.txt 0.000900243 0.000899561 6.82e-07
51 Citeseer_A.txt 0.000894271 0.000893276 9.95e-07
52 Citeseer_A.txt 0.000898099 0.00089741 6.89e-07
53 Citeseer_A.txt 0.00089446 0.000893685 7.75e-07
54 Citeseer_A.txt 0.000902451 0.000901815 6.36e-07
55 Citeseer_A.txt 0.000895906 0.000895255 6.51e-07
56 Citeseer_A.txt 0.000912958 0.000912258 7e-07
57 Citeseer_A.txt 0.000909471 0.000908714 7.57e-07
58 Citeseer_A.txt 0.000913003 0.000912316 6.87e-07
59 Citeseer_A.txt 0.000905779 0.000905173 6.06e-07
60 Citeseer_A.txt 0.000912346 0.000911763 5.83e-07
61 Citeseer_A.txt 0.0009078 0.000907187 6.13e-07
62 Citeseer_A.txt 0.000922143 0.000921475 6.68e-07
63 Citeseer_A.txt 0.000915683 0.000915087 5.96e-07
64 Citeseer_A.txt 0.000929339 0.00092875 5.89e-07
65 Citeseer_A.txt 0.000924977 0.000924292 6.85e-07
66 Citeseer_A.txt 0.000935584 0.000934816 7.68e-07
67 Citeseer_A.txt 0.000927797 0.00092718 6.17e-07
68 Citeseer_A.txt 0.000927656 0.00092691 7.46e-07
69 Citeseer_A.txt 0.000923875 0.000923129 7.46e-07
70 Citeseer_A.txt 0.000928196 0.000927511 6.85e-07
71 Citeseer_A.txt 0.000921279 0.000920654 6.25e-07
72 Citeseer_A.txt 0.000911268 0.00091061 6.58e-07
73 Citeseer_A.txt 0.000907254 0.000906592 6.62e-07
74 Citeseer_A.txt 0.000909597 0.000908936 6.61e-07
75 Citeseer_A.txt 0.000902742 0.00090213 6.12e-07
76 Citeseer_A.txt 0.000910088 0.000909373 7.15e-07
77 Citeseer_A.txt 0.000906172 0.000905517 6.55e-07
78 Citeseer_A.txt 0.00090841 0.000907785 6.25e-07
79 Citeseer_A.txt 0.000901779 0.000901102 6.77e-07
80 Citeseer_A.txt 0.000845093 0.000844497 5.96e-07
81 Citeseer_A.txt 0.00084068 0.000840086 5.94e-07
82 Citeseer_A.txt 0.000842296 0.000841643 6.53e-07
83 Citeseer_A.txt 0.000835803 0.000835227 5.76e-07
84 Citeseer_A.txt 0.000843779 0.000843107 6.72e-07
85 Citeseer_A.txt 0.000839479 0.00083892 5.59e-07
86 Citeseer_A.txt 0.000843563 0.000842959 6.04e-07
87 Citeseer_A.txt 0.000836945 0.000836076 8.69e-07
88 Citeseer_A.txt 0.000842048 0.000841349 6.99e-07
89 Citeseer_A.txt 0.00083761 0.000836997 6.13e-07
90 Citeseer_A.txt 0.000841919 0.000841339 5.8e-07
91 Citeseer_A.txt 0.00083598 0.000835357 6.23e-07
92 Citeseer_A.txt 0.000843105 0.000842332 7.73e-07
93 Citeseer_A.txt 0.000838327 0.000837584 7.43e-07
94 Citeseer_A.txt 0.000843932 0.000843231 7.01e-07
95 Citeseer_A.txt 0.000837217 0.000836625 5.92e-07
96 Citeseer_A.txt 0.000901715 0.000901096 6.19e-07
97 Citeseer_A.txt 0.000898392 0.000897847 5.45e-07
98 Citeseer_A.txt 0.00091406 0.000913524 5.36e-07
99 Citeseer_A.txt 0.000908275 0.000907684 5.91e-07
100 Citeseer_A.txt 0.000901777 0.00090123 5.47e-07
101 Citeseer_A.txt 0.000897701 0.000897181 5.2e-07
102 Citeseer_A.txt 0.000916066 0.000915499 5.67e-07
103 Citeseer_A.txt 0.00090994 0.000909414 5.26e-07
104 Citeseer_A.txt 0.000896478 0.000895936 5.42e-07
105 Citeseer_A.txt 0.000891735 0.00089117 5.65e-07
106 Citeseer_A.txt 0.00092156 0.000920986 5.74e-07
107 Citeseer_A.txt 0.000913627 0.000913085 5.42e-07
108 Citeseer_A.txt 0.000914324 0.000913813 5.11e-07
109 Citeseer_A.txt 0.000909697 0.000909176 5.21e-07
110 Citeseer_A.txt 0.000902291 0.000901782 5.09e-07
111 Citeseer_A.txt 0.000895386 0.000894736 6.5e-07
112 Citeseer_A.txt 0.000928143 0.000927546 5.97e-07
113 Citeseer_A.txt 0.000923352 0.000922775 5.77e-07
114 Citeseer_A.txt 0.000932681 0.000932108 5.73e-07
115 Citeseer_A.txt 0.00092503 0.000924456 5.74e-07
116 Citeseer_A.txt 0.000925858 0.000925308 5.5e-07
117 Citeseer_A.txt 0.000922669 0.000922146 5.23e-07
118 Citeseer_A.txt 0.00092751 0.000926963 5.47e-07
119 Citeseer_A.txt 0.000921389 0.000920779 6.1e-07
120 Citeseer_A.txt 0.000901596 0.000901025 5.71e-07
121 Citeseer_A.txt 0.000897034 0.000896444 5.9e-07
122 Citeseer_A.txt 0.000901134 0.000900662 4.72e-07
123 Citeseer_A.txt 0.000894826 0.00089424 5.86e-07
124 Citeseer_A.txt 0.000908737 0.000908096 6.41e-07
125 Citeseer_A.txt 0.000904216 0.000903758 4.58e-07
126 Citeseer_A.txt 0.000918132 0.000917572 5.6e-07
127 Citeseer_A.txt 0.000911107 0.000910598 5.09e-07
128 Citeseer_A.txt 0.000834911 0.000834335 5.76e-07
129 Citeseer_A.txt 0.000830774 0.000830254 5.2e-07
130 Citeseer_A.txt 0.000843319 0.000842837 4.82e-07
131 Citeseer_A.txt 0.000837781 0.000837181 6e-07
132 Citeseer_A.txt 0.000837947 0.000837333 6.14e-07
133 Citeseer_A.txt 0.000834599 0.000834039 5.6e-07
134 Citeseer_A.txt 0.000844948 0.000844378 5.7e-07
135 Citeseer_A.txt 0.00084015 0.000839573 5.77e-07
136 Citeseer_A.txt 0.000840345 0.000839751 5.94e-07
137 Citeseer_A.txt 0.000836569 0.000836008 5.61e-07
138 Citeseer_A.txt 0.000843584 0.000843084 5e-07
139 Citeseer_A.txt 0.000836373 0.000835875 4.98e-07
140 Citeseer_A.txt 0.000839842 0.00083934 5.02e-07
141 Citeseer_A.txt 0.000835617 0.000834937 6.8e-07
142 Citeseer_A.txt 0.000843447 0.000842956 4.91e-07
143 Citeseer_A.txt 0.000837654 0.000837093 5.61e-07
144 Citeseer_A.txt 0.000909067 0.000908483 5.84e-07
145 Citeseer_A.txt 0.000905236 0.000904607 6.29e-07
146 Citeseer_A.txt 0.000913453 0.0009129 5.53e-07
147 Citeseer_A.txt 0.000907585 0.000906982 6.03e-07
148 Citeseer_A.txt 0.000908133 0.00090754 5.93e-07
149 Citeseer_A.txt 0.00090464 0.000904091 5.49e-07
150 Citeseer_A.txt 0.000914652 0.000914094 5.58e-07
151 Citeseer_A.txt 0.000908201 0.000907515 6.86e-07
152 Citeseer_A.txt 0.000908387 0.000907714 6.73e-07
153 Citeseer_A.txt 0.000904866 0.000904349 5.17e-07
154 Citeseer_A.txt 0.000918852 0.000918286 5.66e-07
155 Citeseer_A.txt 0.000912284 0.000911574 7.1e-07
156 Citeseer_A.txt 0.000908526 0.000907901 6.25e-07
157 Citeseer_A.txt 0.000905495 0.000904808 6.87e-07
158 Citeseer_A.txt 0.000915645 0.00091507 5.75e-07
159 Citeseer_A.txt 0.000909032 0.000908426 6.06e-07
160 Citeseer_A.txt 0.000940769 0.000940263 5.06e-07
161 Citeseer_A.txt 0.000936573 0.000936078 4.95e-07
162 Citeseer_A.txt 0.000942095 0.000941559 5.36e-07
163 Citeseer_A.txt 0.00093541 0.000934831 5.79e-07
164 Citeseer_A.txt 0.000945924 0.00094518 7.44e-07
165 Citeseer_A.txt 0.000941849 0.000941235 6.14e-07
166 Citeseer_A.txt 0.000946983 0.000946413 5.7e-07
167 Citeseer_A.txt 0.000940263 0.00093972 5.43e-07
168 Citeseer_A.txt 0.000898974 0.000898411 5.63e-07
169 Citeseer_A.txt 0.000894966 0.000894318 6.48e-07
170 Citeseer_A.txt 0.000903186 0.000902452 7.34e-07
171 Citeseer_A.txt 0.000897687 0.00089706 6.27e-07
172 Citeseer_A.txt 0.000902436 0.000901796 6.4e-07
173 Citeseer_A.txt 0.000898155 0.000897473 6.82e-07
174 Citeseer_A.txt 0.000905409 0.000904819 5.9e-07
175 Citeseer_A.txt 0.000898787 0.000898136 6.51e-07
176 Citeseer_A.txt 0.000857505 0.000856928 5.77e-07
177 Citeseer_A.txt 0.000853388 0.000852855 5.33e-07
178 Citeseer_A.txt 0.000855495 0.000855031 4.64e-07
179 Citeseer_A.txt 0.000849722 0.000849094 6.28e-07
180 Citeseer_A.txt 0.00085116 0.000850541 6.19e-07
181 Citeseer_A.txt 0.000847069 0.0008463 7.69e-07
182 Citeseer_A.txt 0.000847529 0.000846927 6.02e-07
183 Citeseer_A.txt 0.00084122 0.000840475 7.45e-07
184 Citeseer_A.txt 0.000855788 0.000855184 6.04e-07
185 Citeseer_A.txt 0.000851481 0.000850914 5.67e-07
186 Citeseer_A.txt 0.000862675 0.000862038 6.37e-07
187 Citeseer_A.txt 0.000856477 0.000855853 6.24e-07
188 Citeseer_A.txt 0.00085383 0.000853189 6.41e-07
189 Citeseer_A.txt 0.000849846 0.000848979 8.67e-07
190 Citeseer_A.txt 0.000864025 0.000863511 5.14e-07
191 Citeseer_A.txt 0.000859311 0.000858772 5.39e-07
192 Citeseer_A.txt 0.000904909 0.000904314 5.95e-07
193 Citeseer_A.txt 0.000899734 0.000898971 7.63e-07
194 Citeseer_A.txt 0.000904659 0.000904007 6.52e-07
195 Citeseer_A.txt 0.000898072 0.00089748 5.92e-07
196 Citeseer_A.txt 0.000901244 0.000900643 6.01e-07
197 Citeseer_A.txt 0.000897764 0.000897297 4.67e-07
198 Citeseer_A.txt 0.000894139 0.000893611 5.28e-07
199 Citeseer_A.txt 0.000888704 0.000888167 5.37e-07
200 Citeseer_A.txt 0.000903809 0.000903294 5.15e-07
201 Citeseer_A.txt 0.000899719 0.000899172 5.47e-07
202 Citeseer_A.txt 0.000902444 0.000901888 5.56e-07
203 Citeseer_A.txt 0.000896549 0.000895818 7.31e-07
204 Citeseer_A.txt 0.000894637 0.00089412 5.17e-07
205 Citeseer_A.txt 0.000890468 0.000889901 5.67e-07
206 Citeseer_A.txt 0.000909238 0.000908719 5.19e-07
207 Citeseer_A.txt 0.000903048 0.00090244 6.08e-07
208 Citeseer_A.txt 0.000913825 0.000913237 5.88e-07
209 Citeseer_A.txt 0.000909722 0.000909185 5.37e-07
210 Citeseer_A.txt 0.000917427 0.000916833 5.94e-07
211 Citeseer_A.txt 0.000911711 0.000910923 7.88e-07
212 Citeseer_A.txt 0.000914681 0.000913931 7.5e-07
213 Citeseer_A.txt 0.000910564 0.00091011 4.54e-07
214 Citeseer_A.txt 0.000911625 0.000910977 6.48e-07
215 Citeseer_A.txt 0.000904897 0.000904323 5.74e-07
216 Citeseer_A.txt 0.000902028 0.000901369 6.59e-07
217 Citeseer_A.txt 0.000897524 0.000896866 6.58e-07
218 Citeseer_A.txt 0.000894359 0.000893772 5.87e-07
219 Citeseer_A.txt 0.00088781 0.000887294 5.16e-07
220 Citeseer_A.txt 0.000913642 0.000913031 6.11e-07
221 Citeseer_A.txt 0.000909231 0.000908599 6.32e-07
222 Citeseer_A.txt 0.000892839 0.000892258 5.81e-07
223 Citeseer_A.txt 0.000885893 0.000885172 7.21e-07
224 Citeseer_A.txt 0.000829108 0.000828499 6.09e-07
225 Citeseer_A.txt 0.000822349 0.000821852 4.97e-07
226 Citeseer_A.txt 0.000829809 0.000829278 5.31e-07
227 Citeseer_A.txt 0.000824281 0.000823582 6.99e-07
228 Citeseer_A.txt 0.000834149 0.000833581 5.68e-07
229 Citeseer_A.txt 0.000830327 0.000829743 5.84e-07
230 Citeseer_A.txt 0.000835163 0.000834614 5.49e-07
231 Citeseer_A.txt 0.000828679 0.000828066 6.13e-07
232 Citeseer_A.txt 0.000831135 0.000830653 4.82e-07
233 Citeseer_A.txt 0.000826814 0.000826282 5.32e-07
234 Citeseer_A.txt 0.000831625 0.000831177 4.48e-07
235 Citeseer_A.txt 0.000826167 0.000825545 6.22e-07
236 Citeseer_A.txt 0.000832789 0.000832286 5.03e-07
237 Citeseer_A.txt 0.000829313 0.000828696 6.17e-07
238 Citeseer_A.txt 0.000833727 0.000833149 5.78e-07
239 Citeseer_A.txt 0.000827668 0.000827084 5.84e-07
240 Citeseer_A.txt 0.000884059 0.000883438 6.21e-07
241 Citeseer_A.txt 0.000880631 0.000879942 6.89e-07
242 Citeseer_A.txt 0.000886541 0.000886056 4.85e-07
243 Citeseer_A.txt 0.000880518 0.000879666 8.52e-07
244 Citeseer_A.txt 0.000905369 0.000904844 5.25e-07
245 Citeseer_A.txt 0.000901548 0.000900713 8.35e-07
246 Citeseer_A.txt 0.000895534 0.000895008 5.26e-07
247 Citeseer_A.txt 0.000889495 0.000888771 7.24e-07
248 Citeseer_A.txt 0.000889869 0.000889311 5.58e-07
249 Citeseer_A.txt 0.000885865 0.000885239 6.26e-07
250 Citeseer_A.txt 0.00091006 0.000909494 5.66e-07
251 Citeseer_A.txt 0.000904643 0.000903951 6.92e-07
252 Citeseer_A.txt 0.000895112 0.000894577 5.35e-07
253 Citeseer_A.txt 0.000891427 0.00089087 5.57e-07
254 Citeseer_A.txt 0.000907607 0.000906987 6.2e-07
255 Citeseer_A.txt 0.000901577 0.000900872 7.05e-07
256 Citeseer_A.txt 0.000910726 0.000910249 4.77e-07
257 Citeseer_A.txt 0.000906624 0.000906054 5.7e-07
258 Citeseer_A.txt 0.000914559 0.000913984 5.75e-07
259 Citeseer_A.txt 0.000908351 0.00090752 8.31e-07
260 Citeseer_A.txt 0.000909352 0.000908838 5.14e-07
261 Citeseer_A.txt 0.000903878 0.000903333 5.45e-07
262 Citeseer_A.txt 0.000909214 0.000908587 6.27e-07
263 Citeseer_A.txt 0.000902647 0.000901886 7.61e-07
264 Citeseer_A.txt 0.000899276 0.000898738 5.38e-07
265 Citeseer_A.txt 0.000894404 0.000893765 6.39e-07
266 Citeseer_A.txt 0.000896851 0.000896243 6.08e-07
267 Citeseer_A.txt 0.000891193 0.000890693 5e-07
268 Citeseer_A.txt 0.000894017 0.00089343 5.87e-07
269 Citeseer_A.txt 0.000890144 0.000889462 6.82e-07
270 Citeseer_A.txt 0.000906841 0.000906199 6.42e-07
271 Citeseer_A.txt 0.00089981 0.000899161 6.49e-07
272 Citeseer_A.txt 0.000828813 0.000828233 5.8e-07
273 Citeseer_A.txt 0.000824427 0.000823945 4.82e-07
274 Citeseer_A.txt 0.000828461 0.000827979 4.82e-07
275 Citeseer_A.txt 0.000821805 0.000821029 7.76e-07
276 Citeseer_A.txt 0.000825896 0.000825302 5.94e-07
277 Citeseer_A.txt 0.000821904 0.000821263 6.41e-07
278 Citeseer_A.txt 0.000827693 0.000827163 5.3e-07
279 Citeseer_A.txt 0.000821763 0.000821182 5.81e-07
280 Citeseer_A.txt 0.000825001 0.000824464 5.37e-07
281 Citeseer_A.txt 0.000821205 0.000820683 5.22e-07
282 Citeseer_A.txt 0.000823902 0.000823332 5.7e-07
283 Citeseer_A.txt 0.000816217 0.000815456 7.61e-07
284 Citeseer_A.txt 0.000827615 0.000827003 6.12e-07
285 Citeseer_A.txt 0.000823001 0.000822423 5.78e-07
286 Citeseer_A.txt 0.000823255 0.000822806 4.49e-07
287 Citeseer_A.txt 0.000817866 0.000817219 6.47e-07
288 Citeseer_A.txt 0.000883674 0.000882954 7.2e-07
289 Citeseer_A.txt 0.000879978 0.000879397 5.81e-07
290 Citeseer_A.txt 0.000886965 0.00088638 5.85e-07
291 Citeseer_A.txt 0.000880543 0.000880074 4.69e-07
292 Citeseer_A.txt 0.000885113 0.000884628 4.85e-07
293 Citeseer_A.txt 0.000880835 0.000880313 5.22e-07
294 Citeseer_A.txt 0.000890404 0.000889969 4.35e-07
295 Citeseer_A.txt 0.000883903 0.000883239 6.64e-07
296 Citeseer_A.txt 0.00088633 0.000885779 5.51e-07
297 Citeseer_A.txt 0.000880629 0.000880017 6.12e-07
298 Citeseer_A.txt 0.000906179 0.000905588 5.91e-07
299 Citeseer_A.txt 0.000899537 0.000898971 5.66e-07
300 Citeseer_A.txt 0.000887556 0.000887031 5.25e-07
301 Citeseer_A.txt 0.000883466 0.000882927 5.39e-07
302 Citeseer_A.txt 0.000892154 0.000891672 4.82e-07
303 Citeseer_A.txt 0.000886324 0.000885792 5.32e-07
304 Citeseer_A.txt 0.000916299 0.000915688 6.11e-07
305 Citeseer_A.txt 0.000912152 0.000911611 5.41e-07
306 Citeseer_A.txt 0.000920145 0.000919492 6.53e-07
307 Citeseer_A.txt 0.000913493 0.000912721 7.72e-07
308 Citeseer_A.txt 0.000919986 0.000919352 6.34e-07
309 Citeseer_A.txt 0.000915817 0.000915251 5.66e-07
310 Citeseer_A.txt 0.000923986 0.000923295 6.91e-07
311 Citeseer_A.txt 0.000917276 0.000916654 6.22e-07
312 Citeseer_A.txt 0.000892864 0.000892342 5.22e-07
313 Citeseer_A.txt 0.000888696 0.000888137 5.59e-07
314 Citeseer_A.txt 0.000899522 0.000898917 6.05e-07
315 Citeseer_A.txt 0.000893306 0.000892778 5.28e-07
316 Citeseer_A.txt 0.000892466 0.000891871 5.95e-07
317 Citeseer_A.txt 0.000887967 0.00088742 5.47e-07
318 Citeseer_A.txt 0.000896586 0.00089594 6.46e-07
319 Citeseer_A.txt 0.000890808 0.000890126 6.82e-07
320 Citeseer_A.txt 0.000840908 0.000840396 5.12e-07
321 Citeseer_A.txt 0.000836595 0.000835779 8.16e-07
322 Citeseer_A.txt 0.000831175 0.000830586 5.89e-07
323 Citeseer_A.txt 0.000826163 0.000825534 6.29e-07
324 Citeseer_A.txt 0.000829108 0.000828579 5.29e-07
325 Citeseer_A.txt 0.000824974 0.000824435 5.39e-07
326 Citeseer_A.txt 0.000828886 0.000828207 6.79e-07
327 Citeseer_A.txt 0.000822776 0.000822151 6.25e-07
328 Citeseer_A.txt 0.000825258 0.000824659 5.99e-07
329 Citeseer_A.txt 0.00082222 0.000821517 7.03e-07
330 Citeseer_A.txt 0.000832018 0.000831423 5.95e-07
331 Citeseer_A.txt 0.000826316 0.00082572 5.96e-07
332 Citeseer_A.txt 0.000822899 0.000822362 5.37e-07
333 Citeseer_A.txt 0.000819926 0.000819028 8.98e-07
334 Citeseer_A.txt 0.000825959 0.000825304 6.55e-07
335 Citeseer_A.txt 0.000820147 0.000819472 6.75e-07
336 Citeseer_A.txt 0.00088343 0.000882648 7.82e-07
337 Citeseer_A.txt 0.000879698 0.000878951 7.47e-07
338 Citeseer_A.txt 0.00089602 0.00089545 5.7e-07
339 Citeseer_A.txt 0.000890611 0.000889938 6.73e-07
340 Citeseer_A.txt 0.000886169 0.000885538 6.31e-07
341 Citeseer_A.txt 0.000880949 0.000880244 7.05e-07
342 Citeseer_A.txt 0.000891997 0.000891331 6.66e-07
343 Citeseer_A.txt 0.00088491 0.000884103 8.07e-07
344 Citeseer_A.txt 0.000881602 0.000880889 7.13e-07
345 Citeseer_A.txt 0.000877255 0.000876625 6.3e-07
346 Citeseer_A.txt 0.000886249 0.000885668 5.81e-07
347 Citeseer_A.txt 0.000879732 0.000879154 5.78e-07
348 Citeseer_A.txt 0.000885961 0.000885411 5.5e-07
349 Citeseer_A.txt 0.000880051 0.00087946 5.91e-07
350 Citeseer_A.txt 0.000885244 0.0008847 5.44e-07
351 Citeseer_A.txt 0.000878697 0.000878202 4.95e-07
352 Citeseer_A.txt 0.000907458 0.000906938 5.2e-07
353 Citeseer_A.txt 0.000904499 0.000903736 7.63e-07
354 Citeseer_A.txt 0.000911624 0.000911074 5.5e-07
355 Citeseer_A.txt 0.000905801 0.00090523 5.71e-07
356 Citeseer_A.txt 0.00090532 0.000904704 6.16e-07
357 Citeseer_A.txt 0.000901256 0.000900729 5.27e-07
358 Citeseer_A.txt 0.000907425 0.000906775 6.5e-07
359 Citeseer_A.txt 0.000901484 0.000900779 7.05e-07
360 Citeseer_A.txt 0.000889986 0.000889346 6.4e-07
361 Citeseer_A.txt 0.000885289 0.000884453 8.36e-07
362 Citeseer_A.txt 0.000895759 0.000895105 6.54e-07
363 Citeseer_A.txt 0.000889397 0.00088883 5.67e-07
364 Citeseer_A.txt 0.000896371 0.00089565 7.21e-07
365 Citeseer_A.txt 0.000892087 0.000891414 6.73e-07
366 Citeseer_A.txt 0.000898156 0.000897534 6.22e-07
367 Citeseer_A.txt 0.000890421 0.000889859 5.62e-07
368 Citeseer_A.txt 0.00082186 0.000821211 6.49e-07
369 Citeseer_A.txt 0.000817834 0.000817131 7.03e-07
370 Citeseer_A.txt 0.000825803 0.000825175 6.28e-07
371 Citeseer_A.txt 0.000820524 0.000819541 9.83e-07
372 Citeseer_A.txt 0.000824551 0.000823681 8.7e-07
373 Citeseer_A.txt 0.000820036 0.000819289 7.47e-07
374 Citeseer_A.txt 0.000824958 0.000824254 7.04e-07
375 Citeseer_A.txt 0.000817966 0.000817367 5.99e-07
376 Citeseer_A.txt 0.000825209 0.00082463 5.79e-07
377 Citeseer_A.txt 0.000821468 0.000820697 7.71e-07
378 Citeseer_A.txt 0.000830186 0.000829563 6.23e-07
379 Citeseer_A.txt 0.000823556 0.000823024 5.32e-07
380 Citeseer_A.txt 0.000827406 0.000826879 5.27e-07
381 Citeseer_A.txt 0.000823792 0.000823056 7.36e-07
382 Citeseer_A.txt 0.000828337 0.000827605 7.32e-07
383 Citeseer_A.txt 0.000822681 0.000822063 6.18e-07
384 Citeseer_A.txt 0.000894697 0.000894041 6.56e-07
385 Citeseer_A.txt 0.000891579 0.00089083 7.49e-07
386 Citeseer_A.txt 0.000895776 0.000895193 5.83e-07
387 Citeseer_A.txt 0.000889274 0.000888462 8.12e-07
388 Citeseer_A.txt 0.000897332 0.00089674 5.92e-07
389 Citeseer_A.txt 0.000893351 0.000892863 4.88e-07
390 Citeseer_A.txt 0.000898755 0.000898183 5.72e-07
391 Citeseer_A.txt 0.000891871 0.000891249 6.22e-07
392 Citeseer_A.txt 0.000898576 0.000897987 5.89e-07
393 Citeseer_A.txt 0.000894888 0.000894292 5.96e-07
394 Citeseer_A.txt 0.000899195 0.000898482 7.13e-07
395 Citeseer_A.txt 0.000892528 0.000891763 7.65e-07
396 Citeseer_A.txt 0.000904828 0.000904192 6.36e-07
397 Citeseer_A.txt 0.000899771 0.000898985 7.86e-07
398 Citeseer_A.txt 0.000899379 0.000898597 7.82e-07
399 Citeseer_A.txt 0.000893765 0.000892962 8.03e-07
400 Citeseer_A.txt 0.000926279 0.000925615 6.64e-07
401 Citeseer_A.txt 0.000923146 0.000922266 8.8e-07
402 Citeseer_A.txt 0.000930939 0.000930186 7.53e-07
403 Citeseer_A.txt 0.000924261 0.000923704 5.57e-07
404 Citeseer_A.txt 0.000919528 0.000918812 7.16e-07
405 Citeseer_A.txt 0.000915435 0.000914765 6.7e-07
406 Citeseer_A.txt 0.000922439 0.000921864 5.75e-07
407 Citeseer_A.txt 0.000914552 0.000913961 5.91e-07
408 Citeseer_A.txt 0.000909347 0.000908707 6.4e-07
409 Citeseer_A.txt 0.000904338 0.000903734 6.04e-07
410 Citeseer_A.txt 0.000912628 0.000912059 5.69e-07
411 Citeseer_A.txt 0.000906992 0.000906316 6.76e-07
412 Citeseer_A.txt 0.000908015 0.000907574 4.41e-07
413 Citeseer_A.txt 0.000903752 0.000903091 6.61e-07
414 Citeseer_A.txt 0.000909088 0.00090835 7.38e-07
415 Citeseer_A.txt 0.000902014 0.00090151 5.04e-07
416 Citeseer_A.txt 0.000836317 0.00083568 6.37e-07
417 Citeseer_A.txt 0.000832039 0.00083129 7.49e-07
418 Citeseer_A.txt 0.000847922 0.000847066 8.56e-07
419 Citeseer_A.txt 0.000841653 0.000841072 5.81e-07
420 Citeseer_A.txt 0.000845965 0.000845082 8.83e-07
421 Citeseer_A.txt 0.000842234 0.000841556 6.78e-07
422 Citeseer_A.txt 0.000850044 0.000849455 5.89e-07
423 Citeseer_A.txt 0.00084438 0.000843761 6.19e-07
424 Citeseer_A.txt 0.000835741 0.000835034 7.07e-07
425 Citeseer_A.txt 0.000832035 0.000831489 5.46e-07
426 Citeseer_A.txt 0.000837475 0.000836732 7.43e-07
427 Citeseer_A.txt 0.000831331 0.000830681 6.5e-07
428 Citeseer_A.txt 0.000843127 0.000842515 6.12e-07
429 Citeseer_A.txt 0.000839336 0.000838793 5.43e-07
430 Citeseer_A.txt 0.00083956 0.000838907 6.53e-07
431 Citeseer_A.txt 0.000833649 0.000833063 5.86e-07
432 Citeseer_A.txt 0.000906364 0.000905744 6.2e-07
433 Citeseer_A.txt 0.000902511 0.000901676 8.35e-07
434 Citeseer_A.txt 0.000910205 0.000909324 8.81e-07
435 Citeseer_A.txt 0.000903586 0.000902918 6.68e-07
436 Citeseer_A.txt 0.000893433 0.000892731 7.02e-07
437 Citeseer_A.txt 0.000889646 0.000888826 8.2e-07
438 Citeseer_A.txt 0.000894806 0.000894225 5.81e-07
439 Citeseer_A.txt 0.000888622 0.000888059 5.63e-07
440 Citeseer_A.txt 0.000893511 0.000892854 6.57e-07
441 Citeseer_A.txt 0.000889366 0.000888766 6e-07
442 Citeseer_A.txt 0.000897229 0.000896682 5.47e-07
443 Citeseer_A.txt 0.000890788 0.000889871 9.17e-07
444 Citeseer_A.txt 0.00089613 0.000895635 4.95e-07
445 Citeseer_A.txt 0.000892052 0.00089145 6.02e-07
446 Citeseer_A.txt 0.000915234 0.000914689 5.45e-07
447 Citeseer_A.txt 0.000909261 0.000908446 8.15e-07
448 Citeseer_A.txt 0.000917328 0.000916813 5.15e-07
449 Citeseer_A.txt 0.000913443 0.000912705 7.38e-07
450 Citeseer_A.txt 0.000922963 0.000922456 5.07e-07
451 Citeseer_A.txt 0.00091626 0.000915639 6.21e-07
452 Citeseer_A.txt 0.000914186 0.000913463 7.23e-07
453 Citeseer_A.txt 0.000910056 0.00090942 6.36e-07
454 Citeseer_A.txt 0.000917304 0.000916612 6.92e-07
455 Citeseer_A.txt 0.000910394 0.000909565 8.29e-07
456 Citeseer_A.txt 0.000904368 0.000903643 7.25e-07
457 Citeseer_A.txt 0.000899745 0.000899118 6.27e-07
458 Citeseer_A.txt 0.0009121 0.000911501 5.99e-07
459 Citeseer_A.txt 0.000905207 0.000904645 5.62e-07
460 Citeseer_A.txt 0.000904994 0.000904318 6.76e-07
461 Citeseer_A.txt 0.000900843 0.000900264 5.79e-07
462 Citeseer_A.txt 0.000905138 0.00090444 6.98e-07
463 Citeseer_A.txt 0.000898181 0.000897654 5.27e-07
464 Citeseer_A.txt 0.000830801 0.00083014 6.61e-07
465 Citeseer_A.txt 0.000826837 0.000826226 6.11e-07
466 Citeseer_A.txt 0.000835714 0.000834959 7.55e-07
467 Citeseer_A.txt 0.000829816 0.000829126 6.9e-07
468 Citeseer_A.txt 0.000835715 0.000835102 6.13e-07
469 Citeseer_A.txt 0.000831364 0.000830765 5.99e-07
470 Citeseer_A.txt 0.000835157 0.000834581 5.76e-07
471 Citeseer_A.txt 0.000829437 0.000828822 6.15e-07
472 Citeseer_A.txt 0.000834455 0.000833758 6.97e-07
473 Citeseer_A.txt 0.000830211 0.000829541 6.7e-07
474 Citeseer_A.txt 0.000837795 0.000837118 6.77e-07
475 Citeseer_A.txt 0.000831567 0.000830669 8.98e-07
476 Citeseer_A.txt 0.000837445 0.000836648 7.97e-07
477 Citeseer_A.txt 0.000833352 0.000832581 7.71e-07
478 Citeseer_A.txt 0.000838353 0.000837579 7.74e-07
479 Citeseer_A.txt 0.000833024 0.000832186 8.38e-07
480 Citeseer_A.txt 0.000913167 0.000912247 9.2e-07
481 Citeseer_A.txt 0.000909279 0.000908547 7.32e-07
482 Citeseer_A.txt 0.000897931 0.000897105 8.26e-07
483 Citeseer_A.txt 0.00089165 0.000890998 6.52e-07
484 Citeseer_A.txt 0.000903861 0.000903128 7.33e-07
485 Citeseer_A.txt 0.000900484 0.000899767 7.17e-07
486 Citeseer_A.txt 0.000913226 0.000912454 7.72e-07
487 Citeseer_A.txt 0.00090527 0.000904651 6.19e-07
488 Citeseer_A.txt 0.000909803 0.000909271 5.32e-07
489 Citeseer_A.txt 0.000903599 0.000903076 5.23e-07
490 Citeseer_A.txt 0.00092388 0.000923425 4.55e-07
491 Citeseer_A.txt 0.000917178 0.000916569 6.09e-07
492 Citeseer_A.txt 0.000911803 0.000911199 6.04e-07
493 Citeseer_A.txt 0.000907887 0.000907273 6.14e-07
494 Citeseer_A.txt 0.000916351 0.00091565 7.01e-07
495 Citeseer_A.txt 0.000909999 0.000909229 7.7e-07
496 Citeseer_A.txt 0.000931151 0.000930539 6.12e-07
497 Citeseer_A.txt 0.000927261 0.000926675 5.86e-07
498 Citeseer_A.txt 0.000935015 0.000934366 6.49e-07
499 Citeseer_A.txt 0.000928437 0.000927725 7.12e-07
500 Citeseer_A.txt 0.000921306 0.000920654 6.52e-07
501 Citeseer_A.txt 0.00091679 0.000916243 5.47e-07
502 Citeseer_A.txt 0.000927812 0.000927183 6.29e-07
503 Citeseer_A.txt 0.000920299 0.000919413 8.86e-07
504 Citeseer_A.txt 0.000910625 0.000909927 6.98e-07
505 Citeseer_A.txt 0.000906416 0.000905781 6.35e-07
506 Citeseer_A.txt 0.000909678 0.000909132 5.46e-07
507 Citeseer_A.txt 0.000902684 0.000902133 5.51e-07
508 Citeseer_A.txt 0.000918103 0.000917427 6.76e-07
509 Citeseer_A.txt 0.000913999 0.000913428 5.71e-07
510 Citeseer_A.txt 0.000929834 0.000929183 6.51e-07
511 Citeseer_A.txt 0.000922255 0.000921712 5.43e-07
512 Citeseer_A.txt 0.000851845 0.000851278 5.67e-07
513 Citeseer_A.txt 0.000847696 0.000847001 6.95e-07
514 Citeseer_A.txt 0.0008485 0.000847851 6.49e-07
515 Citeseer_A.txt 0.000841266 0.000840612 6.54e-07
516 Citeseer_A.txt 0.000843591 0.000842867 7.24e-07
517 Citeseer_A.txt 0.000838942 0.00083812 8.22e-07
518 Citeseer_A.txt 0.000852961 0.000851989 9.72e-07
519 Citeseer_A.txt 0.000846109 0.000845473 6.36e-07
520 Citeseer_A.txt 0.000844737 0.000844092 6.45e-07
521 Citeseer_A.txt 0.00084034 0.000839705 6.35e-07
522 Citeseer_A.txt 0.000856191 0.000855378 8.13e-07
523 Citeseer_A.txt 0.000849545 0.000848908 6.37e-07
524 Citeseer_A.txt 0.000841446 0.000840701 7.45e-07
525 Citeseer_A.txt 0.000837545 0.000836934 6.11e-07
526 Citeseer_A.txt 0.000846437 0.000845908 5.29e-07
527 Citeseer_A.txt 0.000840648 0.000840061 5.87e-07
528 Citeseer_A.txt 0.000876298 0.000875581 7.17e-07
529 Citeseer_A.txt 0.000872168 0.000871347 8.21e-07
530 Citeseer_A.txt 0.000878768 0.000878058 7.1e-07
531 Citeseer_A.txt 0.000872776 0.000871904 8.72e-07
532 Citeseer_A.txt 0.000879749 0.000879054 6.95e-07
533 Citeseer_A.txt 0.000875326 0.000874316 1.01e-06
534 Citeseer_A.txt 0.000882101 0.000881253 8.48e-07
535 Citeseer_A.txt 0.000874763 0.000874205 5.58e-07
536 Citeseer_A.txt 0.000892872 0.000892172 7e-07
537 Citeseer_A.txt 0.000888252 0.000887586 6.66e-07
538 Citeseer_A.txt 0.000893024 0.000892315 7.09e-07
539 Citeseer_A.txt 0.000885965 0.000885244 7.21e-07
540 Citeseer_A.txt 0.000886202 0.000885613 5.89e-07
541 Citeseer_A.txt 0.000881839 0.000881198 6.41e-07
542 Citeseer_A.txt 0.000886015 0.000885447 5.68e-07
543 Citeseer_A.txt 0.000879718 0.000879086 6.32e-07
544 Citeseer_A.txt 0.000909613 0.000908898 7.15e-07
545 Citeseer_A.txt 0.000905694 0.000904948 7.46e-07
546 Citeseer_A.txt 0.000913428 0.000912665 7.63e-07
547 Citeseer_A.txt 0.000906894 0.000906084 8.1e-07
548 Citeseer_A.txt 0.000903457 0.000902514 9.43e-07
549 Citeseer_A.txt 0.000899287 0.000898725 5.62e-07
550 Citeseer_A.txt 0.000903959 0.000903281 6.78e-07
551 Citeseer_A.txt 0.00089759 0.000897031 5.59e-07
552 Citeseer_A.txt 0.000890644 0.00088994 7.04e-07
553 Citeseer_A.txt 0.000885602 0.000884919 6.83e-07
554 Citeseer_A.txt 0.000891043 0.000890443 6e-07
555 Citeseer_A.txt 0.000883948 0.000883246 7.02e-07
556 Citeseer_A.txt 0.00089136 0.000890803 5.57e-07
557 Citeseer_A.txt 0.000886945 0.000886366 5.79e-07
558 Citeseer_A.txt 0.000889571 0.000888815 7.56e-07
559 Citeseer_A.txt 0.000882685 0.000881921 7.64e-07
560 Citeseer_A.txt 0.000820439 0.000819981 4.58e-07
561 Citeseer_A.txt 0.000816511 0.000815901 6.1e-07
562 Citeseer_A.txt 0.000820295 0.000819709 5.86e-07
563 Citeseer_A.txt 0.000813766 0.000813014 7.52e-07
564 Citeseer_A.txt 0.000822288 0.00082172 5.68e-07
565 Citeseer_A.txt 0.000818536 0.000817687 8.49e-07
566 Citeseer_A.txt 0.000819288 0.000818548 7.4e-07
567 Citeseer_A.txt 0.00081252 0.00081189 6.3e-07
568 Citeseer_A.txt 0.000816994 0.000816472 5.22e-07
569 Citeseer_A.txt 0.000813307 0.000812711 5.96e-07
570 Citeseer_A.txt 0.000820913 0.000820277 6.36e-07
571 Citeseer_A.txt 0.000814841 0.000814102 7.39e-07
572 Citeseer_A.txt 0.000829831 0.000829151 6.8e-07
573 Citeseer_A.txt 0.000823774 0.000823191 5.83e-07
574 Citeseer_A.txt 0.000820637 0.000819907 7.3e-07
575 Citeseer_A.txt 0.000814841 0.00081417 6.71e-07
576 Citeseer_A.txt 0.000903946 0.000903222 7.24e-07
577 Citeseer_A.txt 0.000899534 0.000898886 6.48e-07
578 Citeseer_A.txt 0.000892213 0.000891744 4.69e-07
579 Citeseer_A.txt 0.000887126 0.000885374 1.752e-06
580 Citeseer_A.txt 0.00089725 0.000896414 8.36e-07
581 Citeseer_A.txt 0.000893138 0.000892362 7.76e-07
582 Citeseer_A.txt 0.000909276 0.000908559 7.17e-07
583 Citeseer_A.txt 0.000903589 0.000902939 6.5e-07
584 Citeseer_A.txt 0.000890811 0.000890112 6.99e-07
585 Citeseer_A.txt 0.000886956 0.000886134 8.22e-07
586 Citeseer_A.txt 0.000894684 0.000894083 6.01e-07
587 Citeseer_A.txt 0.000888885 0.000887945 9.4e-07
588 Citeseer_A.txt 0.000891752 0.000890958 7.94e-07
589 Citeseer_A.txt 0.000886963 0.000886236 7.27e-07
590 Citeseer_A.txt 0.000896252 0.000895381 8.71e-07
591 Citeseer_A.txt 0.000890326 0.0008896 7.26e-07
592 Citeseer_A.txt 0.000919713 0.000919104 6.09e-07
593 Citeseer_A.txt 0.000916907 0.00091508 1.827e-06
594 Citeseer_A.txt 0.000924394 0.000923432 9.62e-07
595 Citeseer_A.txt 0.000917527 0.000916636 8.91e-07
596 Citeseer_A.txt 0.000915346 0.000914699 6.47e-07
597 Citeseer_A.txt 0.000911622 0.000910735 8.87e-07
598 Citeseer_A.txt 0.000917273 0.000916642 6.31e-07
599 Citeseer_A.txt 0.000910883 0.000910115 7.68e-07
600 Citeseer_A.txt 0.000909226 0.000908381 8.45e-07
601 Citeseer_A.txt 0.000904578 0.000903994 5.84e-07
602 Citeseer_A.txt 0.000910534 0.000909911 6.23e-07
603 Citeseer_A.txt 0.000904607 0.000903683 9.24e-07
604 Citeseer_A.txt 0.000906365 0.000905718 6.47e-07
605 Citeseer_A.txt 0.000901885 0.000901327 5.58e-07
606 Citeseer_A.txt 0.000901337 0.000900804 5.33e-07
607 Citeseer_A.txt 0.000894267 0.000893636 6.31e-07
608 Citeseer_A.txt 0.000834267 0.000833601 6.66e-07
609 Citeseer_A.txt 0.000830103 0.000829258 8.45e-07
610 Citeseer_A.txt 0.000835375 0.000834674 7.01e-07
611 Citeseer_A.txt 0.000829519 0.000828499 1.02e-06
612 Citeseer_A.txt 0.000838985 0.00083846 5.25e-07
613 Citeseer_A.txt 0.000834075 0.000833437 6.38e-07
614 Citeseer_A.txt 0.000832953 0.000832341 6.12e-07
615 Citeseer_A.txt 0.000827004 0.000826283 7.21e-07
616 Citeseer_A.txt 0.000834222 0.000833577 6.45e-07
617 Citeseer_A.txt 0.000830482 0.000829879 6.03e-07
618 Citeseer_A.txt 0.000831042 0.000830396 6.46e-07
619 Citeseer_A.txt 0.000823979 0.000823498 4.81e-07
620 Citeseer_A.txt 0.000830934 0.00083042 5.14e-07
621 Citeseer_A.txt 0.00082679 0.000826269 5.21e-07
622 Citeseer_A.txt 0.000826985 0.000826472 5.13e-07
623 Citeseer_A.txt 0.000821657 0.000820746 9.11e-07
624 Citeseer_A.txt 0.000897209 0.000896356 8.53e-07
625 Citeseer_A.txt 0.000893583 0.000892661 9.22e-07
626 Citeseer_A.txt 0.000903356 0.00090247 8.86e-07
627 Citeseer_A.txt 0.000896677 0.000896048 6.29e-07
628 Citeseer_A.txt 0.000893637 0.000892918 7.19e-07
629 Citeseer_A.txt 0.000889698 0.000888994 7.04e-07
630 Citeseer_A.txt 0.00089428 0.000893684 5.96e-07
631 Citeseer_A.txt 0.000887951 0.000886947 1.004e-06
632 Citeseer_A.txt 0.000907432 0.000906748 6.84e-07
633 Citeseer_A.txt 0.000903682 0.000903102 5.8e-07
634 Citeseer_A.txt 0.000909339 0.000908656 6.83e-07
635 Citeseer_A.txt 0.000903314 0.000902701 6.13e-07
636 Citeseer_A.txt 0.000895111 0.000894305 8.06e-07
637 Citeseer_A.txt 0.000891094 0.000890381 7.13e-07
638 Citeseer_A.txt 0.000895553 0.000894674 8.79e-07
639 Citeseer_A.txt 0.000889595 0.000888702 8.93e-07
640 Citeseer_A.txt 0.000920021 0.000919345 6.76e-07
641 Citeseer_A.txt 0.000915137 0.000914536 6.01e-07
642 Citeseer_A.txt 0.000927656 0.000927041 6.15e-07
643 Citeseer_A.txt 0.000916534 0.000916023 5.11e-07
644 Citeseer_A.txt 0.000914921 0.000914157 7.64e-07
645 Citeseer_A.txt 0.00091084 0.000910186 6.54e-07
646 Citeseer_A.txt 0.000920701 0.000919354 1.347e-06
647 Citeseer_A.txt 0.000914094 0.00091284 1.254e-06
648 Citeseer_A.txt 0.000896207 0.000895198 1.009e-06
649 Citeseer_A.txt 0.000891327 0.000890361 9.66e-07
650 Citeseer_A.txt 0.000898305 0.000897516 7.89e-07
651 Citeseer_A.txt 0.00089125 0.000890616 6.34e-07
652 Citeseer_A.txt 0.000905786 0.000905077 7.09e-07
653 Citeseer_A.txt 0.000900512 0.000899842 6.7e-07
654 Citeseer_A.txt 0.000900865 0.00090016 7.05e-07
655 Citeseer_A.txt 0.000892829 0.000892099 7.3e-07
656 Citeseer_A.txt 0.000828524 0.000828002 5.22e-07
657 Citeseer_A.txt 0.000824267 0.00082374 5.27e-07
658 Citeseer_A.txt 0.000833305 0.000832574 7.31e-07
659 Citeseer_A.txt 0.000826185 0.000825343 8.42e-07
660 Citeseer_A.txt 0.000833937 0.000833328 6.09e-07
661 Citeseer_A.txt 0.000830189 0.000829599 5.9e-07
662 Citeseer_A.txt 0.000831266 0.000830565 7.01e-07
663 Citeseer_A.txt 0.000826175 0.00082518 9.95e-07
664 Citeseer_A.txt 0.000836836 0.000836192 6.44e-07
665 Citeseer_A.txt 0.00083376 0.000832858 9.02e-07
666 Citeseer_A.txt 0.0008335 0.000832754 7.46e-07
667 Citeseer_A.txt 0.000826867 0.00082619 6.77e-07
668 Citeseer_A.txt 0.000833707 0.000833099 6.08e-07
669 Citeseer_A.txt 0.000829363 0.000828645 7.18e-07
670 Citeseer_A.txt 0.00083706 0.000836314 7.46e-07
671 Citeseer_A.txt 0.000828089 0.00082758 5.09e-07
672 Citeseer_A.txt 0.000881549 0.000880718 8.31e-07
673 Citeseer_A.txt 0.00087748 0.00087683 6.5e-07
674 Citeseer_A.txt 0.000876793 0.000876072 7.21e-07
675 Citeseer_A.txt 0.000869763 0.000869088 6.75e-07
676 Citeseer_A.txt 0.000884251 0.000883387 8.64e-07
677 Citeseer_A.txt 0.000878206 0.000877107 1.099e-06
678 Citeseer_A.txt 0.000882864 0.000882161 7.03e-07
679 Citeseer_A.txt 0.000876536 0.000875567 9.69e-07
680 Citeseer_A.txt 0.000868233 0.000867497 7.36e-07
681 Citeseer_A.txt 0.00086585 0.000865037 8.13e-07
682 Citeseer_A.txt 0.000873795 0.00087297 8.25e-07
683 Citeseer_A.txt 0.00086721 0.000866218 9.92e-07
684 Citeseer_A.txt 0.000880553 0.000879793 7.6e-07
685 Citeseer_A.txt 0.000877761 0.000876997 7.64e-07
686 Citeseer_A.txt 0.000885089 0.000884364 7.25e-07
687 Citeseer_A.txt 0.000879965 0.000879313 6.52e-07
688 Citeseer_A.txt 0.000901754 0.00090088 8.74e-07
689 Citeseer_A.txt 0.000897511 0.000896839 6.72e-07
690 Citeseer_A.txt 0.000905063 0.000904324 7.39e-07
691 Citeseer_A.txt 0.000894507 0.000893471 1.036e-06
692 Citeseer_A.txt 0.000894671 0.000894071 6e-07
693 Citeseer_A.txt 0.00089038 0.000889713 6.67e-07
694 Citeseer_A.txt 0.000897052 0.000896379 6.73e-07
695 Citeseer_A.txt 0.000890344 0.000889705 6.39e-07
696 Citeseer_A.txt 0.000869179 0.00086833 8.49e-07
697 Citeseer_A.txt 0.00086522 0.000864358 8.62e-07
698 Citeseer_A.txt 0.000877752 0.000877028 7.24e-07
699 Citeseer_A.txt 0.000870783 0.000870189 5.94e-07
700 Citeseer_A.txt 0.000870222 0.00086959 6.32e-07
701 Citeseer_A.txt 0.000866181 0.000865422 7.59e-07
702 Citeseer_A.txt 0.000887508 0.000886684 8.24e-07
703 Citeseer_A.txt 0.000880139 0.000879107 1.032e-06
704 Citeseer_A.txt 0.000816964 0.000815923 1.041e-06
705 Citeseer_A.txt 0.000812399 0.000811413 9.86e-07
706 Citeseer_A.txt 0.000815948 0.000815293 6.55e-07
707 Citeseer_A.txt 0.000810753 0.000809859 8.94e-07
708 Citeseer_A.txt 0.000816913 0.000816239 6.74e-07
709 Citeseer_A.txt 0.000812772 0.000811986 7.86e-07
710 Citeseer_A.txt 0.000815428 0.000814905 5.23e-07
711 Citeseer_A.txt 0.00080901 0.000808227 7.83e-07
712 Citeseer_A.txt 0.000816504 0.000815893 6.11e-07
713 Citeseer_A.txt 0.000812932 0.000812173 7.59e-07
714 Citeseer_A.txt 0.000815113 0.000814328 7.85e-07
715 Citeseer_A.txt 0.000808384 0.000807433 9.51e-07
716 Citeseer_A.txt 0.000819201 0.000818596 6.05e-07
717 Citeseer_A.txt 0.0008153 0.000814754 5.46e-07
718 Citeseer_A.txt 0.000811222 0.000810383 8.39e-07
719 Citeseer_A.txt 0.000805251 0.000804348 9.03e-07
720 Citeseer_A.txt 0.000885508 0.000884783 7.25e-07
721 Citeseer_A.txt 0.000881778 0.000881308 4.7e-07
722 Citeseer_A.txt 0.000888783 0.000888142 6.41e-07
723 Citeseer_A.txt 0.000881991 0.000881415 5.76e-07
724 Citeseer_A.txt 0.000886297 0.000885752 5.45e-07
725 Citeseer_A.txt 0.000882559 0.000881809 7.5e-07
726 Citeseer_A.txt 0.000884719 0.000884122 5.97e-07
727 Citeseer_A.txt 0.000878758 0.000877997 7.61e-07
728 Citeseer_A.txt 0.000892516 0.000891891 6.25e-07
729 Citeseer_A.txt 0.000888916 0.000888239 6.77e-07
730 Citeseer_A.txt 0.000891989 0.000891281 7.08e-07
731 Citeseer_A.txt 0.000885471 0.000884685 7.86e-07
732 Citeseer_A.txt 0.000896201 0.000895527 6.74e-07
733 Citeseer_A.txt 0.000891803 0.000891184 6.19e-07
734 Citeseer_A.txt 0.000901933 0.00090112 8.13e-07
735 Citeseer_A.txt 0.000896002 0.000895162 8.4e-07
736 Citeseer_A.txt 0.000905557 0.000904682 8.75e-07
737 Citeseer_A.txt 0.000901614 0.000900766 8.48e-07
738 Citeseer_A.txt 0.000908372 0.000907752 6.2e-07
739 Citeseer_A.txt 0.000901236 0.000900637 5.99e-07
740 Citeseer_A.txt 0.000906417 0.000905694 7.23e-07
741 Citeseer_A.txt 0.000902124 0.000901424 7e-07
742 Citeseer_A.txt 0.00090605 0.000905357 6.93e-07
743 Citeseer_A.txt 0.000899862 0.000899289 5.73e-07
744 Citeseer_A.txt 0.000892249 0.000891482 7.67e-07
745 Citeseer_A.txt 0.000887351 0.000886702 6.49e-07
746 Citeseer_A.txt 0.000891101 0.000890462 6.39e-07
747 Citeseer_A.txt 0.000885239 0.000884684 5.55e-07
748 Citeseer_A.txt 0.000896751 0.000896229 5.22e-07
749 Citeseer_A.txt 0.0008922 0.000891615 5.85e-07
750 Citeseer_A.txt 0.000897605 0.000896945 6.6e-07
751 Citeseer_A.txt 0.000891061 0.00089041 6.51e-07
752 Citeseer_A.txt 0.000826552 0.000825815 7.37e-07
753 Citeseer_A.txt 0.00082268 0.000821952 7.28e-07
754 Citeseer_A.txt 0.000834188 0.000833544 6.44e-07
755 Citeseer_A.txt 0.00082825 0.000827423 8.27e-07
756 Citeseer_A.txt 0.000828646 0.000827754 8.92e-07
757 Citeseer_A.txt 0.000824748 0.000824073 6.75e-07
758 Citeseer_A.txt 0.000835805 0.000835113 6.92e-07
759 Citeseer_A.txt 0.000825334 0.000824427 9.07e-07
760 Citeseer_A.txt 0.000826181 0.000825231 9.5e-07
761 Citeseer_A.txt 0.000822026 0.00082123 7.96e-07
762 Citeseer_A.txt 0.000826744 0.000826029 7.15e-07
763 Citeseer_A.txt 0.000820423 0.000819654 7.69e-07
764 Citeseer_A.txt 0.000826161 0.000824951 1.21e-06
765 Citeseer_A.txt 0.00082145 0.000820648 8.02e-07
766 Citeseer_A.txt 0.000828378 0.000827737 6.41e-07
767 Citeseer_A.txt 0.000837143 0.00082201 1.5133e-05
TACC:  Shutdown complete. Exiting. 
