TACC:  Starting up job 10024616 
TACC:  Starting parallel tasks... 
0 Pubmed_feat_L2.txt 0.00120243 0.00119939 3.039e-06
1 Pubmed_feat_L2.txt 0.00121091 0.00120844 2.477e-06
2 Pubmed_feat_L2.txt 0.00119849 0.00119604 2.457e-06
3 Pubmed_feat_L2.txt 0.00116574 0.00116329 2.451e-06
4 Pubmed_feat_L2.txt 0.00122449 0.00122198 2.512e-06
5 Pubmed_feat_L2.txt 0.00135101 0.00134851 2.495e-06
6 Pubmed_feat_L2.txt 0.00125217 0.00124974 2.431e-06
7 Pubmed_feat_L2.txt 0.00134621 0.00134368 2.536e-06
8 Pubmed_feat_L2.txt 0.00127939 0.00127687 2.518e-06
9 Pubmed_feat_L2.txt 0.00135117 0.00134868 2.489e-06
10 Pubmed_feat_L2.txt 0.00116077 0.00115829 2.48e-06
11 Pubmed_feat_L2.txt 0.00134977 0.00134729 2.484e-06
12 Pubmed_feat_L2.txt 0.00134399 0.00134139 2.609e-06
13 Pubmed_feat_L2.txt 0.00135716 0.00135467 2.491e-06
14 Pubmed_feat_L2.txt 0.00125307 0.0012505 2.573e-06
15 Pubmed_feat_L2.txt 0.00133285 0.0013303 2.547e-06
16 Pubmed_feat_L2.txt 0.00131052 0.00130808 2.445e-06
17 Pubmed_feat_L2.txt 0.00133455 0.00133207 2.475e-06
18 Pubmed_feat_L2.txt 0.00121742 0.00121503 2.395e-06
19 Pubmed_feat_L2.txt 0.0013566 0.00135411 2.486e-06
20 Pubmed_feat_L2.txt 0.00132874 0.00132624 2.502e-06
21 Pubmed_feat_L2.txt 0.00122783 0.00122537 2.46e-06
22 Pubmed_feat_L2.txt 0.00135722 0.00135479 2.428e-06
23 Pubmed_feat_L2.txt 0.00127978 0.00127736 2.418e-06
24 Pubmed_feat_L2.txt 0.00128134 0.00127873 2.605e-06
25 Pubmed_feat_L2.txt 0.00133224 0.0013297 2.536e-06
26 Pubmed_feat_L2.txt 0.00130768 0.00130519 2.491e-06
27 Pubmed_feat_L2.txt 0.00126088 0.00125817 2.707e-06
28 Pubmed_feat_L2.txt 0.00127816 0.0012757 2.463e-06
29 Pubmed_feat_L2.txt 0.00123679 0.00123383 2.963e-06
30 Pubmed_feat_L2.txt 0.00135292 0.00135048 2.441e-06
31 Pubmed_feat_L2.txt 0.00140941 0.00140697 2.447e-06
32 Pubmed_feat_L2.txt 0.00117878 0.00117628 2.498e-06
33 Pubmed_feat_L2.txt 0.00126401 0.00126152 2.485e-06
34 Pubmed_feat_L2.txt 0.00132666 0.00132413 2.534e-06
35 Pubmed_feat_L2.txt 0.00127223 0.00126974 2.493e-06
36 Pubmed_feat_L2.txt 0.00127895 0.00127647 2.479e-06
37 Pubmed_feat_L2.txt 0.00126789 0.00126538 2.509e-06
38 Pubmed_feat_L2.txt 0.00129691 0.00129443 2.482e-06
39 Pubmed_feat_L2.txt 0.00129106 0.00128842 2.647e-06
40 Pubmed_feat_L2.txt 0.00131957 0.0013168 2.769e-06
41 Pubmed_feat_L2.txt 0.0013115 0.00130903 2.465e-06
42 Pubmed_feat_L2.txt 0.00128372 0.00128121 2.508e-06
43 Pubmed_feat_L2.txt 0.00131843 0.00131548 2.955e-06
44 Pubmed_feat_L2.txt 0.00131887 0.0013163 2.571e-06
45 Pubmed_feat_L2.txt 0.00138332 0.00138044 2.885e-06
46 Pubmed_feat_L2.txt 0.0012549 0.00125221 2.69e-06
47 Pubmed_feat_L2.txt 0.00123771 0.00123519 2.518e-06
48 Pubmed_feat_L2.txt 0.00115597 0.00115271 3.261e-06
49 Pubmed_feat_L2.txt 0.00117108 0.00116836 2.717e-06
50 Pubmed_feat_L2.txt 0.00130893 0.00130634 2.582e-06
51 Pubmed_feat_L2.txt 0.00121877 0.00121613 2.641e-06
52 Pubmed_feat_L2.txt 0.00120817 0.00120559 2.586e-06
53 Pubmed_feat_L2.txt 0.00134811 0.00134548 2.624e-06
54 Pubmed_feat_L2.txt 0.00133218 0.00132931 2.869e-06
55 Pubmed_feat_L2.txt 0.00138294 0.00138036 2.571e-06
56 Pubmed_feat_L2.txt 0.00114543 0.00114286 2.57e-06
57 Pubmed_feat_L2.txt 0.00134128 0.00133867 2.604e-06
58 Pubmed_feat_L2.txt 0.00124346 0.00124084 2.622e-06
59 Pubmed_feat_L2.txt 0.00132434 0.00132173 2.617e-06
60 Pubmed_feat_L2.txt 0.00121647 0.00121375 2.719e-06
61 Pubmed_feat_L2.txt 0.00132889 0.00132621 2.671e-06
62 Pubmed_feat_L2.txt 0.00135415 0.00135156 2.591e-06
63 Pubmed_feat_L2.txt 0.00141353 0.001411 2.537e-06
64 Pubmed_feat_L2.txt 0.00123119 0.0012285 2.686e-06
65 Pubmed_feat_L2.txt 0.00144182 0.00143918 2.641e-06
66 Pubmed_feat_L2.txt 0.00137179 0.00136897 2.825e-06
67 Pubmed_feat_L2.txt 0.0013479 0.00134532 2.585e-06
68 Pubmed_feat_L2.txt 0.00131442 0.00131157 2.851e-06
69 Pubmed_feat_L2.txt 0.00121886 0.00121628 2.582e-06
70 Pubmed_feat_L2.txt 0.00145794 0.00145542 2.523e-06
71 Pubmed_feat_L2.txt 0.00127766 0.00127505 2.612e-06
72 Pubmed_feat_L2.txt 0.00137564 0.00137283 2.813e-06
73 Pubmed_feat_L2.txt 0.00130861 0.00130597 2.636e-06
74 Pubmed_feat_L2.txt 0.0013762 0.00137362 2.583e-06
75 Pubmed_feat_L2.txt 0.00142524 0.00142255 2.684e-06
76 Pubmed_feat_L2.txt 0.00128102 0.00127842 2.601e-06
77 Pubmed_feat_L2.txt 0.00131355 0.00131096 2.591e-06
78 Pubmed_feat_L2.txt 0.00138805 0.00138538 2.666e-06
79 Pubmed_feat_L2.txt 0.00139092 0.00138831 2.607e-06
80 Pubmed_feat_L2.txt 0.00123195 0.00122931 2.632e-06
81 Pubmed_feat_L2.txt 0.00123851 0.00123579 2.719e-06
82 Pubmed_feat_L2.txt 0.00136637 0.00136382 2.554e-06
83 Pubmed_feat_L2.txt 0.00124312 0.00124042 2.701e-06
84 Pubmed_feat_L2.txt 0.00136614 0.00136352 2.619e-06
85 Pubmed_feat_L2.txt 0.00137131 0.00136832 2.983e-06
86 Pubmed_feat_L2.txt 0.00138856 0.00138593 2.623e-06
87 Pubmed_feat_L2.txt 0.00140762 0.001405 2.624e-06
88 Pubmed_feat_L2.txt 0.0014022 0.00139925 2.945e-06
89 Pubmed_feat_L2.txt 0.00129714 0.0012943 2.838e-06
90 Pubmed_feat_L2.txt 0.00139806 0.00139537 2.69e-06
91 Pubmed_feat_L2.txt 0.00133803 0.00133506 2.965e-06
92 Pubmed_feat_L2.txt 0.00131189 0.0013092 2.687e-06
93 Pubmed_feat_L2.txt 0.0013989 0.00139612 2.775e-06
94 Pubmed_feat_L2.txt 0.00139563 0.00139307 2.564e-06
95 Pubmed_feat_L2.txt 0.00132486 0.00132198 2.878e-06
96 Pubmed_feat_L2.txt 0.00120757 0.00120454 3.027e-06
97 Pubmed_feat_L2.txt 0.00116322 0.00116066 2.555e-06
98 Pubmed_feat_L2.txt 0.00120985 0.00120742 2.433e-06
99 Pubmed_feat_L2.txt 0.0012667 0.00126424 2.46e-06
100 Pubmed_feat_L2.txt 0.00116721 0.00116449 2.718e-06
101 Pubmed_feat_L2.txt 0.00129548 0.00128807 7.418e-06
102 Pubmed_feat_L2.txt 0.00127181 0.00126928 2.534e-06
103 Pubmed_feat_L2.txt 0.00124308 0.00123575 7.325e-06
104 Pubmed_feat_L2.txt 0.0012599 0.00125717 2.732e-06
105 Pubmed_feat_L2.txt 0.00126231 0.00125982 2.486e-06
106 Pubmed_feat_L2.txt 0.00123116 0.00122871 2.455e-06
107 Pubmed_feat_L2.txt 0.00127429 0.00127158 2.715e-06
108 Pubmed_feat_L2.txt 0.00128271 0.0012802 2.506e-06
109 Pubmed_feat_L2.txt 0.00127943 0.00127701 2.412e-06
110 Pubmed_feat_L2.txt 0.00125396 0.00125152 2.441e-06
111 Pubmed_feat_L2.txt 0.0013196 0.00131715 2.451e-06
112 Pubmed_feat_L2.txt 0.00129448 0.00129197 2.501e-06
113 Pubmed_feat_L2.txt 0.00125833 0.00125578 2.556e-06
114 Pubmed_feat_L2.txt 0.00128063 0.00127812 2.508e-06
115 Pubmed_feat_L2.txt 0.00131093 0.0013084 2.531e-06
116 Pubmed_feat_L2.txt 0.00122363 0.0012211 2.533e-06
117 Pubmed_feat_L2.txt 0.00128166 0.00127915 2.508e-06
118 Pubmed_feat_L2.txt 0.00133564 0.00133308 2.56e-06
119 Pubmed_feat_L2.txt 0.00133348 0.00133076 2.718e-06
120 Pubmed_feat_L2.txt 0.00132508 0.00132246 2.623e-06
121 Pubmed_feat_L2.txt 0.00129798 0.00129522 2.765e-06
122 Pubmed_feat_L2.txt 0.00121233 0.00120986 2.469e-06
123 Pubmed_feat_L2.txt 0.00130934 0.00130689 2.454e-06
124 Pubmed_feat_L2.txt 0.00132788 0.0013205 7.377e-06
125 Pubmed_feat_L2.txt 0.00128334 0.00128089 2.453e-06
126 Pubmed_feat_L2.txt 0.00129501 0.00129255 2.466e-06
127 Pubmed_feat_L2.txt 0.00129707 0.00129459 2.483e-06
128 Pubmed_feat_L2.txt 0.0011336 0.00113105 2.544e-06
129 Pubmed_feat_L2.txt 0.00121319 0.00121051 2.684e-06
130 Pubmed_feat_L2.txt 0.00121843 0.00121594 2.493e-06
131 Pubmed_feat_L2.txt 0.00124309 0.00124048 2.608e-06
132 Pubmed_feat_L2.txt 0.00130416 0.00130169 2.464e-06
133 Pubmed_feat_L2.txt 0.00125702 0.00125441 2.615e-06
134 Pubmed_feat_L2.txt 0.00126812 0.00126569 2.429e-06
135 Pubmed_feat_L2.txt 0.00128167 0.00127914 2.526e-06
136 Pubmed_feat_L2.txt 0.00127446 0.00127173 2.735e-06
137 Pubmed_feat_L2.txt 0.00127468 0.00127182 2.869e-06
138 Pubmed_feat_L2.txt 0.00133397 0.00133119 2.783e-06
139 Pubmed_feat_L2.txt 0.00130442 0.00130193 2.487e-06
140 Pubmed_feat_L2.txt 0.00125126 0.00124876 2.501e-06
141 Pubmed_feat_L2.txt 0.00122329 0.00122076 2.531e-06
142 Pubmed_feat_L2.txt 0.00126437 0.00126196 2.411e-06
143 Pubmed_feat_L2.txt 0.00127957 0.00127703 2.543e-06
144 Pubmed_feat_L2.txt 0.00121422 0.00121126 2.957e-06
145 Pubmed_feat_L2.txt 0.00128522 0.00128256 2.66e-06
146 Pubmed_feat_L2.txt 0.00121987 0.00121741 2.459e-06
147 Pubmed_feat_L2.txt 0.0013614 0.00135895 2.445e-06
148 Pubmed_feat_L2.txt 0.00128027 0.00127784 2.426e-06
149 Pubmed_feat_L2.txt 0.00128456 0.00128208 2.485e-06
150 Pubmed_feat_L2.txt 0.00136277 0.00136035 2.422e-06
151 Pubmed_feat_L2.txt 0.00138034 0.0013779 2.438e-06
152 Pubmed_feat_L2.txt 0.00131036 0.00130785 2.512e-06
153 Pubmed_feat_L2.txt 0.001357 0.00135445 2.545e-06
154 Pubmed_feat_L2.txt 0.00136779 0.0013651 2.687e-06
155 Pubmed_feat_L2.txt 0.00138344 0.00138104 2.406e-06
156 Pubmed_feat_L2.txt 0.00133299 0.00133022 2.769e-06
157 Pubmed_feat_L2.txt 0.00132016 0.00131769 2.471e-06
158 Pubmed_feat_L2.txt 0.00132616 0.00132368 2.481e-06
159 Pubmed_feat_L2.txt 0.00135714 0.00135424 2.907e-06
160 Pubmed_feat_L2.txt 0.0012002 0.00119771 2.493e-06
161 Pubmed_feat_L2.txt 0.00134753 0.00134506 2.474e-06
162 Pubmed_feat_L2.txt 0.0013374 0.00133482 2.581e-06
163 Pubmed_feat_L2.txt 0.00132515 0.00132267 2.48e-06
164 Pubmed_feat_L2.txt 0.00131295 0.00131049 2.465e-06
165 Pubmed_feat_L2.txt 0.00132863 0.0013261 2.535e-06
166 Pubmed_feat_L2.txt 0.00122985 0.00122731 2.538e-06
167 Pubmed_feat_L2.txt 0.00134509 0.00134257 2.518e-06
168 Pubmed_feat_L2.txt 0.00126699 0.00126438 2.614e-06
169 Pubmed_feat_L2.txt 0.00134004 0.0013376 2.439e-06
170 Pubmed_feat_L2.txt 0.00127703 0.00127452 2.508e-06
171 Pubmed_feat_L2.txt 0.00135567 0.00135314 2.53e-06
172 Pubmed_feat_L2.txt 0.00135465 0.00135192 2.723e-06
173 Pubmed_feat_L2.txt 0.00135657 0.001354 2.567e-06
174 Pubmed_feat_L2.txt 0.00131097 0.00130857 2.406e-06
175 Pubmed_feat_L2.txt 0.0014187 0.00141627 2.431e-06
176 Pubmed_feat_L2.txt 0.00129443 0.00129187 2.567e-06
177 Pubmed_feat_L2.txt 0.00123018 0.0012276 2.579e-06
178 Pubmed_feat_L2.txt 0.00128606 0.00128312 2.937e-06
179 Pubmed_feat_L2.txt 0.00134063 0.00133813 2.497e-06
180 Pubmed_feat_L2.txt 0.00126825 0.0012657 2.556e-06
181 Pubmed_feat_L2.txt 0.00136634 0.00136379 2.553e-06
182 Pubmed_feat_L2.txt 0.00140637 0.00140382 2.556e-06
183 Pubmed_feat_L2.txt 0.00142764 0.0014251 2.535e-06
184 Pubmed_feat_L2.txt 0.00122841 0.00122579 2.619e-06
185 Pubmed_feat_L2.txt 0.00130844 0.00130562 2.815e-06
186 Pubmed_feat_L2.txt 0.00128039 0.0012779 2.491e-06
187 Pubmed_feat_L2.txt 0.00130942 0.00130678 2.649e-06
188 Pubmed_feat_L2.txt 0.00135949 0.00135693 2.552e-06
189 Pubmed_feat_L2.txt 0.00127406 0.00127153 2.535e-06
190 Pubmed_feat_L2.txt 0.00133009 0.00132758 2.514e-06
191 Pubmed_feat_L2.txt 0.00133018 0.00132766 2.52e-06
192 Pubmed_feat_L2.txt 0.00115005 0.00114708 2.966e-06
193 Pubmed_feat_L2.txt 0.00122396 0.00122128 2.684e-06
194 Pubmed_feat_L2.txt 0.00118988 0.0011874 2.474e-06
195 Pubmed_feat_L2.txt 0.00131325 0.0013108 2.455e-06
196 Pubmed_feat_L2.txt 0.00116419 0.00116175 2.439e-06
197 Pubmed_feat_L2.txt 0.00118707 0.0011845 2.575e-06
198 Pubmed_feat_L2.txt 0.00111733 0.00111487 2.453e-06
199 Pubmed_feat_L2.txt 0.00129702 0.00129454 2.479e-06
200 Pubmed_feat_L2.txt 0.00122645 0.00122393 2.517e-06
201 Pubmed_feat_L2.txt 0.00124729 0.00124464 2.65e-06
202 Pubmed_feat_L2.txt 0.0012137 0.00121087 2.829e-06
203 Pubmed_feat_L2.txt 0.00139062 0.00138817 2.447e-06
204 Pubmed_feat_L2.txt 0.00133815 0.0013357 2.443e-06
205 Pubmed_feat_L2.txt 0.00136006 0.00135757 2.49e-06
206 Pubmed_feat_L2.txt 0.00135318 0.00135068 2.506e-06
207 Pubmed_feat_L2.txt 0.00137466 0.00137216 2.495e-06
208 Pubmed_feat_L2.txt 0.00129614 0.00129364 2.499e-06
209 Pubmed_feat_L2.txt 0.00125217 0.00124973 2.438e-06
210 Pubmed_feat_L2.txt 0.00118903 0.00118655 2.485e-06
211 Pubmed_feat_L2.txt 0.00122693 0.00122415 2.773e-06
212 Pubmed_feat_L2.txt 0.00112553 0.00112293 2.596e-06
213 Pubmed_feat_L2.txt 0.00127349 0.00127093 2.56e-06
214 Pubmed_feat_L2.txt 0.00135845 0.00135592 2.531e-06
215 Pubmed_feat_L2.txt 0.00119307 0.0011903 2.771e-06
216 Pubmed_feat_L2.txt 0.0012134 0.00121075 2.655e-06
217 Pubmed_feat_L2.txt 0.00129299 0.00129043 2.568e-06
218 Pubmed_feat_L2.txt 0.00127673 0.00127389 2.845e-06
219 Pubmed_feat_L2.txt 0.0012754 0.00127262 2.775e-06
220 Pubmed_feat_L2.txt 0.00115762 0.00115517 2.458e-06
221 Pubmed_feat_L2.txt 0.00133252 0.00132998 2.54e-06
222 Pubmed_feat_L2.txt 0.00133412 0.00133165 2.466e-06
223 Pubmed_feat_L2.txt 0.00140608 0.00140362 2.454e-06
224 Pubmed_feat_L2.txt 0.00134662 0.00134411 2.505e-06
225 Pubmed_feat_L2.txt 0.00120958 0.00120709 2.491e-06
226 Pubmed_feat_L2.txt 0.00125181 0.00124902 2.786e-06
227 Pubmed_feat_L2.txt 0.00126047 0.00125805 2.422e-06
228 Pubmed_feat_L2.txt 0.00119441 0.00119163 2.778e-06
229 Pubmed_feat_L2.txt 0.0013007 0.00129785 2.854e-06
230 Pubmed_feat_L2.txt 0.00129519 0.00129267 2.526e-06
231 Pubmed_feat_L2.txt 0.00129447 0.00129193 2.534e-06
232 Pubmed_feat_L2.txt 0.00130348 0.00130105 2.423e-06
233 Pubmed_feat_L2.txt 0.00129554 0.00129299 2.545e-06
234 Pubmed_feat_L2.txt 0.0012848 0.00128225 2.552e-06
235 Pubmed_feat_L2.txt 0.00127603 0.0012734 2.623e-06
236 Pubmed_feat_L2.txt 0.00130934 0.00130684 2.501e-06
237 Pubmed_feat_L2.txt 0.00124334 0.00124087 2.472e-06
238 Pubmed_feat_L2.txt 0.0012325 0.00123003 2.476e-06
239 Pubmed_feat_L2.txt 0.00134301 0.00134047 2.533e-06
240 Pubmed_feat_L2.txt 0.00109416 0.00109135 2.813e-06
241 Pubmed_feat_L2.txt 0.00115266 0.00115011 2.544e-06
242 Pubmed_feat_L2.txt 0.00118249 0.00118005 2.439e-06
243 Pubmed_feat_L2.txt 0.00134823 0.00134564 2.584e-06
244 Pubmed_feat_L2.txt 0.00125864 0.00124998 8.66e-06
245 Pubmed_feat_L2.txt 0.00137126 0.00136869 2.57e-06
246 Pubmed_feat_L2.txt 0.00123117 0.00122831 2.859e-06
247 Pubmed_feat_L2.txt 0.00117364 0.00117123 2.416e-06
248 Pubmed_feat_L2.txt 0.00141225 0.00140969 2.559e-06
249 Pubmed_feat_L2.txt 0.00134638 0.00134365 2.724e-06
250 Pubmed_feat_L2.txt 0.00135538 0.00135277 2.601e-06
251 Pubmed_feat_L2.txt 0.00123991 0.00123699 2.922e-06
252 Pubmed_feat_L2.txt 0.00137232 0.00136974 2.583e-06
253 Pubmed_feat_L2.txt 0.0013729 0.0013704 2.502e-06
254 Pubmed_feat_L2.txt 0.0012891 0.00128662 2.483e-06
255 Pubmed_feat_L2.txt 0.00132644 0.00132389 2.554e-06
256 Pubmed_feat_L2.txt 0.00133138 0.00132894 2.435e-06
257 Pubmed_feat_L2.txt 0.0013083 0.00130588 2.419e-06
258 Pubmed_feat_L2.txt 0.00123412 0.00123168 2.439e-06
259 Pubmed_feat_L2.txt 0.00141524 0.00141283 2.407e-06
260 Pubmed_feat_L2.txt 0.00140679 0.00140426 2.532e-06
261 Pubmed_feat_L2.txt 0.00123371 0.00123122 2.485e-06
262 Pubmed_feat_L2.txt 0.00131354 0.00131105 2.49e-06
263 Pubmed_feat_L2.txt 0.00134355 0.00134106 2.492e-06
264 Pubmed_feat_L2.txt 0.00127091 0.00126828 2.631e-06
265 Pubmed_feat_L2.txt 0.0013369 0.00133442 2.482e-06
266 Pubmed_feat_L2.txt 0.00140947 0.00140701 2.46e-06
267 Pubmed_feat_L2.txt 0.00126994 0.00126742 2.516e-06
268 Pubmed_feat_L2.txt 0.00140417 0.00140167 2.495e-06
269 Pubmed_feat_L2.txt 0.00122842 0.00122583 2.585e-06
270 Pubmed_feat_L2.txt 0.00122706 0.00122452 2.54e-06
271 Pubmed_feat_L2.txt 0.00120199 0.00119944 2.556e-06
272 Pubmed_feat_L2.txt 0.00113483 0.00113227 2.56e-06
273 Pubmed_feat_L2.txt 0.00138007 0.00137762 2.449e-06
274 Pubmed_feat_L2.txt 0.00124442 0.00124183 2.586e-06
275 Pubmed_feat_L2.txt 0.00130637 0.00130384 2.528e-06
276 Pubmed_feat_L2.txt 0.00133654 0.00133406 2.483e-06
277 Pubmed_feat_L2.txt 0.00121362 0.00121124 2.383e-06
278 Pubmed_feat_L2.txt 0.00127692 0.0012743 2.623e-06
279 Pubmed_feat_L2.txt 0.00127671 0.00127418 2.53e-06
280 Pubmed_feat_L2.txt 0.00124089 0.00123808 2.807e-06
281 Pubmed_feat_L2.txt 0.0013903 0.0013876 2.696e-06
282 Pubmed_feat_L2.txt 0.00128717 0.00128468 2.491e-06
283 Pubmed_feat_L2.txt 0.00113061 0.00112805 2.559e-06
284 Pubmed_feat_L2.txt 0.00130037 0.00129754 2.828e-06
285 Pubmed_feat_L2.txt 0.00141945 0.00141689 2.557e-06
286 Pubmed_feat_L2.txt 0.00133193 0.00132924 2.69e-06
287 Pubmed_feat_L2.txt 0.0012958 0.00129334 2.466e-06
288 Pubmed_feat_L2.txt 0.00117149 0.0011686 2.893e-06
289 Pubmed_feat_L2.txt 0.00114028 0.00113782 2.469e-06
290 Pubmed_feat_L2.txt 0.00132087 0.0013184 2.464e-06
291 Pubmed_feat_L2.txt 0.00132446 0.00132201 2.444e-06
292 Pubmed_feat_L2.txt 0.00133353 0.001331 2.528e-06
293 Pubmed_feat_L2.txt 0.00134155 0.00133896 2.589e-06
294 Pubmed_feat_L2.txt 0.00137565 0.00137238 3.274e-06
295 Pubmed_feat_L2.txt 0.00124903 0.00124653 2.498e-06
296 Pubmed_feat_L2.txt 0.00112646 0.00112395 2.516e-06
297 Pubmed_feat_L2.txt 0.0013134 0.0013109 2.501e-06
298 Pubmed_feat_L2.txt 0.00138742 0.0013849 2.523e-06
299 Pubmed_feat_L2.txt 0.00133345 0.00133098 2.468e-06
300 Pubmed_feat_L2.txt 0.0012578 0.00125517 2.633e-06
301 Pubmed_feat_L2.txt 0.00138229 0.00137986 2.432e-06
302 Pubmed_feat_L2.txt 0.00126076 0.00125804 2.726e-06
303 Pubmed_feat_L2.txt 0.00134291 0.00134042 2.495e-06
304 Pubmed_feat_L2.txt 0.00123833 0.00123574 2.591e-06
305 Pubmed_feat_L2.txt 0.00123997 0.0012375 2.463e-06
306 Pubmed_feat_L2.txt 0.00134977 0.00134719 2.573e-06
307 Pubmed_feat_L2.txt 0.00127548 0.00127301 2.471e-06
308 Pubmed_feat_L2.txt 0.00125513 0.00125257 2.564e-06
309 Pubmed_feat_L2.txt 0.00120378 0.00120125 2.531e-06
310 Pubmed_feat_L2.txt 0.00134533 0.0013428 2.524e-06
311 Pubmed_feat_L2.txt 0.00134479 0.00134225 2.543e-06
312 Pubmed_feat_L2.txt 0.00138111 0.00137844 2.668e-06
313 Pubmed_feat_L2.txt 0.00140363 0.00140088 2.752e-06
314 Pubmed_feat_L2.txt 0.00139176 0.00138918 2.586e-06
315 Pubmed_feat_L2.txt 0.00129978 0.00129726 2.52e-06
316 Pubmed_feat_L2.txt 0.00127512 0.00127264 2.48e-06
317 Pubmed_feat_L2.txt 0.00130134 0.00129881 2.533e-06
318 Pubmed_feat_L2.txt 0.0013562 0.0013538 2.395e-06
319 Pubmed_feat_L2.txt 0.00125437 0.00125194 2.424e-06
320 Pubmed_feat_L2.txt 0.00127692 0.00127449 2.429e-06
321 Pubmed_feat_L2.txt 0.00119072 0.00118826 2.456e-06
322 Pubmed_feat_L2.txt 0.00125831 0.0012559 2.405e-06
323 Pubmed_feat_L2.txt 0.0013454 0.00134282 2.578e-06
324 Pubmed_feat_L2.txt 0.00118895 0.00118646 2.493e-06
325 Pubmed_feat_L2.txt 0.00130999 0.0013075 2.494e-06
326 Pubmed_feat_L2.txt 0.00130119 0.00129839 2.803e-06
327 Pubmed_feat_L2.txt 0.00121006 0.00120754 2.52e-06
328 Pubmed_feat_L2.txt 0.00138318 0.00138011 3.078e-06
329 Pubmed_feat_L2.txt 0.00121829 0.00121575 2.539e-06
330 Pubmed_feat_L2.txt 0.0013539 0.00135114 2.762e-06
331 Pubmed_feat_L2.txt 0.00139037 0.00138783 2.537e-06
332 Pubmed_feat_L2.txt 0.00128169 0.00127914 2.546e-06
333 Pubmed_feat_L2.txt 0.00126883 0.00126636 2.465e-06
334 Pubmed_feat_L2.txt 0.00130043 0.00129757 2.863e-06
335 Pubmed_feat_L2.txt 0.00134805 0.00134552 2.526e-06
336 Pubmed_feat_L2.txt 0.0011796 0.00117671 2.885e-06
337 Pubmed_feat_L2.txt 0.00117655 0.00117396 2.598e-06
338 Pubmed_feat_L2.txt 0.00137221 0.00136971 2.509e-06
339 Pubmed_feat_L2.txt 0.00126915 0.00126665 2.496e-06
340 Pubmed_feat_L2.txt 0.00119428 0.00119178 2.502e-06
341 Pubmed_feat_L2.txt 0.00127755 0.00127494 2.603e-06
342 Pubmed_feat_L2.txt 0.0013051 0.00130257 2.533e-06
343 Pubmed_feat_L2.txt 0.00121146 0.00120894 2.514e-06
344 Pubmed_feat_L2.txt 0.0013378 0.00133493 2.86e-06
345 Pubmed_feat_L2.txt 0.00132167 0.00131915 2.517e-06
346 Pubmed_feat_L2.txt 0.00126637 0.00126388 2.495e-06
347 Pubmed_feat_L2.txt 0.00122864 0.00122613 2.513e-06
348 Pubmed_feat_L2.txt 0.00127516 0.0012725 2.657e-06
349 Pubmed_feat_L2.txt 0.00126565 0.00126316 2.489e-06
350 Pubmed_feat_L2.txt 0.00124913 0.00124637 2.752e-06
351 Pubmed_feat_L2.txt 0.00120046 0.00119795 2.512e-06
352 Pubmed_feat_L2.txt 0.00119413 0.00119152 2.606e-06
353 Pubmed_feat_L2.txt 0.0013374 0.00133481 2.592e-06
354 Pubmed_feat_L2.txt 0.00128226 0.00127971 2.554e-06
355 Pubmed_feat_L2.txt 0.00131739 0.00131488 2.509e-06
356 Pubmed_feat_L2.txt 0.00127158 0.00126912 2.462e-06
357 Pubmed_feat_L2.txt 0.00121466 0.00121225 2.406e-06
358 Pubmed_feat_L2.txt 0.0013495 0.00134697 2.53e-06
359 Pubmed_feat_L2.txt 0.00132969 0.00132705 2.637e-06
360 Pubmed_feat_L2.txt 0.00125919 0.00125667 2.526e-06
361 Pubmed_feat_L2.txt 0.00127743 0.00127494 2.494e-06
362 Pubmed_feat_L2.txt 0.00129306 0.00129063 2.431e-06
363 Pubmed_feat_L2.txt 0.00132795 0.00132541 2.54e-06
364 Pubmed_feat_L2.txt 0.00134836 0.00134594 2.423e-06
365 Pubmed_feat_L2.txt 0.00133079 0.00132828 2.511e-06
366 Pubmed_feat_L2.txt 0.00130501 0.00130248 2.536e-06
367 Pubmed_feat_L2.txt 0.00125589 0.00125344 2.454e-06
368 Pubmed_feat_L2.txt 0.00120346 0.00120104 2.419e-06
369 Pubmed_feat_L2.txt 0.00131047 0.00130795 2.515e-06
370 Pubmed_feat_L2.txt 0.00128476 0.00128229 2.478e-06
371 Pubmed_feat_L2.txt 0.00129078 0.00128825 2.529e-06
372 Pubmed_feat_L2.txt 0.0012796 0.00127697 2.63e-06
373 Pubmed_feat_L2.txt 0.00126451 0.00126203 2.48e-06
374 Pubmed_feat_L2.txt 0.00128511 0.00128264 2.468e-06
375 Pubmed_feat_L2.txt 0.00128225 0.0012798 2.451e-06
376 Pubmed_feat_L2.txt 0.00125688 0.00125395 2.927e-06
377 Pubmed_feat_L2.txt 0.00131354 0.00131101 2.531e-06
378 Pubmed_feat_L2.txt 0.00134253 0.00133994 2.591e-06
379 Pubmed_feat_L2.txt 0.00121184 0.00120914 2.697e-06
380 Pubmed_feat_L2.txt 0.00122344 0.00122064 2.803e-06
381 Pubmed_feat_L2.txt 0.00128088 0.00127842 2.461e-06
382 Pubmed_feat_L2.txt 0.00124362 0.00124079 2.828e-06
383 Pubmed_feat_L2.txt 0.00122812 0.00122522 2.905e-06
384 Pubmed_feat_L2.txt 0.00118497 0.00118157 3.396e-06
385 Pubmed_feat_L2.txt 0.00125612 0.00125373 2.395e-06
386 Pubmed_feat_L2.txt 0.00120146 0.00119898 2.482e-06
387 Pubmed_feat_L2.txt 0.00128914 0.0012866 2.541e-06
388 Pubmed_feat_L2.txt 0.00141756 0.00141501 2.552e-06
389 Pubmed_feat_L2.txt 0.00136527 0.00136248 2.784e-06
390 Pubmed_feat_L2.txt 0.00116553 0.00116311 2.421e-06
391 Pubmed_feat_L2.txt 0.00127793 0.00127539 2.546e-06
392 Pubmed_feat_L2.txt 0.00118372 0.00118115 2.566e-06
393 Pubmed_feat_L2.txt 0.00138909 0.00138666 2.433e-06
394 Pubmed_feat_L2.txt 0.00139064 0.00138811 2.535e-06
395 Pubmed_feat_L2.txt 0.00126885 0.0012663 2.556e-06
396 Pubmed_feat_L2.txt 0.00138155 0.00137907 2.481e-06
397 Pubmed_feat_L2.txt 0.00135545 0.00135291 2.538e-06
398 Pubmed_feat_L2.txt 0.00135186 0.00134938 2.478e-06
399 Pubmed_feat_L2.txt 0.0012759 0.00127343 2.468e-06
400 Pubmed_feat_L2.txt 0.00139421 0.00139154 2.677e-06
401 Pubmed_feat_L2.txt 0.00140519 0.00140253 2.661e-06
402 Pubmed_feat_L2.txt 0.00139445 0.00139196 2.485e-06
403 Pubmed_feat_L2.txt 0.00132332 0.00132086 2.464e-06
404 Pubmed_feat_L2.txt 0.00134278 0.00134028 2.501e-06
405 Pubmed_feat_L2.txt 0.00138514 0.00138258 2.562e-06
406 Pubmed_feat_L2.txt 0.00132111 0.00131873 2.379e-06
407 Pubmed_feat_L2.txt 0.0013944 0.0013919 2.5e-06
408 Pubmed_feat_L2.txt 0.00142324 0.00142044 2.797e-06
409 Pubmed_feat_L2.txt 0.00127063 0.00126809 2.544e-06
410 Pubmed_feat_L2.txt 0.00130348 0.00130076 2.718e-06
411 Pubmed_feat_L2.txt 0.00135555 0.00135305 2.497e-06
412 Pubmed_feat_L2.txt 0.0012428 0.00124038 2.424e-06
413 Pubmed_feat_L2.txt 0.00124506 0.00124253 2.535e-06
414 Pubmed_feat_L2.txt 0.00145241 0.00144986 2.544e-06
415 Pubmed_feat_L2.txt 0.00132201 0.0013196 2.411e-06
416 Pubmed_feat_L2.txt 0.00139093 0.0013885 2.427e-06
417 Pubmed_feat_L2.txt 0.00129753 0.00129494 2.589e-06
418 Pubmed_feat_L2.txt 0.00139359 0.0013911 2.485e-06
419 Pubmed_feat_L2.txt 0.00140151 0.00139898 2.526e-06
420 Pubmed_feat_L2.txt 0.00141903 0.00141655 2.487e-06
421 Pubmed_feat_L2.txt 0.00136093 0.00135845 2.472e-06
422 Pubmed_feat_L2.txt 0.00132736 0.00132491 2.456e-06
423 Pubmed_feat_L2.txt 0.0012594 0.00125685 2.556e-06
424 Pubmed_feat_L2.txt 0.00122473 0.00122222 2.508e-06
425 Pubmed_feat_L2.txt 0.00134484 0.00134231 2.528e-06
426 Pubmed_feat_L2.txt 0.00126112 0.00125854 2.575e-06
427 Pubmed_feat_L2.txt 0.00137396 0.00137136 2.594e-06
428 Pubmed_feat_L2.txt 0.00136369 0.00136125 2.445e-06
429 Pubmed_feat_L2.txt 0.0012901 0.00128763 2.474e-06
430 Pubmed_feat_L2.txt 0.00141724 0.00141473 2.511e-06
431 Pubmed_feat_L2.txt 0.00139068 0.00138819 2.489e-06
432 Pubmed_feat_L2.txt 0.00117837 0.00117559 2.778e-06
433 Pubmed_feat_L2.txt 0.00108951 0.00108703 2.486e-06
434 Pubmed_feat_L2.txt 0.00125235 0.00124986 2.488e-06
435 Pubmed_feat_L2.txt 0.00131447 0.00131197 2.501e-06
436 Pubmed_feat_L2.txt 0.00129093 0.00128842 2.513e-06
437 Pubmed_feat_L2.txt 0.00128086 0.00127838 2.48e-06
438 Pubmed_feat_L2.txt 0.00113568 0.00113317 2.505e-06
439 Pubmed_feat_L2.txt 0.00130503 0.00130206 2.964e-06
440 Pubmed_feat_L2.txt 0.00123938 0.00123685 2.536e-06
441 Pubmed_feat_L2.txt 0.00123299 0.00123051 2.483e-06
442 Pubmed_feat_L2.txt 0.00110856 0.00110599 2.57e-06
443 Pubmed_feat_L2.txt 0.00141594 0.00141343 2.51e-06
444 Pubmed_feat_L2.txt 0.00128081 0.00127838 2.432e-06
445 Pubmed_feat_L2.txt 0.00126264 0.00126011 2.524e-06
446 Pubmed_feat_L2.txt 0.0013469 0.0013443 2.598e-06
447 Pubmed_feat_L2.txt 0.00135991 0.00135741 2.5e-06
448 Pubmed_feat_L2.txt 0.00122008 0.0012176 2.478e-06
449 Pubmed_feat_L2.txt 0.00114351 0.00114076 2.747e-06
450 Pubmed_feat_L2.txt 0.00132849 0.00132602 2.468e-06
451 Pubmed_feat_L2.txt 0.00129299 0.00129047 2.518e-06
452 Pubmed_feat_L2.txt 0.00135808 0.00135551 2.576e-06
453 Pubmed_feat_L2.txt 0.0012745 0.0012721 2.407e-06
454 Pubmed_feat_L2.txt 0.00140378 0.00140128 2.501e-06
455 Pubmed_feat_L2.txt 0.0013033 0.00130075 2.548e-06
456 Pubmed_feat_L2.txt 0.00137557 0.00137295 2.615e-06
457 Pubmed_feat_L2.txt 0.00127721 0.00127465 2.555e-06
458 Pubmed_feat_L2.txt 0.00135173 0.00134928 2.441e-06
459 Pubmed_feat_L2.txt 0.00131039 0.00130785 2.536e-06
460 Pubmed_feat_L2.txt 0.00119168 0.00118915 2.533e-06
461 Pubmed_feat_L2.txt 0.00135473 0.00135176 2.968e-06
462 Pubmed_feat_L2.txt 0.00134147 0.00133901 2.46e-06
463 Pubmed_feat_L2.txt 0.00125506 0.00125253 2.529e-06
464 Pubmed_feat_L2.txt 0.0012501 0.00124757 2.527e-06
465 Pubmed_feat_L2.txt 0.00131463 0.00131176 2.871e-06
466 Pubmed_feat_L2.txt 0.00129665 0.00129418 2.469e-06
467 Pubmed_feat_L2.txt 0.00129536 0.00129244 2.916e-06
468 Pubmed_feat_L2.txt 0.00130874 0.00130627 2.473e-06
469 Pubmed_feat_L2.txt 0.00134244 0.0013399 2.534e-06
470 Pubmed_feat_L2.txt 0.00127882 0.00127639 2.426e-06
471 Pubmed_feat_L2.txt 0.00138929 0.00138671 2.581e-06
472 Pubmed_feat_L2.txt 0.00135063 0.0013481 2.535e-06
473 Pubmed_feat_L2.txt 0.00126709 0.00126417 2.914e-06
474 Pubmed_feat_L2.txt 0.00134511 0.0013426 2.515e-06
475 Pubmed_feat_L2.txt 0.00126343 0.00126089 2.533e-06
476 Pubmed_feat_L2.txt 0.00131393 0.00131141 2.52e-06
477 Pubmed_feat_L2.txt 0.00123722 0.00123459 2.635e-06
478 Pubmed_feat_L2.txt 0.00128177 0.0012789 2.871e-06
479 Pubmed_feat_L2.txt 0.00124207 0.00123962 2.456e-06
480 Pubmed_feat_L2.txt 0.00109062 0.00108768 2.937e-06
481 Pubmed_feat_L2.txt 0.0012984 0.00129562 2.784e-06
482 Pubmed_feat_L2.txt 0.00125667 0.00125423 2.438e-06
483 Pubmed_feat_L2.txt 0.00138301 0.00138057 2.446e-06
484 Pubmed_feat_L2.txt 0.00128002 0.00127754 2.478e-06
485 Pubmed_feat_L2.txt 0.0011785 0.00117606 2.435e-06
486 Pubmed_feat_L2.txt 0.0011919 0.00118928 2.614e-06
487 Pubmed_feat_L2.txt 0.00136318 0.00136071 2.473e-06
488 Pubmed_feat_L2.txt 0.00113401 0.00113156 2.457e-06
489 Pubmed_feat_L2.txt 0.00115472 0.00115221 2.515e-06
490 Pubmed_feat_L2.txt 0.00128707 0.00128415 2.927e-06
491 Pubmed_feat_L2.txt 0.00134933 0.00134667 2.663e-06
492 Pubmed_feat_L2.txt 0.00121716 0.0012147 2.465e-06
493 Pubmed_feat_L2.txt 0.00127839 0.00127592 2.473e-06
494 Pubmed_feat_L2.txt 0.00129497 0.00129246 2.503e-06
495 Pubmed_feat_L2.txt 0.00131155 0.00130906 2.489e-06
496 Pubmed_feat_L2.txt 0.00137092 0.00136846 2.465e-06
497 Pubmed_feat_L2.txt 0.0011861 0.00118335 2.752e-06
498 Pubmed_feat_L2.txt 0.00126507 0.0012622 2.869e-06
499 Pubmed_feat_L2.txt 0.00136324 0.00136074 2.506e-06
500 Pubmed_feat_L2.txt 0.00135448 0.00135202 2.466e-06
501 Pubmed_feat_L2.txt 0.00132255 0.00132015 2.407e-06
502 Pubmed_feat_L2.txt 0.00138106 0.00137851 2.551e-06
503 Pubmed_feat_L2.txt 0.00139746 0.00139497 2.497e-06
504 Pubmed_feat_L2.txt 0.00124749 0.00124503 2.463e-06
505 Pubmed_feat_L2.txt 0.00126423 0.00126176 2.47e-06
506 Pubmed_feat_L2.txt 0.00124691 0.00124447 2.445e-06
507 Pubmed_feat_L2.txt 0.00136481 0.00136236 2.453e-06
508 Pubmed_feat_L2.txt 0.00124661 0.0012441 2.511e-06
509 Pubmed_feat_L2.txt 0.00139977 0.0013973 2.466e-06
510 Pubmed_feat_L2.txt 0.00122887 0.00122635 2.519e-06
511 Pubmed_feat_L2.txt 0.001301 0.00129827 2.737e-06
512 Pubmed_feat_L2.txt 0.00121715 0.00121463 2.519e-06
513 Pubmed_feat_L2.txt 0.00116878 0.00116633 2.447e-06
514 Pubmed_feat_L2.txt 0.00123923 0.00123683 2.402e-06
515 Pubmed_feat_L2.txt 0.00127865 0.00127589 2.763e-06
516 Pubmed_feat_L2.txt 0.00125031 0.00124783 2.482e-06
517 Pubmed_feat_L2.txt 0.00131385 0.00131108 2.772e-06
518 Pubmed_feat_L2.txt 0.00135432 0.00135182 2.505e-06
519 Pubmed_feat_L2.txt 0.00129119 0.00128809 3.095e-06
520 Pubmed_feat_L2.txt 0.00128951 0.00128704 2.47e-06
521 Pubmed_feat_L2.txt 0.00132927 0.00132678 2.489e-06
522 Pubmed_feat_L2.txt 0.00127364 0.00127072 2.917e-06
523 Pubmed_feat_L2.txt 0.00131509 0.00131258 2.511e-06
524 Pubmed_feat_L2.txt 0.0013251 0.00132217 2.927e-06
525 Pubmed_feat_L2.txt 0.00126843 0.00126572 2.704e-06
526 Pubmed_feat_L2.txt 0.00124671 0.00124432 2.397e-06
527 Pubmed_feat_L2.txt 0.00136952 0.00136703 2.49e-06
528 Pubmed_feat_L2.txt 0.00108898 0.00108636 2.619e-06
529 Pubmed_feat_L2.txt 0.00122379 0.00122122 2.572e-06
530 Pubmed_feat_L2.txt 0.00121139 0.00120893 2.457e-06
531 Pubmed_feat_L2.txt 0.00125677 0.00125446 2.307e-06
532 Pubmed_feat_L2.txt 0.00129325 0.00129061 2.64e-06
533 Pubmed_feat_L2.txt 0.00129067 0.00128819 2.482e-06
534 Pubmed_feat_L2.txt 0.00120299 0.00120054 2.448e-06
535 Pubmed_feat_L2.txt 0.00137989 0.00137739 2.501e-06
536 Pubmed_feat_L2.txt 0.00120695 0.00120451 2.434e-06
537 Pubmed_feat_L2.txt 0.00118418 0.00118155 2.637e-06
538 Pubmed_feat_L2.txt 0.00118256 0.00117997 2.59e-06
539 Pubmed_feat_L2.txt 0.00125456 0.00125216 2.4e-06
540 Pubmed_feat_L2.txt 0.00124897 0.0012466 2.371e-06
541 Pubmed_feat_L2.txt 0.00129022 0.0012878 2.421e-06
542 Pubmed_feat_L2.txt 0.00144299 0.00144053 2.454e-06
543 Pubmed_feat_L2.txt 0.00127323 0.00127085 2.374e-06
544 Pubmed_feat_L2.txt 0.00112718 0.0011244 2.779e-06
545 Pubmed_feat_L2.txt 0.00119664 0.00119422 2.425e-06
546 Pubmed_feat_L2.txt 0.00125307 0.00125058 2.497e-06
547 Pubmed_feat_L2.txt 0.00122821 0.00122574 2.473e-06
548 Pubmed_feat_L2.txt 0.00130139 0.00129875 2.642e-06
549 Pubmed_feat_L2.txt 0.00123936 0.00123692 2.431e-06
550 Pubmed_feat_L2.txt 0.00138258 0.00138009 2.487e-06
551 Pubmed_feat_L2.txt 0.00131384 0.00131142 2.414e-06
552 Pubmed_feat_L2.txt 0.00139653 0.00139393 2.605e-06
553 Pubmed_feat_L2.txt 0.00135119 0.0013487 2.492e-06
554 Pubmed_feat_L2.txt 0.00117784 0.00117533 2.51e-06
555 Pubmed_feat_L2.txt 0.00132815 0.00132539 2.755e-06
556 Pubmed_feat_L2.txt 0.00119161 0.00118912 2.497e-06
557 Pubmed_feat_L2.txt 0.00126045 0.00125797 2.48e-06
558 Pubmed_feat_L2.txt 0.00116838 0.00116588 2.493e-06
559 Pubmed_feat_L2.txt 0.00114868 0.00114628 2.398e-06
560 Pubmed_feat_L2.txt 0.00134292 0.00134055 2.366e-06
561 Pubmed_feat_L2.txt 0.00129604 0.00129354 2.495e-06
562 Pubmed_feat_L2.txt 0.00138639 0.00138397 2.421e-06
563 Pubmed_feat_L2.txt 0.00136096 0.00135851 2.454e-06
564 Pubmed_feat_L2.txt 0.00111498 0.00111249 2.489e-06
565 Pubmed_feat_L2.txt 0.00126033 0.00125769 2.635e-06
566 Pubmed_feat_L2.txt 0.00120473 0.00120214 2.594e-06
567 Pubmed_feat_L2.txt 0.00124961 0.0012471 2.514e-06
568 Pubmed_feat_L2.txt 0.00129949 0.00129703 2.465e-06
569 Pubmed_feat_L2.txt 0.00110782 0.00110533 2.494e-06
570 Pubmed_feat_L2.txt 0.00123779 0.00123534 2.452e-06
571 Pubmed_feat_L2.txt 0.00118346 0.00118093 2.528e-06
572 Pubmed_feat_L2.txt 0.001069 0.00106648 2.524e-06
573 Pubmed_feat_L2.txt 0.00124644 0.00124396 2.483e-06
574 Pubmed_feat_L2.txt 0.00115292 0.00115037 2.542e-06
575 Pubmed_feat_L2.txt 0.00119179 0.001189 2.79e-06
576 Pubmed_feat_L2.txt 0.0011664 0.00116331 3.095e-06
577 Pubmed_feat_L2.txt 0.00132101 0.00131817 2.843e-06
578 Pubmed_feat_L2.txt 0.00125645 0.00125394 2.514e-06
579 Pubmed_feat_L2.txt 0.0012393 0.00123674 2.557e-06
580 Pubmed_feat_L2.txt 0.00120231 0.00119985 2.46e-06
581 Pubmed_feat_L2.txt 0.00128689 0.00128438 2.503e-06
582 Pubmed_feat_L2.txt 0.00136001 0.00135748 2.535e-06
583 Pubmed_feat_L2.txt 0.00136912 0.00136666 2.457e-06
584 Pubmed_feat_L2.txt 0.00125029 0.00124787 2.42e-06
585 Pubmed_feat_L2.txt 0.00147979 0.00147691 2.882e-06
586 Pubmed_feat_L2.txt 0.00129744 0.0012949 2.543e-06
587 Pubmed_feat_L2.txt 0.00127487 0.00127238 2.496e-06
588 Pubmed_feat_L2.txt 0.0012446 0.0012421 2.5e-06
589 Pubmed_feat_L2.txt 0.00133442 0.00133183 2.588e-06
590 Pubmed_feat_L2.txt 0.00136089 0.00135841 2.482e-06
591 Pubmed_feat_L2.txt 0.00140402 0.00140119 2.829e-06
592 Pubmed_feat_L2.txt 0.00130435 0.00130178 2.564e-06
593 Pubmed_feat_L2.txt 0.00133597 0.00133347 2.497e-06
594 Pubmed_feat_L2.txt 0.00131622 0.00131349 2.725e-06
595 Pubmed_feat_L2.txt 0.00128438 0.00128183 2.549e-06
596 Pubmed_feat_L2.txt 0.00120682 0.00120428 2.539e-06
597 Pubmed_feat_L2.txt 0.00132232 0.00131971 2.615e-06
598 Pubmed_feat_L2.txt 0.00136455 0.00136173 2.818e-06
599 Pubmed_feat_L2.txt 0.00133582 0.00133336 2.463e-06
600 Pubmed_feat_L2.txt 0.0013432 0.00134061 2.588e-06
601 Pubmed_feat_L2.txt 0.00137695 0.00137442 2.531e-06
602 Pubmed_feat_L2.txt 0.00132535 0.00132288 2.476e-06
603 Pubmed_feat_L2.txt 0.00137461 0.00137202 2.592e-06
604 Pubmed_feat_L2.txt 0.00142659 0.00142411 2.482e-06
605 Pubmed_feat_L2.txt 0.00139027 0.00138784 2.431e-06
606 Pubmed_feat_L2.txt 0.00139026 0.00138784 2.429e-06
607 Pubmed_feat_L2.txt 0.00140967 0.00140705 2.623e-06
608 Pubmed_feat_L2.txt 0.0012272 0.00122468 2.52e-06
609 Pubmed_feat_L2.txt 0.00127956 0.00127698 2.58e-06
610 Pubmed_feat_L2.txt 0.00134844 0.00134593 2.504e-06
611 Pubmed_feat_L2.txt 0.00127894 0.00127617 2.778e-06
612 Pubmed_feat_L2.txt 0.00141135 0.00140874 2.612e-06
613 Pubmed_feat_L2.txt 0.00124115 0.00123857 2.584e-06
614 Pubmed_feat_L2.txt 0.00140443 0.00140196 2.476e-06
615 Pubmed_feat_L2.txt 0.00131364 0.00131099 2.65e-06
616 Pubmed_feat_L2.txt 0.00139569 0.00139319 2.508e-06
617 Pubmed_feat_L2.txt 0.00128959 0.00128672 2.87e-06
618 Pubmed_feat_L2.txt 0.00128546 0.00128284 2.623e-06
619 Pubmed_feat_L2.txt 0.00135211 0.00134955 2.557e-06
620 Pubmed_feat_L2.txt 0.00126506 0.00126254 2.524e-06
621 Pubmed_feat_L2.txt 0.00138327 0.00138053 2.747e-06
622 Pubmed_feat_L2.txt 0.00135687 0.00135434 2.53e-06
623 Pubmed_feat_L2.txt 0.00139313 0.00139053 2.594e-06
624 Pubmed_feat_L2.txt 0.00119015 0.00118727 2.876e-06
625 Pubmed_feat_L2.txt 0.00119506 0.00119258 2.475e-06
626 Pubmed_feat_L2.txt 0.00133763 0.00133483 2.797e-06
627 Pubmed_feat_L2.txt 0.00116349 0.00116106 2.433e-06
628 Pubmed_feat_L2.txt 0.00120613 0.00120359 2.542e-06
629 Pubmed_feat_L2.txt 0.00124503 0.00124256 2.475e-06
630 Pubmed_feat_L2.txt 0.00126918 0.00126669 2.485e-06
631 Pubmed_feat_L2.txt 0.00126734 0.00126454 2.809e-06
632 Pubmed_feat_L2.txt 0.00121703 0.00121456 2.468e-06
633 Pubmed_feat_L2.txt 0.00125259 0.00125011 2.478e-06
634 Pubmed_feat_L2.txt 0.00126634 0.00126381 2.53e-06
635 Pubmed_feat_L2.txt 0.00131911 0.00131669 2.413e-06
636 Pubmed_feat_L2.txt 0.00129876 0.00129621 2.551e-06
637 Pubmed_feat_L2.txt 0.00119966 0.00119711 2.546e-06
638 Pubmed_feat_L2.txt 0.00133854 0.0013361 2.441e-06
639 Pubmed_feat_L2.txt 0.00135598 0.00135349 2.494e-06
640 Pubmed_feat_L2.txt 0.00125943 0.00125694 2.483e-06
641 Pubmed_feat_L2.txt 0.00125346 0.00125104 2.413e-06
642 Pubmed_feat_L2.txt 0.00132231 0.0013195 2.804e-06
643 Pubmed_feat_L2.txt 0.00135656 0.00135384 2.724e-06
644 Pubmed_feat_L2.txt 0.00137016 0.0013677 2.454e-06
645 Pubmed_feat_L2.txt 0.00137186 0.00136939 2.469e-06
646 Pubmed_feat_L2.txt 0.00138366 0.00138111 2.549e-06
647 Pubmed_feat_L2.txt 0.00132105 0.00131853 2.516e-06
648 Pubmed_feat_L2.txt 0.00134627 0.0013437 2.572e-06
649 Pubmed_feat_L2.txt 0.00130164 0.00129918 2.461e-06
650 Pubmed_feat_L2.txt 0.00134075 0.00133824 2.509e-06
651 Pubmed_feat_L2.txt 0.00129909 0.00129663 2.463e-06
652 Pubmed_feat_L2.txt 0.0012981 0.00129564 2.461e-06
653 Pubmed_feat_L2.txt 0.00117833 0.0011759 2.426e-06
654 Pubmed_feat_L2.txt 0.001266 0.00126322 2.781e-06
655 Pubmed_feat_L2.txt 0.00129511 0.00129256 2.545e-06
656 Pubmed_feat_L2.txt 0.00132281 0.00132039 2.418e-06
657 Pubmed_feat_L2.txt 0.00126674 0.0012643 2.437e-06
658 Pubmed_feat_L2.txt 0.00139024 0.00138791 2.336e-06
659 Pubmed_feat_L2.txt 0.00140796 0.00140543 2.527e-06
660 Pubmed_feat_L2.txt 0.00139074 0.00138831 2.425e-06
661 Pubmed_feat_L2.txt 0.00134417 0.00134175 2.418e-06
662 Pubmed_feat_L2.txt 0.00131322 0.00131046 2.756e-06
663 Pubmed_feat_L2.txt 0.00126707 0.00126467 2.4e-06
664 Pubmed_feat_L2.txt 0.00121108 0.00120867 2.414e-06
665 Pubmed_feat_L2.txt 0.00127941 0.00127659 2.819e-06
666 Pubmed_feat_L2.txt 0.00121404 0.00121154 2.506e-06
667 Pubmed_feat_L2.txt 0.00130828 0.00130592 2.36e-06
668 Pubmed_feat_L2.txt 0.00133714 0.00133464 2.507e-06
669 Pubmed_feat_L2.txt 0.00136856 0.001366 2.56e-06
670 Pubmed_feat_L2.txt 0.00126067 0.00125832 2.352e-06
671 Pubmed_feat_L2.txt 0.00127294 0.00127033 2.612e-06
672 Pubmed_feat_L2.txt 0.00113722 0.0011343 2.92e-06
673 Pubmed_feat_L2.txt 0.00112904 0.00112655 2.494e-06
674 Pubmed_feat_L2.txt 0.00115804 0.00115561 2.436e-06
675 Pubmed_feat_L2.txt 0.00117278 0.00117032 2.452e-06
676 Pubmed_feat_L2.txt 0.0011638 0.00116131 2.489e-06
677 Pubmed_feat_L2.txt 0.00118889 0.00118628 2.616e-06
678 Pubmed_feat_L2.txt 0.00123401 0.00123151 2.502e-06
679 Pubmed_feat_L2.txt 0.00124179 0.00123914 2.658e-06
680 Pubmed_feat_L2.txt 0.00122433 0.00122187 2.46e-06
681 Pubmed_feat_L2.txt 0.00135454 0.00135197 2.573e-06
682 Pubmed_feat_L2.txt 0.00126891 0.00126646 2.449e-06
683 Pubmed_feat_L2.txt 0.00122529 0.00122285 2.437e-06
684 Pubmed_feat_L2.txt 0.00126839 0.00126587 2.52e-06
685 Pubmed_feat_L2.txt 0.00123226 0.00122967 2.596e-06
686 Pubmed_feat_L2.txt 0.00123721 0.00123472 2.488e-06
687 Pubmed_feat_L2.txt 0.0012178 0.00121535 2.451e-06
688 Pubmed_feat_L2.txt 0.00125979 0.00125727 2.521e-06
689 Pubmed_feat_L2.txt 0.00123978 0.00123709 2.699e-06
690 Pubmed_feat_L2.txt 0.00124857 0.00124607 2.496e-06
691 Pubmed_feat_L2.txt 0.00124553 0.00124275 2.772e-06
692 Pubmed_feat_L2.txt 0.00128851 0.00128591 2.604e-06
693 Pubmed_feat_L2.txt 0.00129912 0.00129672 2.401e-06
694 Pubmed_feat_L2.txt 0.00127163 0.0012692 2.429e-06
695 Pubmed_feat_L2.txt 0.00129087 0.00128809 2.781e-06
696 Pubmed_feat_L2.txt 0.00114822 0.0011455 2.721e-06
697 Pubmed_feat_L2.txt 0.00127427 0.00127169 2.578e-06
698 Pubmed_feat_L2.txt 0.00134254 0.00134024 2.299e-06
699 Pubmed_feat_L2.txt 0.00120839 0.00120596 2.43e-06
700 Pubmed_feat_L2.txt 0.00137706 0.00137461 2.453e-06
701 Pubmed_feat_L2.txt 0.00129758 0.00129531 2.27e-06
702 Pubmed_feat_L2.txt 0.00132606 0.0013236 2.454e-06
703 Pubmed_feat_L2.txt 0.00126202 0.00125926 2.759e-06
704 Pubmed_feat_L2.txt 0.00118162 0.00117903 2.582e-06
705 Pubmed_feat_L2.txt 0.00126859 0.00126599 2.594e-06
706 Pubmed_feat_L2.txt 0.00134436 0.00134184 2.521e-06
707 Pubmed_feat_L2.txt 0.00124195 0.00123946 2.489e-06
708 Pubmed_feat_L2.txt 0.00128188 0.0012794 2.475e-06
709 Pubmed_feat_L2.txt 0.00132802 0.00132553 2.484e-06
710 Pubmed_feat_L2.txt 0.00124842 0.00124566 2.763e-06
711 Pubmed_feat_L2.txt 0.00131948 0.00131697 2.507e-06
712 Pubmed_feat_L2.txt 0.00124119 0.00123833 2.857e-06
713 Pubmed_feat_L2.txt 0.00132748 0.00132492 2.552e-06
714 Pubmed_feat_L2.txt 0.00121735 0.00121447 2.882e-06
715 Pubmed_feat_L2.txt 0.0013523 0.00134978 2.516e-06
716 Pubmed_feat_L2.txt 0.00134418 0.00134166 2.521e-06
717 Pubmed_feat_L2.txt 0.0012766 0.00127401 2.589e-06
718 Pubmed_feat_L2.txt 0.00132088 0.00131802 2.852e-06
719 Pubmed_feat_L2.txt 0.00131802 0.00131527 2.749e-06
720 Pubmed_feat_L2.txt 0.0011681 0.00116521 2.89e-06
721 Pubmed_feat_L2.txt 0.00122485 0.0012221 2.746e-06
722 Pubmed_feat_L2.txt 0.00126206 0.00125954 2.518e-06
723 Pubmed_feat_L2.txt 0.00133556 0.00133273 2.828e-06
724 Pubmed_feat_L2.txt 0.00131742 0.00131473 2.688e-06
725 Pubmed_feat_L2.txt 0.00119302 0.00119065 2.372e-06
726 Pubmed_feat_L2.txt 0.00131679 0.00131427 2.528e-06
727 Pubmed_feat_L2.txt 0.00138779 0.00138504 2.751e-06
728 Pubmed_feat_L2.txt 0.00130862 0.00130606 2.556e-06
729 Pubmed_feat_L2.txt 0.00142017 0.00141771 2.456e-06
730 Pubmed_feat_L2.txt 0.00135416 0.00135167 2.486e-06
731 Pubmed_feat_L2.txt 0.00132229 0.0013198 2.487e-06
732 Pubmed_feat_L2.txt 0.00136517 0.00136256 2.605e-06
733 Pubmed_feat_L2.txt 0.00130795 0.00130549 2.466e-06
734 Pubmed_feat_L2.txt 0.00130358 0.00130112 2.453e-06
735 Pubmed_feat_L2.txt 0.0013317 0.0013292 2.501e-06
736 Pubmed_feat_L2.txt 0.00123761 0.00123511 2.5e-06
737 Pubmed_feat_L2.txt 0.00128944 0.00128696 2.477e-06
738 Pubmed_feat_L2.txt 0.00131083 0.00130859 2.249e-06
739 Pubmed_feat_L2.txt 0.00139059 0.00138798 2.615e-06
740 Pubmed_feat_L2.txt 0.00136485 0.00136248 2.378e-06
741 Pubmed_feat_L2.txt 0.00136707 0.00136462 2.453e-06
742 Pubmed_feat_L2.txt 0.00138394 0.00138136 2.58e-06
743 Pubmed_feat_L2.txt 0.0013781 0.00137563 2.472e-06
744 Pubmed_feat_L2.txt 0.00134126 0.00133873 2.533e-06
745 Pubmed_feat_L2.txt 0.00146563 0.00146316 2.466e-06
746 Pubmed_feat_L2.txt 0.00142526 0.0014229 2.364e-06
747 Pubmed_feat_L2.txt 0.00144033 0.00143784 2.49e-06
748 Pubmed_feat_L2.txt 0.00144406 0.00144179 2.268e-06
749 Pubmed_feat_L2.txt 0.00143264 0.00143028 2.355e-06
750 Pubmed_feat_L2.txt 0.00138091 0.00137842 2.492e-06
751 Pubmed_feat_L2.txt 0.00146495 0.00146248 2.461e-06
752 Pubmed_feat_L2.txt 0.00130811 0.00130597 2.139e-06
753 Pubmed_feat_L2.txt 0.00132493 0.00132261 2.325e-06
754 Pubmed_feat_L2.txt 0.00124438 0.00124173 2.649e-06
755 Pubmed_feat_L2.txt 0.00139831 0.00139572 2.587e-06
756 Pubmed_feat_L2.txt 0.00142626 0.00142376 2.505e-06
757 Pubmed_feat_L2.txt 0.00136406 0.00136156 2.501e-06
758 Pubmed_feat_L2.txt 0.0014286 0.00142612 2.488e-06
759 Pubmed_feat_L2.txt 0.00141073 0.00140814 2.593e-06
760 Pubmed_feat_L2.txt 0.00124916 0.00124661 2.549e-06
761 Pubmed_feat_L2.txt 0.00138531 0.00138289 2.42e-06
762 Pubmed_feat_L2.txt 0.00142543 0.00142284 2.591e-06
763 Pubmed_feat_L2.txt 0.00145034 0.00144746 2.883e-06
764 Pubmed_feat_L2.txt 0.00127051 0.00126771 2.803e-06
765 Pubmed_feat_L2.txt 0.00137827 0.00137573 2.536e-06
766 Pubmed_feat_L2.txt 0.00145688 0.00145434 2.537e-06
767 Pubmed_feat_L2.txt 0.00131509 0.00127335 4.1737e-05
0 Pubmed_A.txt 0.00100558 0.00100412 1.457e-06
1 Pubmed_A.txt 0.00100063 0.000999634 9.95e-07
2 Pubmed_A.txt 0.00102066 0.00101966 9.95e-07
3 Pubmed_A.txt 0.00101445 0.00101342 1.03e-06
4 Pubmed_A.txt 0.00101012 0.00100873 1.39e-06
5 Pubmed_A.txt 0.00100602 0.00100494 1.076e-06
6 Pubmed_A.txt 0.00101629 0.00101522 1.071e-06
7 Pubmed_A.txt 0.00101008 0.00100884 1.238e-06
8 Pubmed_A.txt 0.00101417 0.0010132 9.71e-07
9 Pubmed_A.txt 0.00100993 0.00100881 1.122e-06
10 Pubmed_A.txt 0.00102163 0.00102044 1.195e-06
11 Pubmed_A.txt 0.0010141 0.00101309 1.007e-06
12 Pubmed_A.txt 0.00101787 0.00101676 1.113e-06
13 Pubmed_A.txt 0.00101297 0.00101181 1.161e-06
14 Pubmed_A.txt 0.00101977 0.00101839 1.375e-06
15 Pubmed_A.txt 0.00101243 0.00101126 1.168e-06
16 Pubmed_A.txt 0.0010759 0.00107495 9.48e-07
17 Pubmed_A.txt 0.00107285 0.00107166 1.187e-06
18 Pubmed_A.txt 0.00108398 0.00108317 8.11e-07
19 Pubmed_A.txt 0.00107765 0.00107626 1.397e-06
20 Pubmed_A.txt 0.00108336 0.00108227 1.096e-06
21 Pubmed_A.txt 0.00107828 0.00107732 9.59e-07
22 Pubmed_A.txt 0.00108887 0.00108761 1.257e-06
23 Pubmed_A.txt 0.00108472 0.00108358 1.134e-06
24 Pubmed_A.txt 0.00103064 0.00102962 1.023e-06
25 Pubmed_A.txt 0.00102686 0.00102579 1.072e-06
26 Pubmed_A.txt 0.00104259 0.00104157 1.014e-06
27 Pubmed_A.txt 0.00103491 0.00103377 1.142e-06
28 Pubmed_A.txt 0.00103408 0.00103261 1.469e-06
29 Pubmed_A.txt 0.00102927 0.00102813 1.144e-06
30 Pubmed_A.txt 0.00103946 0.00103798 1.483e-06
31 Pubmed_A.txt 0.00103305 0.00103183 1.221e-06
32 Pubmed_A.txt 0.000892423 0.000891342 1.081e-06
33 Pubmed_A.txt 0.000888961 0.000887897 1.064e-06
34 Pubmed_A.txt 0.000899886 0.000898235 1.651e-06
35 Pubmed_A.txt 0.000894064 0.000892389 1.675e-06
36 Pubmed_A.txt 0.000905616 0.000903916 1.7e-06
37 Pubmed_A.txt 0.000901388 0.000900073 1.315e-06
38 Pubmed_A.txt 0.000906788 0.000905047 1.741e-06
39 Pubmed_A.txt 0.000901739 0.000900233 1.506e-06
40 Pubmed_A.txt 0.000907304 0.000906253 1.051e-06
41 Pubmed_A.txt 0.000902079 0.000900452 1.627e-06
42 Pubmed_A.txt 0.000912337 0.000911162 1.175e-06
43 Pubmed_A.txt 0.00090559 0.000904182 1.408e-06
44 Pubmed_A.txt 0.000903871 0.000902514 1.357e-06
45 Pubmed_A.txt 0.000899945 0.000898919 1.026e-06
46 Pubmed_A.txt 0.000914342 0.000913245 1.097e-06
47 Pubmed_A.txt 0.000906486 0.000905307 1.179e-06
48 Pubmed_A.txt 0.00100967 0.00100852 1.15e-06
49 Pubmed_A.txt 0.00100672 0.0010053 1.414e-06
50 Pubmed_A.txt 0.00101907 0.00101748 1.589e-06
51 Pubmed_A.txt 0.00101409 0.00101225 1.839e-06
52 Pubmed_A.txt 0.00102105 0.00101994 1.117e-06
53 Pubmed_A.txt 0.00101717 0.00101578 1.386e-06
54 Pubmed_A.txt 0.00102629 0.00102489 1.409e-06
55 Pubmed_A.txt 0.00101979 0.00101858 1.209e-06
56 Pubmed_A.txt 0.00102304 0.00102185 1.191e-06
57 Pubmed_A.txt 0.00101624 0.00101504 1.201e-06
58 Pubmed_A.txt 0.00102775 0.00102617 1.577e-06
59 Pubmed_A.txt 0.00102265 0.0010215 1.157e-06
60 Pubmed_A.txt 0.00102365 0.00102243 1.22e-06
61 Pubmed_A.txt 0.00101942 0.00101844 9.8e-07
62 Pubmed_A.txt 0.00102408 0.00102312 9.6e-07
63 Pubmed_A.txt 0.00101855 0.0010174 1.152e-06
64 Pubmed_A.txt 0.00108522 0.00108365 1.568e-06
65 Pubmed_A.txt 0.00108094 0.00107959 1.351e-06
66 Pubmed_A.txt 0.00109441 0.00109241 1.997e-06
67 Pubmed_A.txt 0.00108679 0.00108557 1.225e-06
68 Pubmed_A.txt 0.00108083 0.0010789 1.926e-06
69 Pubmed_A.txt 0.00107507 0.00107367 1.402e-06
70 Pubmed_A.txt 0.00108038 0.00107904 1.346e-06
71 Pubmed_A.txt 0.0010754 0.00107414 1.254e-06
72 Pubmed_A.txt 0.00103896 0.00103757 1.387e-06
73 Pubmed_A.txt 0.00103412 0.00103243 1.694e-06
74 Pubmed_A.txt 0.00104338 0.00104237 1.009e-06
75 Pubmed_A.txt 0.00103766 0.00103587 1.793e-06
76 Pubmed_A.txt 0.00104381 0.0010426 1.21e-06
77 Pubmed_A.txt 0.00103995 0.00103855 1.396e-06
78 Pubmed_A.txt 0.00104607 0.0010448 1.27e-06
79 Pubmed_A.txt 0.00103909 0.00103817 9.28e-07
80 Pubmed_A.txt 0.000910912 0.000909733 1.179e-06
81 Pubmed_A.txt 0.000906626 0.00090543 1.196e-06
82 Pubmed_A.txt 0.000922565 0.000921428 1.137e-06
83 Pubmed_A.txt 0.000918144 0.000916906 1.238e-06
84 Pubmed_A.txt 0.000921137 0.00092024 8.97e-07
85 Pubmed_A.txt 0.000916866 0.000915587 1.279e-06
86 Pubmed_A.txt 0.000927718 0.000926432 1.286e-06
87 Pubmed_A.txt 0.000922397 0.000920782 1.615e-06
88 Pubmed_A.txt 0.000910636 0.000909305 1.331e-06
89 Pubmed_A.txt 0.00090559 0.00090414 1.45e-06
90 Pubmed_A.txt 0.000912994 0.000911979 1.015e-06
91 Pubmed_A.txt 0.000909356 0.000907844 1.512e-06
92 Pubmed_A.txt 0.000915666 0.000914227 1.439e-06
93 Pubmed_A.txt 0.000912346 0.000911339 1.007e-06
94 Pubmed_A.txt 0.000919215 0.00091812 1.095e-06
95 Pubmed_A.txt 0.00091323 0.000912071 1.159e-06
96 Pubmed_A.txt 0.000934974 0.000933824 1.15e-06
97 Pubmed_A.txt 0.000930583 0.00092955 1.033e-06
98 Pubmed_A.txt 0.0009433 0.000942176 1.124e-06
99 Pubmed_A.txt 0.000936362 0.000935092 1.27e-06
100 Pubmed_A.txt 0.000948294 0.000947147 1.147e-06
101 Pubmed_A.txt 0.000943542 0.000942585 9.57e-07
102 Pubmed_A.txt 0.000947659 0.000946654 1.005e-06
103 Pubmed_A.txt 0.000942856 0.000941438 1.418e-06
104 Pubmed_A.txt 0.000934284 0.000932837 1.447e-06
105 Pubmed_A.txt 0.000930052 0.000928405 1.647e-06
106 Pubmed_A.txt 0.000942429 0.000941027 1.402e-06
107 Pubmed_A.txt 0.000938343 0.000936825 1.518e-06
108 Pubmed_A.txt 0.000941785 0.000940195 1.59e-06
109 Pubmed_A.txt 0.00093768 0.000936677 1.003e-06
110 Pubmed_A.txt 0.000941845 0.000940803 1.042e-06
111 Pubmed_A.txt 0.000936397 0.000935324 1.073e-06
112 Pubmed_A.txt 0.00100564 0.00100497 6.71e-07
113 Pubmed_A.txt 0.00100286 0.00100167 1.199e-06
114 Pubmed_A.txt 0.001015 0.00101377 1.228e-06
115 Pubmed_A.txt 0.00100989 0.00100852 1.368e-06
116 Pubmed_A.txt 0.00100388 0.00100293 9.48e-07
117 Pubmed_A.txt 0.000999622 0.00099834 1.282e-06
118 Pubmed_A.txt 0.00101046 0.00100954 9.2e-07
119 Pubmed_A.txt 0.00100278 0.00100158 1.2e-06
120 Pubmed_A.txt 0.000956986 0.000955847 1.139e-06
121 Pubmed_A.txt 0.000952007 0.000950776 1.231e-06
122 Pubmed_A.txt 0.000962877 0.000961935 9.42e-07
123 Pubmed_A.txt 0.000957874 0.000956592 1.282e-06
124 Pubmed_A.txt 0.000957608 0.000956464 1.144e-06
125 Pubmed_A.txt 0.000954019 0.000952947 1.072e-06
126 Pubmed_A.txt 0.000961629 0.000959888 1.741e-06
127 Pubmed_A.txt 0.000955598 0.000954444 1.154e-06
128 Pubmed_A.txt 0.000837427 0.000836233 1.194e-06
129 Pubmed_A.txt 0.000834426 0.000833226 1.2e-06
130 Pubmed_A.txt 0.000840993 0.000840021 9.72e-07
131 Pubmed_A.txt 0.000837302 0.000836141 1.161e-06
132 Pubmed_A.txt 0.000846305 0.000845439 8.66e-07
133 Pubmed_A.txt 0.0008424 0.000841419 9.81e-07
134 Pubmed_A.txt 0.000846831 0.000845829 1.002e-06
135 Pubmed_A.txt 0.000840416 0.000839479 9.37e-07
136 Pubmed_A.txt 0.000841229 0.000840274 9.55e-07
137 Pubmed_A.txt 0.0008375 0.000836367 1.133e-06
138 Pubmed_A.txt 0.000848209 0.000847126 1.083e-06
139 Pubmed_A.txt 0.000841921 0.000840952 9.69e-07
140 Pubmed_A.txt 0.000845318 0.000844052 1.266e-06
141 Pubmed_A.txt 0.000840984 0.000839852 1.132e-06
142 Pubmed_A.txt 0.000845917 0.000844409 1.508e-06
143 Pubmed_A.txt 0.000840566 0.000839369 1.197e-06
144 Pubmed_A.txt 0.000970093 0.000969246 8.47e-07
145 Pubmed_A.txt 0.000966305 0.000965193 1.112e-06
146 Pubmed_A.txt 0.000968999 0.000967852 1.147e-06
147 Pubmed_A.txt 0.000964537 0.000963529 1.008e-06
148 Pubmed_A.txt 0.000963584 0.00096215 1.434e-06
149 Pubmed_A.txt 0.000959289 0.00095812 1.169e-06
150 Pubmed_A.txt 0.000967397 0.00096621 1.187e-06
151 Pubmed_A.txt 0.000960041 0.000958568 1.473e-06
152 Pubmed_A.txt 0.000966125 0.000965183 9.42e-07
153 Pubmed_A.txt 0.000961747 0.000960425 1.322e-06
154 Pubmed_A.txt 0.000972522 0.000971046 1.476e-06
155 Pubmed_A.txt 0.000965478 0.000964387 1.091e-06
156 Pubmed_A.txt 0.000965583 0.000964445 1.138e-06
157 Pubmed_A.txt 0.000960653 0.00095931 1.343e-06
158 Pubmed_A.txt 0.000965552 0.000964353 1.199e-06
159 Pubmed_A.txt 0.000959025 0.000957962 1.063e-06
160 Pubmed_A.txt 0.00103054 0.00102892 1.626e-06
161 Pubmed_A.txt 0.0010262 0.0010242 1.999e-06
162 Pubmed_A.txt 0.00103828 0.00103611 2.166e-06
163 Pubmed_A.txt 0.00103106 0.00102928 1.789e-06
164 Pubmed_A.txt 0.00102403 0.00102263 1.4e-06
165 Pubmed_A.txt 0.0010191 0.00101776 1.339e-06
166 Pubmed_A.txt 0.00102431 0.00102305 1.262e-06
167 Pubmed_A.txt 0.00101751 0.00101615 1.358e-06
168 Pubmed_A.txt 0.00097813 0.000976643 1.487e-06
169 Pubmed_A.txt 0.000971925 0.000970442 1.483e-06
170 Pubmed_A.txt 0.000982937 0.000980754 2.183e-06
171 Pubmed_A.txt 0.000977082 0.000975348 1.734e-06
172 Pubmed_A.txt 0.000982663 0.000981536 1.127e-06
173 Pubmed_A.txt 0.00097836 0.000977114 1.246e-06
174 Pubmed_A.txt 0.000989268 0.000987898 1.37e-06
175 Pubmed_A.txt 0.000981081 0.000979742 1.339e-06
176 Pubmed_A.txt 0.000846062 0.000844792 1.27e-06
177 Pubmed_A.txt 0.000842178 0.000840832 1.346e-06
178 Pubmed_A.txt 0.000856281 0.000854593 1.688e-06
179 Pubmed_A.txt 0.000852352 0.00085101 1.342e-06
180 Pubmed_A.txt 0.000855464 0.000854223 1.241e-06
181 Pubmed_A.txt 0.000850842 0.000849351 1.491e-06
182 Pubmed_A.txt 0.000855222 0.000854102 1.12e-06
183 Pubmed_A.txt 0.00085027 0.000848848 1.422e-06
184 Pubmed_A.txt 0.000846731 0.000845396 1.335e-06
185 Pubmed_A.txt 0.000843314 0.000842251 1.063e-06
186 Pubmed_A.txt 0.000859083 0.000858022 1.061e-06
187 Pubmed_A.txt 0.000852664 0.000851531 1.133e-06
188 Pubmed_A.txt 0.00085524 0.000854188 1.052e-06
189 Pubmed_A.txt 0.000851688 0.000850055 1.633e-06
190 Pubmed_A.txt 0.000859285 0.000858075 1.21e-06
191 Pubmed_A.txt 0.000853817 0.000852324 1.493e-06
192 Pubmed_A.txt 0.000958424 0.000957404 1.02e-06
193 Pubmed_A.txt 0.000955079 0.00095389 1.189e-06
194 Pubmed_A.txt 0.00096488 0.000963579 1.301e-06
195 Pubmed_A.txt 0.000959656 0.000958428 1.228e-06
196 Pubmed_A.txt 0.000963572 0.000961674 1.898e-06
197 Pubmed_A.txt 0.000958929 0.000957818 1.111e-06
198 Pubmed_A.txt 0.000967775 0.000966132 1.643e-06
199 Pubmed_A.txt 0.000962297 0.000960679 1.618e-06
200 Pubmed_A.txt 0.000973651 0.000972185 1.466e-06
201 Pubmed_A.txt 0.000968745 0.000967225 1.52e-06
202 Pubmed_A.txt 0.00098095 0.000979627 1.323e-06
203 Pubmed_A.txt 0.000975195 0.000973946 1.249e-06
204 Pubmed_A.txt 0.000974033 0.000972841 1.192e-06
205 Pubmed_A.txt 0.000970105 0.000969002 1.103e-06
206 Pubmed_A.txt 0.000974914 0.000973024 1.89e-06
207 Pubmed_A.txt 0.000969555 0.000967951 1.604e-06
208 Pubmed_A.txt 0.00104076 0.00103982 9.41e-07
209 Pubmed_A.txt 0.00103673 0.00103564 1.091e-06
210 Pubmed_A.txt 0.00104507 0.00104375 1.326e-06
211 Pubmed_A.txt 0.00103857 0.00103745 1.119e-06
212 Pubmed_A.txt 0.00104125 0.00104001 1.233e-06
213 Pubmed_A.txt 0.00103731 0.00103566 1.653e-06
214 Pubmed_A.txt 0.00104934 0.00104785 1.485e-06
215 Pubmed_A.txt 0.00104173 0.0010404 1.331e-06
216 Pubmed_A.txt 0.00099906 0.000997954 1.106e-06
217 Pubmed_A.txt 0.00099511 0.00099378 1.33e-06
218 Pubmed_A.txt 0.00100372 0.00100258 1.141e-06
219 Pubmed_A.txt 0.000997795 0.000996613 1.182e-06
220 Pubmed_A.txt 0.00100149 0.00100026 1.237e-06
221 Pubmed_A.txt 0.000996631 0.00099513 1.501e-06
222 Pubmed_A.txt 0.00100242 0.00100094 1.477e-06
223 Pubmed_A.txt 0.000995545 0.000994182 1.363e-06
224 Pubmed_A.txt 0.000882911 0.000881661 1.25e-06
225 Pubmed_A.txt 0.000877964 0.000876812 1.152e-06
226 Pubmed_A.txt 0.00088788 0.000886224 1.656e-06
227 Pubmed_A.txt 0.000882582 0.000881248 1.334e-06
228 Pubmed_A.txt 0.000894284 0.000892894 1.39e-06
229 Pubmed_A.txt 0.000890962 0.000889398 1.564e-06
230 Pubmed_A.txt 0.000889987 0.000888538 1.449e-06
231 Pubmed_A.txt 0.000885368 0.000883843 1.525e-06
232 Pubmed_A.txt 0.000889463 0.00088829 1.173e-06
233 Pubmed_A.txt 0.000886307 0.000884969 1.338e-06
234 Pubmed_A.txt 0.000893884 0.000892664 1.22e-06
235 Pubmed_A.txt 0.000889207 0.000887956 1.251e-06
236 Pubmed_A.txt 0.00089011 0.000888963 1.147e-06
237 Pubmed_A.txt 0.00088678 0.000885394 1.386e-06
238 Pubmed_A.txt 0.000898641 0.000896913 1.728e-06
239 Pubmed_A.txt 0.000891797 0.000890473 1.324e-06
240 Pubmed_A.txt 0.00100266 0.00100167 9.94e-07
241 Pubmed_A.txt 0.000999248 0.000998055 1.193e-06
242 Pubmed_A.txt 0.00100655 0.00100537 1.186e-06
243 Pubmed_A.txt 0.00100028 0.000998916 1.362e-06
244 Pubmed_A.txt 0.00100718 0.00100592 1.258e-06
245 Pubmed_A.txt 0.00100391 0.00100289 1.013e-06
246 Pubmed_A.txt 0.0010177 0.00101605 1.646e-06
247 Pubmed_A.txt 0.00101068 0.00100957 1.106e-06
248 Pubmed_A.txt 0.00100238 0.00100132 1.062e-06
249 Pubmed_A.txt 0.000997789 0.000996451 1.338e-06
250 Pubmed_A.txt 0.00101345 0.00101157 1.876e-06
251 Pubmed_A.txt 0.00100756 0.00100647 1.095e-06
252 Pubmed_A.txt 0.00100682 0.00100581 1.015e-06
253 Pubmed_A.txt 0.00100313 0.00100172 1.415e-06
254 Pubmed_A.txt 0.00100924 0.00100805 1.186e-06
255 Pubmed_A.txt 0.00100231 0.00100065 1.659e-06
256 Pubmed_A.txt 0.00108553 0.00108382 1.714e-06
257 Pubmed_A.txt 0.00108147 0.00108001 1.466e-06
258 Pubmed_A.txt 0.00109456 0.0010905 4.061e-06
259 Pubmed_A.txt 0.00108516 0.00108321 1.953e-06
260 Pubmed_A.txt 0.00108146 0.0010798 1.659e-06
261 Pubmed_A.txt 0.0010772 0.00107585 1.342e-06
262 Pubmed_A.txt 0.00108249 0.00108123 1.257e-06
263 Pubmed_A.txt 0.00107586 0.0010744 1.458e-06
264 Pubmed_A.txt 0.00102648 0.00102489 1.593e-06
265 Pubmed_A.txt 0.00102206 0.00102053 1.53e-06
266 Pubmed_A.txt 0.00103039 0.00102829 2.096e-06
267 Pubmed_A.txt 0.00102398 0.00102279 1.194e-06
268 Pubmed_A.txt 0.0010329 0.0010315 1.403e-06
269 Pubmed_A.txt 0.00102816 0.00102676 1.403e-06
270 Pubmed_A.txt 0.0010295 0.00102852 9.77e-07
271 Pubmed_A.txt 0.00102191 0.00102111 8.01e-07
272 Pubmed_A.txt 0.000866821 0.000865382 1.439e-06
273 Pubmed_A.txt 0.000863989 0.000862027 1.962e-06
274 Pubmed_A.txt 0.000873012 0.000870777 2.235e-06
275 Pubmed_A.txt 0.000864878 0.000863494 1.384e-06
276 Pubmed_A.txt 0.000872723 0.000871232 1.491e-06
277 Pubmed_A.txt 0.000868055 0.000866682 1.373e-06
278 Pubmed_A.txt 0.000876263 0.000875024 1.239e-06
279 Pubmed_A.txt 0.000871529 0.00087017 1.359e-06
280 Pubmed_A.txt 0.000866506 0.000865578 9.28e-07
281 Pubmed_A.txt 0.000862635 0.000861118 1.517e-06
282 Pubmed_A.txt 0.000873954 0.000872623 1.331e-06
283 Pubmed_A.txt 0.000867213 0.000866027 1.186e-06
284 Pubmed_A.txt 0.000865976 0.000864461 1.515e-06
285 Pubmed_A.txt 0.000861547 0.000860437 1.11e-06
286 Pubmed_A.txt 0.000873557 0.000871953 1.604e-06
287 Pubmed_A.txt 0.00086735 0.00086607 1.28e-06
288 Pubmed_A.txt 0.000964829 0.000963435 1.394e-06
289 Pubmed_A.txt 0.00095869 0.000957514 1.176e-06
290 Pubmed_A.txt 0.000956421 0.000955502 9.19e-07
291 Pubmed_A.txt 0.000951929 0.000950649 1.28e-06
292 Pubmed_A.txt 0.000957662 0.000956703 9.59e-07
293 Pubmed_A.txt 0.000953268 0.000952107 1.161e-06
294 Pubmed_A.txt 0.00095659 0.000955494 1.096e-06
295 Pubmed_A.txt 0.000951055 0.000949624 1.431e-06
296 Pubmed_A.txt 0.000941395 0.000940286 1.109e-06
297 Pubmed_A.txt 0.000938645 0.000937097 1.548e-06
298 Pubmed_A.txt 0.000949117 0.000947423 1.694e-06
299 Pubmed_A.txt 0.000942128 0.000941085 1.043e-06
300 Pubmed_A.txt 0.000949654 0.000948296 1.358e-06
301 Pubmed_A.txt 0.000945479 0.000943863 1.616e-06
302 Pubmed_A.txt 0.000948654 0.000947171 1.483e-06
303 Pubmed_A.txt 0.000940772 0.000939613 1.159e-06
304 Pubmed_A.txt 0.00102292 0.00102136 1.56e-06
305 Pubmed_A.txt 0.0010192 0.00101736 1.84e-06
306 Pubmed_A.txt 0.00103393 0.00103217 1.757e-06
307 Pubmed_A.txt 0.00102673 0.00102554 1.192e-06
308 Pubmed_A.txt 0.00101682 0.00101554 1.284e-06
309 Pubmed_A.txt 0.00101322 0.0010118 1.426e-06
310 Pubmed_A.txt 0.00102034 0.00101924 1.107e-06
311 Pubmed_A.txt 0.00101449 0.00101298 1.519e-06
312 Pubmed_A.txt 0.000966309 0.000964527 1.782e-06
313 Pubmed_A.txt 0.000960724 0.000959471 1.253e-06
314 Pubmed_A.txt 0.000967429 0.000966296 1.133e-06
315 Pubmed_A.txt 0.000961874 0.000960871 1.003e-06
316 Pubmed_A.txt 0.000968091 0.000966442 1.649e-06
317 Pubmed_A.txt 0.000963998 0.000962481 1.517e-06
318 Pubmed_A.txt 0.000969887 0.000968274 1.613e-06
319 Pubmed_A.txt 0.000961073 0.000959813 1.26e-06
320 Pubmed_A.txt 0.000850559 0.000848862 1.697e-06
321 Pubmed_A.txt 0.000847861 0.000844973 2.888e-06
322 Pubmed_A.txt 0.000854959 0.000853474 1.485e-06
323 Pubmed_A.txt 0.000849972 0.000848752 1.22e-06
324 Pubmed_A.txt 0.000850136 0.000848571 1.565e-06
325 Pubmed_A.txt 0.000844581 0.000842881 1.7e-06
326 Pubmed_A.txt 0.000852918 0.000851267 1.651e-06
327 Pubmed_A.txt 0.000847291 0.000845546 1.745e-06
328 Pubmed_A.txt 0.000853551 0.000852505 1.046e-06
329 Pubmed_A.txt 0.000848539 0.000847351 1.188e-06
330 Pubmed_A.txt 0.00085527 0.000853664 1.606e-06
331 Pubmed_A.txt 0.000849807 0.000848372 1.435e-06
332 Pubmed_A.txt 0.000850368 0.000849113 1.255e-06
333 Pubmed_A.txt 0.000846753 0.000845144 1.609e-06
334 Pubmed_A.txt 0.00085205 0.000849864 2.186e-06
335 Pubmed_A.txt 0.000845507 0.000843625 1.882e-06
336 Pubmed_A.txt 0.000992359 0.000989969 2.39e-06
337 Pubmed_A.txt 0.000987964 0.000985578 2.386e-06
338 Pubmed_A.txt 0.00098744 0.00098533 2.11e-06
339 Pubmed_A.txt 0.000982429 0.000980023 2.406e-06
340 Pubmed_A.txt 0.00098146 0.000979786 1.674e-06
341 Pubmed_A.txt 0.000978196 0.000976002 2.194e-06
342 Pubmed_A.txt 0.000987294 0.000984949 2.345e-06
343 Pubmed_A.txt 0.000979823 0.000978513 1.31e-06
344 Pubmed_A.txt 0.000968169 0.000966701 1.468e-06
345 Pubmed_A.txt 0.000963318 0.000962263 1.055e-06
346 Pubmed_A.txt 0.000977633 0.000976032 1.601e-06
347 Pubmed_A.txt 0.0009715 0.000970165 1.335e-06
348 Pubmed_A.txt 0.000971484 0.000970164 1.32e-06
349 Pubmed_A.txt 0.000967259 0.000965919 1.34e-06
350 Pubmed_A.txt 0.000975741 0.000974247 1.494e-06
351 Pubmed_A.txt 0.000970298 0.000968258 2.04e-06
352 Pubmed_A.txt 0.00104658 0.00104417 2.415e-06
353 Pubmed_A.txt 0.00104139 0.00103911 2.273e-06
354 Pubmed_A.txt 0.00104957 0.00104696 2.607e-06
355 Pubmed_A.txt 0.00104358 0.00104146 2.115e-06
356 Pubmed_A.txt 0.00104727 0.00104598 1.294e-06
357 Pubmed_A.txt 0.0010441 0.0010421 1.995e-06
358 Pubmed_A.txt 0.00105029 0.00104815 2.136e-06
359 Pubmed_A.txt 0.00104598 0.00104355 2.435e-06
360 Pubmed_A.txt 0.000995659 0.000994318 1.341e-06
361 Pubmed_A.txt 0.00099252 0.000989667 2.853e-06
362 Pubmed_A.txt 0.00100537 0.00100417 1.194e-06
363 Pubmed_A.txt 0.000999469 0.000998018 1.451e-06
364 Pubmed_A.txt 0.00100198 0.000999829 2.147e-06
365 Pubmed_A.txt 0.000998776 0.000996103 2.673e-06
366 Pubmed_A.txt 0.000999364 0.000997019 2.345e-06
367 Pubmed_A.txt 0.00099276 0.000991093 1.667e-06
368 Pubmed_A.txt 0.000847505 0.000846247 1.258e-06
369 Pubmed_A.txt 0.000843431 0.000842093 1.338e-06
370 Pubmed_A.txt 0.000862651 0.000860183 2.468e-06
371 Pubmed_A.txt 0.000857298 0.000855259 2.039e-06
372 Pubmed_A.txt 0.000857693 0.0008555 2.193e-06
373 Pubmed_A.txt 0.00085189 0.000850187 1.703e-06
374 Pubmed_A.txt 0.000858916 0.000857302 1.614e-06
375 Pubmed_A.txt 0.000853655 0.000851863 1.792e-06
376 Pubmed_A.txt 0.00085266 0.000850535 2.125e-06
377 Pubmed_A.txt 0.000847294 0.000845829 1.465e-06
378 Pubmed_A.txt 0.000862746 0.000860507 2.239e-06
379 Pubmed_A.txt 0.000857413 0.000855409 2.004e-06
380 Pubmed_A.txt 0.000863701 0.000861413 2.288e-06
381 Pubmed_A.txt 0.000860227 0.000857545 2.682e-06
382 Pubmed_A.txt 0.000861477 0.000859161 2.316e-06
383 Pubmed_A.txt 0.000854614 0.000852655 1.959e-06
384 Pubmed_A.txt 0.000902806 0.000901137 1.669e-06
385 Pubmed_A.txt 0.000899934 0.000898161 1.773e-06
386 Pubmed_A.txt 0.000911671 0.000907658 4.013e-06
387 Pubmed_A.txt 0.0009053 0.000902916 2.384e-06
388 Pubmed_A.txt 0.000917099 0.000914964 2.135e-06
389 Pubmed_A.txt 0.000912384 0.000909906 2.478e-06
390 Pubmed_A.txt 0.000916426 0.000914798 1.628e-06
391 Pubmed_A.txt 0.000911311 0.000909662 1.649e-06
392 Pubmed_A.txt 0.000920331 0.000918843 1.488e-06
393 Pubmed_A.txt 0.000916959 0.00091406 2.899e-06
394 Pubmed_A.txt 0.000927352 0.000925421 1.931e-06
395 Pubmed_A.txt 0.000919005 0.00091773 1.275e-06
396 Pubmed_A.txt 0.000918797 0.000917004 1.793e-06
397 Pubmed_A.txt 0.000914582 0.000913041 1.541e-06
398 Pubmed_A.txt 0.000922137 0.000920331 1.806e-06
399 Pubmed_A.txt 0.00091744 0.000915627 1.813e-06
400 Pubmed_A.txt 0.000994182 0.000992549 1.633e-06
401 Pubmed_A.txt 0.000988477 0.00098693 1.547e-06
402 Pubmed_A.txt 0.00100016 0.000997706 2.458e-06
403 Pubmed_A.txt 0.000993484 0.000991512 1.972e-06
404 Pubmed_A.txt 0.00098793 0.000986273 1.657e-06
405 Pubmed_A.txt 0.000982919 0.000981341 1.578e-06
406 Pubmed_A.txt 0.0009927 0.000990083 2.617e-06
407 Pubmed_A.txt 0.000985357 0.000982727 2.63e-06
408 Pubmed_A.txt 0.00093979 0.000937876 1.914e-06
409 Pubmed_A.txt 0.000935243 0.000933434 1.809e-06
410 Pubmed_A.txt 0.000947573 0.000944344 3.229e-06
411 Pubmed_A.txt 0.000940175 0.00093836 1.815e-06
412 Pubmed_A.txt 0.000939706 0.000938229 1.477e-06
413 Pubmed_A.txt 0.000936691 0.00093424 2.451e-06
414 Pubmed_A.txt 0.000948241 0.00094598 2.261e-06
415 Pubmed_A.txt 0.000939032 0.000937471 1.561e-06
416 Pubmed_A.txt 0.000833204 0.000831322 1.882e-06
417 Pubmed_A.txt 0.000827565 0.000825357 2.208e-06
418 Pubmed_A.txt 0.000833972 0.000831256 2.716e-06
419 Pubmed_A.txt 0.000830252 0.000827195 3.057e-06
420 Pubmed_A.txt 0.000832858 0.000829802 3.056e-06
421 Pubmed_A.txt 0.000828087 0.000826037 2.05e-06
422 Pubmed_A.txt 0.000832313 0.000829883 2.43e-06
423 Pubmed_A.txt 0.000827374 0.000825215 2.159e-06
424 Pubmed_A.txt 0.00082306 0.000820928 2.132e-06
425 Pubmed_A.txt 0.000820428 0.000817157 3.271e-06
426 Pubmed_A.txt 0.00082997 0.000826652 3.318e-06
427 Pubmed_A.txt 0.000824089 0.000821306 2.783e-06
428 Pubmed_A.txt 0.000823385 0.000820003 3.382e-06
429 Pubmed_A.txt 0.00081959 0.000816142 3.448e-06
430 Pubmed_A.txt 0.000837292 0.000834216 3.076e-06
431 Pubmed_A.txt 0.000829947 0.000828319 1.628e-06
432 Pubmed_A.txt 0.000931845 0.000930886 9.59e-07
433 Pubmed_A.txt 0.0009284 0.000926594 1.806e-06
434 Pubmed_A.txt 0.000933048 0.000930586 2.462e-06
435 Pubmed_A.txt 0.00092778 0.000925728 2.052e-06
436 Pubmed_A.txt 0.00093466 0.00093195 2.71e-06
437 Pubmed_A.txt 0.000931418 0.000928212 3.206e-06
438 Pubmed_A.txt 0.000935335 0.000930713 4.622e-06
439 Pubmed_A.txt 0.000929165 0.0009258 3.365e-06
440 Pubmed_A.txt 0.000938156 0.000935594 2.562e-06
441 Pubmed_A.txt 0.000933891 0.000931358 2.533e-06
442 Pubmed_A.txt 0.000947728 0.000944806 2.922e-06
443 Pubmed_A.txt 0.000940023 0.000936584 3.439e-06
444 Pubmed_A.txt 0.0009383 0.000935315 2.985e-06
445 Pubmed_A.txt 0.000931771 0.000928798 2.973e-06
446 Pubmed_A.txt 0.000941806 0.000938727 3.079e-06
447 Pubmed_A.txt 0.000936454 0.000933116 3.338e-06
448 Pubmed_A.txt 0.00100932 0.00100656 2.76e-06
449 Pubmed_A.txt 0.00100502 0.00100209 2.928e-06
450 Pubmed_A.txt 0.0010142 0.00101238 1.813e-06
451 Pubmed_A.txt 0.00100882 0.00100644 2.384e-06
452 Pubmed_A.txt 0.00100982 0.00100672 3.097e-06
453 Pubmed_A.txt 0.00100566 0.00100169 3.97e-06
454 Pubmed_A.txt 0.00101136 0.00100879 2.574e-06
455 Pubmed_A.txt 0.00100268 0.00100126 1.419e-06
456 Pubmed_A.txt 0.000955626 0.000954202 1.424e-06
457 Pubmed_A.txt 0.000951152 0.00094965 1.502e-06
458 Pubmed_A.txt 0.000960851 0.000959699 1.152e-06
459 Pubmed_A.txt 0.00095552 0.000953575 1.945e-06
460 Pubmed_A.txt 0.000958122 0.000956663 1.459e-06
461 Pubmed_A.txt 0.000953737 0.000952621 1.116e-06
462 Pubmed_A.txt 0.000959194 0.000957131 2.063e-06
463 Pubmed_A.txt 0.000950783 0.000949123 1.66e-06
464 Pubmed_A.txt 0.000843337 0.000842096 1.241e-06
465 Pubmed_A.txt 0.000839453 0.000837673 1.78e-06
466 Pubmed_A.txt 0.000846445 0.000844825 1.62e-06
467 Pubmed_A.txt 0.000841188 0.000839437 1.751e-06
468 Pubmed_A.txt 0.000840708 0.000839252 1.456e-06
469 Pubmed_A.txt 0.000836615 0.000835025 1.59e-06
470 Pubmed_A.txt 0.000846793 0.000845457 1.336e-06
471 Pubmed_A.txt 0.000841446 0.000840413 1.033e-06
472 Pubmed_A.txt 0.000833765 0.000832593 1.172e-06
473 Pubmed_A.txt 0.00083143 0.00082868 2.75e-06
474 Pubmed_A.txt 0.000843807 0.000840897 2.91e-06
475 Pubmed_A.txt 0.000836054 0.000834478 1.576e-06
476 Pubmed_A.txt 0.00084089 0.000838636 2.254e-06
477 Pubmed_A.txt 0.000836332 0.000833768 2.564e-06
478 Pubmed_A.txt 0.000847107 0.000842465 4.642e-06
479 Pubmed_A.txt 0.000839869 0.000836157 3.712e-06
480 Pubmed_A.txt 0.000922038 0.000919724 2.314e-06
481 Pubmed_A.txt 0.000918559 0.000917038 1.521e-06
482 Pubmed_A.txt 0.000925899 0.000923369 2.53e-06
483 Pubmed_A.txt 0.000918858 0.000916574 2.284e-06
484 Pubmed_A.txt 0.000927001 0.00092449 2.511e-06
485 Pubmed_A.txt 0.000922943 0.000921026 1.917e-06
486 Pubmed_A.txt 0.000927656 0.000926298 1.358e-06
487 Pubmed_A.txt 0.000923194 0.000920086 3.108e-06
488 Pubmed_A.txt 0.000928571 0.000924949 3.622e-06
489 Pubmed_A.txt 0.000923775 0.000921311 2.464e-06
490 Pubmed_A.txt 0.000938943 0.000935685 3.258e-06
491 Pubmed_A.txt 0.00093003 0.000928383 1.647e-06
492 Pubmed_A.txt 0.000927734 0.000924261 3.473e-06
493 Pubmed_A.txt 0.00092433 0.000921207 3.123e-06
494 Pubmed_A.txt 0.000931793 0.000927543 4.25e-06
495 Pubmed_A.txt 0.000927868 0.000924516 3.352e-06
496 Pubmed_A.txt 0.00100555 0.00100201 3.544e-06
497 Pubmed_A.txt 0.0010002 0.000997968 2.23e-06
498 Pubmed_A.txt 0.00101182 0.00100923 2.591e-06
499 Pubmed_A.txt 0.00100561 0.00100277 2.843e-06
500 Pubmed_A.txt 0.00100299 0.00100073 2.257e-06
501 Pubmed_A.txt 0.000998824 0.000996675 2.149e-06
502 Pubmed_A.txt 0.00100377 0.00100194 1.828e-06
503 Pubmed_A.txt 0.000995766 0.000994441 1.325e-06
504 Pubmed_A.txt 0.000954539 0.000951588 2.951e-06
505 Pubmed_A.txt 0.000949464 0.000947248 2.216e-06
506 Pubmed_A.txt 0.000966275 0.000964299 1.976e-06
507 Pubmed_A.txt 0.00095942 0.000957742 1.678e-06
508 Pubmed_A.txt 0.000951611 0.000949334 2.277e-06
509 Pubmed_A.txt 0.000949112 0.000945453 3.659e-06
510 Pubmed_A.txt 0.000962004 0.000958954 3.05e-06
511 Pubmed_A.txt 0.00095481 0.000950854 3.956e-06
512 Pubmed_A.txt 0.000836759 0.000834093 2.666e-06
513 Pubmed_A.txt 0.000830534 0.00082959 9.44e-07
514 Pubmed_A.txt 0.000839685 0.000837965 1.72e-06
515 Pubmed_A.txt 0.000833947 0.000832856 1.091e-06
516 Pubmed_A.txt 0.000843132 0.000841631 1.501e-06
517 Pubmed_A.txt 0.000837404 0.000836085 1.319e-06
518 Pubmed_A.txt 0.000841325 0.000839337 1.988e-06
519 Pubmed_A.txt 0.000835097 0.000833039 2.058e-06
520 Pubmed_A.txt 0.000842324 0.000841149 1.175e-06
521 Pubmed_A.txt 0.000838919 0.00083685 2.069e-06
522 Pubmed_A.txt 0.00084983 0.000846419 3.411e-06
523 Pubmed_A.txt 0.000843778 0.000841151 2.627e-06
524 Pubmed_A.txt 0.000836013 0.000834573 1.44e-06
525 Pubmed_A.txt 0.000833097 0.000829524 3.573e-06
526 Pubmed_A.txt 0.000844715 0.000842049 2.666e-06
527 Pubmed_A.txt 0.000838112 0.00083434 3.772e-06
528 Pubmed_A.txt 0.000973501 0.000972138 1.363e-06
529 Pubmed_A.txt 0.000971426 0.000968725 2.701e-06
530 Pubmed_A.txt 0.000980844 0.000976271 4.573e-06
531 Pubmed_A.txt 0.000973173 0.000970023 3.15e-06
532 Pubmed_A.txt 0.000976312 0.000975086 1.226e-06
533 Pubmed_A.txt 0.000972707 0.000970641 2.066e-06
534 Pubmed_A.txt 0.000979592 0.000978105 1.487e-06
535 Pubmed_A.txt 0.000974301 0.000972457 1.844e-06
536 Pubmed_A.txt 0.000985185 0.000982257 2.928e-06
537 Pubmed_A.txt 0.000981907 0.000978815 3.092e-06
538 Pubmed_A.txt 0.000989103 0.000985472 3.631e-06
539 Pubmed_A.txt 0.000981658 0.000978294 3.364e-06
540 Pubmed_A.txt 0.000985286 0.00098347 1.816e-06
541 Pubmed_A.txt 0.000982021 0.000979202 2.819e-06
542 Pubmed_A.txt 0.000984538 0.000982914 1.624e-06
543 Pubmed_A.txt 0.000978615 0.00097578 2.835e-06
544 Pubmed_A.txt 0.0010479 0.001045 2.904e-06
545 Pubmed_A.txt 0.00104339 0.00104132 2.072e-06
546 Pubmed_A.txt 0.0010491 0.00104711 1.989e-06
547 Pubmed_A.txt 0.00104387 0.00104175 2.119e-06
548 Pubmed_A.txt 0.00104503 0.00104277 2.256e-06
549 Pubmed_A.txt 0.00104017 0.00103799 2.18e-06
550 Pubmed_A.txt 0.0010477 0.00104617 1.527e-06
551 Pubmed_A.txt 0.00104082 0.00103919 1.623e-06
552 Pubmed_A.txt 0.000990085 0.000986182 3.903e-06
553 Pubmed_A.txt 0.000984154 0.00098089 3.264e-06
554 Pubmed_A.txt 0.000993961 0.000990948 3.013e-06
555 Pubmed_A.txt 0.000986629 0.000984184 2.445e-06
556 Pubmed_A.txt 0.000980644 0.000979669 9.75e-07
557 Pubmed_A.txt 0.000976004 0.000975188 8.16e-07
558 Pubmed_A.txt 0.000989716 0.000987757 1.959e-06
559 Pubmed_A.txt 0.000982163 0.000980471 1.692e-06
560 Pubmed_A.txt 0.000853042 0.000848003 5.039e-06
561 Pubmed_A.txt 0.000845206 0.000843613 1.593e-06
562 Pubmed_A.txt 0.000861038 0.000858551 2.487e-06
563 Pubmed_A.txt 0.000855988 0.000854099 1.889e-06
564 Pubmed_A.txt 0.000850516 0.000849318 1.198e-06
565 Pubmed_A.txt 0.000846039 0.000844818 1.221e-06
566 Pubmed_A.txt 0.000855698 0.000854239 1.459e-06
567 Pubmed_A.txt 0.000850777 0.00084886 1.917e-06
568 Pubmed_A.txt 0.000853311 0.000851683 1.628e-06
569 Pubmed_A.txt 0.000849456 0.000848089 1.367e-06
570 Pubmed_A.txt 0.000863066 0.00086146 1.606e-06
571 Pubmed_A.txt 0.000857162 0.000855625 1.537e-06
572 Pubmed_A.txt 0.00085396 0.000851963 1.997e-06
573 Pubmed_A.txt 0.000848537 0.000846968 1.569e-06
574 Pubmed_A.txt 0.000862569 0.000860322 2.247e-06
575 Pubmed_A.txt 0.000855525 0.000853699 1.826e-06
576 Pubmed_A.txt 0.000963613 0.000961914 1.699e-06
577 Pubmed_A.txt 0.000960654 0.000958947 1.707e-06
578 Pubmed_A.txt 0.000967946 0.000966386 1.56e-06
579 Pubmed_A.txt 0.000960675 0.000959537 1.138e-06
580 Pubmed_A.txt 0.000978959 0.000977565 1.394e-06
581 Pubmed_A.txt 0.00097406 0.000972643 1.417e-06
582 Pubmed_A.txt 0.000988835 0.000986681 2.154e-06
583 Pubmed_A.txt 0.000981929 0.000980568 1.361e-06
584 Pubmed_A.txt 0.000971723 0.000970822 9.01e-07
585 Pubmed_A.txt 0.000967634 0.000966157 1.477e-06
586 Pubmed_A.txt 0.000980643 0.000979698 9.45e-07
587 Pubmed_A.txt 0.00097364 0.000972196 1.444e-06
588 Pubmed_A.txt 0.000981424 0.000979985 1.439e-06
589 Pubmed_A.txt 0.000976903 0.000975461 1.442e-06
590 Pubmed_A.txt 0.000982231 0.000980445 1.786e-06
591 Pubmed_A.txt 0.000976698 0.000974716 1.982e-06
592 Pubmed_A.txt 0.0010363 0.00103537 9.3e-07
593 Pubmed_A.txt 0.00103275 0.00103102 1.727e-06
594 Pubmed_A.txt 0.00104429 0.0010414 2.891e-06
595 Pubmed_A.txt 0.00103667 0.0010341 2.565e-06
596 Pubmed_A.txt 0.00103179 0.00103044 1.347e-06
597 Pubmed_A.txt 0.00102593 0.00102432 1.612e-06
598 Pubmed_A.txt 0.00102789 0.00102595 1.937e-06
599 Pubmed_A.txt 0.00101871 0.00101757 1.14e-06
600 Pubmed_A.txt 0.000975554 0.000973751 1.803e-06
601 Pubmed_A.txt 0.000971072 0.000969421 1.651e-06
602 Pubmed_A.txt 0.000986966 0.000983746 3.22e-06
603 Pubmed_A.txt 0.000980353 0.00097872 1.633e-06
604 Pubmed_A.txt 0.000977497 0.000976023 1.474e-06
605 Pubmed_A.txt 0.000973812 0.00097175 2.062e-06
606 Pubmed_A.txt 0.000983279 0.000981 2.279e-06
607 Pubmed_A.txt 0.000975912 0.000974347 1.565e-06
608 Pubmed_A.txt 0.000838303 0.0008369 1.403e-06
609 Pubmed_A.txt 0.00083492 0.000833344 1.576e-06
610 Pubmed_A.txt 0.000847132 0.000845435 1.697e-06
611 Pubmed_A.txt 0.000843452 0.000841808 1.644e-06
612 Pubmed_A.txt 0.000852966 0.00085141 1.556e-06
613 Pubmed_A.txt 0.000847549 0.00084613 1.419e-06
614 Pubmed_A.txt 0.000856043 0.000854163 1.88e-06
615 Pubmed_A.txt 0.000851886 0.000850041 1.845e-06
616 Pubmed_A.txt 0.000845737 0.000844927 8.1e-07
617 Pubmed_A.txt 0.000842348 0.000840986 1.362e-06
618 Pubmed_A.txt 0.000850564 0.000848437 2.127e-06
619 Pubmed_A.txt 0.000844451 0.000843109 1.342e-06
620 Pubmed_A.txt 0.000847492 0.000846432 1.06e-06
621 Pubmed_A.txt 0.00084397 0.000842056 1.914e-06
622 Pubmed_A.txt 0.000859316 0.000857316 2e-06
623 Pubmed_A.txt 0.000849618 0.000848323 1.295e-06
624 Pubmed_A.txt 0.000917441 0.000915497 1.944e-06
625 Pubmed_A.txt 0.000914167 0.000911745 2.422e-06
626 Pubmed_A.txt 0.000926126 0.000923904 2.222e-06
627 Pubmed_A.txt 0.000919927 0.000918117 1.81e-06
628 Pubmed_A.txt 0.00092993 0.000928181 1.749e-06
629 Pubmed_A.txt 0.00092617 0.000924355 1.815e-06
630 Pubmed_A.txt 0.00093278 0.000930699 2.081e-06
631 Pubmed_A.txt 0.000927881 0.000925619 2.262e-06
632 Pubmed_A.txt 0.000932629 0.000931282 1.347e-06
633 Pubmed_A.txt 0.000927661 0.000926216 1.445e-06
634 Pubmed_A.txt 0.000935525 0.000932967 2.558e-06
635 Pubmed_A.txt 0.000928434 0.000926293 2.141e-06
636 Pubmed_A.txt 0.000934524 0.000933361 1.163e-06
637 Pubmed_A.txt 0.000931313 0.000929897 1.416e-06
638 Pubmed_A.txt 0.000937138 0.00093564 1.498e-06
639 Pubmed_A.txt 0.000929896 0.000928353 1.543e-06
640 Pubmed_A.txt 0.00101035 0.00100896 1.391e-06
641 Pubmed_A.txt 0.00100173 0.00100014 1.588e-06
642 Pubmed_A.txt 0.00101101 0.0010088 2.209e-06
643 Pubmed_A.txt 0.00100268 0.00100118 1.497e-06
644 Pubmed_A.txt 0.00100084 0.000999496 1.345e-06
645 Pubmed_A.txt 0.00099552 0.000993614 1.906e-06
646 Pubmed_A.txt 0.00100642 0.00100502 1.405e-06
647 Pubmed_A.txt 0.000998445 0.000997309 1.136e-06
648 Pubmed_A.txt 0.000945033 0.000943653 1.38e-06
649 Pubmed_A.txt 0.00094113 0.000939799 1.331e-06
650 Pubmed_A.txt 0.000950536 0.000948893 1.643e-06
651 Pubmed_A.txt 0.000944906 0.000942481 2.425e-06
652 Pubmed_A.txt 0.000950818 0.000948115 2.703e-06
653 Pubmed_A.txt 0.000944938 0.000943621 1.317e-06
654 Pubmed_A.txt 0.000958661 0.000956856 1.805e-06
655 Pubmed_A.txt 0.000951736 0.000949084 2.652e-06
656 Pubmed_A.txt 0.000832672 0.000831265 1.407e-06
657 Pubmed_A.txt 0.000829965 0.000826954 3.011e-06
658 Pubmed_A.txt 0.000847887 0.000843511 4.376e-06
659 Pubmed_A.txt 0.000845569 0.000840523 5.046e-06
660 Pubmed_A.txt 0.00084518 0.000841693 3.487e-06
661 Pubmed_A.txt 0.000840669 0.000838171 2.498e-06
662 Pubmed_A.txt 0.000844602 0.000840725 3.877e-06
663 Pubmed_A.txt 0.000837903 0.000835917 1.986e-06
664 Pubmed_A.txt 0.000839578 0.000835752 3.826e-06
665 Pubmed_A.txt 0.000834859 0.000831845 3.014e-06
666 Pubmed_A.txt 0.000846957 0.000842855 4.102e-06
667 Pubmed_A.txt 0.000839419 0.000836262 3.157e-06
668 Pubmed_A.txt 0.000838052 0.000833849 4.203e-06
669 Pubmed_A.txt 0.000833292 0.00083 3.292e-06
670 Pubmed_A.txt 0.000847278 0.000843738 3.54e-06
671 Pubmed_A.txt 0.000840507 0.000837275 3.232e-06
672 Pubmed_A.txt 0.000917768 0.000916526 1.242e-06
673 Pubmed_A.txt 0.000915807 0.000913667 2.14e-06
674 Pubmed_A.txt 0.000923161 0.000921627 1.534e-06
675 Pubmed_A.txt 0.000917119 0.000915464 1.655e-06
676 Pubmed_A.txt 0.000929256 0.000928103 1.153e-06
677 Pubmed_A.txt 0.000925416 0.000923913 1.503e-06
678 Pubmed_A.txt 0.00093603 0.000934416 1.614e-06
679 Pubmed_A.txt 0.000930177 0.000926411 3.766e-06
680 Pubmed_A.txt 0.000939941 0.000937343 2.598e-06
681 Pubmed_A.txt 0.000933908 0.000932587 1.321e-06
682 Pubmed_A.txt 0.000944134 0.00094292 1.214e-06
683 Pubmed_A.txt 0.000936338 0.000935445 8.93e-07
684 Pubmed_A.txt 0.000949015 0.000942996 6.019e-06
685 Pubmed_A.txt 0.000941233 0.000938047 3.186e-06
686 Pubmed_A.txt 0.000946188 0.00094311 3.078e-06
687 Pubmed_A.txt 0.000940232 0.000937963 2.269e-06
688 Pubmed_A.txt 0.00101349 0.00101138 2.11e-06
689 Pubmed_A.txt 0.00100955 0.00100671 2.841e-06
690 Pubmed_A.txt 0.0010239 0.00101812 5.777e-06
691 Pubmed_A.txt 0.00101512 0.00101315 1.967e-06
692 Pubmed_A.txt 0.00101479 0.00101356 1.232e-06
693 Pubmed_A.txt 0.00101122 0.00100948 1.74e-06
694 Pubmed_A.txt 0.00101487 0.00101328 1.593e-06
695 Pubmed_A.txt 0.00100804 0.0010061 1.943e-06
696 Pubmed_A.txt 0.000969749 0.000965134 4.615e-06
697 Pubmed_A.txt 0.000964481 0.000960535 3.946e-06
698 Pubmed_A.txt 0.000968322 0.000966359 1.963e-06
699 Pubmed_A.txt 0.000961905 0.000960648 1.257e-06
700 Pubmed_A.txt 0.000968505 0.000966282 2.223e-06
701 Pubmed_A.txt 0.000965898 0.000962931 2.967e-06
702 Pubmed_A.txt 0.000974106 0.000970866 3.24e-06
703 Pubmed_A.txt 0.000966851 0.000963341 3.51e-06
704 Pubmed_A.txt 0.000838456 0.000835194 3.262e-06
705 Pubmed_A.txt 0.000835759 0.000831244 4.515e-06
706 Pubmed_A.txt 0.000850557 0.000845789 4.768e-06
707 Pubmed_A.txt 0.000842211 0.000840521 1.69e-06
708 Pubmed_A.txt 0.000846426 0.000842642 3.784e-06
709 Pubmed_A.txt 0.000838954 0.000837486 1.468e-06
710 Pubmed_A.txt 0.000848007 0.000846326 1.681e-06
711 Pubmed_A.txt 0.000843722 0.000841722 2e-06
712 Pubmed_A.txt 0.000843275 0.000841735 1.54e-06
713 Pubmed_A.txt 0.00083955 0.000837881 1.669e-06
714 Pubmed_A.txt 0.000851481 0.000849448 2.033e-06
715 Pubmed_A.txt 0.000844972 0.000843165 1.807e-06
716 Pubmed_A.txt 0.000845481 0.000842608 2.873e-06
717 Pubmed_A.txt 0.000839788 0.000838313 1.475e-06
718 Pubmed_A.txt 0.000850214 0.000847002 3.212e-06
719 Pubmed_A.txt 0.000842278 0.000840252 2.026e-06
720 Pubmed_A.txt 0.000964562 0.000962886 1.676e-06
721 Pubmed_A.txt 0.000961359 0.000959299 2.06e-06
722 Pubmed_A.txt 0.000968854 0.000966964 1.89e-06
723 Pubmed_A.txt 0.000962122 0.000960509 1.613e-06
724 Pubmed_A.txt 0.000974152 0.000972629 1.523e-06
725 Pubmed_A.txt 0.000970108 0.000968377 1.731e-06
726 Pubmed_A.txt 0.000972641 0.000970066 2.575e-06
727 Pubmed_A.txt 0.000966577 0.000964169 2.408e-06
728 Pubmed_A.txt 0.000971876 0.000969111 2.765e-06
729 Pubmed_A.txt 0.000965395 0.000964344 1.051e-06
730 Pubmed_A.txt 0.000976364 0.000973945 2.419e-06
731 Pubmed_A.txt 0.000968421 0.000967116 1.305e-06
732 Pubmed_A.txt 0.0009715 0.000967697 3.803e-06
733 Pubmed_A.txt 0.000965523 0.000963037 2.486e-06
734 Pubmed_A.txt 0.000967124 0.000965279 1.845e-06
735 Pubmed_A.txt 0.000960866 0.00095885 2.016e-06
736 Pubmed_A.txt 0.0010214 0.00101991 1.494e-06
737 Pubmed_A.txt 0.00101768 0.001016 1.681e-06
738 Pubmed_A.txt 0.00102699 0.00102545 1.538e-06
739 Pubmed_A.txt 0.00102198 0.00102008 1.895e-06
740 Pubmed_A.txt 0.00101423 0.00101176 2.471e-06
741 Pubmed_A.txt 0.0010086 0.00100725 1.35e-06
742 Pubmed_A.txt 0.00102139 0.0010198 1.584e-06
743 Pubmed_A.txt 0.00101659 0.00101459 1.999e-06
744 Pubmed_A.txt 0.000977601 0.000976107 1.494e-06
745 Pubmed_A.txt 0.000972697 0.000971302 1.395e-06
746 Pubmed_A.txt 0.000980299 0.00097862 1.679e-06
747 Pubmed_A.txt 0.000974519 0.000973024 1.495e-06
748 Pubmed_A.txt 0.000980939 0.000979357 1.582e-06
749 Pubmed_A.txt 0.000977953 0.000975198 2.755e-06
750 Pubmed_A.txt 0.000983552 0.00098092 2.632e-06
751 Pubmed_A.txt 0.000977647 0.000975142 2.505e-06
752 Pubmed_A.txt 0.00085355 0.000850066 3.484e-06
753 Pubmed_A.txt 0.000847886 0.000845579 2.307e-06
754 Pubmed_A.txt 0.000855504 0.000854118 1.386e-06
755 Pubmed_A.txt 0.000852621 0.000850345 2.276e-06
756 Pubmed_A.txt 0.000858144 0.000850927 7.217e-06
757 Pubmed_A.txt 0.000849459 0.00084565 3.809e-06
758 Pubmed_A.txt 0.000856364 0.000853477 2.887e-06
759 Pubmed_A.txt 0.000853511 0.000849168 4.343e-06
760 Pubmed_A.txt 0.000862687 0.000858758 3.929e-06
761 Pubmed_A.txt 0.000856231 0.000852932 3.299e-06
762 Pubmed_A.txt 0.000860286 0.000857594 2.692e-06
763 Pubmed_A.txt 0.000853446 0.000850703 2.743e-06
764 Pubmed_A.txt 0.000858402 0.000853599 4.803e-06
765 Pubmed_A.txt 0.000852603 0.000849514 3.089e-06
766 Pubmed_A.txt 0.000865376 0.000860532 4.844e-06
767 Pubmed_A.txt 0.000906551 0.000854738 5.1813e-05
TACC:  Shutdown complete. Exiting. 
