TACC:  Starting up job 10024616 
TACC:  Starting parallel tasks... 
0 Citeseer_feat_L1.txt 0.00219874 0.00219528 3.463e-06
1 Citeseer_feat_L1.txt 0.00217722 0.00217155 5.673e-06
2 Citeseer_feat_L1.txt 0.0022172 0.00221255 4.642e-06
3 Citeseer_feat_L1.txt 0.00234077 0.00233642 4.345e-06
4 Citeseer_feat_L1.txt 0.00225918 0.0022552 3.983e-06
5 Citeseer_feat_L1.txt 0.00219852 0.00219399 4.534e-06
6 Citeseer_feat_L1.txt 0.00220969 0.00220572 3.974e-06
7 Citeseer_feat_L1.txt 0.00228458 0.00228089 3.697e-06
8 Citeseer_feat_L1.txt 0.00221994 0.00221543 4.504e-06
9 Citeseer_feat_L1.txt 0.00222963 0.00222645 3.177e-06
10 Citeseer_feat_L1.txt 0.00222652 0.00222268 3.837e-06
11 Citeseer_feat_L1.txt 0.00218691 0.00218277 4.142e-06
12 Citeseer_feat_L1.txt 0.00220633 0.00220239 3.94e-06
13 Citeseer_feat_L1.txt 0.00222961 0.00222489 4.723e-06
14 Citeseer_feat_L1.txt 0.00235024 0.00234569 4.551e-06
15 Citeseer_feat_L1.txt 0.00218701 0.00218351 3.501e-06
16 Citeseer_feat_L1.txt 0.00285594 0.0028511 4.837e-06
17 Citeseer_feat_L1.txt 0.00285312 0.00284919 3.932e-06
18 Citeseer_feat_L1.txt 0.00297934 0.00297524 4.103e-06
19 Citeseer_feat_L1.txt 0.00282518 0.00282067 4.511e-06
20 Citeseer_feat_L1.txt 0.00266982 0.00266505 4.768e-06
21 Citeseer_feat_L1.txt 0.00229131 0.00228717 4.144e-06
22 Citeseer_feat_L1.txt 0.00225884 0.00225462 4.217e-06
23 Citeseer_feat_L1.txt 0.00242456 0.00242001 4.558e-06
24 Citeseer_feat_L1.txt 0.00225412 0.00224988 4.235e-06
25 Citeseer_feat_L1.txt 0.00233057 0.00232627 4.299e-06
26 Citeseer_feat_L1.txt 0.00220966 0.0022062 3.456e-06
27 Citeseer_feat_L1.txt 0.0022605 0.00225667 3.835e-06
28 Citeseer_feat_L1.txt 0.0026804 0.00267694 3.458e-06
29 Citeseer_feat_L1.txt 0.00260986 0.00260646 3.4e-06
30 Citeseer_feat_L1.txt 0.00266848 0.00266378 4.703e-06
31 Citeseer_feat_L1.txt 0.00262811 0.00262407 4.036e-06
32 Citeseer_feat_L1.txt 0.00212172 0.00211752 4.191e-06
33 Citeseer_feat_L1.txt 0.00212934 0.00212491 4.437e-06
34 Citeseer_feat_L1.txt 0.00212241 0.00211836 4.049e-06
35 Citeseer_feat_L1.txt 0.00206552 0.00206125 4.274e-06
36 Citeseer_feat_L1.txt 0.00209845 0.00209455 3.9e-06
37 Citeseer_feat_L1.txt 0.00212377 0.00211951 4.264e-06
38 Citeseer_feat_L1.txt 0.00214352 0.00213841 5.111e-06
39 Citeseer_feat_L1.txt 0.00213571 0.00213213 3.58e-06
40 Citeseer_feat_L1.txt 0.00211039 0.00210622 4.166e-06
41 Citeseer_feat_L1.txt 0.00206659 0.00206299 3.601e-06
42 Citeseer_feat_L1.txt 0.00214796 0.00214359 4.377e-06
43 Citeseer_feat_L1.txt 0.00214426 0.00213978 4.481e-06
44 Citeseer_feat_L1.txt 0.00210876 0.00210463 4.135e-06
45 Citeseer_feat_L1.txt 0.0021123 0.00210838 3.92e-06
46 Citeseer_feat_L1.txt 0.00213233 0.00212844 3.897e-06
47 Citeseer_feat_L1.txt 0.00217997 0.00217611 3.852e-06
48 Citeseer_feat_L1.txt 0.00221996 0.00221551 4.455e-06
49 Citeseer_feat_L1.txt 0.00222074 0.00221662 4.121e-06
50 Citeseer_feat_L1.txt 0.00213104 0.00212631 4.733e-06
51 Citeseer_feat_L1.txt 0.00219366 0.00218927 4.39e-06
52 Citeseer_feat_L1.txt 0.00230355 0.00229936 4.192e-06
53 Citeseer_feat_L1.txt 0.00219311 0.00218805 5.055e-06
54 Citeseer_feat_L1.txt 0.00215085 0.00214578 5.064e-06
55 Citeseer_feat_L1.txt 0.00219869 0.00219416 4.527e-06
56 Citeseer_feat_L1.txt 0.00215333 0.00214932 4.008e-06
57 Citeseer_feat_L1.txt 0.00222682 0.00222202 4.799e-06
58 Citeseer_feat_L1.txt 0.00224746 0.00224223 5.225e-06
59 Citeseer_feat_L1.txt 0.0023043 0.00229946 4.839e-06
60 Citeseer_feat_L1.txt 0.00216849 0.00216473 3.763e-06
61 Citeseer_feat_L1.txt 0.00220592 0.00220187 4.053e-06
62 Citeseer_feat_L1.txt 0.00224093 0.0022373 3.634e-06
63 Citeseer_feat_L1.txt 0.00223166 0.00222764 4.019e-06
64 Citeseer_feat_L1.txt 0.00230573 0.00230227 3.459e-06
65 Citeseer_feat_L1.txt 0.00228387 0.00227919 4.675e-06
66 Citeseer_feat_L1.txt 0.00228222 0.00227825 3.969e-06
67 Citeseer_feat_L1.txt 0.00229957 0.00229536 4.214e-06
68 Citeseer_feat_L1.txt 0.00277594 0.00277214 3.792e-06
69 Citeseer_feat_L1.txt 0.00237214 0.00236824 3.9e-06
70 Citeseer_feat_L1.txt 0.00262395 0.00261849 5.458e-06
71 Citeseer_feat_L1.txt 0.00228585 0.00228207 3.78e-06
72 Citeseer_feat_L1.txt 0.00226762 0.00226409 3.537e-06
73 Citeseer_feat_L1.txt 0.00228586 0.00228149 4.371e-06
74 Citeseer_feat_L1.txt 0.00217551 0.00217054 4.975e-06
75 Citeseer_feat_L1.txt 0.00229718 0.00229247 4.714e-06
76 Citeseer_feat_L1.txt 0.00222525 0.00222062 4.631e-06
77 Citeseer_feat_L1.txt 0.00216607 0.00216277 3.302e-06
78 Citeseer_feat_L1.txt 0.00273541 0.00272894 6.475e-06
79 Citeseer_feat_L1.txt 0.00220128 0.00219713 4.146e-06
80 Citeseer_feat_L1.txt 0.00208223 0.00207781 4.416e-06
81 Citeseer_feat_L1.txt 0.00208341 0.00207839 5.015e-06
82 Citeseer_feat_L1.txt 0.00209358 0.00208959 3.992e-06
83 Citeseer_feat_L1.txt 0.00204412 0.0020399 4.229e-06
84 Citeseer_feat_L1.txt 0.0020122 0.00200839 3.81e-06
85 Citeseer_feat_L1.txt 0.00216261 0.00215828 4.329e-06
86 Citeseer_feat_L1.txt 0.00215995 0.00215612 3.826e-06
87 Citeseer_feat_L1.txt 0.0020205 0.0020164 4.098e-06
88 Citeseer_feat_L1.txt 0.00206267 0.00205877 3.9e-06
89 Citeseer_feat_L1.txt 0.00207632 0.00207138 4.938e-06
90 Citeseer_feat_L1.txt 0.0021055 0.00210196 3.544e-06
91 Citeseer_feat_L1.txt 0.00200933 0.00200412 5.215e-06
92 Citeseer_feat_L1.txt 0.00206209 0.002058 4.087e-06
93 Citeseer_feat_L1.txt 0.00205486 0.00205048 4.381e-06
94 Citeseer_feat_L1.txt 0.00208168 0.0020774 4.275e-06
95 Citeseer_feat_L1.txt 0.00217161 0.0021671 4.511e-06
96 Citeseer_feat_L1.txt 0.00228011 0.00227508 5.031e-06
97 Citeseer_feat_L1.txt 0.00226984 0.00226623 3.61e-06
98 Citeseer_feat_L1.txt 0.00219205 0.00218799 4.056e-06
99 Citeseer_feat_L1.txt 0.00223013 0.00222563 4.5e-06
100 Citeseer_feat_L1.txt 0.0022737 0.00226953 4.168e-06
101 Citeseer_feat_L1.txt 0.0022895 0.00228537 4.13e-06
102 Citeseer_feat_L1.txt 0.0021961 0.00219201 4.09e-06
103 Citeseer_feat_L1.txt 0.00227502 0.00227087 4.146e-06
104 Citeseer_feat_L1.txt 0.00223051 0.00222682 3.69e-06
105 Citeseer_feat_L1.txt 0.00226117 0.0022572 3.971e-06
106 Citeseer_feat_L1.txt 0.00227047 0.00226711 3.361e-06
107 Citeseer_feat_L1.txt 0.00222236 0.00221835 4.009e-06
108 Citeseer_feat_L1.txt 0.00221331 0.00220939 3.929e-06
109 Citeseer_feat_L1.txt 0.00224305 0.00223887 4.181e-06
110 Citeseer_feat_L1.txt 0.0022834 0.00227947 3.93e-06
111 Citeseer_feat_L1.txt 0.00217229 0.00216819 4.099e-06
112 Citeseer_feat_L1.txt 0.00232727 0.00232347 3.8e-06
113 Citeseer_feat_L1.txt 0.00232806 0.0023245 3.563e-06
114 Citeseer_feat_L1.txt 0.00226367 0.00225996 3.708e-06
115 Citeseer_feat_L1.txt 0.00236159 0.00235612 5.466e-06
116 Citeseer_feat_L1.txt 0.00271343 0.00270791 5.516e-06
117 Citeseer_feat_L1.txt 0.00230806 0.00230405 4.012e-06
118 Citeseer_feat_L1.txt 0.00275143 0.00274332 8.112e-06
119 Citeseer_feat_L1.txt 0.00235682 0.0023527 4.116e-06
120 Citeseer_feat_L1.txt 0.00256474 0.00255951 5.229e-06
121 Citeseer_feat_L1.txt 0.00266143 0.00265687 4.56e-06
122 Citeseer_feat_L1.txt 0.00217874 0.00217491 3.835e-06
123 Citeseer_feat_L1.txt 0.00228458 0.00228017 4.411e-06
124 Citeseer_feat_L1.txt 0.00222732 0.0022243 3.016e-06
125 Citeseer_feat_L1.txt 0.00228429 0.00228019 4.093e-06
126 Citeseer_feat_L1.txt 0.0023391 0.00233536 3.737e-06
127 Citeseer_feat_L1.txt 0.00215178 0.00214688 4.902e-06
128 Citeseer_feat_L1.txt 0.00219521 0.00219122 3.991e-06
129 Citeseer_feat_L1.txt 0.00203742 0.00203352 3.898e-06
130 Citeseer_feat_L1.txt 0.00209983 0.00209677 3.063e-06
131 Citeseer_feat_L1.txt 0.00201124 0.00200744 3.793e-06
132 Citeseer_feat_L1.txt 0.00206067 0.00205613 4.538e-06
133 Citeseer_feat_L1.txt 0.00214403 0.00214038 3.656e-06
134 Citeseer_feat_L1.txt 0.00209429 0.00209038 3.91e-06
135 Citeseer_feat_L1.txt 0.0020304 0.00202674 3.655e-06
136 Citeseer_feat_L1.txt 0.00215233 0.0021489 3.423e-06
137 Citeseer_feat_L1.txt 0.00207861 0.00207438 4.229e-06
138 Citeseer_feat_L1.txt 0.00218407 0.00218046 3.612e-06
139 Citeseer_feat_L1.txt 0.00220136 0.00219722 4.143e-06
140 Citeseer_feat_L1.txt 0.0020697 0.00206602 3.684e-06
141 Citeseer_feat_L1.txt 0.00219204 0.00218835 3.685e-06
142 Citeseer_feat_L1.txt 0.00203545 0.00203181 3.636e-06
143 Citeseer_feat_L1.txt 0.0020363 0.00203292 3.378e-06
144 Citeseer_feat_L1.txt 0.00218283 0.00217809 4.732e-06
145 Citeseer_feat_L1.txt 0.00224196 0.00223708 4.884e-06
146 Citeseer_feat_L1.txt 0.00224365 0.0022397 3.95e-06
147 Citeseer_feat_L1.txt 0.00225549 0.00225194 3.548e-06
148 Citeseer_feat_L1.txt 0.00224753 0.00223904 8.487e-06
149 Citeseer_feat_L1.txt 0.002236 0.00223205 3.95e-06
150 Citeseer_feat_L1.txt 0.00221707 0.00221314 3.926e-06
151 Citeseer_feat_L1.txt 0.00223499 0.00223124 3.744e-06
152 Citeseer_feat_L1.txt 0.00220934 0.00220541 3.925e-06
153 Citeseer_feat_L1.txt 0.00220241 0.00219902 3.389e-06
154 Citeseer_feat_L1.txt 0.00224123 0.00223662 4.607e-06
155 Citeseer_feat_L1.txt 0.00224359 0.0022399 3.69e-06
156 Citeseer_feat_L1.txt 0.00225547 0.00225108 4.395e-06
157 Citeseer_feat_L1.txt 0.00227581 0.00226642 9.397e-06
158 Citeseer_feat_L1.txt 0.0022711 0.0022664 4.7e-06
159 Citeseer_feat_L1.txt 0.00226947 0.00226523 4.238e-06
160 Citeseer_feat_L1.txt 0.00287039 0.00286618 4.212e-06
161 Citeseer_feat_L1.txt 0.00279783 0.00279303 4.803e-06
162 Citeseer_feat_L1.txt 0.00286864 0.00286343 5.204e-06
163 Citeseer_feat_L1.txt 0.00287298 0.00286871 4.274e-06
164 Citeseer_feat_L1.txt 0.00225565 0.00225191 3.734e-06
165 Citeseer_feat_L1.txt 0.00229328 0.0022893 3.978e-06
166 Citeseer_feat_L1.txt 0.00233431 0.00233056 3.749e-06
167 Citeseer_feat_L1.txt 0.0022956 0.00229183 3.769e-06
168 Citeseer_feat_L1.txt 0.00267071 0.00266711 3.602e-06
169 Citeseer_feat_L1.txt 0.00260523 0.00260178 3.45e-06
170 Citeseer_feat_L1.txt 0.00264921 0.00264368 5.528e-06
171 Citeseer_feat_L1.txt 0.00224982 0.00224547 4.355e-06
172 Citeseer_feat_L1.txt 0.00267921 0.0026755 3.71e-06
173 Citeseer_feat_L1.txt 0.00267783 0.00267393 3.907e-06
174 Citeseer_feat_L1.txt 0.00262524 0.00262142 3.817e-06
175 Citeseer_feat_L1.txt 0.00267415 0.00266979 4.359e-06
176 Citeseer_feat_L1.txt 0.00204781 0.00204379 4.029e-06
177 Citeseer_feat_L1.txt 0.00216178 0.00215726 4.515e-06
178 Citeseer_feat_L1.txt 0.00217092 0.00216656 4.363e-06
179 Citeseer_feat_L1.txt 0.00209757 0.00209379 3.786e-06
180 Citeseer_feat_L1.txt 0.002144 0.00214025 3.747e-06
181 Citeseer_feat_L1.txt 0.00211986 0.00211582 4.042e-06
182 Citeseer_feat_L1.txt 0.00210843 0.00210384 4.586e-06
183 Citeseer_feat_L1.txt 0.0021192 0.00211464 4.561e-06
184 Citeseer_feat_L1.txt 0.0021322 0.00212875 3.449e-06
185 Citeseer_feat_L1.txt 0.00212756 0.00212342 4.138e-06
186 Citeseer_feat_L1.txt 0.00212604 0.00212197 4.071e-06
187 Citeseer_feat_L1.txt 0.00213626 0.00213239 3.87e-06
188 Citeseer_feat_L1.txt 0.00212779 0.00212369 4.104e-06
189 Citeseer_feat_L1.txt 0.00213447 0.00213083 3.632e-06
190 Citeseer_feat_L1.txt 0.00213295 0.0021291 3.846e-06
191 Citeseer_feat_L1.txt 0.00204973 0.00204598 3.75e-06
192 Citeseer_feat_L1.txt 0.00220744 0.00220335 4.089e-06
193 Citeseer_feat_L1.txt 0.00218698 0.00218387 3.104e-06
194 Citeseer_feat_L1.txt 0.00219471 0.00219074 3.971e-06
195 Citeseer_feat_L1.txt 0.00218482 0.00218094 3.876e-06
196 Citeseer_feat_L1.txt 0.00218123 0.00217723 4.006e-06
197 Citeseer_feat_L1.txt 0.00218102 0.00217722 3.798e-06
198 Citeseer_feat_L1.txt 0.00219773 0.00219416 3.572e-06
199 Citeseer_feat_L1.txt 0.00210609 0.00210242 3.67e-06
200 Citeseer_feat_L1.txt 0.00210116 0.00209774 3.415e-06
201 Citeseer_feat_L1.txt 0.0022764 0.00227249 3.909e-06
202 Citeseer_feat_L1.txt 0.00229631 0.00229174 4.569e-06
203 Citeseer_feat_L1.txt 0.00221529 0.00221169 3.598e-06
204 Citeseer_feat_L1.txt 0.00231747 0.00231395 3.521e-06
205 Citeseer_feat_L1.txt 0.00226663 0.00226169 4.938e-06
206 Citeseer_feat_L1.txt 0.00221276 0.00220895 3.809e-06
207 Citeseer_feat_L1.txt 0.00221107 0.00220667 4.398e-06
208 Citeseer_feat_L1.txt 0.00287349 0.00286863 4.868e-06
209 Citeseer_feat_L1.txt 0.00292047 0.00291692 3.558e-06
210 Citeseer_feat_L1.txt 0.00285274 0.00284921 3.528e-06
211 Citeseer_feat_L1.txt 0.00285153 0.00284678 4.753e-06
212 Citeseer_feat_L1.txt 0.00218562 0.00218218 3.444e-06
213 Citeseer_feat_L1.txt 0.0022712 0.00226724 3.958e-06
214 Citeseer_feat_L1.txt 0.00270338 0.00269757 5.814e-06
215 Citeseer_feat_L1.txt 0.00226423 0.00226079 3.437e-06
216 Citeseer_feat_L1.txt 0.002542 0.00253823 3.771e-06
217 Citeseer_feat_L1.txt 0.00256752 0.00256265 4.872e-06
218 Citeseer_feat_L1.txt 0.00223686 0.00223307 3.796e-06
219 Citeseer_feat_L1.txt 0.00232093 0.00231774 3.187e-06
220 Citeseer_feat_L1.txt 0.00257828 0.00257334 4.938e-06
221 Citeseer_feat_L1.txt 0.00253219 0.00252797 4.22e-06
222 Citeseer_feat_L1.txt 0.00221022 0.00220642 3.795e-06
223 Citeseer_feat_L1.txt 0.00218728 0.00218323 4.059e-06
224 Citeseer_feat_L1.txt 0.00212554 0.00212206 3.483e-06
225 Citeseer_feat_L1.txt 0.00199653 0.00199264 3.886e-06
226 Citeseer_feat_L1.txt 0.0020151 0.00201053 4.57e-06
227 Citeseer_feat_L1.txt 0.00202807 0.00202383 4.24e-06
228 Citeseer_feat_L1.txt 0.00209446 0.00209077 3.693e-06
229 Citeseer_feat_L1.txt 0.00200876 0.00200503 3.727e-06
230 Citeseer_feat_L1.txt 0.00217269 0.00216858 4.116e-06
231 Citeseer_feat_L1.txt 0.00214472 0.00214136 3.361e-06
232 Citeseer_feat_L1.txt 0.00214268 0.00213845 4.231e-06
233 Citeseer_feat_L1.txt 0.0020238 0.00201988 3.916e-06
234 Citeseer_feat_L1.txt 0.00204676 0.00204257 4.195e-06
235 Citeseer_feat_L1.txt 0.00205634 0.00205205 4.291e-06
236 Citeseer_feat_L1.txt 0.00217001 0.00216656 3.456e-06
237 Citeseer_feat_L1.txt 0.00206541 0.00206126 4.149e-06
238 Citeseer_feat_L1.txt 0.00205024 0.00204654 3.704e-06
239 Citeseer_feat_L1.txt 0.00212666 0.00212278 3.885e-06
240 Citeseer_feat_L1.txt 0.00215696 0.00215317 3.789e-06
241 Citeseer_feat_L1.txt 0.00221302 0.00220952 3.498e-06
242 Citeseer_feat_L1.txt 0.00220395 0.0022 3.951e-06
243 Citeseer_feat_L1.txt 0.00214942 0.00214594 3.475e-06
244 Citeseer_feat_L1.txt 0.00215332 0.00214903 4.284e-06
245 Citeseer_feat_L1.txt 0.00217764 0.00217419 3.448e-06
246 Citeseer_feat_L1.txt 0.00224102 0.00223666 4.357e-06
247 Citeseer_feat_L1.txt 0.00228975 0.00228572 4.039e-06
248 Citeseer_feat_L1.txt 0.00224023 0.00223716 3.073e-06
249 Citeseer_feat_L1.txt 0.00215296 0.00214933 3.634e-06
250 Citeseer_feat_L1.txt 0.00215243 0.00214814 4.289e-06
251 Citeseer_feat_L1.txt 0.00218836 0.00218469 3.668e-06
252 Citeseer_feat_L1.txt 0.00217535 0.00217169 3.666e-06
253 Citeseer_feat_L1.txt 0.00215163 0.00214793 3.703e-06
254 Citeseer_feat_L1.txt 0.00216363 0.00215937 4.256e-06
255 Citeseer_feat_L1.txt 0.00222356 0.00221941 4.149e-06
256 Citeseer_feat_L1.txt 0.00225613 0.00225224 3.889e-06
257 Citeseer_feat_L1.txt 0.0022412 0.00223707 4.137e-06
258 Citeseer_feat_L1.txt 0.00234845 0.00234476 3.687e-06
259 Citeseer_feat_L1.txt 0.00225281 0.00224829 4.519e-06
260 Citeseer_feat_L1.txt 0.00224902 0.0022443 4.72e-06
261 Citeseer_feat_L1.txt 0.00222927 0.00222503 4.239e-06
262 Citeseer_feat_L1.txt 0.00234197 0.0023382 3.767e-06
263 Citeseer_feat_L1.txt 0.00225524 0.00225075 4.487e-06
264 Citeseer_feat_L1.txt 0.00262826 0.00262415 4.113e-06
265 Citeseer_feat_L1.txt 0.0025593 0.00255522 4.079e-06
266 Citeseer_feat_L1.txt 0.00255434 0.00254751 6.826e-06
267 Citeseer_feat_L1.txt 0.00216444 0.00216147 2.97e-06
268 Citeseer_feat_L1.txt 0.0026875 0.00268286 4.638e-06
269 Citeseer_feat_L1.txt 0.00259355 0.00258981 3.738e-06
270 Citeseer_feat_L1.txt 0.00270786 0.00270347 4.385e-06
271 Citeseer_feat_L1.txt 0.00269933 0.00269477 4.555e-06
272 Citeseer_feat_L1.txt 0.00203063 0.00202674 3.89e-06
273 Citeseer_feat_L1.txt 0.00208277 0.00207865 4.123e-06
274 Citeseer_feat_L1.txt 0.00212356 0.00211927 4.29e-06
275 Citeseer_feat_L1.txt 0.00203306 0.00202932 3.745e-06
276 Citeseer_feat_L1.txt 0.00214901 0.00214574 3.27e-06
277 Citeseer_feat_L1.txt 0.00213183 0.00212728 4.55e-06
278 Citeseer_feat_L1.txt 0.00214569 0.00214192 3.776e-06
279 Citeseer_feat_L1.txt 0.00213456 0.00213095 3.605e-06
280 Citeseer_feat_L1.txt 0.00214462 0.00214094 3.683e-06
281 Citeseer_feat_L1.txt 0.00207542 0.00207181 3.616e-06
282 Citeseer_feat_L1.txt 0.00213562 0.00213194 3.686e-06
283 Citeseer_feat_L1.txt 0.00203638 0.00203257 3.815e-06
284 Citeseer_feat_L1.txt 0.00204507 0.00204147 3.599e-06
285 Citeseer_feat_L1.txt 0.00203982 0.00203589 3.933e-06
286 Citeseer_feat_L1.txt 0.00214949 0.0021462 3.287e-06
287 Citeseer_feat_L1.txt 0.00214962 0.00214543 4.186e-06
288 Citeseer_feat_L1.txt 0.00218722 0.0021825 4.722e-06
289 Citeseer_feat_L1.txt 0.00221519 0.00221192 3.276e-06
290 Citeseer_feat_L1.txt 0.0022168 0.00221285 3.949e-06
291 Citeseer_feat_L1.txt 0.00222563 0.0022219 3.725e-06
292 Citeseer_feat_L1.txt 0.00234394 0.00234009 3.858e-06
293 Citeseer_feat_L1.txt 0.00223276 0.00222854 4.217e-06
294 Citeseer_feat_L1.txt 0.00227398 0.00226997 4.004e-06
295 Citeseer_feat_L1.txt 0.00222846 0.00222494 3.527e-06
296 Citeseer_feat_L1.txt 0.00223642 0.00223283 3.586e-06
297 Citeseer_feat_L1.txt 0.0022216 0.00221784 3.768e-06
298 Citeseer_feat_L1.txt 0.00220063 0.00219586 4.768e-06
299 Citeseer_feat_L1.txt 0.00224148 0.0022375 3.983e-06
300 Citeseer_feat_L1.txt 0.00222921 0.00222569 3.514e-06
301 Citeseer_feat_L1.txt 0.00227045 0.00226714 3.313e-06
302 Citeseer_feat_L1.txt 0.00221808 0.00221401 4.072e-06
303 Citeseer_feat_L1.txt 0.0021971 0.00219289 4.204e-06
304 Citeseer_feat_L1.txt 0.00270493 0.00270086 4.072e-06
305 Citeseer_feat_L1.txt 0.00274728 0.00274365 3.626e-06
306 Citeseer_feat_L1.txt 0.00271605 0.00271185 4.201e-06
307 Citeseer_feat_L1.txt 0.00268994 0.0026853 4.636e-06
308 Citeseer_feat_L1.txt 0.00229128 0.00228814 3.138e-06
309 Citeseer_feat_L1.txt 0.00227937 0.00227495 4.413e-06
310 Citeseer_feat_L1.txt 0.00268707 0.00268163 5.442e-06
311 Citeseer_feat_L1.txt 0.00233444 0.00233016 4.272e-06
312 Citeseer_feat_L1.txt 0.00256946 0.00256534 4.124e-06
313 Citeseer_feat_L1.txt 0.00256019 0.00255635 3.846e-06
314 Citeseer_feat_L1.txt 0.00254046 0.00253636 4.096e-06
315 Citeseer_feat_L1.txt 0.00217872 0.00217397 4.742e-06
316 Citeseer_feat_L1.txt 0.0022708 0.00226682 3.98e-06
317 Citeseer_feat_L1.txt 0.00230997 0.00230642 3.553e-06
318 Citeseer_feat_L1.txt 0.00219397 0.00218951 4.454e-06
319 Citeseer_feat_L1.txt 0.00216213 0.00215819 3.946e-06
320 Citeseer_feat_L1.txt 0.00201754 0.00201326 4.285e-06
321 Citeseer_feat_L1.txt 0.00200476 0.00200161 3.151e-06
322 Citeseer_feat_L1.txt 0.00206811 0.00206345 4.659e-06
323 Citeseer_feat_L1.txt 0.00212334 0.00211999 3.344e-06
324 Citeseer_feat_L1.txt 0.00200614 0.00200195 4.183e-06
325 Citeseer_feat_L1.txt 0.0021517 0.00214723 4.474e-06
326 Citeseer_feat_L1.txt 0.00201818 0.00201396 4.216e-06
327 Citeseer_feat_L1.txt 0.00200867 0.00200471 3.953e-06
328 Citeseer_feat_L1.txt 0.00205801 0.00205419 3.818e-06
329 Citeseer_feat_L1.txt 0.00206089 0.00205645 4.438e-06
330 Citeseer_feat_L1.txt 0.00217909 0.00217476 4.325e-06
331 Citeseer_feat_L1.txt 0.00211918 0.00211431 4.867e-06
332 Citeseer_feat_L1.txt 0.00210103 0.00209662 4.41e-06
333 Citeseer_feat_L1.txt 0.00207126 0.00206712 4.141e-06
334 Citeseer_feat_L1.txt 0.00209523 0.0020914 3.83e-06
335 Citeseer_feat_L1.txt 0.00204425 0.00204002 4.232e-06
336 Citeseer_feat_L1.txt 0.00212638 0.00212181 4.57e-06
337 Citeseer_feat_L1.txt 0.00215367 0.00214938 4.291e-06
338 Citeseer_feat_L1.txt 0.00218565 0.00218161 4.046e-06
339 Citeseer_feat_L1.txt 0.00223179 0.00222762 4.172e-06
340 Citeseer_feat_L1.txt 0.00228987 0.00228587 3.998e-06
341 Citeseer_feat_L1.txt 0.00216613 0.00216229 3.833e-06
342 Citeseer_feat_L1.txt 0.00217817 0.00217371 4.452e-06
343 Citeseer_feat_L1.txt 0.00214546 0.00214142 4.042e-06
344 Citeseer_feat_L1.txt 0.00212286 0.00211878 4.081e-06
345 Citeseer_feat_L1.txt 0.00217339 0.00216897 4.427e-06
346 Citeseer_feat_L1.txt 0.00215887 0.00215456 4.303e-06
347 Citeseer_feat_L1.txt 0.00224062 0.00223746 3.17e-06
348 Citeseer_feat_L1.txt 0.0022803 0.00227581 4.491e-06
349 Citeseer_feat_L1.txt 0.00226181 0.00225774 4.071e-06
350 Citeseer_feat_L1.txt 0.00223247 0.00222851 3.959e-06
351 Citeseer_feat_L1.txt 0.0022364 0.00223271 3.686e-06
352 Citeseer_feat_L1.txt 0.00263191 0.00262721 4.696e-06
353 Citeseer_feat_L1.txt 0.00262096 0.00261659 4.363e-06
354 Citeseer_feat_L1.txt 0.00273886 0.0027344 4.459e-06
355 Citeseer_feat_L1.txt 0.00272829 0.00272424 4.049e-06
356 Citeseer_feat_L1.txt 0.00219281 0.00218938 3.429e-06
357 Citeseer_feat_L1.txt 0.00231327 0.00231015 3.115e-06
358 Citeseer_feat_L1.txt 0.0027089 0.00270183 7.077e-06
359 Citeseer_feat_L1.txt 0.00222765 0.00222336 4.292e-06
360 Citeseer_feat_L1.txt 0.00227505 0.00227083 4.226e-06
361 Citeseer_feat_L1.txt 0.00225549 0.00225154 3.946e-06
362 Citeseer_feat_L1.txt 0.00259849 0.00259349 4.999e-06
363 Citeseer_feat_L1.txt 0.002272 0.0022683 3.695e-06
364 Citeseer_feat_L1.txt 0.00267415 0.00266956 4.594e-06
365 Citeseer_feat_L1.txt 0.00266725 0.00266344 3.809e-06
366 Citeseer_feat_L1.txt 0.00217012 0.00216613 3.989e-06
367 Citeseer_feat_L1.txt 0.00219759 0.00219359 3.999e-06
368 Citeseer_feat_L1.txt 0.00202764 0.00202355 4.094e-06
369 Citeseer_feat_L1.txt 0.00202922 0.00202539 3.827e-06
370 Citeseer_feat_L1.txt 0.00207909 0.00207422 4.868e-06
371 Citeseer_feat_L1.txt 0.00205029 0.00204572 4.574e-06
372 Citeseer_feat_L1.txt 0.0020298 0.0020256 4.193e-06
373 Citeseer_feat_L1.txt 0.00212999 0.00212484 5.154e-06
374 Citeseer_feat_L1.txt 0.00204853 0.00204416 4.377e-06
375 Citeseer_feat_L1.txt 0.0020131 0.00200853 4.569e-06
376 Citeseer_feat_L1.txt 0.00201574 0.0020117 4.044e-06
377 Citeseer_feat_L1.txt 0.00204616 0.00204157 4.584e-06
378 Citeseer_feat_L1.txt 0.00201996 0.00201533 4.634e-06
379 Citeseer_feat_L1.txt 0.00206951 0.00206635 3.167e-06
380 Citeseer_feat_L1.txt 0.00205023 0.00204607 4.154e-06
381 Citeseer_feat_L1.txt 0.00202764 0.0020238 3.844e-06
382 Citeseer_feat_L1.txt 0.002083 0.00207888 4.114e-06
383 Citeseer_feat_L1.txt 0.00202008 0.00201547 4.61e-06
384 Citeseer_feat_L1.txt 0.00226505 0.00226053 4.513e-06
385 Citeseer_feat_L1.txt 0.00224252 0.00223775 4.771e-06
386 Citeseer_feat_L1.txt 0.00215505 0.0021506 4.451e-06
387 Citeseer_feat_L1.txt 0.00216099 0.00215708 3.904e-06
388 Citeseer_feat_L1.txt 0.00221986 0.00221585 4.007e-06
389 Citeseer_feat_L1.txt 0.00210584 0.00210207 3.772e-06
390 Citeseer_feat_L1.txt 0.00220648 0.00220245 4.029e-06
391 Citeseer_feat_L1.txt 0.00222164 0.00221743 4.212e-06
392 Citeseer_feat_L1.txt 0.00226669 0.00226177 4.921e-06
393 Citeseer_feat_L1.txt 0.00221035 0.00220573 4.622e-06
394 Citeseer_feat_L1.txt 0.00213796 0.0021338 4.157e-06
395 Citeseer_feat_L1.txt 0.00212576 0.00212219 3.568e-06
396 Citeseer_feat_L1.txt 0.00220576 0.00220168 4.08e-06
397 Citeseer_feat_L1.txt 0.00223379 0.00222984 3.952e-06
398 Citeseer_feat_L1.txt 0.00211196 0.00210794 4.023e-06
399 Citeseer_feat_L1.txt 0.00228442 0.00228023 4.188e-06
400 Citeseer_feat_L1.txt 0.002255 0.00225072 4.282e-06
401 Citeseer_feat_L1.txt 0.00226265 0.00225902 3.625e-06
402 Citeseer_feat_L1.txt 0.00221075 0.00220576 4.988e-06
403 Citeseer_feat_L1.txt 0.00229134 0.00228714 4.208e-06
404 Citeseer_feat_L1.txt 0.0021843 0.00218013 4.169e-06
405 Citeseer_feat_L1.txt 0.00231904 0.00231515 3.886e-06
406 Citeseer_feat_L1.txt 0.0027341 0.00272613 7.971e-06
407 Citeseer_feat_L1.txt 0.00214787 0.00214419 3.679e-06
408 Citeseer_feat_L1.txt 0.00222244 0.00221826 4.172e-06
409 Citeseer_feat_L1.txt 0.00219513 0.00219072 4.408e-06
410 Citeseer_feat_L1.txt 0.00210282 0.00209834 4.485e-06
411 Citeseer_feat_L1.txt 0.00231361 0.00230948 4.137e-06
412 Citeseer_feat_L1.txt 0.00252027 0.0025168 3.47e-06
413 Citeseer_feat_L1.txt 0.00258149 0.00257775 3.732e-06
414 Citeseer_feat_L1.txt 0.00275011 0.0027463 3.812e-06
415 Citeseer_feat_L1.txt 0.00270234 0.00269793 4.405e-06
416 Citeseer_feat_L1.txt 0.00208289 0.00207944 3.453e-06
417 Citeseer_feat_L1.txt 0.00201347 0.0020087 4.767e-06
418 Citeseer_feat_L1.txt 0.00209409 0.00208975 4.34e-06
419 Citeseer_feat_L1.txt 0.00198272 0.00197895 3.765e-06
420 Citeseer_feat_L1.txt 0.00196719 0.00196297 4.219e-06
421 Citeseer_feat_L1.txt 0.001987 0.00198229 4.71e-06
422 Citeseer_feat_L1.txt 0.00204847 0.00204442 4.056e-06
423 Citeseer_feat_L1.txt 0.00202959 0.00202546 4.123e-06
424 Citeseer_feat_L1.txt 0.00215949 0.0021557 3.796e-06
425 Citeseer_feat_L1.txt 0.002162 0.00215804 3.956e-06
426 Citeseer_feat_L1.txt 0.00204088 0.00203692 3.951e-06
427 Citeseer_feat_L1.txt 0.00206761 0.00206347 4.143e-06
428 Citeseer_feat_L1.txt 0.00215261 0.00214887 3.736e-06
429 Citeseer_feat_L1.txt 0.00205192 0.00204775 4.173e-06
430 Citeseer_feat_L1.txt 0.00216757 0.00216294 4.625e-06
431 Citeseer_feat_L1.txt 0.00196486 0.00196069 4.169e-06
432 Citeseer_feat_L1.txt 0.00224823 0.00224372 4.507e-06
433 Citeseer_feat_L1.txt 0.00219526 0.00219081 4.452e-06
434 Citeseer_feat_L1.txt 0.00217126 0.00216672 4.543e-06
435 Citeseer_feat_L1.txt 0.00224794 0.00224333 4.607e-06
436 Citeseer_feat_L1.txt 0.00218839 0.00218448 3.914e-06
437 Citeseer_feat_L1.txt 0.00223984 0.00223524 4.605e-06
438 Citeseer_feat_L1.txt 0.0021743 0.00216986 4.437e-06
439 Citeseer_feat_L1.txt 0.00212089 0.00211611 4.778e-06
440 Citeseer_feat_L1.txt 0.00217179 0.00216777 4.019e-06
441 Citeseer_feat_L1.txt 0.00225472 0.00225077 3.947e-06
442 Citeseer_feat_L1.txt 0.00209402 0.00209033 3.692e-06
443 Citeseer_feat_L1.txt 0.00221484 0.00221093 3.916e-06
444 Citeseer_feat_L1.txt 0.00221467 0.00221079 3.881e-06
445 Citeseer_feat_L1.txt 0.00226017 0.00225589 4.289e-06
446 Citeseer_feat_L1.txt 0.00225646 0.00225263 3.822e-06
447 Citeseer_feat_L1.txt 0.00225697 0.00225263 4.34e-06
448 Citeseer_feat_L1.txt 0.00260405 0.00260012 3.934e-06
449 Citeseer_feat_L1.txt 0.002576 0.00257207 3.928e-06
450 Citeseer_feat_L1.txt 0.00268636 0.00268182 4.541e-06
451 Citeseer_feat_L1.txt 0.00267736 0.00267368 3.679e-06
452 Citeseer_feat_L1.txt 0.00224001 0.00223604 3.968e-06
453 Citeseer_feat_L1.txt 0.00214346 0.00213928 4.18e-06
454 Citeseer_feat_L1.txt 0.00268562 0.00267856 7.058e-06
455 Citeseer_feat_L1.txt 0.00220587 0.00220188 3.988e-06
456 Citeseer_feat_L1.txt 0.00261108 0.0026075 3.58e-06
457 Citeseer_feat_L1.txt 0.00260507 0.00260135 3.713e-06
458 Citeseer_feat_L1.txt 0.0025821 0.00257778 4.319e-06
459 Citeseer_feat_L1.txt 0.00215558 0.00215173 3.854e-06
460 Citeseer_feat_L1.txt 0.00230448 0.00230022 4.262e-06
461 Citeseer_feat_L1.txt 0.00221332 0.00220976 3.568e-06
462 Citeseer_feat_L1.txt 0.00217207 0.00216841 3.661e-06
463 Citeseer_feat_L1.txt 0.00213511 0.00213022 4.897e-06
464 Citeseer_feat_L1.txt 0.00212939 0.00212547 3.918e-06
465 Citeseer_feat_L1.txt 0.00203773 0.00203384 3.887e-06
466 Citeseer_feat_L1.txt 0.0020835 0.00207968 3.817e-06
467 Citeseer_feat_L1.txt 0.00207107 0.00206673 4.346e-06
468 Citeseer_feat_L1.txt 0.00217166 0.00216812 3.546e-06
469 Citeseer_feat_L1.txt 0.00200274 0.00199802 4.727e-06
470 Citeseer_feat_L1.txt 0.00205798 0.00205356 4.423e-06
471 Citeseer_feat_L1.txt 0.00200329 0.00199963 3.666e-06
472 Citeseer_feat_L1.txt 0.00207525 0.00207095 4.297e-06
473 Citeseer_feat_L1.txt 0.00197386 0.00196971 4.146e-06
474 Citeseer_feat_L1.txt 0.00203218 0.00202889 3.29e-06
475 Citeseer_feat_L1.txt 0.00207892 0.00207472 4.202e-06
476 Citeseer_feat_L1.txt 0.00211247 0.00210849 3.984e-06
477 Citeseer_feat_L1.txt 0.00210904 0.00210596 3.075e-06
478 Citeseer_feat_L1.txt 0.00199682 0.00199269 4.132e-06
479 Citeseer_feat_L1.txt 0.00204529 0.00204089 4.4e-06
480 Citeseer_feat_L1.txt 0.002222 0.00221733 4.662e-06
481 Citeseer_feat_L1.txt 0.00220703 0.00220276 4.263e-06
482 Citeseer_feat_L1.txt 0.00227044 0.00226584 4.598e-06
483 Citeseer_feat_L1.txt 0.00224145 0.00223737 4.08e-06
484 Citeseer_feat_L1.txt 0.00220994 0.00220576 4.177e-06
485 Citeseer_feat_L1.txt 0.00220732 0.00220367 3.644e-06
486 Citeseer_feat_L1.txt 0.0022066 0.00220274 3.859e-06
487 Citeseer_feat_L1.txt 0.00229886 0.00229453 4.33e-06
488 Citeseer_feat_L1.txt 0.00222411 0.00222052 3.593e-06
489 Citeseer_feat_L1.txt 0.00223345 0.00222933 4.123e-06
490 Citeseer_feat_L1.txt 0.00231666 0.00231218 4.483e-06
491 Citeseer_feat_L1.txt 0.00220068 0.00219651 4.18e-06
492 Citeseer_feat_L1.txt 0.00222965 0.00222612 3.525e-06
493 Citeseer_feat_L1.txt 0.00221426 0.00221007 4.188e-06
494 Citeseer_feat_L1.txt 0.00222463 0.00221946 5.167e-06
495 Citeseer_feat_L1.txt 0.00223959 0.00223515 4.44e-06
496 Citeseer_feat_L1.txt 0.0022707 0.00226641 4.285e-06
497 Citeseer_feat_L1.txt 0.00237853 0.00237445 4.076e-06
498 Citeseer_feat_L1.txt 0.00274777 0.00273908 8.686e-06
499 Citeseer_feat_L1.txt 0.00228126 0.00227727 3.994e-06
500 Citeseer_feat_L1.txt 0.00271885 0.00271325 5.593e-06
501 Citeseer_feat_L1.txt 0.00225334 0.00224897 4.369e-06
502 Citeseer_feat_L1.txt 0.00276134 0.00275151 9.824e-06
503 Citeseer_feat_L1.txt 0.00237203 0.0023679 4.137e-06
504 Citeseer_feat_L1.txt 0.0022589 0.00225493 3.969e-06
505 Citeseer_feat_L1.txt 0.00226359 0.00225965 3.934e-06
506 Citeseer_feat_L1.txt 0.00258899 0.00258447 4.519e-06
507 Citeseer_feat_L1.txt 0.00218552 0.00218185 3.674e-06
508 Citeseer_feat_L1.txt 0.00278715 0.00278369 3.454e-06
509 Citeseer_feat_L1.txt 0.00274881 0.00274418 4.632e-06
510 Citeseer_feat_L1.txt 0.00276265 0.00275758 5.069e-06
511 Citeseer_feat_L1.txt 0.00270589 0.0027016 4.295e-06
512 Citeseer_feat_L1.txt 0.00203775 0.00203441 3.339e-06
513 Citeseer_feat_L1.txt 0.00206956 0.00206561 3.955e-06
514 Citeseer_feat_L1.txt 0.00211255 0.00210848 4.077e-06
515 Citeseer_feat_L1.txt 0.00208112 0.00207571 5.414e-06
516 Citeseer_feat_L1.txt 0.0021201 0.00211633 3.776e-06
517 Citeseer_feat_L1.txt 0.00220807 0.00220423 3.834e-06
518 Citeseer_feat_L1.txt 0.0021168 0.00211157 5.23e-06
519 Citeseer_feat_L1.txt 0.00208767 0.00208384 3.836e-06
520 Citeseer_feat_L1.txt 0.0021835 0.0021799 3.595e-06
521 Citeseer_feat_L1.txt 0.00207705 0.00207226 4.785e-06
522 Citeseer_feat_L1.txt 0.00211324 0.00210871 4.53e-06
523 Citeseer_feat_L1.txt 0.0020619 0.00205767 4.227e-06
524 Citeseer_feat_L1.txt 0.00216283 0.00215824 4.594e-06
525 Citeseer_feat_L1.txt 0.00217713 0.00217296 4.164e-06
526 Citeseer_feat_L1.txt 0.00217785 0.00217385 3.998e-06
527 Citeseer_feat_L1.txt 0.00207768 0.00207353 4.148e-06
528 Citeseer_feat_L1.txt 0.00222638 0.00222209 4.283e-06
529 Citeseer_feat_L1.txt 0.00222086 0.00221769 3.175e-06
530 Citeseer_feat_L1.txt 0.00227799 0.0022737 4.29e-06
531 Citeseer_feat_L1.txt 0.00222743 0.00222298 4.452e-06
532 Citeseer_feat_L1.txt 0.00223395 0.00222951 4.444e-06
533 Citeseer_feat_L1.txt 0.00218188 0.00217731 4.569e-06
534 Citeseer_feat_L1.txt 0.00219984 0.00219497 4.877e-06
535 Citeseer_feat_L1.txt 0.00220796 0.00220413 3.83e-06
536 Citeseer_feat_L1.txt 0.0021562 0.0021524 3.801e-06
537 Citeseer_feat_L1.txt 0.00228798 0.00228404 3.945e-06
538 Citeseer_feat_L1.txt 0.0023289 0.00232427 4.636e-06
539 Citeseer_feat_L1.txt 0.00223745 0.00223368 3.775e-06
540 Citeseer_feat_L1.txt 0.00224533 0.00224149 3.837e-06
541 Citeseer_feat_L1.txt 0.00220879 0.00220456 4.234e-06
542 Citeseer_feat_L1.txt 0.00223255 0.00222767 4.877e-06
543 Citeseer_feat_L1.txt 0.0023149 0.00231121 3.69e-06
544 Citeseer_feat_L1.txt 0.00230572 0.00230138 4.344e-06
545 Citeseer_feat_L1.txt 0.00228398 0.00228007 3.902e-06
546 Citeseer_feat_L1.txt 0.00228611 0.0022824 3.714e-06
547 Citeseer_feat_L1.txt 0.00230795 0.00230392 4.032e-06
548 Citeseer_feat_L1.txt 0.00226069 0.00225646 4.238e-06
549 Citeseer_feat_L1.txt 0.00228122 0.00227683 4.385e-06
550 Citeseer_feat_L1.txt 0.00225535 0.00225091 4.445e-06
551 Citeseer_feat_L1.txt 0.00233285 0.00232869 4.151e-06
552 Citeseer_feat_L1.txt 0.00257661 0.00257232 4.281e-06
553 Citeseer_feat_L1.txt 0.00254382 0.00253949 4.332e-06
554 Citeseer_feat_L1.txt 0.00229956 0.00229569 3.874e-06
555 Citeseer_feat_L1.txt 0.00214819 0.00214363 4.556e-06
556 Citeseer_feat_L1.txt 0.00230367 0.00230019 3.483e-06
557 Citeseer_feat_L1.txt 0.00217018 0.00216581 4.365e-06
558 Citeseer_feat_L1.txt 0.0021613 0.00215739 3.905e-06
559 Citeseer_feat_L1.txt 0.00226544 0.00226076 4.682e-06
560 Citeseer_feat_L1.txt 0.00211821 0.00211436 3.847e-06
561 Citeseer_feat_L1.txt 0.00205317 0.00204887 4.303e-06
562 Citeseer_feat_L1.txt 0.00198725 0.00198336 3.891e-06
563 Citeseer_feat_L1.txt 0.00199058 0.00198581 4.772e-06
564 Citeseer_feat_L1.txt 0.00202719 0.002023 4.189e-06
565 Citeseer_feat_L1.txt 0.00198305 0.00197904 4.009e-06
566 Citeseer_feat_L1.txt 0.00210556 0.00210136 4.202e-06
567 Citeseer_feat_L1.txt 0.00215542 0.00215173 3.682e-06
568 Citeseer_feat_L1.txt 0.00204927 0.00204507 4.205e-06
569 Citeseer_feat_L1.txt 0.0019727 0.00196924 3.456e-06
570 Citeseer_feat_L1.txt 0.00203288 0.00202802 4.861e-06
571 Citeseer_feat_L1.txt 0.00199622 0.00199284 3.383e-06
572 Citeseer_feat_L1.txt 0.00198285 0.00197856 4.287e-06
573 Citeseer_feat_L1.txt 0.00198662 0.0019819 4.723e-06
574 Citeseer_feat_L1.txt 0.00201428 0.00201014 4.137e-06
575 Citeseer_feat_L1.txt 0.00201006 0.00200602 4.039e-06
576 Citeseer_feat_L1.txt 0.00223683 0.00223188 4.95e-06
577 Citeseer_feat_L1.txt 0.00221104 0.00220645 4.599e-06
578 Citeseer_feat_L1.txt 0.0022352 0.00223151 3.689e-06
579 Citeseer_feat_L1.txt 0.00223007 0.00222614 3.929e-06
580 Citeseer_feat_L1.txt 0.00222609 0.0022215 4.593e-06
581 Citeseer_feat_L1.txt 0.0022941 0.00229021 3.892e-06
582 Citeseer_feat_L1.txt 0.00224826 0.00224333 4.926e-06
583 Citeseer_feat_L1.txt 0.0022061 0.00220216 3.944e-06
584 Citeseer_feat_L1.txt 0.00222336 0.00221847 4.889e-06
585 Citeseer_feat_L1.txt 0.00221437 0.0022104 3.973e-06
586 Citeseer_feat_L1.txt 0.00219851 0.00219415 4.354e-06
587 Citeseer_feat_L1.txt 0.00230647 0.00230232 4.144e-06
588 Citeseer_feat_L1.txt 0.00226277 0.00225838 4.392e-06
589 Citeseer_feat_L1.txt 0.00223997 0.00223631 3.66e-06
590 Citeseer_feat_L1.txt 0.00225296 0.00224854 4.423e-06
591 Citeseer_feat_L1.txt 0.00224542 0.00224127 4.145e-06
592 Citeseer_feat_L1.txt 0.00228716 0.00228334 3.824e-06
593 Citeseer_feat_L1.txt 0.00237624 0.00237257 3.675e-06
594 Citeseer_feat_L1.txt 0.00241001 0.00240604 3.967e-06
595 Citeseer_feat_L1.txt 0.00229221 0.00228792 4.294e-06
596 Citeseer_feat_L1.txt 0.00226279 0.00225859 4.205e-06
597 Citeseer_feat_L1.txt 0.00228795 0.00228453 3.422e-06
598 Citeseer_feat_L1.txt 0.00228714 0.00228246 4.685e-06
599 Citeseer_feat_L1.txt 0.00236981 0.0023657 4.11e-06
600 Citeseer_feat_L1.txt 0.00222494 0.0022212 3.738e-06
601 Citeseer_feat_L1.txt 0.00222762 0.00222456 3.056e-06
602 Citeseer_feat_L1.txt 0.00223787 0.00223319 4.673e-06
603 Citeseer_feat_L1.txt 0.00223515 0.00223112 4.03e-06
604 Citeseer_feat_L1.txt 0.00224191 0.00223762 4.289e-06
605 Citeseer_feat_L1.txt 0.00221831 0.00221407 4.241e-06
606 Citeseer_feat_L1.txt 0.00230686 0.00230269 4.176e-06
607 Citeseer_feat_L1.txt 0.00234286 0.0023382 4.664e-06
608 Citeseer_feat_L1.txt 0.00207982 0.00207611 3.708e-06
609 Citeseer_feat_L1.txt 0.00207223 0.00206776 4.477e-06
610 Citeseer_feat_L1.txt 0.00208778 0.00207341 1.4368e-05
611 Citeseer_feat_L1.txt 0.00209381 0.00209054 3.267e-06
612 Citeseer_feat_L1.txt 0.00211813 0.00210521 1.292e-05
613 Citeseer_feat_L1.txt 0.00218347 0.00217073 1.2735e-05
614 Citeseer_feat_L1.txt 0.00221487 0.00221035 4.514e-06
615 Citeseer_feat_L1.txt 0.00216274 0.00215852 4.22e-06
616 Citeseer_feat_L1.txt 0.00209835 0.00209466 3.694e-06
617 Citeseer_feat_L1.txt 0.00215902 0.00215466 4.362e-06
618 Citeseer_feat_L1.txt 0.00208342 0.00207049 1.2927e-05
619 Citeseer_feat_L1.txt 0.00210191 0.0020977 4.212e-06
620 Citeseer_feat_L1.txt 0.00211177 0.0021083 3.469e-06
621 Citeseer_feat_L1.txt 0.00211479 0.00210212 1.2665e-05
622 Citeseer_feat_L1.txt 0.00210213 0.00209813 3.996e-06
623 Citeseer_feat_L1.txt 0.00211645 0.00210403 1.2424e-05
624 Citeseer_feat_L1.txt 0.00219325 0.00218842 4.822e-06
625 Citeseer_feat_L1.txt 0.00223227 0.00222833 3.934e-06
626 Citeseer_feat_L1.txt 0.00219842 0.00219423 4.194e-06
627 Citeseer_feat_L1.txt 0.0022103 0.0022062 4.094e-06
628 Citeseer_feat_L1.txt 0.00219393 0.00219055 3.379e-06
629 Citeseer_feat_L1.txt 0.00218556 0.00218127 4.288e-06
630 Citeseer_feat_L1.txt 0.00223309 0.00222908 4.003e-06
631 Citeseer_feat_L1.txt 0.00221055 0.00220601 4.541e-06
632 Citeseer_feat_L1.txt 0.00223519 0.00223102 4.167e-06
633 Citeseer_feat_L1.txt 0.00223089 0.00222716 3.727e-06
634 Citeseer_feat_L1.txt 0.00219597 0.00219204 3.929e-06
635 Citeseer_feat_L1.txt 0.00220451 0.00219983 4.677e-06
636 Citeseer_feat_L1.txt 0.00220999 0.00220593 4.058e-06
637 Citeseer_feat_L1.txt 0.0021984 0.00219358 4.82e-06
638 Citeseer_feat_L1.txt 0.00226522 0.00226092 4.297e-06
639 Citeseer_feat_L1.txt 0.00220603 0.0022009 5.134e-06
640 Citeseer_feat_L1.txt 0.00228197 0.00227714 4.829e-06
641 Citeseer_feat_L1.txt 0.002328 0.00232412 3.874e-06
642 Citeseer_feat_L1.txt 0.00227951 0.0022746 4.908e-06
643 Citeseer_feat_L1.txt 0.00231699 0.00231337 3.619e-06
644 Citeseer_feat_L1.txt 0.00226614 0.00226256 3.584e-06
645 Citeseer_feat_L1.txt 0.00226811 0.00226317 4.94e-06
646 Citeseer_feat_L1.txt 0.0023211 0.00231675 4.357e-06
647 Citeseer_feat_L1.txt 0.00226396 0.00225954 4.427e-06
648 Citeseer_feat_L1.txt 0.00228781 0.00228371 4.096e-06
649 Citeseer_feat_L1.txt 0.00222457 0.00222002 4.557e-06
650 Citeseer_feat_L1.txt 0.00220293 0.0021993 3.625e-06
651 Citeseer_feat_L1.txt 0.0022009 0.00219729 3.611e-06
652 Citeseer_feat_L1.txt 0.00227109 0.00226679 4.303e-06
653 Citeseer_feat_L1.txt 0.00225254 0.00224857 3.97e-06
654 Citeseer_feat_L1.txt 0.00220681 0.00220293 3.882e-06
655 Citeseer_feat_L1.txt 0.00219682 0.00219278 4.046e-06
656 Citeseer_feat_L1.txt 0.0020747 0.00207052 4.173e-06
657 Citeseer_feat_L1.txt 0.00207472 0.00207068 4.034e-06
658 Citeseer_feat_L1.txt 0.00213227 0.00212874 3.534e-06
659 Citeseer_feat_L1.txt 0.00207029 0.00206707 3.219e-06
660 Citeseer_feat_L1.txt 0.00210071 0.00209653 4.184e-06
661 Citeseer_feat_L1.txt 0.00206867 0.00206389 4.786e-06
662 Citeseer_feat_L1.txt 0.00207951 0.00207606 3.455e-06
663 Citeseer_feat_L1.txt 0.00213573 0.00213091 4.821e-06
664 Citeseer_feat_L1.txt 0.00208226 0.00207864 3.617e-06
665 Citeseer_feat_L1.txt 0.00207124 0.00206654 4.693e-06
666 Citeseer_feat_L1.txt 0.00210155 0.00209745 4.1e-06
667 Citeseer_feat_L1.txt 0.00206982 0.00206576 4.052e-06
668 Citeseer_feat_L1.txt 0.00207087 0.00206688 3.989e-06
669 Citeseer_feat_L1.txt 0.00209145 0.00208827 3.188e-06
670 Citeseer_feat_L1.txt 0.00210896 0.00210502 3.942e-06
671 Citeseer_feat_L1.txt 0.00216056 0.00215614 4.423e-06
672 Citeseer_feat_L1.txt 0.00217499 0.00216952 5.47e-06
673 Citeseer_feat_L1.txt 0.00224156 0.00223763 3.927e-06
674 Citeseer_feat_L1.txt 0.00216082 0.00215702 3.801e-06
675 Citeseer_feat_L1.txt 0.00216813 0.00216409 4.036e-06
676 Citeseer_feat_L1.txt 0.00225182 0.00224785 3.965e-06
677 Citeseer_feat_L1.txt 0.00220404 0.00219975 4.288e-06
678 Citeseer_feat_L1.txt 0.00228219 0.00227793 4.265e-06
679 Citeseer_feat_L1.txt 0.00220055 0.00219675 3.806e-06
680 Citeseer_feat_L1.txt 0.00217817 0.00217409 4.083e-06
681 Citeseer_feat_L1.txt 0.00217019 0.00216545 4.737e-06
682 Citeseer_feat_L1.txt 0.00231518 0.00231077 4.412e-06
683 Citeseer_feat_L1.txt 0.00216342 0.00215947 3.947e-06
684 Citeseer_feat_L1.txt 0.0021303 0.00212661 3.689e-06
685 Citeseer_feat_L1.txt 0.00220567 0.00220049 5.175e-06
686 Citeseer_feat_L1.txt 0.00220175 0.00219761 4.136e-06
687 Citeseer_feat_L1.txt 0.00211267 0.00210836 4.31e-06
688 Citeseer_feat_L1.txt 0.00227228 0.00226828 4.001e-06
689 Citeseer_feat_L1.txt 0.00219763 0.00219381 3.819e-06
690 Citeseer_feat_L1.txt 0.00225203 0.00224804 3.992e-06
691 Citeseer_feat_L1.txt 0.00219041 0.0021863 4.105e-06
692 Citeseer_feat_L1.txt 0.00226446 0.00226094 3.516e-06
693 Citeseer_feat_L1.txt 0.00232852 0.00232524 3.285e-06
694 Citeseer_feat_L1.txt 0.00234386 0.00233988 3.976e-06
695 Citeseer_feat_L1.txt 0.00227614 0.00227208 4.06e-06
696 Citeseer_feat_L1.txt 0.00229493 0.00229118 3.751e-06
697 Citeseer_feat_L1.txt 0.0021603 0.00215604 4.256e-06
698 Citeseer_feat_L1.txt 0.00221895 0.00221493 4.022e-06
699 Citeseer_feat_L1.txt 0.00220154 0.002198 3.534e-06
700 Citeseer_feat_L1.txt 0.00226246 0.00225784 4.615e-06
701 Citeseer_feat_L1.txt 0.00220599 0.00220199 4.004e-06
702 Citeseer_feat_L1.txt 0.00217625 0.00217187 4.381e-06
703 Citeseer_feat_L1.txt 0.00227674 0.00227193 4.811e-06
704 Citeseer_feat_L1.txt 0.00198372 0.00197988 3.843e-06
705 Citeseer_feat_L1.txt 0.00206846 0.0020645 3.957e-06
706 Citeseer_feat_L1.txt 0.00218205 0.00217758 4.466e-06
707 Citeseer_feat_L1.txt 0.0020717 0.00206762 4.072e-06
708 Citeseer_feat_L1.txt 0.00200616 0.00200164 4.522e-06
709 Citeseer_feat_L1.txt 0.00218508 0.00218083 4.245e-06
710 Citeseer_feat_L1.txt 0.00205417 0.00205008 4.089e-06
711 Citeseer_feat_L1.txt 0.00208269 0.00207837 4.325e-06
712 Citeseer_feat_L1.txt 0.00206913 0.002065 4.125e-06
713 Citeseer_feat_L1.txt 0.00201443 0.00201065 3.779e-06
714 Citeseer_feat_L1.txt 0.00218703 0.00218271 4.318e-06
715 Citeseer_feat_L1.txt 0.00209104 0.00208683 4.21e-06
716 Citeseer_feat_L1.txt 0.00211238 0.00210808 4.301e-06
717 Citeseer_feat_L1.txt 0.00203388 0.00203041 3.471e-06
718 Citeseer_feat_L1.txt 0.00203614 0.00203076 5.377e-06
719 Citeseer_feat_L1.txt 0.00202038 0.00201656 3.815e-06
720 Citeseer_feat_L1.txt 0.00222581 0.00222101 4.807e-06
721 Citeseer_feat_L1.txt 0.00217456 0.00217036 4.196e-06
722 Citeseer_feat_L1.txt 0.00223829 0.00223382 4.471e-06
723 Citeseer_feat_L1.txt 0.00227197 0.00226793 4.039e-06
724 Citeseer_feat_L1.txt 0.00214434 0.00214046 3.872e-06
725 Citeseer_feat_L1.txt 0.00221863 0.00221442 4.215e-06
726 Citeseer_feat_L1.txt 0.00220408 0.00219968 4.396e-06
727 Citeseer_feat_L1.txt 0.00219715 0.00219333 3.82e-06
728 Citeseer_feat_L1.txt 0.00214306 0.00213876 4.302e-06
729 Citeseer_feat_L1.txt 0.00223633 0.00223153 4.799e-06
730 Citeseer_feat_L1.txt 0.00225388 0.00224912 4.758e-06
731 Citeseer_feat_L1.txt 0.00219737 0.00219321 4.158e-06
732 Citeseer_feat_L1.txt 0.00229224 0.00228833 3.911e-06
733 Citeseer_feat_L1.txt 0.00222726 0.00222315 4.113e-06
734 Citeseer_feat_L1.txt 0.00223007 0.00222582 4.248e-06
735 Citeseer_feat_L1.txt 0.00218456 0.00218062 3.936e-06
736 Citeseer_feat_L1.txt 0.00226095 0.00225622 4.728e-06
737 Citeseer_feat_L1.txt 0.00213427 0.00212968 4.589e-06
738 Citeseer_feat_L1.txt 0.00233354 0.00232941 4.127e-06
739 Citeseer_feat_L1.txt 0.00215211 0.00214788 4.234e-06
740 Citeseer_feat_L1.txt 0.00232602 0.00232186 4.155e-06
741 Citeseer_feat_L1.txt 0.00231035 0.00230589 4.461e-06
742 Citeseer_feat_L1.txt 0.00226504 0.00226067 4.372e-06
743 Citeseer_feat_L1.txt 0.00223175 0.00222733 4.421e-06
744 Citeseer_feat_L1.txt 0.00210007 0.00209606 4.01e-06
745 Citeseer_feat_L1.txt 0.00224624 0.00224269 3.557e-06
746 Citeseer_feat_L1.txt 0.0021518 0.00214778 4.021e-06
747 Citeseer_feat_L1.txt 0.00213434 0.00212956 4.785e-06
748 Citeseer_feat_L1.txt 0.0021789 0.00217577 3.13e-06
749 Citeseer_feat_L1.txt 0.00228771 0.0022834 4.304e-06
750 Citeseer_feat_L1.txt 0.00213504 0.00213072 4.32e-06
751 Citeseer_feat_L1.txt 0.00227463 0.0022705 4.131e-06
752 Citeseer_feat_L1.txt 0.00197996 0.00197632 3.641e-06
753 Citeseer_feat_L1.txt 0.00193116 0.00192745 3.709e-06
754 Citeseer_feat_L1.txt 0.00203914 0.00202654 1.2598e-05
755 Citeseer_feat_L1.txt 0.00210972 0.002106 3.723e-06
756 Citeseer_feat_L1.txt 0.00206601 0.00206193 4.08e-06
757 Citeseer_feat_L1.txt 0.00205346 0.00204908 4.387e-06
758 Citeseer_feat_L1.txt 0.0019675 0.00196354 3.956e-06
759 Citeseer_feat_L1.txt 0.00200266 0.00198862 1.4037e-05
760 Citeseer_feat_L1.txt 0.00197846 0.00196599 1.247e-05
761 Citeseer_feat_L1.txt 0.00201803 0.00201387 4.16e-06
762 Citeseer_feat_L1.txt 0.00207499 0.00207084 4.156e-06
763 Citeseer_feat_L1.txt 0.00200048 0.00199647 4.009e-06
764 Citeseer_feat_L1.txt 0.00210626 0.00210175 4.513e-06
765 Citeseer_feat_L1.txt 0.00206262 0.00204886 1.3766e-05
766 Citeseer_feat_L1.txt 0.00213621 0.00213175 4.456e-06
767 Citeseer_feat_L1.txt 0.00218116 0.00194915 0.000232015
0 Citeseer_A.txt 0.000593159 0.00059203 1.129e-06
1 Citeseer_A.txt 0.00059064 0.000589518 1.122e-06
2 Citeseer_A.txt 0.000597995 0.000597136 8.59e-07
3 Citeseer_A.txt 0.00059459 0.000594067 5.23e-07
4 Citeseer_A.txt 0.000604343 0.000603615 7.28e-07
5 Citeseer_A.txt 0.00060141 0.000600899 5.11e-07
6 Citeseer_A.txt 0.000606729 0.000605837 8.92e-07
7 Citeseer_A.txt 0.000601501 0.000600963 5.38e-07
8 Citeseer_A.txt 0.000602861 0.000602155 7.06e-07
9 Citeseer_A.txt 0.000600713 0.000599872 8.41e-07
10 Citeseer_A.txt 0.000617977 0.000610384 7.593e-06
11 Citeseer_A.txt 0.00060895 0.000608183 7.67e-07
12 Citeseer_A.txt 0.000610389 0.0006098 5.89e-07
13 Citeseer_A.txt 0.0006079 0.000607382 5.18e-07
14 Citeseer_A.txt 0.000621897 0.000620715 1.182e-06
15 Citeseer_A.txt 0.000609578 0.000608598 9.8e-07
16 Citeseer_A.txt 0.000677085 0.000676292 7.93e-07
17 Citeseer_A.txt 0.000674208 0.000673364 8.44e-07
18 Citeseer_A.txt 0.000682307 0.000681651 6.56e-07
19 Citeseer_A.txt 0.000679296 0.000678377 9.19e-07
20 Citeseer_A.txt 0.000675403 0.000674629 7.74e-07
21 Citeseer_A.txt 0.000672478 0.000671814 6.64e-07
22 Citeseer_A.txt 0.000679495 0.000678558 9.37e-07
23 Citeseer_A.txt 0.000675756 0.000674809 9.47e-07
24 Citeseer_A.txt 0.000627444 0.000626665 7.79e-07
25 Citeseer_A.txt 0.000624679 0.000624077 6.02e-07
26 Citeseer_A.txt 0.000631038 0.000630206 8.32e-07
27 Citeseer_A.txt 0.000627379 0.000626703 6.76e-07
28 Citeseer_A.txt 0.000635937 0.00063515 7.87e-07
29 Citeseer_A.txt 0.000633035 0.000632068 9.67e-07
30 Citeseer_A.txt 0.000631568 0.000630883 6.85e-07
31 Citeseer_A.txt 0.000628246 0.000627603 6.43e-07
32 Citeseer_A.txt 0.000512081 0.000511172 9.09e-07
33 Citeseer_A.txt 0.000508915 0.000507951 9.64e-07
34 Citeseer_A.txt 0.000516966 0.000516238 7.28e-07
35 Citeseer_A.txt 0.000514781 0.000513874 9.07e-07
36 Citeseer_A.txt 0.000521193 0.000520391 8.02e-07
37 Citeseer_A.txt 0.000519031 0.000518278 7.53e-07
38 Citeseer_A.txt 0.0005256 0.000524791 8.09e-07
39 Citeseer_A.txt 0.000521614 0.000520763 8.51e-07
40 Citeseer_A.txt 0.000520468 0.000519776 6.92e-07
41 Citeseer_A.txt 0.000517834 0.000517264 5.7e-07
42 Citeseer_A.txt 0.000525716 0.000525049 6.67e-07
43 Citeseer_A.txt 0.000522055 0.000521223 8.32e-07
44 Citeseer_A.txt 0.000523325 0.000522792 5.33e-07
45 Citeseer_A.txt 0.000520499 0.000519628 8.71e-07
46 Citeseer_A.txt 0.000524988 0.0005243 6.88e-07
47 Citeseer_A.txt 0.000521051 0.00052042 6.31e-07
48 Citeseer_A.txt 0.000598144 0.000597362 7.82e-07
49 Citeseer_A.txt 0.000596383 0.000595566 8.17e-07
50 Citeseer_A.txt 0.000603763 0.000602852 9.11e-07
51 Citeseer_A.txt 0.000599859 0.000598886 9.73e-07
52 Citeseer_A.txt 0.000600183 0.000599432 7.51e-07
53 Citeseer_A.txt 0.000597806 0.000597014 7.92e-07
54 Citeseer_A.txt 0.000602458 0.000601764 6.94e-07
55 Citeseer_A.txt 0.000599712 0.000598938 7.74e-07
56 Citeseer_A.txt 0.000595839 0.000594884 9.55e-07
57 Citeseer_A.txt 0.000593522 0.000592604 9.18e-07
58 Citeseer_A.txt 0.000604405 0.000603365 1.04e-06
59 Citeseer_A.txt 0.000600409 0.000599573 8.36e-07
60 Citeseer_A.txt 0.000601769 0.000601 7.69e-07
61 Citeseer_A.txt 0.000599256 0.000598525 7.31e-07
62 Citeseer_A.txt 0.000606705 0.000605983 7.22e-07
63 Citeseer_A.txt 0.000603686 0.000602781 9.05e-07
64 Citeseer_A.txt 0.000666317 0.000665579 7.38e-07
65 Citeseer_A.txt 0.000664172 0.000663187 9.85e-07
66 Citeseer_A.txt 0.000674178 0.000673361 8.17e-07
67 Citeseer_A.txt 0.00067015 0.000669558 5.92e-07
68 Citeseer_A.txt 0.000669432 0.000668689 7.43e-07
69 Citeseer_A.txt 0.000666618 0.000666002 6.16e-07
70 Citeseer_A.txt 0.000673049 0.000672382 6.67e-07
71 Citeseer_A.txt 0.000669855 0.000669212 6.43e-07
72 Citeseer_A.txt 0.000617897 0.00061708 8.17e-07
73 Citeseer_A.txt 0.000615297 0.000614526 7.71e-07
74 Citeseer_A.txt 0.000623627 0.00062278 8.47e-07
75 Citeseer_A.txt 0.00062057 0.0006195 1.07e-06
76 Citeseer_A.txt 0.000622534 0.000621733 8.01e-07
77 Citeseer_A.txt 0.000619868 0.000619107 7.61e-07
78 Citeseer_A.txt 0.000624502 0.000623798 7.04e-07
79 Citeseer_A.txt 0.000621303 0.000620628 6.75e-07
80 Citeseer_A.txt 0.000511677 0.000510975 7.02e-07
81 Citeseer_A.txt 0.000509028 0.000508387 6.41e-07
82 Citeseer_A.txt 0.000517519 0.000516658 8.61e-07
83 Citeseer_A.txt 0.000513623 0.000512956 6.67e-07
84 Citeseer_A.txt 0.000522767 0.000522071 6.96e-07
85 Citeseer_A.txt 0.000520362 0.000519522 8.4e-07
86 Citeseer_A.txt 0.000523789 0.00052304 7.49e-07
87 Citeseer_A.txt 0.000521962 0.000520868 1.094e-06
88 Citeseer_A.txt 0.000516431 0.000515587 8.44e-07
89 Citeseer_A.txt 0.000514152 0.00051329 8.62e-07
90 Citeseer_A.txt 0.000521208 0.000520408 8e-07
91 Citeseer_A.txt 0.000517757 0.000517045 7.12e-07
92 Citeseer_A.txt 0.000521899 0.000521133 7.66e-07
93 Citeseer_A.txt 0.000518355 0.000517573 7.82e-07
94 Citeseer_A.txt 0.000521442 0.000520698 7.44e-07
95 Citeseer_A.txt 0.000518322 0.00051761 7.12e-07
96 Citeseer_A.txt 0.00063866 0.000637786 8.74e-07
97 Citeseer_A.txt 0.000636138 0.000635499 6.39e-07
98 Citeseer_A.txt 0.000644271 0.000643548 7.23e-07
99 Citeseer_A.txt 0.000640879 0.000640151 7.28e-07
100 Citeseer_A.txt 0.00065073 0.000650009 7.21e-07
101 Citeseer_A.txt 0.000647809 0.000647251 5.58e-07
102 Citeseer_A.txt 0.000652358 0.000651522 8.36e-07
103 Citeseer_A.txt 0.000648897 0.000648186 7.11e-07
104 Citeseer_A.txt 0.000648526 0.000647928 5.98e-07
105 Citeseer_A.txt 0.000646038 0.00064537 6.68e-07
106 Citeseer_A.txt 0.00065656 0.000655655 9.05e-07
107 Citeseer_A.txt 0.000653444 0.000652611 8.33e-07
108 Citeseer_A.txt 0.000653964 0.000653407 5.57e-07
109 Citeseer_A.txt 0.000651991 0.000651075 9.16e-07
110 Citeseer_A.txt 0.000656571 0.000655841 7.3e-07
111 Citeseer_A.txt 0.000653095 0.000652266 8.29e-07
112 Citeseer_A.txt 0.00072862 0.000727938 6.82e-07
113 Citeseer_A.txt 0.000726403 0.000725634 7.69e-07
114 Citeseer_A.txt 0.00073018 0.00072938 8e-07
115 Citeseer_A.txt 0.000726715 0.000725939 7.76e-07
116 Citeseer_A.txt 0.000723461 0.000722707 7.54e-07
117 Citeseer_A.txt 0.000719948 0.000719211 7.37e-07
118 Citeseer_A.txt 0.000725811 0.000725141 6.7e-07
119 Citeseer_A.txt 0.000723027 0.000722232 7.95e-07
120 Citeseer_A.txt 0.000664425 0.000663602 8.23e-07
121 Citeseer_A.txt 0.000661592 0.000660793 7.99e-07
122 Citeseer_A.txt 0.000669017 0.000668419 5.98e-07
123 Citeseer_A.txt 0.00066619 0.000665475 7.15e-07
124 Citeseer_A.txt 0.000669176 0.000668365 8.11e-07
125 Citeseer_A.txt 0.000666791 0.000666378 4.13e-07
126 Citeseer_A.txt 0.000672311 0.00067183 4.81e-07
127 Citeseer_A.txt 0.000669042 0.000668311 7.31e-07
128 Citeseer_A.txt 0.00055929 0.00055856 7.3e-07
129 Citeseer_A.txt 0.000556703 0.000555936 7.67e-07
130 Citeseer_A.txt 0.00056682 0.000566359 4.61e-07
131 Citeseer_A.txt 0.000563417 0.000562683 7.34e-07
132 Citeseer_A.txt 0.000568208 0.000567183 1.025e-06
133 Citeseer_A.txt 0.000565458 0.000564774 6.84e-07
134 Citeseer_A.txt 0.000571256 0.000570291 9.65e-07
135 Citeseer_A.txt 0.000567595 0.000566776 8.19e-07
136 Citeseer_A.txt 0.000562116 0.000561437 6.79e-07
137 Citeseer_A.txt 0.000560435 0.000559885 5.5e-07
138 Citeseer_A.txt 0.000567823 0.000567216 6.07e-07
139 Citeseer_A.txt 0.000564515 0.000563856 6.59e-07
140 Citeseer_A.txt 0.000566391 0.00056571 6.81e-07
141 Citeseer_A.txt 0.000563825 0.000563206 6.19e-07
142 Citeseer_A.txt 0.000571434 0.00057095 4.84e-07
143 Citeseer_A.txt 0.000567686 0.000567099 5.87e-07
144 Citeseer_A.txt 0.00065727 0.000656394 8.76e-07
145 Citeseer_A.txt 0.000655784 0.000655116 6.68e-07
146 Citeseer_A.txt 0.000664293 0.00066357 7.23e-07
147 Citeseer_A.txt 0.000659858 0.000659175 6.83e-07
148 Citeseer_A.txt 0.000662812 0.000661959 8.53e-07
149 Citeseer_A.txt 0.000660253 0.000659669 5.84e-07
150 Citeseer_A.txt 0.000668016 0.000667239 7.77e-07
151 Citeseer_A.txt 0.000664153 0.000663251 9.02e-07
152 Citeseer_A.txt 0.000656507 0.000655666 8.41e-07
153 Citeseer_A.txt 0.000653836 0.000653295 5.41e-07
154 Citeseer_A.txt 0.000663593 0.000662865 7.28e-07
155 Citeseer_A.txt 0.000660262 0.000659335 9.27e-07
156 Citeseer_A.txt 0.000661405 0.000660577 8.28e-07
157 Citeseer_A.txt 0.000659034 0.00065813 9.04e-07
158 Citeseer_A.txt 0.000667892 0.000667068 8.24e-07
159 Citeseer_A.txt 0.000664275 0.000663481 7.94e-07
160 Citeseer_A.txt 0.000723946 0.000723367 5.79e-07
161 Citeseer_A.txt 0.000721507 0.00072084 6.67e-07
162 Citeseer_A.txt 0.000728396 0.000727738 6.58e-07
163 Citeseer_A.txt 0.000724229 0.000723465 7.64e-07
164 Citeseer_A.txt 0.00072428 0.000723324 9.56e-07
165 Citeseer_A.txt 0.000720725 0.000719884 8.41e-07
166 Citeseer_A.txt 0.000724061 0.000723398 6.63e-07
167 Citeseer_A.txt 0.000721543 0.000720836 7.07e-07
168 Citeseer_A.txt 0.000672126 0.000671446 6.8e-07
169 Citeseer_A.txt 0.000669312 0.000668437 8.75e-07
170 Citeseer_A.txt 0.000678355 0.00067768 6.75e-07
171 Citeseer_A.txt 0.000674812 0.000673996 8.16e-07
172 Citeseer_A.txt 0.000679541 0.000678676 8.65e-07
173 Citeseer_A.txt 0.000677367 0.000676421 9.46e-07
174 Citeseer_A.txt 0.000680334 0.000679687 6.47e-07
175 Citeseer_A.txt 0.000676921 0.000676203 7.18e-07
176 Citeseer_A.txt 0.000560336 0.000559506 8.3e-07
177 Citeseer_A.txt 0.000557608 0.000556877 7.31e-07
178 Citeseer_A.txt 0.000567834 0.000567173 6.61e-07
179 Citeseer_A.txt 0.000564352 0.000563685 6.67e-07
180 Citeseer_A.txt 0.000569343 0.000568601 7.42e-07
181 Citeseer_A.txt 0.000566729 0.000566163 5.66e-07
182 Citeseer_A.txt 0.000571029 0.000570279 7.5e-07
183 Citeseer_A.txt 0.00056798 0.000567327 6.53e-07
184 Citeseer_A.txt 0.000565273 0.000564508 7.65e-07
185 Citeseer_A.txt 0.000562704 0.000562066 6.38e-07
186 Citeseer_A.txt 0.000570337 0.000569437 9e-07
187 Citeseer_A.txt 0.000567776 0.000566989 7.87e-07
188 Citeseer_A.txt 0.000571398 0.000570599 7.99e-07
189 Citeseer_A.txt 0.000568846 0.00056792 9.26e-07
190 Citeseer_A.txt 0.000575635 0.00057502 6.15e-07
191 Citeseer_A.txt 0.000572295 0.000571599 6.96e-07
192 Citeseer_A.txt 0.000620042 0.000619284 7.58e-07
193 Citeseer_A.txt 0.000618446 0.00061743 1.016e-06
194 Citeseer_A.txt 0.000625057 0.000624174 8.83e-07
195 Citeseer_A.txt 0.000620702 0.000620121 5.81e-07
196 Citeseer_A.txt 0.000627287 0.000626662 6.25e-07
197 Citeseer_A.txt 0.000625018 0.000624306 7.12e-07
198 Citeseer_A.txt 0.000629352 0.000628751 6.01e-07
199 Citeseer_A.txt 0.000626783 0.000626154 6.29e-07
200 Citeseer_A.txt 0.000620263 0.000619673 5.9e-07
201 Citeseer_A.txt 0.000618175 0.000617561 6.14e-07
202 Citeseer_A.txt 0.00062698 0.000626459 5.21e-07
203 Citeseer_A.txt 0.000624554 0.000623931 6.23e-07
204 Citeseer_A.txt 0.000625163 0.000624563 6e-07
205 Citeseer_A.txt 0.000622788 0.000622205 5.83e-07
206 Citeseer_A.txt 0.000629333 0.000628511 8.22e-07
207 Citeseer_A.txt 0.000625738 0.000625087 6.51e-07
208 Citeseer_A.txt 0.000690317 0.000689411 9.06e-07
209 Citeseer_A.txt 0.00068753 0.000686984 5.46e-07
210 Citeseer_A.txt 0.00069506 0.000694355 7.05e-07
211 Citeseer_A.txt 0.000692081 0.000691099 9.82e-07
212 Citeseer_A.txt 0.000694921 0.000694053 8.68e-07
213 Citeseer_A.txt 0.000692382 0.000691753 6.29e-07
214 Citeseer_A.txt 0.000697464 0.000696863 6.01e-07
215 Citeseer_A.txt 0.000695059 0.000694134 9.25e-07
216 Citeseer_A.txt 0.000644746 0.000643824 9.22e-07
217 Citeseer_A.txt 0.000641841 0.000641024 8.17e-07
218 Citeseer_A.txt 0.000650019 0.000649421 5.98e-07
219 Citeseer_A.txt 0.000646669 0.000646022 6.47e-07
220 Citeseer_A.txt 0.000649962 0.000649098 8.64e-07
221 Citeseer_A.txt 0.000647835 0.000646891 9.44e-07
222 Citeseer_A.txt 0.000651736 0.000650981 7.55e-07
223 Citeseer_A.txt 0.000648335 0.000647165 1.17e-06
224 Citeseer_A.txt 0.000531782 0.000530971 8.11e-07
225 Citeseer_A.txt 0.000529395 0.00052877 6.25e-07
226 Citeseer_A.txt 0.000539848 0.000538951 8.97e-07
227 Citeseer_A.txt 0.000535985 0.000535073 9.12e-07
228 Citeseer_A.txt 0.000537683 0.000536921 7.62e-07
229 Citeseer_A.txt 0.000535316 0.000534664 6.52e-07
230 Citeseer_A.txt 0.000541384 0.000540758 6.26e-07
231 Citeseer_A.txt 0.000537991 0.000537441 5.5e-07
232 Citeseer_A.txt 0.000539488 0.000538659 8.29e-07
233 Citeseer_A.txt 0.000536457 0.000535803 6.54e-07
234 Citeseer_A.txt 0.000544224 0.000543563 6.61e-07
235 Citeseer_A.txt 0.000540612 0.000539917 6.95e-07
236 Citeseer_A.txt 0.00054496 0.000544329 6.31e-07
237 Citeseer_A.txt 0.000543755 0.000543129 6.26e-07
238 Citeseer_A.txt 0.000551192 0.000550164 1.028e-06
239 Citeseer_A.txt 0.000547338 0.000546573 7.65e-07
240 Citeseer_A.txt 0.000607902 0.000607336 5.66e-07
241 Citeseer_A.txt 0.000605166 0.000604424 7.42e-07
242 Citeseer_A.txt 0.000614112 0.000613428 6.84e-07
243 Citeseer_A.txt 0.000610661 0.000609935 7.26e-07
244 Citeseer_A.txt 0.000618115 0.000617332 7.83e-07
245 Citeseer_A.txt 0.000615836 0.000615234 6.02e-07
246 Citeseer_A.txt 0.000619768 0.000618969 7.99e-07
247 Citeseer_A.txt 0.000616323 0.000615728 5.95e-07
248 Citeseer_A.txt 0.000611744 0.00061089 8.54e-07
249 Citeseer_A.txt 0.00060916 0.000608345 8.15e-07
250 Citeseer_A.txt 0.000617021 0.0006162 8.21e-07
251 Citeseer_A.txt 0.000613647 0.000612637 1.01e-06
252 Citeseer_A.txt 0.00061929 0.000618512 7.78e-07
253 Citeseer_A.txt 0.000616224 0.000615408 8.16e-07
254 Citeseer_A.txt 0.00061982 0.000619015 8.05e-07
255 Citeseer_A.txt 0.000616028 0.000615284 7.44e-07
256 Citeseer_A.txt 0.000682704 0.000682075 6.29e-07
257 Citeseer_A.txt 0.000680956 0.000679947 1.009e-06
258 Citeseer_A.txt 0.000686537 0.000685948 5.89e-07
259 Citeseer_A.txt 0.000683501 0.000682738 7.63e-07
260 Citeseer_A.txt 0.000682519 0.000681731 7.88e-07
261 Citeseer_A.txt 0.000678749 0.000678245 5.04e-07
262 Citeseer_A.txt 0.000685063 0.000684263 8e-07
263 Citeseer_A.txt 0.000681791 0.000681061 7.3e-07
264 Citeseer_A.txt 0.000634213 0.000633644 5.69e-07
265 Citeseer_A.txt 0.000631767 0.000631111 6.56e-07
266 Citeseer_A.txt 0.000640638 0.000639915 7.23e-07
267 Citeseer_A.txt 0.000636721 0.000636275 4.46e-07
268 Citeseer_A.txt 0.000639844 0.000639009 8.35e-07
269 Citeseer_A.txt 0.000637176 0.000636281 8.95e-07
270 Citeseer_A.txt 0.000643226 0.000642349 8.77e-07
271 Citeseer_A.txt 0.000639671 0.000638935 7.36e-07
272 Citeseer_A.txt 0.000522007 0.000521185 8.22e-07
273 Citeseer_A.txt 0.000519478 0.000518926 5.52e-07
274 Citeseer_A.txt 0.000528948 0.000528296 6.52e-07
275 Citeseer_A.txt 0.000525398 0.000524699 6.99e-07
276 Citeseer_A.txt 0.000532636 0.000531932 7.04e-07
277 Citeseer_A.txt 0.000530031 0.000529375 6.56e-07
278 Citeseer_A.txt 0.000532839 0.000532434 4.05e-07
279 Citeseer_A.txt 0.000529214 0.000528637 5.77e-07
280 Citeseer_A.txt 0.000527268 0.000526638 6.3e-07
281 Citeseer_A.txt 0.00052471 0.00052412 5.9e-07
282 Citeseer_A.txt 0.00053439 0.000533632 7.58e-07
283 Citeseer_A.txt 0.000531309 0.000530661 6.48e-07
284 Citeseer_A.txt 0.000535347 0.000534509 8.38e-07
285 Citeseer_A.txt 0.000532297 0.00053177 5.27e-07
286 Citeseer_A.txt 0.000538861 0.00053822 6.41e-07
287 Citeseer_A.txt 0.00053547 0.000534688 7.82e-07
288 Citeseer_A.txt 0.000656809 0.000655824 9.85e-07
289 Citeseer_A.txt 0.000654539 0.000653683 8.56e-07
290 Citeseer_A.txt 0.000663337 0.000662566 7.71e-07
291 Citeseer_A.txt 0.000659677 0.000658924 7.53e-07
292 Citeseer_A.txt 0.000665068 0.000664422 6.46e-07
293 Citeseer_A.txt 0.000663009 0.000662252 7.57e-07
294 Citeseer_A.txt 0.00066629 0.000665613 6.77e-07
295 Citeseer_A.txt 0.000663432 0.0006628 6.32e-07
296 Citeseer_A.txt 0.000660891 0.000660091 8e-07
297 Citeseer_A.txt 0.000658814 0.000657879 9.35e-07
298 Citeseer_A.txt 0.000668206 0.000667348 8.58e-07
299 Citeseer_A.txt 0.000665265 0.00066421 1.055e-06
300 Citeseer_A.txt 0.000668151 0.000667493 6.58e-07
301 Citeseer_A.txt 0.000665896 0.000665232 6.64e-07
302 Citeseer_A.txt 0.000669278 0.000668407 8.71e-07
303 Citeseer_A.txt 0.000665683 0.000665069 6.14e-07
304 Citeseer_A.txt 0.000730129 0.000729267 8.62e-07
305 Citeseer_A.txt 0.000727618 0.000726917 7.01e-07
306 Citeseer_A.txt 0.000734867 0.000733926 9.41e-07
307 Citeseer_A.txt 0.000730964 0.000730051 9.13e-07
308 Citeseer_A.txt 0.000733499 0.000732786 7.13e-07
309 Citeseer_A.txt 0.000731593 0.000730715 8.78e-07
310 Citeseer_A.txt 0.000736477 0.000735694 7.83e-07
311 Citeseer_A.txt 0.000733037 0.000732358 6.79e-07
312 Citeseer_A.txt 0.000681104 0.000680409 6.95e-07
313 Citeseer_A.txt 0.000678166 0.000677552 6.14e-07
314 Citeseer_A.txt 0.000688123 0.000687432 6.91e-07
315 Citeseer_A.txt 0.00068447 0.000683768 7.02e-07
316 Citeseer_A.txt 0.000686703 0.000685979 7.24e-07
317 Citeseer_A.txt 0.000684017 0.000683333 6.84e-07
318 Citeseer_A.txt 0.000689081 0.000688436 6.45e-07
319 Citeseer_A.txt 0.000686459 0.000685712 7.47e-07
320 Citeseer_A.txt 0.000577415 0.000576584 8.31e-07
321 Citeseer_A.txt 0.000574981 0.000574193 7.88e-07
322 Citeseer_A.txt 0.000584625 0.000583618 1.007e-06
323 Citeseer_A.txt 0.000581517 0.000580661 8.56e-07
324 Citeseer_A.txt 0.000582761 0.000582065 6.96e-07
325 Citeseer_A.txt 0.000580277 0.000579464 8.13e-07
326 Citeseer_A.txt 0.000586629 0.000585716 9.13e-07
327 Citeseer_A.txt 0.000583581 0.000582644 9.37e-07
328 Citeseer_A.txt 0.000580423 0.000579545 8.78e-07
329 Citeseer_A.txt 0.000577659 0.000576804 8.55e-07
330 Citeseer_A.txt 0.000585912 0.000584946 9.66e-07
331 Citeseer_A.txt 0.000582233 0.000581275 9.58e-07
332 Citeseer_A.txt 0.000583677 0.000582948 7.29e-07
333 Citeseer_A.txt 0.000581363 0.000580212 1.151e-06
334 Citeseer_A.txt 0.000588681 0.000587721 9.6e-07
335 Citeseer_A.txt 0.0005843 0.00058338 9.2e-07
336 Citeseer_A.txt 0.000653626 0.000652415 1.211e-06
337 Citeseer_A.txt 0.000651192 0.000650277 9.15e-07
338 Citeseer_A.txt 0.000659889 0.000658741 1.148e-06
339 Citeseer_A.txt 0.000655745 0.000654821 9.24e-07
340 Citeseer_A.txt 0.000661148 0.000660161 9.87e-07
341 Citeseer_A.txt 0.000657536 0.000656815 7.21e-07
342 Citeseer_A.txt 0.000662903 0.000661918 9.85e-07
343 Citeseer_A.txt 0.000658812 0.000658072 7.4e-07
344 Citeseer_A.txt 0.000659079 0.000658245 8.34e-07
345 Citeseer_A.txt 0.00065607 0.000655243 8.27e-07
346 Citeseer_A.txt 0.000662353 0.000661323 1.03e-06
347 Citeseer_A.txt 0.000658351 0.000657422 9.29e-07
348 Citeseer_A.txt 0.000660101 0.0006594 7.01e-07
349 Citeseer_A.txt 0.000658213 0.000657516 6.97e-07
350 Citeseer_A.txt 0.000662922 0.000662123 7.99e-07
351 Citeseer_A.txt 0.000659795 0.000659093 7.02e-07
352 Citeseer_A.txt 0.00072566 0.000724822 8.38e-07
353 Citeseer_A.txt 0.000722176 0.000721293 8.83e-07
354 Citeseer_A.txt 0.00072934 0.000728684 6.56e-07
355 Citeseer_A.txt 0.00072653 0.000725652 8.78e-07
356 Citeseer_A.txt 0.000723688 0.000722753 9.35e-07
357 Citeseer_A.txt 0.000720394 0.000719514 8.8e-07
358 Citeseer_A.txt 0.000727639 0.00072681 8.29e-07
359 Citeseer_A.txt 0.000724012 0.000723194 8.18e-07
360 Citeseer_A.txt 0.000671818 0.000670907 9.11e-07
361 Citeseer_A.txt 0.000669258 0.000668277 9.81e-07
362 Citeseer_A.txt 0.000676691 0.000675761 9.3e-07
363 Citeseer_A.txt 0.000673029 0.000672153 8.76e-07
364 Citeseer_A.txt 0.000676092 0.000675197 8.95e-07
365 Citeseer_A.txt 0.000673307 0.000672275 1.032e-06
366 Citeseer_A.txt 0.000678683 0.000677912 7.71e-07
367 Citeseer_A.txt 0.000674996 0.000674339 6.57e-07
368 Citeseer_A.txt 0.000558989 0.000558129 8.6e-07
369 Citeseer_A.txt 0.000556727 0.000555669 1.058e-06
370 Citeseer_A.txt 0.000566125 0.000565093 1.032e-06
371 Citeseer_A.txt 0.000562959 0.000561582 1.377e-06
372 Citeseer_A.txt 0.00057046 0.000568928 1.532e-06
373 Citeseer_A.txt 0.000567601 0.00056663 9.71e-07
374 Citeseer_A.txt 0.000573758 0.000572866 8.92e-07
375 Citeseer_A.txt 0.000570034 0.000569418 6.16e-07
376 Citeseer_A.txt 0.000566099 0.00056551 5.89e-07
377 Citeseer_A.txt 0.000563593 0.000562744 8.49e-07
378 Citeseer_A.txt 0.000573968 0.000573251 7.17e-07
379 Citeseer_A.txt 0.000570146 0.000569498 6.48e-07
380 Citeseer_A.txt 0.000575228 0.000574371 8.57e-07
381 Citeseer_A.txt 0.000572661 0.000571905 7.56e-07
382 Citeseer_A.txt 0.000578567 0.000577272 1.295e-06
383 Citeseer_A.txt 0.000575037 0.000574042 9.95e-07
384 Citeseer_A.txt 0.00061292 0.000611971 9.49e-07
385 Citeseer_A.txt 0.00061127 0.00061 1.27e-06
386 Citeseer_A.txt 0.000617573 0.000616564 1.009e-06
387 Citeseer_A.txt 0.000614018 0.000613128 8.9e-07
388 Citeseer_A.txt 0.000619088 0.000618188 9e-07
389 Citeseer_A.txt 0.0006159 0.000615253 6.47e-07
390 Citeseer_A.txt 0.00062004 0.00061917 8.7e-07
391 Citeseer_A.txt 0.000615925 0.000615181 7.44e-07
392 Citeseer_A.txt 0.000615119 0.000614027 1.092e-06
393 Citeseer_A.txt 0.00061238 0.000611428 9.52e-07
394 Citeseer_A.txt 0.000621809 0.000620889 9.2e-07
395 Citeseer_A.txt 0.000617693 0.00061676 9.33e-07
396 Citeseer_A.txt 0.000617469 0.000616426 1.043e-06
397 Citeseer_A.txt 0.000615274 0.000614175 1.099e-06
398 Citeseer_A.txt 0.000620116 0.000618598 1.518e-06
399 Citeseer_A.txt 0.000616834 0.000615757 1.077e-06
400 Citeseer_A.txt 0.000677411 0.000676374 1.037e-06
401 Citeseer_A.txt 0.000674737 0.000673943 7.94e-07
402 Citeseer_A.txt 0.000682537 0.000681628 9.09e-07
403 Citeseer_A.txt 0.00067762 0.000676851 7.69e-07
404 Citeseer_A.txt 0.000669581 0.000668718 8.63e-07
405 Citeseer_A.txt 0.000667475 0.00066656 9.15e-07
406 Citeseer_A.txt 0.00067651 0.000675607 9.03e-07
407 Citeseer_A.txt 0.000673053 0.000672181 8.72e-07
408 Citeseer_A.txt 0.000625287 0.000624532 7.55e-07
409 Citeseer_A.txt 0.000622946 0.00062212 8.26e-07
410 Citeseer_A.txt 0.000629317 0.00062855 7.67e-07
411 Citeseer_A.txt 0.000625885 0.000625029 8.56e-07
412 Citeseer_A.txt 0.000633165 0.000632352 8.13e-07
413 Citeseer_A.txt 0.000629657 0.000628715 9.42e-07
414 Citeseer_A.txt 0.000634964 0.000633898 1.066e-06
415 Citeseer_A.txt 0.000631037 0.00063027 7.67e-07
416 Citeseer_A.txt 0.000508817 0.000507892 9.25e-07
417 Citeseer_A.txt 0.000506759 0.000505566 1.193e-06
418 Citeseer_A.txt 0.000515777 0.000514785 9.92e-07
419 Citeseer_A.txt 0.000511845 0.000511192 6.53e-07
420 Citeseer_A.txt 0.000521498 0.000519984 1.514e-06
421 Citeseer_A.txt 0.000517377 0.000516363 1.014e-06
422 Citeseer_A.txt 0.000519979 0.000519232 7.47e-07
423 Citeseer_A.txt 0.00051653 0.000515719 8.11e-07
424 Citeseer_A.txt 0.000520025 0.000519104 9.21e-07
425 Citeseer_A.txt 0.000517632 0.000516836 7.96e-07
426 Citeseer_A.txt 0.000525876 0.000524867 1.009e-06
427 Citeseer_A.txt 0.000521844 0.000521157 6.87e-07
428 Citeseer_A.txt 0.000521168 0.000520385 7.83e-07
429 Citeseer_A.txt 0.00051848 0.000517699 7.81e-07
430 Citeseer_A.txt 0.000525342 0.00052446 8.82e-07
431 Citeseer_A.txt 0.000521845 0.000521108 7.37e-07
432 Citeseer_A.txt 0.000595434 0.000594869 5.65e-07
433 Citeseer_A.txt 0.000593969 0.000593312 6.57e-07
434 Citeseer_A.txt 0.00060267 0.000601194 1.476e-06
435 Citeseer_A.txt 0.000598639 0.000597687 9.52e-07
436 Citeseer_A.txt 0.000604729 0.000603756 9.73e-07
437 Citeseer_A.txt 0.000602371 0.000601551 8.2e-07
438 Citeseer_A.txt 0.000609098 0.000608177 9.21e-07
439 Citeseer_A.txt 0.000604665 0.00060366 1.005e-06
440 Citeseer_A.txt 0.00059857 0.000597659 9.11e-07
441 Citeseer_A.txt 0.000595835 0.000595047 7.88e-07
442 Citeseer_A.txt 0.000605217 0.000604198 1.019e-06
443 Citeseer_A.txt 0.000602122 0.000601139 9.83e-07
444 Citeseer_A.txt 0.00060169 0.000600995 6.95e-07
445 Citeseer_A.txt 0.000600762 0.000599794 9.68e-07
446 Citeseer_A.txt 0.000605887 0.000604981 9.06e-07
447 Citeseer_A.txt 0.000601653 0.000600712 9.41e-07
448 Citeseer_A.txt 0.000662688 0.000661918 7.7e-07
449 Citeseer_A.txt 0.000660482 0.000659748 7.34e-07
450 Citeseer_A.txt 0.000665436 0.000664873 5.63e-07
451 Citeseer_A.txt 0.000663248 0.000662544 7.04e-07
452 Citeseer_A.txt 0.000664412 0.000663528 8.84e-07
453 Citeseer_A.txt 0.000662004 0.000661334 6.7e-07
454 Citeseer_A.txt 0.000666966 0.000666201 7.65e-07
455 Citeseer_A.txt 0.00066291 0.000662296 6.14e-07
456 Citeseer_A.txt 0.000614506 0.000613462 1.044e-06
457 Citeseer_A.txt 0.000611852 0.000610926 9.26e-07
458 Citeseer_A.txt 0.000620825 0.000619862 9.63e-07
459 Citeseer_A.txt 0.000618107 0.000617184 9.23e-07
460 Citeseer_A.txt 0.000621121 0.000620197 9.24e-07
461 Citeseer_A.txt 0.000618486 0.000617544 9.42e-07
462 Citeseer_A.txt 0.000621569 0.000620787 7.82e-07
463 Citeseer_A.txt 0.000619165 0.000618278 8.87e-07
464 Citeseer_A.txt 0.000507778 0.000506709 1.069e-06
465 Citeseer_A.txt 0.000504522 0.000503794 7.28e-07
466 Citeseer_A.txt 0.000515764 0.000514898 8.66e-07
467 Citeseer_A.txt 0.000512089 0.000511211 8.78e-07
468 Citeseer_A.txt 0.000514846 0.000514011 8.35e-07
469 Citeseer_A.txt 0.000511926 0.000511196 7.3e-07
470 Citeseer_A.txt 0.000517424 0.000516588 8.36e-07
471 Citeseer_A.txt 0.000514314 0.000513591 7.23e-07
472 Citeseer_A.txt 0.000512892 0.000511741 1.151e-06
473 Citeseer_A.txt 0.000509312 0.00050825 1.062e-06
474 Citeseer_A.txt 0.000520185 0.000519188 9.97e-07
475 Citeseer_A.txt 0.000514939 0.000514059 8.8e-07
476 Citeseer_A.txt 0.000519263 0.000518149 1.114e-06
477 Citeseer_A.txt 0.000515465 0.00051476 7.05e-07
478 Citeseer_A.txt 0.000523648 0.000522739 9.09e-07
479 Citeseer_A.txt 0.000521207 0.000519733 1.474e-06
480 Citeseer_A.txt 0.000603987 0.000602453 1.534e-06
481 Citeseer_A.txt 0.000601392 0.000600209 1.183e-06
482 Citeseer_A.txt 0.000607917 0.00060658 1.337e-06
483 Citeseer_A.txt 0.000603041 0.000601985 1.056e-06
484 Citeseer_A.txt 0.000609719 0.00060858 1.139e-06
485 Citeseer_A.txt 0.000606336 0.000605518 8.18e-07
486 Citeseer_A.txt 0.000611116 0.000610029 1.087e-06
487 Citeseer_A.txt 0.000607259 0.000606472 7.87e-07
488 Citeseer_A.txt 0.00061156 0.000610883 6.77e-07
489 Citeseer_A.txt 0.00060872 0.000608112 6.08e-07
490 Citeseer_A.txt 0.000614585 0.000613946 6.39e-07
491 Citeseer_A.txt 0.000611096 0.000610437 6.59e-07
492 Citeseer_A.txt 0.000615237 0.000614519 7.18e-07
493 Citeseer_A.txt 0.000613099 0.000612256 8.43e-07
494 Citeseer_A.txt 0.000617847 0.000617114 7.33e-07
495 Citeseer_A.txt 0.000614119 0.000612938 1.181e-06
496 Citeseer_A.txt 0.00066969 0.000668774 9.16e-07
497 Citeseer_A.txt 0.000667576 0.000666798 7.78e-07
498 Citeseer_A.txt 0.000675276 0.000674345 9.31e-07
499 Citeseer_A.txt 0.000671643 0.00067055 1.093e-06
500 Citeseer_A.txt 0.000667003 0.000666033 9.7e-07
501 Citeseer_A.txt 0.000665057 0.000664224 8.33e-07
502 Citeseer_A.txt 0.000673524 0.000672699 8.25e-07
503 Citeseer_A.txt 0.000670338 0.000669348 9.9e-07
504 Citeseer_A.txt 0.000614243 0.000613262 9.81e-07
505 Citeseer_A.txt 0.000611387 0.000610568 8.19e-07
506 Citeseer_A.txt 0.000619782 0.000618994 7.88e-07
507 Citeseer_A.txt 0.000616204 0.000615743 4.61e-07
508 Citeseer_A.txt 0.000620281 0.000619506 7.75e-07
509 Citeseer_A.txt 0.00061772 0.000616836 8.84e-07
510 Citeseer_A.txt 0.000621464 0.000620788 6.76e-07
511 Citeseer_A.txt 0.000617866 0.000617158 7.08e-07
512 Citeseer_A.txt 0.000504569 0.00050381 7.59e-07
513 Citeseer_A.txt 0.000502434 0.000501576 8.58e-07
514 Citeseer_A.txt 0.000510827 0.000509753 1.074e-06
515 Citeseer_A.txt 0.00050794 0.000507008 9.32e-07
516 Citeseer_A.txt 0.000515357 0.000514247 1.11e-06
517 Citeseer_A.txt 0.000512798 0.000511791 1.007e-06
518 Citeseer_A.txt 0.000517563 0.00051628 1.283e-06
519 Citeseer_A.txt 0.000514377 0.00051325 1.127e-06
520 Citeseer_A.txt 0.000512723 0.000511565 1.158e-06
521 Citeseer_A.txt 0.000510052 0.000509159 8.93e-07
522 Citeseer_A.txt 0.00051782 0.000516462 1.358e-06
523 Citeseer_A.txt 0.000514283 0.000513427 8.56e-07
524 Citeseer_A.txt 0.000517075 0.000516023 1.052e-06
525 Citeseer_A.txt 0.00051476 0.000513516 1.244e-06
526 Citeseer_A.txt 0.000519535 0.000518593 9.42e-07
527 Citeseer_A.txt 0.000516785 0.000515656 1.129e-06
528 Citeseer_A.txt 0.000600402 0.000599327 1.075e-06
529 Citeseer_A.txt 0.000598124 0.000597202 9.22e-07
530 Citeseer_A.txt 0.000603365 0.000602253 1.112e-06
531 Citeseer_A.txt 0.000599826 0.000598894 9.32e-07
532 Citeseer_A.txt 0.0006028 0.000601953 8.47e-07
533 Citeseer_A.txt 0.000600707 0.000599559 1.148e-06
534 Citeseer_A.txt 0.000606643 0.000605177 1.466e-06
535 Citeseer_A.txt 0.000602731 0.0006021 6.31e-07
536 Citeseer_A.txt 0.000602551 0.000601455 1.096e-06
537 Citeseer_A.txt 0.000600485 0.000599572 9.13e-07
538 Citeseer_A.txt 0.000610347 0.000609269 1.078e-06
539 Citeseer_A.txt 0.000606681 0.000605655 1.026e-06
540 Citeseer_A.txt 0.000605188 0.000604418 7.7e-07
541 Citeseer_A.txt 0.000603618 0.000602604 1.014e-06
542 Citeseer_A.txt 0.000607244 0.000606433 8.11e-07
543 Citeseer_A.txt 0.000604514 0.000603743 7.71e-07
544 Citeseer_A.txt 0.0006632 0.000662156 1.044e-06
545 Citeseer_A.txt 0.000661503 0.000660353 1.15e-06
546 Citeseer_A.txt 0.000669858 0.000668392 1.466e-06
547 Citeseer_A.txt 0.000666493 0.000665004 1.489e-06
548 Citeseer_A.txt 0.000663136 0.000661468 1.668e-06
549 Citeseer_A.txt 0.000659508 0.000658667 8.41e-07
550 Citeseer_A.txt 0.000663747 0.000662948 7.99e-07
551 Citeseer_A.txt 0.000660283 0.000659615 6.68e-07
552 Citeseer_A.txt 0.000614104 0.000613081 1.023e-06
553 Citeseer_A.txt 0.00061011 0.000609243 8.67e-07
554 Citeseer_A.txt 0.000617324 0.000616438 8.86e-07
555 Citeseer_A.txt 0.000614621 0.000613762 8.59e-07
556 Citeseer_A.txt 0.000618786 0.000618049 7.37e-07
557 Citeseer_A.txt 0.000616375 0.000615717 6.58e-07
558 Citeseer_A.txt 0.000621323 0.00062028 1.043e-06
559 Citeseer_A.txt 0.000618542 0.000617358 1.184e-06
560 Citeseer_A.txt 0.000507061 0.000506475 5.86e-07
561 Citeseer_A.txt 0.000504926 0.000504019 9.07e-07
562 Citeseer_A.txt 0.00051335 0.000512385 9.65e-07
563 Citeseer_A.txt 0.000510056 0.000509082 9.74e-07
564 Citeseer_A.txt 0.000517822 0.00051706 7.62e-07
565 Citeseer_A.txt 0.000515619 0.000514562 1.057e-06
566 Citeseer_A.txt 0.00051983 0.000518606 1.224e-06
567 Citeseer_A.txt 0.000516644 0.000515773 8.71e-07
568 Citeseer_A.txt 0.000511118 0.000510365 7.53e-07
569 Citeseer_A.txt 0.000508975 0.000508094 8.81e-07
570 Citeseer_A.txt 0.000516776 0.000515493 1.283e-06
571 Citeseer_A.txt 0.000513289 0.000512629 6.6e-07
572 Citeseer_A.txt 0.000517269 0.000516211 1.058e-06
573 Citeseer_A.txt 0.000515024 0.000513933 1.091e-06
574 Citeseer_A.txt 0.000520286 0.000519191 1.095e-06
575 Citeseer_A.txt 0.000516435 0.000515287 1.148e-06
576 Citeseer_A.txt 0.000587628 0.000586492 1.136e-06
577 Citeseer_A.txt 0.000585342 0.000584503 8.39e-07
578 Citeseer_A.txt 0.0005894 0.000588625 7.75e-07
579 Citeseer_A.txt 0.000589469 0.000586037 3.432e-06
580 Citeseer_A.txt 0.000593312 0.000591842 1.47e-06
581 Citeseer_A.txt 0.000590016 0.000588945 1.071e-06
582 Citeseer_A.txt 0.000594415 0.000593101 1.314e-06
583 Citeseer_A.txt 0.000591327 0.000590406 9.21e-07
584 Citeseer_A.txt 0.000592376 0.000591445 9.31e-07
585 Citeseer_A.txt 0.000589921 0.000589069 8.52e-07
586 Citeseer_A.txt 0.000597912 0.000596673 1.239e-06
587 Citeseer_A.txt 0.000594897 0.000593361 1.536e-06
588 Citeseer_A.txt 0.000596914 0.000595589 1.325e-06
589 Citeseer_A.txt 0.000594183 0.000593018 1.165e-06
590 Citeseer_A.txt 0.000600345 0.000598543 1.802e-06
591 Citeseer_A.txt 0.000596346 0.000595164 1.182e-06
592 Citeseer_A.txt 0.000651309 0.000650254 1.055e-06
593 Citeseer_A.txt 0.000650418 0.000646637 3.781e-06
594 Citeseer_A.txt 0.000653033 0.000651264 1.769e-06
595 Citeseer_A.txt 0.000648777 0.000647893 8.84e-07
596 Citeseer_A.txt 0.000645446 0.000644732 7.14e-07
597 Citeseer_A.txt 0.000643098 0.000642174 9.24e-07
598 Citeseer_A.txt 0.000648379 0.000647205 1.174e-06
599 Citeseer_A.txt 0.000646203 0.000645107 1.096e-06
600 Citeseer_A.txt 0.000596385 0.000595699 6.86e-07
601 Citeseer_A.txt 0.000593704 0.000592934 7.7e-07
602 Citeseer_A.txt 0.000601363 0.000600489 8.74e-07
603 Citeseer_A.txt 0.000598694 0.000597613 1.081e-06
604 Citeseer_A.txt 0.000604299 0.000603425 8.74e-07
605 Citeseer_A.txt 0.000601486 0.00060085 6.36e-07
606 Citeseer_A.txt 0.000605549 0.000604801 7.48e-07
607 Citeseer_A.txt 0.00060257 0.000601856 7.14e-07
608 Citeseer_A.txt 0.000494571 0.000493506 1.065e-06
609 Citeseer_A.txt 0.000491776 0.000490853 9.23e-07
610 Citeseer_A.txt 0.000500234 0.000498998 1.236e-06
611 Citeseer_A.txt 0.000497035 0.000496044 9.91e-07
612 Citeseer_A.txt 0.000499437 0.000498792 6.45e-07
613 Citeseer_A.txt 0.000497266 0.000496552 7.14e-07
614 Citeseer_A.txt 0.00050296 0.000502081 8.79e-07
615 Citeseer_A.txt 0.000499684 0.000498724 9.6e-07
616 Citeseer_A.txt 0.0004988 0.000498032 7.68e-07
617 Citeseer_A.txt 0.000496809 0.000495735 1.074e-06
618 Citeseer_A.txt 0.000502622 0.000501761 8.61e-07
619 Citeseer_A.txt 0.000499113 0.000498444 6.69e-07
620 Citeseer_A.txt 0.000502455 0.000501792 6.63e-07
621 Citeseer_A.txt 0.00050019 0.000499422 7.68e-07
622 Citeseer_A.txt 0.000506313 0.000505569 7.44e-07
623 Citeseer_A.txt 0.000504023 0.000502549 1.474e-06
624 Citeseer_A.txt 0.000578406 0.000577052 1.354e-06
625 Citeseer_A.txt 0.000576462 0.00057504 1.422e-06
626 Citeseer_A.txt 0.000585024 0.000583333 1.691e-06
627 Citeseer_A.txt 0.00058175 0.000580553 1.197e-06
628 Citeseer_A.txt 0.000581594 0.000580607 9.87e-07
629 Citeseer_A.txt 0.000579911 0.000578631 1.28e-06
630 Citeseer_A.txt 0.00058824 0.000587274 9.66e-07
631 Citeseer_A.txt 0.000586005 0.000584523 1.482e-06
632 Citeseer_A.txt 0.00057978 0.000578945 8.35e-07
633 Citeseer_A.txt 0.000578514 0.000577516 9.98e-07
634 Citeseer_A.txt 0.000586799 0.000585578 1.221e-06
635 Citeseer_A.txt 0.000583507 0.000582589 9.18e-07
636 Citeseer_A.txt 0.00058665 0.000585321 1.329e-06
637 Citeseer_A.txt 0.000583576 0.000582685 8.91e-07
638 Citeseer_A.txt 0.000590556 0.000588956 1.6e-06
639 Citeseer_A.txt 0.000587506 0.000586167 1.339e-06
640 Citeseer_A.txt 0.00065032 0.00064956 7.6e-07
641 Citeseer_A.txt 0.00064847 0.000647425 1.045e-06
642 Citeseer_A.txt 0.000653738 0.000653083 6.55e-07
643 Citeseer_A.txt 0.000650727 0.000650143 5.84e-07
644 Citeseer_A.txt 0.000646703 0.00064583 8.73e-07
645 Citeseer_A.txt 0.000645896 0.000644941 9.55e-07
646 Citeseer_A.txt 0.000656379 0.00065375 2.629e-06
647 Citeseer_A.txt 0.000652915 0.000650905 2.01e-06
648 Citeseer_A.txt 0.000608048 0.000606391 1.657e-06
649 Citeseer_A.txt 0.000605268 0.000603726 1.542e-06
650 Citeseer_A.txt 0.00060486 0.000604116 7.44e-07
651 Citeseer_A.txt 0.000601771 0.000600766 1.005e-06
652 Citeseer_A.txt 0.000605266 0.000603445 1.821e-06
653 Citeseer_A.txt 0.000602031 0.000601158 8.73e-07
654 Citeseer_A.txt 0.000607189 0.000606214 9.75e-07
655 Citeseer_A.txt 0.000603505 0.000602483 1.022e-06
656 Citeseer_A.txt 0.000491816 0.000490882 9.34e-07
657 Citeseer_A.txt 0.000489696 0.000488756 9.4e-07
658 Citeseer_A.txt 0.000497466 0.000496311 1.155e-06
659 Citeseer_A.txt 0.000494411 0.00049344 9.71e-07
660 Citeseer_A.txt 0.000500235 0.000499459 7.76e-07
661 Citeseer_A.txt 0.000498058 0.000497115 9.43e-07
662 Citeseer_A.txt 0.000502688 0.000501616 1.072e-06
663 Citeseer_A.txt 0.000499965 0.000498836 1.129e-06
664 Citeseer_A.txt 0.000501301 0.000500464 8.37e-07
665 Citeseer_A.txt 0.000497762 0.000496515 1.247e-06
666 Citeseer_A.txt 0.000504183 0.000503047 1.136e-06
667 Citeseer_A.txt 0.000500602 0.00049959 1.012e-06
668 Citeseer_A.txt 0.000499902 0.000498897 1.005e-06
669 Citeseer_A.txt 0.000498555 0.000497584 9.71e-07
670 Citeseer_A.txt 0.000505633 0.000504649 9.84e-07
671 Citeseer_A.txt 0.00050169 0.00050088 8.1e-07
672 Citeseer_A.txt 0.000630876 0.000629614 1.262e-06
673 Citeseer_A.txt 0.00062895 0.000627557 1.393e-06
674 Citeseer_A.txt 0.000633753 0.00063275 1.003e-06
675 Citeseer_A.txt 0.000630423 0.000629692 7.31e-07
676 Citeseer_A.txt 0.000639894 0.000638884 1.01e-06
677 Citeseer_A.txt 0.000639364 0.000637258 2.106e-06
678 Citeseer_A.txt 0.000635986 0.000634826 1.16e-06
679 Citeseer_A.txt 0.000633075 0.000631887 1.188e-06
680 Citeseer_A.txt 0.000630469 0.000629448 1.021e-06
681 Citeseer_A.txt 0.000627924 0.000626946 9.78e-07
682 Citeseer_A.txt 0.000643327 0.000641921 1.406e-06
683 Citeseer_A.txt 0.000640627 0.000639008 1.619e-06
684 Citeseer_A.txt 0.00063796 0.000636665 1.295e-06
685 Citeseer_A.txt 0.000635819 0.000634531 1.288e-06
686 Citeseer_A.txt 0.00063938 0.000638026 1.354e-06
687 Citeseer_A.txt 0.000635889 0.000635031 8.58e-07
688 Citeseer_A.txt 0.000700703 0.000700008 6.95e-07
689 Citeseer_A.txt 0.000698126 0.000697294 8.32e-07
690 Citeseer_A.txt 0.000708757 0.00070763 1.127e-06
691 Citeseer_A.txt 0.000707094 0.000705249 1.845e-06
692 Citeseer_A.txt 0.000698919 0.000698059 8.6e-07
693 Citeseer_A.txt 0.000696786 0.00069559 1.196e-06
694 Citeseer_A.txt 0.000703619 0.000702579 1.04e-06
695 Citeseer_A.txt 0.000699362 0.000698484 8.78e-07
696 Citeseer_A.txt 0.000652979 0.000651868 1.111e-06
697 Citeseer_A.txt 0.000648793 0.000648031 7.62e-07
698 Citeseer_A.txt 0.000655812 0.000654808 1.004e-06
699 Citeseer_A.txt 0.00065272 0.000651747 9.73e-07
700 Citeseer_A.txt 0.000655513 0.000654709 8.04e-07
701 Citeseer_A.txt 0.000653209 0.000652202 1.007e-06
702 Citeseer_A.txt 0.000660872 0.000659286 1.586e-06
703 Citeseer_A.txt 0.000657254 0.000655441 1.813e-06
704 Citeseer_A.txt 0.000543707 0.000541942 1.765e-06
705 Citeseer_A.txt 0.000542286 0.000540967 1.319e-06
706 Citeseer_A.txt 0.000550927 0.000549902 1.025e-06
707 Citeseer_A.txt 0.00054808 0.00054706 1.02e-06
708 Citeseer_A.txt 0.000555622 0.00055455 1.072e-06
709 Citeseer_A.txt 0.000553132 0.000552146 9.86e-07
710 Citeseer_A.txt 0.000555381 0.000554626 7.55e-07
711 Citeseer_A.txt 0.000551792 0.000550519 1.273e-06
712 Citeseer_A.txt 0.000550716 0.000550065 6.51e-07
713 Citeseer_A.txt 0.000549322 0.000548358 9.64e-07
714 Citeseer_A.txt 0.000556856 0.000555882 9.74e-07
715 Citeseer_A.txt 0.000553919 0.000552858 1.061e-06
716 Citeseer_A.txt 0.000553674 0.000552899 7.75e-07
717 Citeseer_A.txt 0.000551467 0.000550598 8.69e-07
718 Citeseer_A.txt 0.000557993 0.000556462 1.531e-06
719 Citeseer_A.txt 0.000554533 0.00055329 1.243e-06
720 Citeseer_A.txt 0.000626506 0.000625319 1.187e-06
721 Citeseer_A.txt 0.000624338 0.000623366 9.72e-07
722 Citeseer_A.txt 0.00062923 0.000628302 9.28e-07
723 Citeseer_A.txt 0.000626168 0.000625221 9.47e-07
724 Citeseer_A.txt 0.000632091 0.000631406 6.85e-07
725 Citeseer_A.txt 0.000628956 0.000628235 7.21e-07
726 Citeseer_A.txt 0.000633985 0.000633425 5.6e-07
727 Citeseer_A.txt 0.000631755 0.00063098 7.75e-07
728 Citeseer_A.txt 0.000626656 0.000625723 9.33e-07
729 Citeseer_A.txt 0.000624567 0.00062359 9.77e-07
730 Citeseer_A.txt 0.000633768 0.000632527 1.241e-06
731 Citeseer_A.txt 0.000629987 0.000629115 8.72e-07
732 Citeseer_A.txt 0.00063265 0.000631754 8.96e-07
733 Citeseer_A.txt 0.00062954 0.000628789 7.51e-07
734 Citeseer_A.txt 0.000634724 0.000633776 9.48e-07
735 Citeseer_A.txt 0.000631928 0.000630765 1.163e-06
736 Citeseer_A.txt 0.000693186 0.000691752 1.434e-06
737 Citeseer_A.txt 0.00068974 0.00068874 1e-06
738 Citeseer_A.txt 0.000694699 0.000693888 8.11e-07
739 Citeseer_A.txt 0.000691206 0.000690541 6.65e-07
740 Citeseer_A.txt 0.000688566 0.000687506 1.06e-06
741 Citeseer_A.txt 0.000686381 0.000685245 1.136e-06
742 Citeseer_A.txt 0.000692678 0.000691755 9.23e-07
743 Citeseer_A.txt 0.000687673 0.00068689 7.83e-07
744 Citeseer_A.txt 0.00064554 0.000644695 8.45e-07
745 Citeseer_A.txt 0.000642511 0.000641654 8.57e-07
746 Citeseer_A.txt 0.000648618 0.000647826 7.92e-07
747 Citeseer_A.txt 0.000645204 0.000644486 7.18e-07
748 Citeseer_A.txt 0.000649528 0.000648919 6.09e-07
749 Citeseer_A.txt 0.000648036 0.000647286 7.5e-07
750 Citeseer_A.txt 0.000652919 0.000651853 1.066e-06
751 Citeseer_A.txt 0.000649665 0.000648877 7.88e-07
752 Citeseer_A.txt 0.000544794 0.000543738 1.056e-06
753 Citeseer_A.txt 0.000542111 0.000541219 8.92e-07
754 Citeseer_A.txt 0.000550875 0.000550149 7.26e-07
755 Citeseer_A.txt 0.000548389 0.000547192 1.197e-06
756 Citeseer_A.txt 0.000553223 0.000552001 1.222e-06
757 Citeseer_A.txt 0.000549033 0.000548159 8.74e-07
758 Citeseer_A.txt 0.000557886 0.000557107 7.79e-07
759 Citeseer_A.txt 0.000555438 0.000554245 1.193e-06
760 Citeseer_A.txt 0.000554068 0.000552599 1.469e-06
761 Citeseer_A.txt 0.000551384 0.000550173 1.211e-06
762 Citeseer_A.txt 0.000557459 0.000556432 1.027e-06
763 Citeseer_A.txt 0.000554466 0.000553545 9.21e-07
764 Citeseer_A.txt 0.000556772 0.000554676 2.096e-06
765 Citeseer_A.txt 0.000553397 0.000552414 9.83e-07
766 Citeseer_A.txt 0.00055906 0.000557933 1.127e-06
767 Citeseer_A.txt 0.000584923 0.000555314 2.9609e-05
TACC:  Shutdown complete. Exiting. 
