TACC:  Starting up job 10024616 
TACC:  Starting parallel tasks... 
0 Pubmed_feat_L2.txt 0.000845826 0.000843166 2.66e-06
1 Pubmed_feat_L2.txt 0.000962772 0.000960335 2.437e-06
2 Pubmed_feat_L2.txt 0.00104864 0.00104617 2.471e-06
3 Pubmed_feat_L2.txt 0.00119989 0.00119739 2.493e-06
4 Pubmed_feat_L2.txt 0.00102215 0.00101959 2.566e-06
5 Pubmed_feat_L2.txt 0.00102792 0.00102549 2.431e-06
6 Pubmed_feat_L2.txt 0.00118387 0.00118141 2.46e-06
7 Pubmed_feat_L2.txt 0.00112555 0.00112283 2.729e-06
8 Pubmed_feat_L2.txt 0.00105021 0.00104786 2.357e-06
9 Pubmed_feat_L2.txt 0.0010294 0.00102684 2.562e-06
10 Pubmed_feat_L2.txt 0.00116417 0.00116136 2.813e-06
11 Pubmed_feat_L2.txt 0.00106164 0.00105921 2.437e-06
12 Pubmed_feat_L2.txt 0.00114032 0.00113788 2.439e-06
13 Pubmed_feat_L2.txt 0.000924602 0.000922117 2.485e-06
14 Pubmed_feat_L2.txt 0.001176 0.00117343 2.574e-06
15 Pubmed_feat_L2.txt 0.00107703 0.00107436 2.676e-06
16 Pubmed_feat_L2.txt 0.000921112 0.000918661 2.451e-06
17 Pubmed_feat_L2.txt 0.00106963 0.00106708 2.555e-06
18 Pubmed_feat_L2.txt 0.00120511 0.0012027 2.41e-06
19 Pubmed_feat_L2.txt 0.00110143 0.00109903 2.4e-06
20 Pubmed_feat_L2.txt 0.00108491 0.00108191 2.997e-06
21 Pubmed_feat_L2.txt 0.000966976 0.000963835 3.141e-06
22 Pubmed_feat_L2.txt 0.00104371 0.00104117 2.539e-06
23 Pubmed_feat_L2.txt 0.00111928 0.00111683 2.453e-06
24 Pubmed_feat_L2.txt 0.00108935 0.00108683 2.519e-06
25 Pubmed_feat_L2.txt 0.00112365 0.00112115 2.498e-06
26 Pubmed_feat_L2.txt 0.00100508 0.00100234 2.744e-06
27 Pubmed_feat_L2.txt 0.00101098 0.00100851 2.47e-06
28 Pubmed_feat_L2.txt 0.00103974 0.00103734 2.397e-06
29 Pubmed_feat_L2.txt 0.000944246 0.000941848 2.398e-06
30 Pubmed_feat_L2.txt 0.00108684 0.00108438 2.463e-06
31 Pubmed_feat_L2.txt 0.000959677 0.000957157 2.52e-06
32 Pubmed_feat_L2.txt 0.00115202 0.00114962 2.393e-06
33 Pubmed_feat_L2.txt 0.00106642 0.00106396 2.462e-06
34 Pubmed_feat_L2.txt 0.000927554 0.000925068 2.486e-06
35 Pubmed_feat_L2.txt 0.00112022 0.00111771 2.515e-06
36 Pubmed_feat_L2.txt 0.00122409 0.00122123 2.861e-06
37 Pubmed_feat_L2.txt 0.000998036 0.000995383 2.653e-06
38 Pubmed_feat_L2.txt 0.00105061 0.00104789 2.719e-06
39 Pubmed_feat_L2.txt 0.00100588 0.00100342 2.458e-06
40 Pubmed_feat_L2.txt 0.00105702 0.0010545 2.519e-06
41 Pubmed_feat_L2.txt 0.00105038 0.0010479 2.478e-06
42 Pubmed_feat_L2.txt 0.00100556 0.00100302 2.54e-06
43 Pubmed_feat_L2.txt 0.00104942 0.00104688 2.541e-06
44 Pubmed_feat_L2.txt 0.00107489 0.00107223 2.66e-06
45 Pubmed_feat_L2.txt 0.00108917 0.00108679 2.385e-06
46 Pubmed_feat_L2.txt 0.00106235 0.00105977 2.575e-06
47 Pubmed_feat_L2.txt 0.000943354 0.000940862 2.492e-06
48 Pubmed_feat_L2.txt 0.000929412 0.000926017 3.395e-06
49 Pubmed_feat_L2.txt 0.00114513 0.00114229 2.831e-06
50 Pubmed_feat_L2.txt 0.00102318 0.0010204 2.771e-06
51 Pubmed_feat_L2.txt 0.00114212 0.00113957 2.547e-06
52 Pubmed_feat_L2.txt 0.00106672 0.00106407 2.655e-06
53 Pubmed_feat_L2.txt 0.00112397 0.00112119 2.776e-06
54 Pubmed_feat_L2.txt 0.00110772 0.00110503 2.694e-06
55 Pubmed_feat_L2.txt 0.00110571 0.00110281 2.904e-06
56 Pubmed_feat_L2.txt 0.00115913 0.00115644 2.691e-06
57 Pubmed_feat_L2.txt 0.00120348 0.00120083 2.646e-06
58 Pubmed_feat_L2.txt 0.00113688 0.0011343 2.587e-06
59 Pubmed_feat_L2.txt 0.00118065 0.001178 2.647e-06
60 Pubmed_feat_L2.txt 0.00102678 0.00102374 3.031e-06
61 Pubmed_feat_L2.txt 0.00112417 0.00112152 2.645e-06
62 Pubmed_feat_L2.txt 0.00119653 0.00119404 2.488e-06
63 Pubmed_feat_L2.txt 0.00118446 0.00118175 2.706e-06
64 Pubmed_feat_L2.txt 0.00109395 0.00109116 2.79e-06
65 Pubmed_feat_L2.txt 0.00106685 0.00106409 2.758e-06
66 Pubmed_feat_L2.txt 0.0011799 0.00117725 2.65e-06
67 Pubmed_feat_L2.txt 0.00118445 0.00118186 2.597e-06
68 Pubmed_feat_L2.txt 0.0011373 0.00113462 2.688e-06
69 Pubmed_feat_L2.txt 0.00113873 0.00113611 2.621e-06
70 Pubmed_feat_L2.txt 0.00115118 0.00114867 2.509e-06
71 Pubmed_feat_L2.txt 0.00108353 0.00108063 2.898e-06
72 Pubmed_feat_L2.txt 0.0011138 0.00111104 2.753e-06
73 Pubmed_feat_L2.txt 0.00109496 0.00109226 2.707e-06
74 Pubmed_feat_L2.txt 0.00111804 0.00111545 2.59e-06
75 Pubmed_feat_L2.txt 0.00120473 0.00120202 2.703e-06
76 Pubmed_feat_L2.txt 0.00110695 0.00110404 2.914e-06
77 Pubmed_feat_L2.txt 0.00105752 0.00105477 2.748e-06
78 Pubmed_feat_L2.txt 0.00111537 0.00111272 2.649e-06
79 Pubmed_feat_L2.txt 0.000981281 0.000978563 2.718e-06
80 Pubmed_feat_L2.txt 0.000956545 0.000953411 3.134e-06
81 Pubmed_feat_L2.txt 0.00106097 0.00105823 2.739e-06
82 Pubmed_feat_L2.txt 0.00108373 0.00108112 2.615e-06
83 Pubmed_feat_L2.txt 0.00108335 0.00108052 2.825e-06
84 Pubmed_feat_L2.txt 0.00107865 0.00107602 2.626e-06
85 Pubmed_feat_L2.txt 0.0010649 0.00106219 2.713e-06
86 Pubmed_feat_L2.txt 0.00101333 0.00101043 2.895e-06
87 Pubmed_feat_L2.txt 0.00106732 0.00106427 3.05e-06
88 Pubmed_feat_L2.txt 0.00111887 0.00111614 2.727e-06
89 Pubmed_feat_L2.txt 0.0010988 0.00109591 2.89e-06
90 Pubmed_feat_L2.txt 0.00110079 0.00109817 2.621e-06
91 Pubmed_feat_L2.txt 0.00106237 0.00105979 2.578e-06
92 Pubmed_feat_L2.txt 0.00106506 0.00106248 2.577e-06
93 Pubmed_feat_L2.txt 0.00101978 0.00101728 2.492e-06
94 Pubmed_feat_L2.txt 0.00116676 0.00116423 2.53e-06
95 Pubmed_feat_L2.txt 0.0010629 0.00105998 2.919e-06
96 Pubmed_feat_L2.txt 0.00102468 0.00102178 2.906e-06
97 Pubmed_feat_L2.txt 0.000891875 0.000889292 2.583e-06
98 Pubmed_feat_L2.txt 0.000938107 0.000935564 2.543e-06
99 Pubmed_feat_L2.txt 0.0011611 0.00115851 2.589e-06
100 Pubmed_feat_L2.txt 0.00115168 0.00114924 2.444e-06
101 Pubmed_feat_L2.txt 0.000996045 0.000993557 2.488e-06
102 Pubmed_feat_L2.txt 0.00101761 0.00101516 2.447e-06
103 Pubmed_feat_L2.txt 0.00106966 0.00106711 2.553e-06
104 Pubmed_feat_L2.txt 0.00106022 0.00105777 2.449e-06
105 Pubmed_feat_L2.txt 0.000953464 0.000950898 2.566e-06
106 Pubmed_feat_L2.txt 0.00106204 0.00105948 2.551e-06
107 Pubmed_feat_L2.txt 0.00107735 0.00107496 2.396e-06
108 Pubmed_feat_L2.txt 0.000944703 0.000942018 2.685e-06
109 Pubmed_feat_L2.txt 0.00107906 0.00107653 2.528e-06
110 Pubmed_feat_L2.txt 0.00113346 0.00113104 2.423e-06
111 Pubmed_feat_L2.txt 0.00103812 0.00103567 2.449e-06
112 Pubmed_feat_L2.txt 0.00103231 0.00102974 2.571e-06
113 Pubmed_feat_L2.txt 0.001102 0.00109959 2.406e-06
114 Pubmed_feat_L2.txt 0.00103238 0.00102979 2.589e-06
115 Pubmed_feat_L2.txt 0.00108153 0.00107905 2.487e-06
116 Pubmed_feat_L2.txt 0.00114838 0.00114585 2.532e-06
117 Pubmed_feat_L2.txt 0.00104324 0.00104076 2.479e-06
118 Pubmed_feat_L2.txt 0.00104191 0.00103927 2.635e-06
119 Pubmed_feat_L2.txt 0.00105318 0.00105079 2.386e-06
120 Pubmed_feat_L2.txt 0.00103199 0.00102944 2.554e-06
121 Pubmed_feat_L2.txt 0.00101959 0.00101711 2.473e-06
122 Pubmed_feat_L2.txt 0.00108229 0.00107979 2.507e-06
123 Pubmed_feat_L2.txt 0.00115145 0.00114903 2.424e-06
124 Pubmed_feat_L2.txt 0.00116693 0.0011645 2.427e-06
125 Pubmed_feat_L2.txt 0.00106474 0.0010622 2.535e-06
126 Pubmed_feat_L2.txt 0.00106628 0.00106382 2.463e-06
127 Pubmed_feat_L2.txt 0.00108705 0.00108459 2.463e-06
128 Pubmed_feat_L2.txt 0.00115876 0.00115629 2.462e-06
129 Pubmed_feat_L2.txt 0.00103221 0.00102967 2.54e-06
130 Pubmed_feat_L2.txt 0.00106351 0.00106075 2.76e-06
131 Pubmed_feat_L2.txt 0.00116164 0.00115893 2.703e-06
132 Pubmed_feat_L2.txt 0.00104807 0.00104541 2.654e-06
133 Pubmed_feat_L2.txt 0.00121541 0.00121284 2.566e-06
134 Pubmed_feat_L2.txt 0.00115726 0.00115485 2.411e-06
135 Pubmed_feat_L2.txt 0.00117241 0.00116996 2.448e-06
136 Pubmed_feat_L2.txt 0.00100472 0.00100223 2.485e-06
137 Pubmed_feat_L2.txt 0.00108301 0.00108038 2.633e-06
138 Pubmed_feat_L2.txt 0.00117448 0.00117203 2.451e-06
139 Pubmed_feat_L2.txt 0.00110783 0.00110504 2.791e-06
140 Pubmed_feat_L2.txt 0.0011134 0.00111085 2.55e-06
141 Pubmed_feat_L2.txt 0.00107899 0.00107635 2.634e-06
142 Pubmed_feat_L2.txt 0.00107509 0.00107258 2.506e-06
143 Pubmed_feat_L2.txt 0.001126 0.00112343 2.572e-06
144 Pubmed_feat_L2.txt 0.000966833 0.000963952 2.881e-06
145 Pubmed_feat_L2.txt 0.00111299 0.00111022 2.767e-06
146 Pubmed_feat_L2.txt 0.00113911 0.00113669 2.421e-06
147 Pubmed_feat_L2.txt 0.00102481 0.00102236 2.443e-06
148 Pubmed_feat_L2.txt 0.000968899 0.000966142 2.757e-06
149 Pubmed_feat_L2.txt 0.0010625 0.00106001 2.489e-06
150 Pubmed_feat_L2.txt 0.00102362 0.00102124 2.387e-06
151 Pubmed_feat_L2.txt 0.0010771 0.00107461 2.489e-06
152 Pubmed_feat_L2.txt 0.00105097 0.00104835 2.619e-06
153 Pubmed_feat_L2.txt 0.00101966 0.00101714 2.524e-06
154 Pubmed_feat_L2.txt 0.00113793 0.00113536 2.567e-06
155 Pubmed_feat_L2.txt 0.00112227 0.00111974 2.524e-06
156 Pubmed_feat_L2.txt 0.00101026 0.0010078 2.461e-06
157 Pubmed_feat_L2.txt 0.0012172 0.00121471 2.49e-06
158 Pubmed_feat_L2.txt 0.00111447 0.00111203 2.443e-06
159 Pubmed_feat_L2.txt 0.0010769 0.00107442 2.473e-06
160 Pubmed_feat_L2.txt 0.00101648 0.0010141 2.386e-06
161 Pubmed_feat_L2.txt 0.00101544 0.00101244 2.999e-06
162 Pubmed_feat_L2.txt 0.00105924 0.00105673 2.507e-06
163 Pubmed_feat_L2.txt 0.00102217 0.0010197 2.467e-06
164 Pubmed_feat_L2.txt 0.00106739 0.00106465 2.735e-06
165 Pubmed_feat_L2.txt 0.00105256 0.00105011 2.454e-06
166 Pubmed_feat_L2.txt 0.00108678 0.00108432 2.463e-06
167 Pubmed_feat_L2.txt 0.00103449 0.00103202 2.476e-06
168 Pubmed_feat_L2.txt 0.00106863 0.00106597 2.658e-06
169 Pubmed_feat_L2.txt 0.00119873 0.00119625 2.479e-06
170 Pubmed_feat_L2.txt 0.00119692 0.00119445 2.469e-06
171 Pubmed_feat_L2.txt 0.0011709 0.0011684 2.503e-06
172 Pubmed_feat_L2.txt 0.00112939 0.00112695 2.434e-06
173 Pubmed_feat_L2.txt 0.00109966 0.00109714 2.517e-06
174 Pubmed_feat_L2.txt 0.00114932 0.00114686 2.458e-06
175 Pubmed_feat_L2.txt 0.00116922 0.00116672 2.498e-06
176 Pubmed_feat_L2.txt 0.00108487 0.00108241 2.46e-06
177 Pubmed_feat_L2.txt 0.0010263 0.0010238 2.496e-06
178 Pubmed_feat_L2.txt 0.00100496 0.00100242 2.54e-06
179 Pubmed_feat_L2.txt 0.00111024 0.00110748 2.756e-06
180 Pubmed_feat_L2.txt 0.00100785 0.00100537 2.472e-06
181 Pubmed_feat_L2.txt 0.00107817 0.00107567 2.506e-06
182 Pubmed_feat_L2.txt 0.00112368 0.00112112 2.559e-06
183 Pubmed_feat_L2.txt 0.00122534 0.00122286 2.48e-06
184 Pubmed_feat_L2.txt 0.00100276 0.00100022 2.541e-06
185 Pubmed_feat_L2.txt 0.00113684 0.00113399 2.85e-06
186 Pubmed_feat_L2.txt 0.00110032 0.00109776 2.553e-06
187 Pubmed_feat_L2.txt 0.00103755 0.00103512 2.425e-06
188 Pubmed_feat_L2.txt 0.0010609 0.00105799 2.912e-06
189 Pubmed_feat_L2.txt 0.00123787 0.0012354 2.472e-06
190 Pubmed_feat_L2.txt 0.00117739 0.00117465 2.733e-06
191 Pubmed_feat_L2.txt 0.00111845 0.0011158 2.65e-06
192 Pubmed_feat_L2.txt 0.000904874 0.000901892 2.982e-06
193 Pubmed_feat_L2.txt 0.000951972 0.000949537 2.435e-06
194 Pubmed_feat_L2.txt 0.00102652 0.00102405 2.474e-06
195 Pubmed_feat_L2.txt 0.0010525 0.00104982 2.678e-06
196 Pubmed_feat_L2.txt 0.000909007 0.000906347 2.66e-06
197 Pubmed_feat_L2.txt 0.00103563 0.00103311 2.517e-06
198 Pubmed_feat_L2.txt 0.00107232 0.00106982 2.497e-06
199 Pubmed_feat_L2.txt 0.00111141 0.00110883 2.581e-06
200 Pubmed_feat_L2.txt 0.00097419 0.000971721 2.469e-06
201 Pubmed_feat_L2.txt 0.001028 0.00102554 2.461e-06
202 Pubmed_feat_L2.txt 0.00109519 0.00109268 2.502e-06
203 Pubmed_feat_L2.txt 0.00108851 0.00108608 2.436e-06
204 Pubmed_feat_L2.txt 0.00107 0.00106743 2.568e-06
205 Pubmed_feat_L2.txt 0.00114693 0.00114432 2.605e-06
206 Pubmed_feat_L2.txt 0.0010445 0.00104172 2.783e-06
207 Pubmed_feat_L2.txt 0.00108039 0.00107788 2.513e-06
208 Pubmed_feat_L2.txt 0.000946373 0.000942779 3.594e-06
209 Pubmed_feat_L2.txt 0.00109582 0.00109337 2.449e-06
210 Pubmed_feat_L2.txt 0.000999864 0.00099738 2.484e-06
211 Pubmed_feat_L2.txt 0.00106227 0.0010597 2.566e-06
212 Pubmed_feat_L2.txt 0.00101664 0.00101417 2.471e-06
213 Pubmed_feat_L2.txt 0.00107843 0.00107583 2.595e-06
214 Pubmed_feat_L2.txt 0.00106517 0.00106262 2.55e-06
215 Pubmed_feat_L2.txt 0.00116609 0.00116325 2.837e-06
216 Pubmed_feat_L2.txt 0.00111746 0.00111483 2.626e-06
217 Pubmed_feat_L2.txt 0.00121127 0.00120872 2.55e-06
218 Pubmed_feat_L2.txt 0.00116554 0.00116305 2.489e-06
219 Pubmed_feat_L2.txt 0.00107791 0.00107542 2.496e-06
220 Pubmed_feat_L2.txt 0.00105702 0.00105454 2.482e-06
221 Pubmed_feat_L2.txt 0.000964136 0.000961541 2.595e-06
222 Pubmed_feat_L2.txt 0.00111606 0.00111356 2.499e-06
223 Pubmed_feat_L2.txt 0.00106442 0.00106197 2.444e-06
224 Pubmed_feat_L2.txt 0.00106369 0.00106117 2.523e-06
225 Pubmed_feat_L2.txt 0.00103628 0.00103378 2.501e-06
226 Pubmed_feat_L2.txt 0.00108857 0.00108603 2.539e-06
227 Pubmed_feat_L2.txt 0.00121203 0.00120949 2.545e-06
228 Pubmed_feat_L2.txt 0.00113463 0.00113214 2.488e-06
229 Pubmed_feat_L2.txt 0.000961312 0.000958838 2.474e-06
230 Pubmed_feat_L2.txt 0.00112666 0.00112422 2.444e-06
231 Pubmed_feat_L2.txt 0.00110177 0.00109896 2.815e-06
232 Pubmed_feat_L2.txt 0.00114434 0.00114188 2.459e-06
233 Pubmed_feat_L2.txt 0.0010424 0.00103991 2.482e-06
234 Pubmed_feat_L2.txt 0.00114323 0.0011408 2.424e-06
235 Pubmed_feat_L2.txt 0.00114345 0.00114094 2.501e-06
236 Pubmed_feat_L2.txt 0.00116163 0.00115923 2.399e-06
237 Pubmed_feat_L2.txt 0.000989141 0.000986656 2.485e-06
238 Pubmed_feat_L2.txt 0.00118022 0.00117774 2.474e-06
239 Pubmed_feat_L2.txt 0.00122124 0.0012187 2.541e-06
240 Pubmed_feat_L2.txt 0.000947007 0.000944093 2.914e-06
241 Pubmed_feat_L2.txt 0.00105014 0.00104765 2.491e-06
242 Pubmed_feat_L2.txt 0.000921375 0.000918913 2.462e-06
243 Pubmed_feat_L2.txt 0.00102606 0.00102315 2.912e-06
244 Pubmed_feat_L2.txt 0.00105313 0.00105067 2.456e-06
245 Pubmed_feat_L2.txt 0.000994108 0.000991739 2.369e-06
246 Pubmed_feat_L2.txt 0.00108427 0.00108179 2.486e-06
247 Pubmed_feat_L2.txt 0.000991174 0.000988596 2.578e-06
248 Pubmed_feat_L2.txt 0.00106158 0.00105905 2.529e-06
249 Pubmed_feat_L2.txt 0.00104539 0.00104284 2.552e-06
250 Pubmed_feat_L2.txt 0.0010165 0.00101401 2.492e-06
251 Pubmed_feat_L2.txt 0.00108027 0.00107776 2.512e-06
252 Pubmed_feat_L2.txt 0.00115324 0.00115066 2.577e-06
253 Pubmed_feat_L2.txt 0.00101661 0.00101414 2.47e-06
254 Pubmed_feat_L2.txt 0.00106598 0.00106342 2.562e-06
255 Pubmed_feat_L2.txt 0.00103531 0.00103248 2.826e-06
256 Pubmed_feat_L2.txt 0.00105266 0.00105017 2.488e-06
257 Pubmed_feat_L2.txt 0.00105381 0.00105135 2.457e-06
258 Pubmed_feat_L2.txt 0.00109515 0.00109261 2.542e-06
259 Pubmed_feat_L2.txt 0.00112828 0.00112581 2.47e-06
260 Pubmed_feat_L2.txt 0.00113703 0.00113454 2.496e-06
261 Pubmed_feat_L2.txt 0.00108408 0.00108153 2.549e-06
262 Pubmed_feat_L2.txt 0.00105078 0.00104826 2.524e-06
263 Pubmed_feat_L2.txt 0.00107877 0.00107619 2.58e-06
264 Pubmed_feat_L2.txt 0.00114287 0.00114021 2.658e-06
265 Pubmed_feat_L2.txt 0.00116778 0.00116526 2.513e-06
266 Pubmed_feat_L2.txt 0.00114246 0.00113992 2.544e-06
267 Pubmed_feat_L2.txt 0.00110662 0.00110406 2.554e-06
268 Pubmed_feat_L2.txt 0.00112519 0.00112269 2.508e-06
269 Pubmed_feat_L2.txt 0.00115236 0.00114983 2.532e-06
270 Pubmed_feat_L2.txt 0.00111117 0.00110856 2.61e-06
271 Pubmed_feat_L2.txt 0.00109679 0.00109426 2.535e-06
272 Pubmed_feat_L2.txt 0.000954896 0.000952414 2.482e-06
273 Pubmed_feat_L2.txt 0.0010151 0.00101258 2.518e-06
274 Pubmed_feat_L2.txt 0.0011275 0.00112496 2.533e-06
275 Pubmed_feat_L2.txt 0.00118188 0.00117932 2.558e-06
276 Pubmed_feat_L2.txt 0.00115162 0.00114917 2.45e-06
277 Pubmed_feat_L2.txt 0.00101691 0.00101424 2.676e-06
278 Pubmed_feat_L2.txt 0.00110912 0.00110589 3.235e-06
279 Pubmed_feat_L2.txt 0.0011119 0.00110934 2.563e-06
280 Pubmed_feat_L2.txt 0.00109949 0.0010969 2.587e-06
281 Pubmed_feat_L2.txt 0.00110099 0.00109826 2.725e-06
282 Pubmed_feat_L2.txt 0.00110152 0.00109861 2.912e-06
283 Pubmed_feat_L2.txt 0.00117455 0.00117198 2.564e-06
284 Pubmed_feat_L2.txt 0.00115419 0.00115168 2.512e-06
285 Pubmed_feat_L2.txt 0.00116599 0.00116344 2.547e-06
286 Pubmed_feat_L2.txt 0.0011099 0.00110736 2.535e-06
287 Pubmed_feat_L2.txt 0.000979729 0.000977234 2.495e-06
288 Pubmed_feat_L2.txt 0.000946897 0.000943517 3.38e-06
289 Pubmed_feat_L2.txt 0.000961449 0.000958852 2.597e-06
290 Pubmed_feat_L2.txt 0.00108436 0.00108181 2.545e-06
291 Pubmed_feat_L2.txt 0.000964594 0.000962125 2.469e-06
292 Pubmed_feat_L2.txt 0.000939384 0.000936906 2.478e-06
293 Pubmed_feat_L2.txt 0.00105101 0.00104843 2.578e-06
294 Pubmed_feat_L2.txt 0.000974717 0.000971965 2.752e-06
295 Pubmed_feat_L2.txt 0.0011324 0.00112988 2.515e-06
296 Pubmed_feat_L2.txt 0.000940582 0.000938056 2.526e-06
297 Pubmed_feat_L2.txt 0.00108205 0.00107952 2.53e-06
298 Pubmed_feat_L2.txt 0.00116973 0.00116718 2.55e-06
299 Pubmed_feat_L2.txt 0.00110041 0.00109764 2.77e-06
300 Pubmed_feat_L2.txt 0.00108515 0.00108256 2.583e-06
301 Pubmed_feat_L2.txt 0.001164 0.00116147 2.533e-06
302 Pubmed_feat_L2.txt 0.00108173 0.00107919 2.535e-06
303 Pubmed_feat_L2.txt 0.00109291 0.00108917 3.737e-06
304 Pubmed_feat_L2.txt 0.000976232 0.000973655 2.577e-06
305 Pubmed_feat_L2.txt 0.00103624 0.00103367 2.57e-06
306 Pubmed_feat_L2.txt 0.00114699 0.00114453 2.458e-06
307 Pubmed_feat_L2.txt 0.00113435 0.00113157 2.779e-06
308 Pubmed_feat_L2.txt 0.00104023 0.00103771 2.512e-06
309 Pubmed_feat_L2.txt 0.000939929 0.000937536 2.393e-06
310 Pubmed_feat_L2.txt 0.00106578 0.00106328 2.5e-06
311 Pubmed_feat_L2.txt 0.00106539 0.00106288 2.509e-06
312 Pubmed_feat_L2.txt 0.00113439 0.00113173 2.659e-06
313 Pubmed_feat_L2.txt 0.00107123 0.00106869 2.546e-06
314 Pubmed_feat_L2.txt 0.00109417 0.00109162 2.547e-06
315 Pubmed_feat_L2.txt 0.0011783 0.00117572 2.578e-06
316 Pubmed_feat_L2.txt 0.00110976 0.00110726 2.496e-06
317 Pubmed_feat_L2.txt 0.00107982 0.00107727 2.546e-06
318 Pubmed_feat_L2.txt 0.00113288 0.00113034 2.548e-06
319 Pubmed_feat_L2.txt 0.00108283 0.00108028 2.548e-06
320 Pubmed_feat_L2.txt 0.00104145 0.00103897 2.477e-06
321 Pubmed_feat_L2.txt 0.0010856 0.00108316 2.435e-06
322 Pubmed_feat_L2.txt 0.00104002 0.00103729 2.735e-06
323 Pubmed_feat_L2.txt 0.00111027 0.00110779 2.479e-06
324 Pubmed_feat_L2.txt 0.00108653 0.001084 2.524e-06
325 Pubmed_feat_L2.txt 0.00121195 0.00120943 2.521e-06
326 Pubmed_feat_L2.txt 0.00113066 0.00112787 2.782e-06
327 Pubmed_feat_L2.txt 0.0011057 0.00110308 2.626e-06
328 Pubmed_feat_L2.txt 0.000973831 0.000971231 2.6e-06
329 Pubmed_feat_L2.txt 0.00103288 0.00103025 2.621e-06
330 Pubmed_feat_L2.txt 0.00111351 0.00111095 2.563e-06
331 Pubmed_feat_L2.txt 0.00106905 0.00106625 2.799e-06
332 Pubmed_feat_L2.txt 0.00115343 0.00115088 2.551e-06
333 Pubmed_feat_L2.txt 0.00105754 0.00105487 2.671e-06
334 Pubmed_feat_L2.txt 0.00112928 0.00112672 2.559e-06
335 Pubmed_feat_L2.txt 0.00111357 0.00111097 2.597e-06
336 Pubmed_feat_L2.txt 0.000848619 0.000845669 2.95e-06
337 Pubmed_feat_L2.txt 0.000835155 0.000832609 2.546e-06
338 Pubmed_feat_L2.txt 0.00088044 0.000877933 2.507e-06
339 Pubmed_feat_L2.txt 0.00100319 0.00100065 2.536e-06
340 Pubmed_feat_L2.txt 0.00102222 0.00101975 2.475e-06
341 Pubmed_feat_L2.txt 0.000827527 0.000824874 2.653e-06
342 Pubmed_feat_L2.txt 0.00107088 0.00106832 2.556e-06
343 Pubmed_feat_L2.txt 0.001148 0.00114551 2.481e-06
344 Pubmed_feat_L2.txt 0.000940075 0.00093748 2.595e-06
345 Pubmed_feat_L2.txt 0.00115027 0.00114708 3.192e-06
346 Pubmed_feat_L2.txt 0.00104943 0.00104693 2.494e-06
347 Pubmed_feat_L2.txt 0.00124609 0.00124346 2.635e-06
348 Pubmed_feat_L2.txt 0.00101873 0.0010162 2.532e-06
349 Pubmed_feat_L2.txt 0.00118416 0.00118141 2.75e-06
350 Pubmed_feat_L2.txt 0.00103757 0.001035 2.58e-06
351 Pubmed_feat_L2.txt 0.00104741 0.00104495 2.459e-06
352 Pubmed_feat_L2.txt 0.00119257 0.00119002 2.546e-06
353 Pubmed_feat_L2.txt 0.00105842 0.00105587 2.547e-06
354 Pubmed_feat_L2.txt 0.000979577 0.000976762 2.815e-06
355 Pubmed_feat_L2.txt 0.00106739 0.00106489 2.494e-06
356 Pubmed_feat_L2.txt 0.00112962 0.00112718 2.438e-06
357 Pubmed_feat_L2.txt 0.00103441 0.00103201 2.396e-06
358 Pubmed_feat_L2.txt 0.00103765 0.00103513 2.517e-06
359 Pubmed_feat_L2.txt 0.00106489 0.00106237 2.52e-06
360 Pubmed_feat_L2.txt 0.00114264 0.00114006 2.573e-06
361 Pubmed_feat_L2.txt 0.00103287 0.00103034 2.534e-06
362 Pubmed_feat_L2.txt 0.00106877 0.00106632 2.452e-06
363 Pubmed_feat_L2.txt 0.00107708 0.00107453 2.546e-06
364 Pubmed_feat_L2.txt 0.001138 0.00113555 2.441e-06
365 Pubmed_feat_L2.txt 0.00115331 0.00115075 2.566e-06
366 Pubmed_feat_L2.txt 0.000969787 0.000967231 2.556e-06
367 Pubmed_feat_L2.txt 0.00115071 0.00114794 2.776e-06
368 Pubmed_feat_L2.txt 0.00104539 0.00104276 2.627e-06
369 Pubmed_feat_L2.txt 0.00103763 0.00103485 2.78e-06
370 Pubmed_feat_L2.txt 0.00113342 0.00113097 2.452e-06
371 Pubmed_feat_L2.txt 0.0011241 0.00112155 2.553e-06
372 Pubmed_feat_L2.txt 0.00110211 0.00109953 2.582e-06
373 Pubmed_feat_L2.txt 0.00108774 0.00108519 2.559e-06
374 Pubmed_feat_L2.txt 0.00106916 0.00106673 2.435e-06
375 Pubmed_feat_L2.txt 0.000861949 0.000859098 2.851e-06
376 Pubmed_feat_L2.txt 0.00108081 0.00107831 2.5e-06
377 Pubmed_feat_L2.txt 0.00100489 0.00100232 2.571e-06
378 Pubmed_feat_L2.txt 0.0011606 0.00115798 2.62e-06
379 Pubmed_feat_L2.txt 0.0010776 0.00107507 2.521e-06
380 Pubmed_feat_L2.txt 0.00122629 0.00122374 2.542e-06
381 Pubmed_feat_L2.txt 0.00102536 0.00102282 2.53e-06
382 Pubmed_feat_L2.txt 0.00113553 0.00113303 2.501e-06
383 Pubmed_feat_L2.txt 0.000943377 0.000940803 2.574e-06
384 Pubmed_feat_L2.txt 0.000908995 0.000905986 3.009e-06
385 Pubmed_feat_L2.txt 0.00105252 0.00105001 2.504e-06
386 Pubmed_feat_L2.txt 0.000936332 0.000933812 2.52e-06
387 Pubmed_feat_L2.txt 0.00110899 0.00110642 2.569e-06
388 Pubmed_feat_L2.txt 0.000991812 0.000989286 2.526e-06
389 Pubmed_feat_L2.txt 0.00107911 0.00107656 2.543e-06
390 Pubmed_feat_L2.txt 0.00100372 0.00100135 2.372e-06
391 Pubmed_feat_L2.txt 0.00107638 0.0010735 2.873e-06
392 Pubmed_feat_L2.txt 0.00103815 0.00103564 2.507e-06
393 Pubmed_feat_L2.txt 0.00104945 0.00104709 2.36e-06
394 Pubmed_feat_L2.txt 0.00116169 0.00115908 2.605e-06
395 Pubmed_feat_L2.txt 0.00111442 0.0011117 2.72e-06
396 Pubmed_feat_L2.txt 0.000999646 0.000997144 2.502e-06
397 Pubmed_feat_L2.txt 0.0011583 0.00115584 2.467e-06
398 Pubmed_feat_L2.txt 0.00111414 0.00111173 2.404e-06
399 Pubmed_feat_L2.txt 0.001104 0.00110148 2.521e-06
400 Pubmed_feat_L2.txt 0.00093643 0.000933543 2.887e-06
401 Pubmed_feat_L2.txt 0.00101755 0.00101506 2.488e-06
402 Pubmed_feat_L2.txt 0.00109193 0.00108941 2.52e-06
403 Pubmed_feat_L2.txt 0.00112506 0.00112259 2.474e-06
404 Pubmed_feat_L2.txt 0.00108918 0.00108655 2.631e-06
405 Pubmed_feat_L2.txt 0.00110374 0.00110115 2.587e-06
406 Pubmed_feat_L2.txt 0.00112216 0.00111965 2.502e-06
407 Pubmed_feat_L2.txt 0.00110074 0.0010982 2.548e-06
408 Pubmed_feat_L2.txt 0.00113812 0.00113549 2.629e-06
409 Pubmed_feat_L2.txt 0.00112961 0.00112676 2.859e-06
410 Pubmed_feat_L2.txt 0.00109339 0.00109068 2.714e-06
411 Pubmed_feat_L2.txt 0.00117044 0.00116796 2.484e-06
412 Pubmed_feat_L2.txt 0.00117293 0.00117031 2.617e-06
413 Pubmed_feat_L2.txt 0.000971128 0.000968581 2.547e-06
414 Pubmed_feat_L2.txt 0.00109466 0.00109202 2.641e-06
415 Pubmed_feat_L2.txt 0.00114909 0.00114664 2.444e-06
416 Pubmed_feat_L2.txt 0.00108905 0.00108658 2.469e-06
417 Pubmed_feat_L2.txt 0.00112674 0.00112424 2.499e-06
418 Pubmed_feat_L2.txt 0.00116544 0.00116286 2.575e-06
419 Pubmed_feat_L2.txt 0.0012393 0.00123685 2.445e-06
420 Pubmed_feat_L2.txt 0.0011129 0.00111026 2.648e-06
421 Pubmed_feat_L2.txt 0.00114523 0.00114267 2.554e-06
422 Pubmed_feat_L2.txt 0.00121551 0.00121303 2.482e-06
423 Pubmed_feat_L2.txt 0.00116697 0.00116452 2.454e-06
424 Pubmed_feat_L2.txt 0.00106972 0.00106708 2.632e-06
425 Pubmed_feat_L2.txt 0.00116991 0.00116738 2.526e-06
426 Pubmed_feat_L2.txt 0.0011732 0.00117032 2.874e-06
427 Pubmed_feat_L2.txt 0.00107992 0.00107743 2.487e-06
428 Pubmed_feat_L2.txt 0.00112233 0.00111985 2.487e-06
429 Pubmed_feat_L2.txt 0.00114506 0.0011423 2.759e-06
430 Pubmed_feat_L2.txt 0.00115078 0.00114835 2.432e-06
431 Pubmed_feat_L2.txt 0.00111228 0.00110942 2.856e-06
432 Pubmed_feat_L2.txt 0.000978404 0.000975094 3.31e-06
433 Pubmed_feat_L2.txt 0.000986991 0.000984413 2.578e-06
434 Pubmed_feat_L2.txt 0.00103716 0.00103469 2.476e-06
435 Pubmed_feat_L2.txt 0.00112318 0.00112064 2.546e-06
436 Pubmed_feat_L2.txt 0.000974604 0.000972066 2.538e-06
437 Pubmed_feat_L2.txt 0.00116645 0.00116391 2.542e-06
438 Pubmed_feat_L2.txt 0.00104898 0.00104649 2.487e-06
439 Pubmed_feat_L2.txt 0.00105424 0.00105173 2.505e-06
440 Pubmed_feat_L2.txt 0.00108597 0.00108346 2.512e-06
441 Pubmed_feat_L2.txt 0.00112625 0.00112376 2.497e-06
442 Pubmed_feat_L2.txt 0.00104544 0.0010429 2.544e-06
443 Pubmed_feat_L2.txt 0.00106978 0.00106723 2.55e-06
444 Pubmed_feat_L2.txt 0.00110775 0.00110523 2.513e-06
445 Pubmed_feat_L2.txt 0.00102109 0.00101854 2.557e-06
446 Pubmed_feat_L2.txt 0.00104162 0.00103911 2.507e-06
447 Pubmed_feat_L2.txt 0.00105152 0.00104905 2.47e-06
448 Pubmed_feat_L2.txt 0.00101708 0.00101465 2.428e-06
449 Pubmed_feat_L2.txt 0.00113822 0.00113553 2.693e-06
450 Pubmed_feat_L2.txt 0.00104836 0.00104589 2.474e-06
451 Pubmed_feat_L2.txt 0.00113475 0.00113215 2.602e-06
452 Pubmed_feat_L2.txt 0.00109183 0.00108938 2.448e-06
453 Pubmed_feat_L2.txt 0.00105572 0.00105333 2.394e-06
454 Pubmed_feat_L2.txt 0.00107221 0.00106985 2.365e-06
455 Pubmed_feat_L2.txt 0.00111577 0.00111332 2.455e-06
456 Pubmed_feat_L2.txt 0.00115809 0.00115549 2.602e-06
457 Pubmed_feat_L2.txt 0.00108367 0.00108115 2.517e-06
458 Pubmed_feat_L2.txt 0.00102823 0.00102578 2.454e-06
459 Pubmed_feat_L2.txt 0.00102788 0.00102542 2.469e-06
460 Pubmed_feat_L2.txt 0.00101181 0.00100919 2.626e-06
461 Pubmed_feat_L2.txt 0.00111861 0.0011161 2.515e-06
462 Pubmed_feat_L2.txt 0.00115216 0.00114963 2.522e-06
463 Pubmed_feat_L2.txt 0.00105695 0.0010541 2.847e-06
464 Pubmed_feat_L2.txt 0.00121366 0.00121106 2.603e-06
465 Pubmed_feat_L2.txt 0.000969177 0.000966643 2.534e-06
466 Pubmed_feat_L2.txt 0.0010537 0.00105125 2.443e-06
467 Pubmed_feat_L2.txt 0.00106932 0.00106662 2.696e-06
468 Pubmed_feat_L2.txt 0.00117979 0.00117707 2.728e-06
469 Pubmed_feat_L2.txt 0.00117227 0.00116969 2.582e-06
470 Pubmed_feat_L2.txt 0.00106704 0.00106459 2.452e-06
471 Pubmed_feat_L2.txt 0.00105776 0.00105532 2.433e-06
472 Pubmed_feat_L2.txt 0.00118171 0.00117915 2.568e-06
473 Pubmed_feat_L2.txt 0.00110555 0.00110283 2.717e-06
474 Pubmed_feat_L2.txt 0.00106882 0.00106584 2.978e-06
475 Pubmed_feat_L2.txt 0.0011769 0.00117438 2.511e-06
476 Pubmed_feat_L2.txt 0.00118885 0.0011863 2.546e-06
477 Pubmed_feat_L2.txt 0.000998137 0.000995462 2.675e-06
478 Pubmed_feat_L2.txt 0.00106291 0.00106032 2.59e-06
479 Pubmed_feat_L2.txt 0.00118875 0.00118634 2.413e-06
480 Pubmed_feat_L2.txt 0.000914137 0.000911067 3.07e-06
481 Pubmed_feat_L2.txt 0.000955335 0.000952851 2.484e-06
482 Pubmed_feat_L2.txt 0.000884573 0.000882061 2.512e-06
483 Pubmed_feat_L2.txt 0.00102499 0.00102253 2.457e-06
484 Pubmed_feat_L2.txt 0.00108643 0.00108398 2.445e-06
485 Pubmed_feat_L2.txt 0.000994184 0.000991503 2.681e-06
486 Pubmed_feat_L2.txt 0.00109718 0.00109468 2.505e-06
487 Pubmed_feat_L2.txt 0.00103888 0.00103609 2.788e-06
488 Pubmed_feat_L2.txt 0.00107542 0.00107289 2.529e-06
489 Pubmed_feat_L2.txt 0.00105451 0.00105203 2.48e-06
490 Pubmed_feat_L2.txt 0.0010639 0.00106144 2.464e-06
491 Pubmed_feat_L2.txt 0.0010688 0.00106628 2.517e-06
492 Pubmed_feat_L2.txt 0.00108668 0.00108419 2.487e-06
493 Pubmed_feat_L2.txt 0.00107478 0.00107228 2.505e-06
494 Pubmed_feat_L2.txt 0.00107785 0.00107512 2.731e-06
495 Pubmed_feat_L2.txt 0.00110636 0.00110394 2.42e-06
496 Pubmed_feat_L2.txt 0.00102259 0.00102016 2.438e-06
497 Pubmed_feat_L2.txt 0.00104667 0.00104417 2.493e-06
498 Pubmed_feat_L2.txt 0.00102471 0.00102219 2.514e-06
499 Pubmed_feat_L2.txt 0.00110206 0.00109955 2.502e-06
500 Pubmed_feat_L2.txt 0.00107219 0.00106942 2.773e-06
501 Pubmed_feat_L2.txt 0.00107862 0.00107612 2.499e-06
502 Pubmed_feat_L2.txt 0.00107372 0.0010713 2.417e-06
503 Pubmed_feat_L2.txt 0.00108531 0.0010827 2.606e-06
504 Pubmed_feat_L2.txt 0.00111516 0.00111266 2.506e-06
505 Pubmed_feat_L2.txt 0.00107197 0.00106947 2.5e-06
506 Pubmed_feat_L2.txt 0.001102 0.00109956 2.439e-06
507 Pubmed_feat_L2.txt 0.00114284 0.00114042 2.428e-06
508 Pubmed_feat_L2.txt 0.00116931 0.00116681 2.499e-06
509 Pubmed_feat_L2.txt 0.00113939 0.00113698 2.413e-06
510 Pubmed_feat_L2.txt 0.00100236 0.000999838 2.525e-06
511 Pubmed_feat_L2.txt 0.00100842 0.00100602 2.396e-06
512 Pubmed_feat_L2.txt 0.0010659 0.00106339 2.505e-06
513 Pubmed_feat_L2.txt 0.00102927 0.00102685 2.419e-06
514 Pubmed_feat_L2.txt 0.00117672 0.00117421 2.517e-06
515 Pubmed_feat_L2.txt 0.00104258 0.00104015 2.431e-06
516 Pubmed_feat_L2.txt 0.00112905 0.00112643 2.618e-06
517 Pubmed_feat_L2.txt 0.00111118 0.00110864 2.539e-06
518 Pubmed_feat_L2.txt 0.00117361 0.001171 2.609e-06
519 Pubmed_feat_L2.txt 0.0010591 0.0010566 2.492e-06
520 Pubmed_feat_L2.txt 0.00117494 0.00117209 2.854e-06
521 Pubmed_feat_L2.txt 0.00101102 0.00100825 2.771e-06
522 Pubmed_feat_L2.txt 0.00112954 0.00112702 2.521e-06
523 Pubmed_feat_L2.txt 0.00113935 0.00113649 2.86e-06
524 Pubmed_feat_L2.txt 0.00109884 0.00109593 2.901e-06
525 Pubmed_feat_L2.txt 0.0010989 0.00109639 2.504e-06
526 Pubmed_feat_L2.txt 0.00105576 0.00105319 2.564e-06
527 Pubmed_feat_L2.txt 0.00097905 0.000976553 2.497e-06
528 Pubmed_feat_L2.txt 0.000918718 0.000915676 3.042e-06
529 Pubmed_feat_L2.txt 0.0010051 0.00100257 2.528e-06
530 Pubmed_feat_L2.txt 0.00113059 0.00112817 2.421e-06
531 Pubmed_feat_L2.txt 0.00116966 0.00116733 2.333e-06
532 Pubmed_feat_L2.txt 0.000946242 0.000943847 2.395e-06
533 Pubmed_feat_L2.txt 0.000957121 0.000954706 2.415e-06
534 Pubmed_feat_L2.txt 0.00108657 0.00108395 2.618e-06
535 Pubmed_feat_L2.txt 0.00109619 0.00109373 2.465e-06
536 Pubmed_feat_L2.txt 0.00101086 0.00100844 2.423e-06
537 Pubmed_feat_L2.txt 0.00108098 0.00107859 2.389e-06
538 Pubmed_feat_L2.txt 0.0010484 0.00104582 2.584e-06
539 Pubmed_feat_L2.txt 0.000950638 0.000948328 2.31e-06
540 Pubmed_feat_L2.txt 0.00109251 0.00109009 2.422e-06
541 Pubmed_feat_L2.txt 0.0011042 0.0011018 2.397e-06
542 Pubmed_feat_L2.txt 0.0011438 0.00114139 2.418e-06
543 Pubmed_feat_L2.txt 0.00109824 0.00109589 2.354e-06
544 Pubmed_feat_L2.txt 0.000977993 0.000975519 2.474e-06
545 Pubmed_feat_L2.txt 0.00104088 0.00103848 2.403e-06
546 Pubmed_feat_L2.txt 0.00104522 0.00104237 2.848e-06
547 Pubmed_feat_L2.txt 0.00099871 0.00099595 2.76e-06
548 Pubmed_feat_L2.txt 0.00095079 0.000948394 2.396e-06
549 Pubmed_feat_L2.txt 0.00114047 0.00113788 2.582e-06
550 Pubmed_feat_L2.txt 0.00106794 0.00106545 2.485e-06
551 Pubmed_feat_L2.txt 0.00114501 0.00114253 2.471e-06
552 Pubmed_feat_L2.txt 0.00108685 0.00108437 2.48e-06
553 Pubmed_feat_L2.txt 0.00107763 0.00107515 2.483e-06
554 Pubmed_feat_L2.txt 0.00108318 0.00108073 2.453e-06
555 Pubmed_feat_L2.txt 0.00100504 0.0010026 2.444e-06
556 Pubmed_feat_L2.txt 0.00121455 0.00121191 2.638e-06
557 Pubmed_feat_L2.txt 0.00106733 0.00106481 2.52e-06
558 Pubmed_feat_L2.txt 0.00108069 0.00107813 2.56e-06
559 Pubmed_feat_L2.txt 0.00110773 0.00110508 2.646e-06
560 Pubmed_feat_L2.txt 0.00104626 0.00104399 2.27e-06
561 Pubmed_feat_L2.txt 0.000939807 0.000937252 2.555e-06
562 Pubmed_feat_L2.txt 0.000996975 0.000994001 2.974e-06
563 Pubmed_feat_L2.txt 0.00102926 0.00102681 2.451e-06
564 Pubmed_feat_L2.txt 0.000940411 0.000938011 2.4e-06
565 Pubmed_feat_L2.txt 0.00108525 0.00108271 2.537e-06
566 Pubmed_feat_L2.txt 0.00114273 0.00113993 2.795e-06
567 Pubmed_feat_L2.txt 0.00109087 0.00108775 3.121e-06
568 Pubmed_feat_L2.txt 0.0010811 0.00107835 2.749e-06
569 Pubmed_feat_L2.txt 0.00103028 0.00102739 2.892e-06
570 Pubmed_feat_L2.txt 0.00094758 0.000945043 2.537e-06
571 Pubmed_feat_L2.txt 0.00111133 0.00110883 2.5e-06
572 Pubmed_feat_L2.txt 0.0011695 0.00116698 2.517e-06
573 Pubmed_feat_L2.txt 0.00106363 0.00106116 2.467e-06
574 Pubmed_feat_L2.txt 0.00111485 0.00111203 2.823e-06
575 Pubmed_feat_L2.txt 0.000993676 0.00099121 2.466e-06
576 Pubmed_feat_L2.txt 0.00100389 0.00100077 3.122e-06
577 Pubmed_feat_L2.txt 0.00100033 0.000997784 2.541e-06
578 Pubmed_feat_L2.txt 0.0011194 0.0011168 2.603e-06
579 Pubmed_feat_L2.txt 0.00106477 0.00106242 2.348e-06
580 Pubmed_feat_L2.txt 0.000974283 0.000971879 2.404e-06
581 Pubmed_feat_L2.txt 0.000994769 0.00099234 2.429e-06
582 Pubmed_feat_L2.txt 0.00118684 0.00118416 2.684e-06
583 Pubmed_feat_L2.txt 0.00123003 0.00122746 2.575e-06
584 Pubmed_feat_L2.txt 0.00111141 0.00110896 2.45e-06
585 Pubmed_feat_L2.txt 0.00113831 0.00113544 2.868e-06
586 Pubmed_feat_L2.txt 0.00114769 0.0011452 2.492e-06
587 Pubmed_feat_L2.txt 0.00103012 0.00102757 2.559e-06
588 Pubmed_feat_L2.txt 0.00105721 0.0010545 2.707e-06
589 Pubmed_feat_L2.txt 0.00103596 0.00103343 2.53e-06
590 Pubmed_feat_L2.txt 0.00112892 0.00112643 2.49e-06
591 Pubmed_feat_L2.txt 0.00103713 0.00103467 2.455e-06
592 Pubmed_feat_L2.txt 0.0010656 0.00106311 2.491e-06
593 Pubmed_feat_L2.txt 0.000996079 0.000993403 2.676e-06
594 Pubmed_feat_L2.txt 0.00112802 0.00112549 2.521e-06
595 Pubmed_feat_L2.txt 0.00104895 0.00104651 2.442e-06
596 Pubmed_feat_L2.txt 0.00116903 0.0011666 2.437e-06
597 Pubmed_feat_L2.txt 0.0011812 0.00117854 2.663e-06
598 Pubmed_feat_L2.txt 0.00104241 0.00103968 2.724e-06
599 Pubmed_feat_L2.txt 0.00103597 0.00103348 2.491e-06
600 Pubmed_feat_L2.txt 0.0010828 0.0010801 2.704e-06
601 Pubmed_feat_L2.txt 0.00114662 0.00114409 2.529e-06
602 Pubmed_feat_L2.txt 0.00117097 0.00116852 2.448e-06
603 Pubmed_feat_L2.txt 0.00110278 0.00110022 2.562e-06
604 Pubmed_feat_L2.txt 0.00111514 0.00111261 2.527e-06
605 Pubmed_feat_L2.txt 0.00108803 0.00108553 2.495e-06
606 Pubmed_feat_L2.txt 0.00110084 0.00109843 2.413e-06
607 Pubmed_feat_L2.txt 0.00115642 0.00115382 2.607e-06
608 Pubmed_feat_L2.txt 0.00101366 0.00101111 2.549e-06
609 Pubmed_feat_L2.txt 0.0010809 0.00107832 2.582e-06
610 Pubmed_feat_L2.txt 0.00103507 0.00103221 2.861e-06
611 Pubmed_feat_L2.txt 0.00111187 0.00110933 2.54e-06
612 Pubmed_feat_L2.txt 0.00109715 0.00109464 2.505e-06
613 Pubmed_feat_L2.txt 0.00112616 0.00112366 2.498e-06
614 Pubmed_feat_L2.txt 0.00112598 0.0011234 2.573e-06
615 Pubmed_feat_L2.txt 0.00115989 0.00115722 2.676e-06
616 Pubmed_feat_L2.txt 0.00110458 0.00110212 2.457e-06
617 Pubmed_feat_L2.txt 0.00109388 0.00109143 2.454e-06
618 Pubmed_feat_L2.txt 0.000971879 0.000969384 2.495e-06
619 Pubmed_feat_L2.txt 0.00118006 0.00117755 2.502e-06
620 Pubmed_feat_L2.txt 0.00105338 0.00105092 2.465e-06
621 Pubmed_feat_L2.txt 0.00111135 0.00110877 2.573e-06
622 Pubmed_feat_L2.txt 0.00108234 0.00107973 2.608e-06
623 Pubmed_feat_L2.txt 0.00107905 0.00107647 2.589e-06
624 Pubmed_feat_L2.txt 0.000960926 0.000957904 3.022e-06
625 Pubmed_feat_L2.txt 0.000965473 0.000962961 2.512e-06
626 Pubmed_feat_L2.txt 0.00103394 0.0010315 2.447e-06
627 Pubmed_feat_L2.txt 0.00107697 0.00107453 2.443e-06
628 Pubmed_feat_L2.txt 0.00106199 0.00105948 2.503e-06
629 Pubmed_feat_L2.txt 0.00107817 0.00107567 2.5e-06
630 Pubmed_feat_L2.txt 0.00112843 0.0011257 2.736e-06
631 Pubmed_feat_L2.txt 0.00103039 0.00102765 2.732e-06
632 Pubmed_feat_L2.txt 0.000926151 0.000923719 2.432e-06
633 Pubmed_feat_L2.txt 0.00114913 0.00114663 2.502e-06
634 Pubmed_feat_L2.txt 0.0012706 0.00126806 2.542e-06
635 Pubmed_feat_L2.txt 0.00121877 0.0012163 2.471e-06
636 Pubmed_feat_L2.txt 0.000961941 0.000959379 2.562e-06
637 Pubmed_feat_L2.txt 0.0011047 0.00110224 2.457e-06
638 Pubmed_feat_L2.txt 0.00122286 0.00122031 2.55e-06
639 Pubmed_feat_L2.txt 0.00104035 0.0010378 2.55e-06
640 Pubmed_feat_L2.txt 0.00102544 0.00102296 2.477e-06
641 Pubmed_feat_L2.txt 0.00113306 0.00113063 2.433e-06
642 Pubmed_feat_L2.txt 0.00102483 0.00102232 2.51e-06
643 Pubmed_feat_L2.txt 0.00114569 0.00114301 2.679e-06
644 Pubmed_feat_L2.txt 0.00111313 0.00111075 2.38e-06
645 Pubmed_feat_L2.txt 0.00112755 0.00112502 2.53e-06
646 Pubmed_feat_L2.txt 0.00107487 0.00107234 2.522e-06
647 Pubmed_feat_L2.txt 0.0012138 0.00121126 2.533e-06
648 Pubmed_feat_L2.txt 0.00111168 0.00110908 2.594e-06
649 Pubmed_feat_L2.txt 0.00102374 0.00102133 2.407e-06
650 Pubmed_feat_L2.txt 0.00105212 0.00104968 2.435e-06
651 Pubmed_feat_L2.txt 0.00116952 0.0011672 2.328e-06
652 Pubmed_feat_L2.txt 0.00105346 0.00105099 2.472e-06
653 Pubmed_feat_L2.txt 0.00110018 0.0010975 2.675e-06
654 Pubmed_feat_L2.txt 0.0011504 0.00114798 2.423e-06
655 Pubmed_feat_L2.txt 0.00118096 0.00117847 2.494e-06
656 Pubmed_feat_L2.txt 0.00110314 0.00110068 2.463e-06
657 Pubmed_feat_L2.txt 0.0010626 0.0010598 2.803e-06
658 Pubmed_feat_L2.txt 0.00115366 0.00115132 2.334e-06
659 Pubmed_feat_L2.txt 0.0010763 0.00107385 2.453e-06
660 Pubmed_feat_L2.txt 0.0010947 0.00109238 2.318e-06
661 Pubmed_feat_L2.txt 0.00112553 0.00112302 2.508e-06
662 Pubmed_feat_L2.txt 0.00110859 0.00110609 2.501e-06
663 Pubmed_feat_L2.txt 0.00120598 0.0012034 2.588e-06
664 Pubmed_feat_L2.txt 0.00103698 0.0010344 2.572e-06
665 Pubmed_feat_L2.txt 0.00113019 0.00112777 2.423e-06
666 Pubmed_feat_L2.txt 0.0011066 0.00110399 2.613e-06
667 Pubmed_feat_L2.txt 0.00106322 0.00106086 2.36e-06
668 Pubmed_feat_L2.txt 0.00104643 0.0010439 2.535e-06
669 Pubmed_feat_L2.txt 0.00113244 0.00112988 2.557e-06
670 Pubmed_feat_L2.txt 0.00110484 0.00110239 2.453e-06
671 Pubmed_feat_L2.txt 0.00103819 0.00103572 2.475e-06
672 Pubmed_feat_L2.txt 0.000965173 0.000961715 3.458e-06
673 Pubmed_feat_L2.txt 0.00101321 0.00101031 2.906e-06
674 Pubmed_feat_L2.txt 0.000921368 0.00091896 2.408e-06
675 Pubmed_feat_L2.txt 0.000973391 0.000965746 7.645e-06
676 Pubmed_feat_L2.txt 0.00098541 0.000982665 2.745e-06
677 Pubmed_feat_L2.txt 0.00113779 0.00113525 2.544e-06
678 Pubmed_feat_L2.txt 0.00107851 0.0010757 2.802e-06
679 Pubmed_feat_L2.txt 0.00113716 0.00113472 2.442e-06
680 Pubmed_feat_L2.txt 0.000935453 0.000932838 2.615e-06
681 Pubmed_feat_L2.txt 0.00107695 0.00107409 2.861e-06
682 Pubmed_feat_L2.txt 0.00109622 0.00109377 2.451e-06
683 Pubmed_feat_L2.txt 0.00111803 0.00111552 2.513e-06
684 Pubmed_feat_L2.txt 0.00107412 0.00107159 2.534e-06
685 Pubmed_feat_L2.txt 0.000990584 0.0009881 2.484e-06
686 Pubmed_feat_L2.txt 0.00113325 0.00113046 2.789e-06
687 Pubmed_feat_L2.txt 0.00108033 0.00107791 2.42e-06
688 Pubmed_feat_L2.txt 0.000979915 0.000977437 2.478e-06
689 Pubmed_feat_L2.txt 0.000986508 0.000984092 2.416e-06
690 Pubmed_feat_L2.txt 0.00103995 0.00103754 2.417e-06
691 Pubmed_feat_L2.txt 0.00114195 0.00113945 2.498e-06
692 Pubmed_feat_L2.txt 0.00109978 0.00109724 2.539e-06
693 Pubmed_feat_L2.txt 0.000990811 0.000988345 2.466e-06
694 Pubmed_feat_L2.txt 0.00107978 0.00107736 2.423e-06
695 Pubmed_feat_L2.txt 0.00115237 0.00114963 2.745e-06
696 Pubmed_feat_L2.txt 0.00107042 0.00106789 2.531e-06
697 Pubmed_feat_L2.txt 0.00116632 0.00116392 2.403e-06
698 Pubmed_feat_L2.txt 0.0010252 0.00102287 2.333e-06
699 Pubmed_feat_L2.txt 0.00109728 0.00109482 2.458e-06
700 Pubmed_feat_L2.txt 0.00105382 0.00105096 2.857e-06
701 Pubmed_feat_L2.txt 0.000988075 0.000985887 2.188e-06
702 Pubmed_feat_L2.txt 0.00106598 0.00106346 2.518e-06
703 Pubmed_feat_L2.txt 0.00103581 0.00103331 2.5e-06
704 Pubmed_feat_L2.txt 0.000945942 0.000943395 2.547e-06
705 Pubmed_feat_L2.txt 0.00104124 0.00103866 2.579e-06
706 Pubmed_feat_L2.txt 0.000993528 0.000990592 2.936e-06
707 Pubmed_feat_L2.txt 0.00104009 0.00103758 2.508e-06
708 Pubmed_feat_L2.txt 0.00107331 0.00107081 2.497e-06
709 Pubmed_feat_L2.txt 0.00116472 0.00116222 2.503e-06
710 Pubmed_feat_L2.txt 0.00108429 0.00108183 2.455e-06
711 Pubmed_feat_L2.txt 0.000922069 0.000919481 2.588e-06
712 Pubmed_feat_L2.txt 0.00108746 0.00108466 2.798e-06
713 Pubmed_feat_L2.txt 0.00117972 0.00117724 2.476e-06
714 Pubmed_feat_L2.txt 0.000951768 0.00094928 2.488e-06
715 Pubmed_feat_L2.txt 0.00114613 0.00114369 2.444e-06
716 Pubmed_feat_L2.txt 0.00101195 0.00100933 2.62e-06
717 Pubmed_feat_L2.txt 0.000981999 0.00097947 2.529e-06
718 Pubmed_feat_L2.txt 0.00109498 0.00109245 2.533e-06
719 Pubmed_feat_L2.txt 0.00102592 0.00102348 2.443e-06
720 Pubmed_feat_L2.txt 0.00101109 0.00100844 2.648e-06
721 Pubmed_feat_L2.txt 0.0010325 0.00103002 2.482e-06
722 Pubmed_feat_L2.txt 0.00100439 0.00100189 2.5e-06
723 Pubmed_feat_L2.txt 0.00108506 0.00108265 2.411e-06
724 Pubmed_feat_L2.txt 0.00109069 0.00108815 2.538e-06
725 Pubmed_feat_L2.txt 0.00113867 0.00113628 2.393e-06
726 Pubmed_feat_L2.txt 0.00111532 0.00111272 2.597e-06
727 Pubmed_feat_L2.txt 0.00116918 0.00116668 2.495e-06
728 Pubmed_feat_L2.txt 0.00100961 0.00100716 2.445e-06
729 Pubmed_feat_L2.txt 0.00107485 0.00107205 2.801e-06
730 Pubmed_feat_L2.txt 0.00107885 0.00107632 2.532e-06
731 Pubmed_feat_L2.txt 0.00109895 0.00109658 2.373e-06
732 Pubmed_feat_L2.txt 0.00112136 0.00111882 2.542e-06
733 Pubmed_feat_L2.txt 0.00109067 0.00108819 2.485e-06
734 Pubmed_feat_L2.txt 0.00113049 0.00112802 2.462e-06
735 Pubmed_feat_L2.txt 0.00107117 0.00106866 2.512e-06
736 Pubmed_feat_L2.txt 0.00109792 0.00109541 2.511e-06
737 Pubmed_feat_L2.txt 0.00103944 0.00103689 2.552e-06
738 Pubmed_feat_L2.txt 0.00115876 0.00115645 2.309e-06
739 Pubmed_feat_L2.txt 0.0010715 0.0010688 2.7e-06
740 Pubmed_feat_L2.txt 0.00110596 0.00110347 2.489e-06
741 Pubmed_feat_L2.txt 0.00112878 0.00112635 2.433e-06
742 Pubmed_feat_L2.txt 0.00117073 0.00116821 2.516e-06
743 Pubmed_feat_L2.txt 0.00111827 0.00111575 2.526e-06
744 Pubmed_feat_L2.txt 0.00106598 0.00106338 2.597e-06
745 Pubmed_feat_L2.txt 0.0011324 0.00112978 2.618e-06
746 Pubmed_feat_L2.txt 0.00110215 0.0010998 2.357e-06
747 Pubmed_feat_L2.txt 0.00114834 0.00114579 2.553e-06
748 Pubmed_feat_L2.txt 0.00109102 0.0010888 2.222e-06
749 Pubmed_feat_L2.txt 0.00114776 0.00114536 2.399e-06
750 Pubmed_feat_L2.txt 0.00110176 0.00109926 2.501e-06
751 Pubmed_feat_L2.txt 0.00105662 0.00105421 2.412e-06
752 Pubmed_feat_L2.txt 0.00105111 0.00104895 2.159e-06
753 Pubmed_feat_L2.txt 0.00114958 0.00114725 2.321e-06
754 Pubmed_feat_L2.txt 0.00110938 0.00110682 2.562e-06
755 Pubmed_feat_L2.txt 0.0010977 0.00109518 2.515e-06
756 Pubmed_feat_L2.txt 0.00106359 0.00106107 2.519e-06
757 Pubmed_feat_L2.txt 0.00112976 0.001127 2.761e-06
758 Pubmed_feat_L2.txt 0.00112669 0.00112384 2.851e-06
759 Pubmed_feat_L2.txt 0.0011222 0.00111969 2.514e-06
760 Pubmed_feat_L2.txt 0.00109209 0.00108954 2.546e-06
761 Pubmed_feat_L2.txt 0.00110365 0.00110112 2.529e-06
762 Pubmed_feat_L2.txt 0.00111421 0.00111142 2.782e-06
763 Pubmed_feat_L2.txt 0.0011069 0.00110442 2.48e-06
764 Pubmed_feat_L2.txt 0.00105005 0.00104753 2.511e-06
765 Pubmed_feat_L2.txt 0.00108697 0.00108442 2.548e-06
766 Pubmed_feat_L2.txt 0.00111853 0.00111597 2.558e-06
767 Pubmed_feat_L2.txt 0.00117373 0.00113195 4.1783e-05
0 Pubmed_A.txt 0.000844333 0.000843001 1.332e-06
1 Pubmed_A.txt 0.000838993 0.00083797 1.023e-06
2 Pubmed_A.txt 0.000852028 0.000850977 1.051e-06
3 Pubmed_A.txt 0.0008444 0.000843314 1.086e-06
4 Pubmed_A.txt 0.000856461 0.000855113 1.348e-06
5 Pubmed_A.txt 0.000852251 0.000851147 1.104e-06
6 Pubmed_A.txt 0.000859026 0.000857931 1.095e-06
7 Pubmed_A.txt 0.000852656 0.000851409 1.247e-06
8 Pubmed_A.txt 0.000852889 0.000851963 9.26e-07
9 Pubmed_A.txt 0.00085004 0.000848792 1.248e-06
10 Pubmed_A.txt 0.00086191 0.000860799 1.111e-06
11 Pubmed_A.txt 0.000856788 0.000855848 9.4e-07
12 Pubmed_A.txt 0.00086115 0.000859977 1.173e-06
13 Pubmed_A.txt 0.000856965 0.000855675 1.29e-06
14 Pubmed_A.txt 0.00086356 0.000862371 1.189e-06
15 Pubmed_A.txt 0.000858299 0.000857261 1.038e-06
16 Pubmed_A.txt 0.000928109 0.000927125 9.84e-07
17 Pubmed_A.txt 0.000924161 0.000923066 1.095e-06
18 Pubmed_A.txt 0.000934698 0.00093384 8.58e-07
19 Pubmed_A.txt 0.000929384 0.000928045 1.339e-06
20 Pubmed_A.txt 0.000933047 0.000931735 1.312e-06
21 Pubmed_A.txt 0.000924199 0.000923357 8.42e-07
22 Pubmed_A.txt 0.000934417 0.000933206 1.211e-06
23 Pubmed_A.txt 0.000928158 0.000927113 1.045e-06
24 Pubmed_A.txt 0.000883125 0.000882026 1.099e-06
25 Pubmed_A.txt 0.000879333 0.000878335 9.98e-07
26 Pubmed_A.txt 0.000886757 0.000885708 1.049e-06
27 Pubmed_A.txt 0.000882931 0.000881672 1.259e-06
28 Pubmed_A.txt 0.000879298 0.000877993 1.305e-06
29 Pubmed_A.txt 0.000875845 0.000874653 1.192e-06
30 Pubmed_A.txt 0.000885571 0.000883849 1.722e-06
31 Pubmed_A.txt 0.000875853 0.0008747 1.153e-06
32 Pubmed_A.txt 0.000767995 0.00076696 1.035e-06
33 Pubmed_A.txt 0.000764124 0.000763195 9.29e-07
34 Pubmed_A.txt 0.000776074 0.000774737 1.337e-06
35 Pubmed_A.txt 0.000771551 0.000769927 1.624e-06
36 Pubmed_A.txt 0.000771416 0.000769797 1.619e-06
37 Pubmed_A.txt 0.000767313 0.000766044 1.269e-06
38 Pubmed_A.txt 0.000776615 0.000774904 1.711e-06
39 Pubmed_A.txt 0.000770562 0.000769125 1.437e-06
40 Pubmed_A.txt 0.000773353 0.000772321 1.032e-06
41 Pubmed_A.txt 0.000769593 0.000768023 1.57e-06
42 Pubmed_A.txt 0.000774714 0.000773534 1.18e-06
43 Pubmed_A.txt 0.000769175 0.000767913 1.262e-06
44 Pubmed_A.txt 0.000769282 0.000767916 1.366e-06
45 Pubmed_A.txt 0.000764618 0.000763679 9.39e-07
46 Pubmed_A.txt 0.000774227 0.000773234 9.93e-07
47 Pubmed_A.txt 0.000767919 0.0007669 1.019e-06
48 Pubmed_A.txt 0.000865345 0.000864275 1.07e-06
49 Pubmed_A.txt 0.000861921 0.000860404 1.517e-06
50 Pubmed_A.txt 0.00086777 0.000866117 1.653e-06
51 Pubmed_A.txt 0.000865905 0.000864224 1.681e-06
52 Pubmed_A.txt 0.000871254 0.00087027 9.84e-07
53 Pubmed_A.txt 0.000867732 0.000866544 1.188e-06
54 Pubmed_A.txt 0.000868106 0.000866615 1.491e-06
55 Pubmed_A.txt 0.000862814 0.00086181 1.004e-06
56 Pubmed_A.txt 0.000865388 0.000864334 1.054e-06
57 Pubmed_A.txt 0.000861008 0.000859644 1.364e-06
58 Pubmed_A.txt 0.000871932 0.000870451 1.481e-06
59 Pubmed_A.txt 0.000867349 0.000866366 9.83e-07
60 Pubmed_A.txt 0.00087264 0.000871455 1.185e-06
61 Pubmed_A.txt 0.000869163 0.000867954 1.209e-06
62 Pubmed_A.txt 0.000866591 0.000865688 9.03e-07
63 Pubmed_A.txt 0.000861294 0.000860362 9.32e-07
64 Pubmed_A.txt 0.000950288 0.000948559 1.729e-06
65 Pubmed_A.txt 0.000943848 0.000942545 1.303e-06
66 Pubmed_A.txt 0.000950206 0.000948596 1.61e-06
67 Pubmed_A.txt 0.000942586 0.000941397 1.189e-06
68 Pubmed_A.txt 0.000945748 0.000943812 1.936e-06
69 Pubmed_A.txt 0.000942414 0.000940389 2.025e-06
70 Pubmed_A.txt 0.000943647 0.000942194 1.453e-06
71 Pubmed_A.txt 0.000937733 0.000936556 1.177e-06
72 Pubmed_A.txt 0.000900492 0.00089888 1.612e-06
73 Pubmed_A.txt 0.000895566 0.000893971 1.595e-06
74 Pubmed_A.txt 0.000900662 0.000899718 9.44e-07
75 Pubmed_A.txt 0.000895532 0.000893798 1.734e-06
76 Pubmed_A.txt 0.000901251 0.000900125 1.126e-06
77 Pubmed_A.txt 0.000896446 0.000895189 1.257e-06
78 Pubmed_A.txt 0.000897014 0.000895875 1.139e-06
79 Pubmed_A.txt 0.000891378 0.000890458 9.2e-07
80 Pubmed_A.txt 0.000763174 0.000762042 1.132e-06
81 Pubmed_A.txt 0.00075793 0.000756781 1.149e-06
82 Pubmed_A.txt 0.000772917 0.000771664 1.253e-06
83 Pubmed_A.txt 0.000768375 0.000767271 1.104e-06
84 Pubmed_A.txt 0.000776016 0.000775183 8.33e-07
85 Pubmed_A.txt 0.000771586 0.000770478 1.108e-06
86 Pubmed_A.txt 0.000776575 0.000775432 1.143e-06
87 Pubmed_A.txt 0.00077237 0.000771024 1.346e-06
88 Pubmed_A.txt 0.00076873 0.000767404 1.326e-06
89 Pubmed_A.txt 0.000765769 0.00076427 1.499e-06
90 Pubmed_A.txt 0.000776295 0.000775141 1.154e-06
91 Pubmed_A.txt 0.00076977 0.000768446 1.324e-06
92 Pubmed_A.txt 0.000770889 0.000769468 1.421e-06
93 Pubmed_A.txt 0.000765757 0.000764687 1.07e-06
94 Pubmed_A.txt 0.000771826 0.000770779 1.047e-06
95 Pubmed_A.txt 0.000766169 0.000765018 1.151e-06
96 Pubmed_A.txt 0.000898224 0.000897075 1.149e-06
97 Pubmed_A.txt 0.000893244 0.000892201 1.043e-06
98 Pubmed_A.txt 0.000899182 0.000898175 1.007e-06
99 Pubmed_A.txt 0.000893755 0.00089262 1.135e-06
100 Pubmed_A.txt 0.000898091 0.00089707 1.021e-06
101 Pubmed_A.txt 0.00089336 0.000892283 1.077e-06
102 Pubmed_A.txt 0.000896655 0.000895655 1e-06
103 Pubmed_A.txt 0.00089093 0.000889522 1.408e-06
104 Pubmed_A.txt 0.000897866 0.000896374 1.492e-06
105 Pubmed_A.txt 0.000893763 0.0008921 1.663e-06
106 Pubmed_A.txt 0.00090093 0.00089981 1.12e-06
107 Pubmed_A.txt 0.000894986 0.000893598 1.388e-06
108 Pubmed_A.txt 0.000895693 0.000894161 1.532e-06
109 Pubmed_A.txt 0.000891532 0.000890605 9.27e-07
110 Pubmed_A.txt 0.000898461 0.000897494 9.67e-07
111 Pubmed_A.txt 0.000892785 0.000891719 1.066e-06
112 Pubmed_A.txt 0.000962719 0.000962021 6.98e-07
113 Pubmed_A.txt 0.000960178 0.000958777 1.401e-06
114 Pubmed_A.txt 0.000963441 0.000962249 1.192e-06
115 Pubmed_A.txt 0.000958789 0.000957397 1.392e-06
116 Pubmed_A.txt 0.000958535 0.000957075 1.46e-06
117 Pubmed_A.txt 0.000952072 0.000950642 1.43e-06
118 Pubmed_A.txt 0.000962196 0.000961249 9.47e-07
119 Pubmed_A.txt 0.000955625 0.000954285 1.34e-06
120 Pubmed_A.txt 0.000909215 0.000908136 1.079e-06
121 Pubmed_A.txt 0.000903246 0.00090225 9.96e-07
122 Pubmed_A.txt 0.000913249 0.000912288 9.61e-07
123 Pubmed_A.txt 0.00090815 0.000906941 1.209e-06
124 Pubmed_A.txt 0.000906557 0.000905594 9.63e-07
125 Pubmed_A.txt 0.000903392 0.000902309 1.083e-06
126 Pubmed_A.txt 0.000907639 0.000905932 1.707e-06
127 Pubmed_A.txt 0.000901469 0.000900318 1.151e-06
128 Pubmed_A.txt 0.000773599 0.000772492 1.107e-06
129 Pubmed_A.txt 0.000770875 0.000769526 1.349e-06
130 Pubmed_A.txt 0.000788775 0.000787875 9e-07
131 Pubmed_A.txt 0.000784182 0.000783112 1.07e-06
132 Pubmed_A.txt 0.000789901 0.000788991 9.1e-07
133 Pubmed_A.txt 0.00078613 0.000785038 1.092e-06
134 Pubmed_A.txt 0.00078661 0.000785711 8.99e-07
135 Pubmed_A.txt 0.000780724 0.000779498 1.226e-06
136 Pubmed_A.txt 0.000782463 0.000781475 9.88e-07
137 Pubmed_A.txt 0.000778709 0.000777605 1.104e-06
138 Pubmed_A.txt 0.000790529 0.000789489 1.04e-06
139 Pubmed_A.txt 0.000784953 0.000783844 1.109e-06
140 Pubmed_A.txt 0.000783747 0.000782703 1.044e-06
141 Pubmed_A.txt 0.000778643 0.000777485 1.158e-06
142 Pubmed_A.txt 0.00079035 0.000788786 1.564e-06
143 Pubmed_A.txt 0.000784125 0.000782947 1.178e-06
144 Pubmed_A.txt 0.000894918 0.000893908 1.01e-06
145 Pubmed_A.txt 0.000890941 0.000889849 1.092e-06
146 Pubmed_A.txt 0.000897463 0.000896371 1.092e-06
147 Pubmed_A.txt 0.000891232 0.000890216 1.016e-06
148 Pubmed_A.txt 0.00089658 0.000895217 1.363e-06
149 Pubmed_A.txt 0.000892177 0.000890807 1.37e-06
150 Pubmed_A.txt 0.000900785 0.000899627 1.158e-06
151 Pubmed_A.txt 0.000894023 0.000892493 1.53e-06
152 Pubmed_A.txt 0.000886528 0.000885623 9.05e-07
153 Pubmed_A.txt 0.000883827 0.00088264 1.187e-06
154 Pubmed_A.txt 0.000893696 0.000892386 1.31e-06
155 Pubmed_A.txt 0.000888724 0.000887627 1.097e-06
156 Pubmed_A.txt 0.000889448 0.000888443 1.005e-06
157 Pubmed_A.txt 0.000885255 0.000884068 1.187e-06
158 Pubmed_A.txt 0.00089213 0.000890861 1.269e-06
159 Pubmed_A.txt 0.000884888 0.000883743 1.145e-06
160 Pubmed_A.txt 0.000950742 0.000949213 1.529e-06
161 Pubmed_A.txt 0.000946328 0.000944509 1.819e-06
162 Pubmed_A.txt 0.000960444 0.000958051 2.393e-06
163 Pubmed_A.txt 0.00095431 0.000952514 1.796e-06
164 Pubmed_A.txt 0.000945723 0.000944219 1.504e-06
165 Pubmed_A.txt 0.000940721 0.000939429 1.292e-06
166 Pubmed_A.txt 0.000951863 0.000950524 1.339e-06
167 Pubmed_A.txt 0.000944469 0.000943075 1.394e-06
168 Pubmed_A.txt 0.00090912 0.000907658 1.462e-06
169 Pubmed_A.txt 0.000904145 0.000902703 1.442e-06
170 Pubmed_A.txt 0.000911517 0.000909503 2.014e-06
171 Pubmed_A.txt 0.000904243 0.000902614 1.629e-06
172 Pubmed_A.txt 0.000907704 0.000906529 1.175e-06
173 Pubmed_A.txt 0.000904245 0.000902842 1.403e-06
174 Pubmed_A.txt 0.000909846 0.000908556 1.29e-06
175 Pubmed_A.txt 0.000902452 0.000901236 1.216e-06
176 Pubmed_A.txt 0.00077326 0.000772197 1.063e-06
177 Pubmed_A.txt 0.000769698 0.0007683 1.398e-06
178 Pubmed_A.txt 0.000788974 0.000787367 1.607e-06
179 Pubmed_A.txt 0.000784721 0.000783415 1.306e-06
180 Pubmed_A.txt 0.000782109 0.000780847 1.262e-06
181 Pubmed_A.txt 0.00077721 0.000775921 1.289e-06
182 Pubmed_A.txt 0.000791688 0.000790636 1.052e-06
183 Pubmed_A.txt 0.000787165 0.000785744 1.421e-06
184 Pubmed_A.txt 0.000787001 0.000785774 1.227e-06
185 Pubmed_A.txt 0.000783427 0.000782439 9.88e-07
186 Pubmed_A.txt 0.000789299 0.000788296 1.003e-06
187 Pubmed_A.txt 0.000783695 0.000782581 1.114e-06
188 Pubmed_A.txt 0.000780041 0.000779153 8.88e-07
189 Pubmed_A.txt 0.000776948 0.000775332 1.616e-06
190 Pubmed_A.txt 0.000783357 0.000782234 1.123e-06
191 Pubmed_A.txt 0.000778495 0.000777056 1.439e-06
192 Pubmed_A.txt 0.000907799 0.00090666 1.139e-06
193 Pubmed_A.txt 0.000904341 0.000903103 1.238e-06
194 Pubmed_A.txt 0.000906947 0.000905825 1.122e-06
195 Pubmed_A.txt 0.000901029 0.000899877 1.152e-06
196 Pubmed_A.txt 0.0009094 0.000907427 1.973e-06
197 Pubmed_A.txt 0.000903457 0.000902273 1.184e-06
198 Pubmed_A.txt 0.000914723 0.000913115 1.608e-06
199 Pubmed_A.txt 0.000907067 0.000905369 1.698e-06
200 Pubmed_A.txt 0.000901972 0.000900573 1.399e-06
201 Pubmed_A.txt 0.000897087 0.000895759 1.328e-06
202 Pubmed_A.txt 0.000908601 0.000907294 1.307e-06
203 Pubmed_A.txt 0.000902805 0.000901534 1.271e-06
204 Pubmed_A.txt 0.000903605 0.000902341 1.264e-06
205 Pubmed_A.txt 0.000899358 0.000898269 1.089e-06
206 Pubmed_A.txt 0.000904064 0.000902203 1.861e-06
207 Pubmed_A.txt 0.00089918 0.000897642 1.538e-06
208 Pubmed_A.txt 0.000972762 0.000971787 9.75e-07
209 Pubmed_A.txt 0.000969244 0.000967993 1.251e-06
210 Pubmed_A.txt 0.000983666 0.000982345 1.321e-06
211 Pubmed_A.txt 0.00097786 0.000976603 1.257e-06
212 Pubmed_A.txt 0.000972812 0.000971805 1.007e-06
213 Pubmed_A.txt 0.000969054 0.000967437 1.617e-06
214 Pubmed_A.txt 0.000973439 0.00097161 1.829e-06
215 Pubmed_A.txt 0.000966356 0.000965195 1.161e-06
216 Pubmed_A.txt 0.000930913 0.000929823 1.09e-06
217 Pubmed_A.txt 0.000927138 0.000925826 1.312e-06
218 Pubmed_A.txt 0.000937429 0.000936366 1.063e-06
219 Pubmed_A.txt 0.000931906 0.000930729 1.177e-06
220 Pubmed_A.txt 0.000922614 0.000921602 1.012e-06
221 Pubmed_A.txt 0.000919307 0.000917974 1.333e-06
222 Pubmed_A.txt 0.000932122 0.000930713 1.409e-06
223 Pubmed_A.txt 0.000924003 0.000922785 1.218e-06
224 Pubmed_A.txt 0.000795208 0.000793967 1.241e-06
225 Pubmed_A.txt 0.000791779 0.000790673 1.106e-06
226 Pubmed_A.txt 0.000801224 0.000799653 1.571e-06
227 Pubmed_A.txt 0.000796381 0.000794964 1.417e-06
228 Pubmed_A.txt 0.000803537 0.000802123 1.414e-06
229 Pubmed_A.txt 0.000799248 0.00079791 1.338e-06
230 Pubmed_A.txt 0.000804225 0.000802747 1.478e-06
231 Pubmed_A.txt 0.000798809 0.000797286 1.523e-06
232 Pubmed_A.txt 0.000797627 0.000796564 1.063e-06
233 Pubmed_A.txt 0.000794812 0.000793555 1.257e-06
234 Pubmed_A.txt 0.000803499 0.000802379 1.12e-06
235 Pubmed_A.txt 0.000796493 0.000795342 1.151e-06
236 Pubmed_A.txt 0.000797179 0.000796043 1.136e-06
237 Pubmed_A.txt 0.000793763 0.000792364 1.399e-06
238 Pubmed_A.txt 0.000802401 0.000800731 1.67e-06
239 Pubmed_A.txt 0.000796006 0.000794516 1.49e-06
240 Pubmed_A.txt 0.000845509 0.000844697 8.12e-07
241 Pubmed_A.txt 0.00084231 0.000841146 1.164e-06
242 Pubmed_A.txt 0.000853467 0.000852039 1.428e-06
243 Pubmed_A.txt 0.000849294 0.000847816 1.478e-06
244 Pubmed_A.txt 0.000859567 0.000858211 1.356e-06
245 Pubmed_A.txt 0.000855507 0.00085445 1.057e-06
246 Pubmed_A.txt 0.000862042 0.000860463 1.579e-06
247 Pubmed_A.txt 0.000856932 0.000855705 1.227e-06
248 Pubmed_A.txt 0.000851945 0.000850818 1.127e-06
249 Pubmed_A.txt 0.000849042 0.000847853 1.189e-06
250 Pubmed_A.txt 0.000860969 0.000859254 1.715e-06
251 Pubmed_A.txt 0.000855664 0.000854481 1.183e-06
252 Pubmed_A.txt 0.000855133 0.000853943 1.19e-06
253 Pubmed_A.txt 0.000852559 0.000851152 1.407e-06
254 Pubmed_A.txt 0.000854666 0.000853363 1.303e-06
255 Pubmed_A.txt 0.000851059 0.000849362 1.697e-06
256 Pubmed_A.txt 0.000930563 0.000928718 1.845e-06
257 Pubmed_A.txt 0.000926083 0.000924548 1.535e-06
258 Pubmed_A.txt 0.000935666 0.000931925 3.741e-06
259 Pubmed_A.txt 0.000928633 0.0009267 1.933e-06
260 Pubmed_A.txt 0.00092656 0.000924995 1.565e-06
261 Pubmed_A.txt 0.000922668 0.000921346 1.322e-06
262 Pubmed_A.txt 0.000930093 0.000928662 1.431e-06
263 Pubmed_A.txt 0.000923968 0.000922496 1.472e-06
264 Pubmed_A.txt 0.000876132 0.00087453 1.602e-06
265 Pubmed_A.txt 0.000870691 0.000869145 1.546e-06
266 Pubmed_A.txt 0.000881147 0.000878945 2.202e-06
267 Pubmed_A.txt 0.0008749 0.000873585 1.315e-06
268 Pubmed_A.txt 0.000884037 0.000882689 1.348e-06
269 Pubmed_A.txt 0.00087984 0.000878235 1.605e-06
270 Pubmed_A.txt 0.000886466 0.00088532 1.146e-06
271 Pubmed_A.txt 0.000878889 0.000877983 9.06e-07
272 Pubmed_A.txt 0.000761584 0.000760128 1.456e-06
273 Pubmed_A.txt 0.000758535 0.000756727 1.808e-06
274 Pubmed_A.txt 0.000770113 0.000768245 1.868e-06
275 Pubmed_A.txt 0.000764564 0.000763127 1.437e-06
276 Pubmed_A.txt 0.000766003 0.00076452 1.483e-06
277 Pubmed_A.txt 0.000761968 0.000760537 1.431e-06
278 Pubmed_A.txt 0.000768883 0.000767603 1.28e-06
279 Pubmed_A.txt 0.000762831 0.000761629 1.202e-06
280 Pubmed_A.txt 0.000764733 0.000763878 8.55e-07
281 Pubmed_A.txt 0.000761295 0.000759744 1.551e-06
282 Pubmed_A.txt 0.000765713 0.000764279 1.434e-06
283 Pubmed_A.txt 0.000761201 0.000759971 1.23e-06
284 Pubmed_A.txt 0.000761292 0.000759782 1.51e-06
285 Pubmed_A.txt 0.000756481 0.000755384 1.097e-06
286 Pubmed_A.txt 0.000765227 0.000763394 1.833e-06
287 Pubmed_A.txt 0.000758568 0.00075746 1.108e-06
288 Pubmed_A.txt 0.000880749 0.0008791 1.649e-06
289 Pubmed_A.txt 0.000878502 0.000877022 1.48e-06
290 Pubmed_A.txt 0.000881117 0.000880059 1.058e-06
291 Pubmed_A.txt 0.000874795 0.000873574 1.221e-06
292 Pubmed_A.txt 0.000879829 0.000878883 9.46e-07
293 Pubmed_A.txt 0.000875081 0.000873843 1.238e-06
294 Pubmed_A.txt 0.000879124 0.000878141 9.83e-07
295 Pubmed_A.txt 0.000873228 0.000871874 1.354e-06
296 Pubmed_A.txt 0.000877127 0.000875851 1.276e-06
297 Pubmed_A.txt 0.000872659 0.000871048 1.611e-06
298 Pubmed_A.txt 0.000882892 0.000881356 1.536e-06
299 Pubmed_A.txt 0.00087763 0.000876539 1.091e-06
300 Pubmed_A.txt 0.000880158 0.000878783 1.375e-06
301 Pubmed_A.txt 0.000875346 0.000873941 1.405e-06
302 Pubmed_A.txt 0.000879243 0.000877498 1.745e-06
303 Pubmed_A.txt 0.000873312 0.000872142 1.17e-06
304 Pubmed_A.txt 0.000950589 0.000949103 1.486e-06
305 Pubmed_A.txt 0.000945691 0.00094389 1.801e-06
306 Pubmed_A.txt 0.000951551 0.000950012 1.539e-06
307 Pubmed_A.txt 0.000945272 0.000944155 1.117e-06
308 Pubmed_A.txt 0.000943593 0.000942245 1.348e-06
309 Pubmed_A.txt 0.000939359 0.000937944 1.415e-06
310 Pubmed_A.txt 0.000948771 0.000947558 1.213e-06
311 Pubmed_A.txt 0.00094333 0.000941933 1.397e-06
312 Pubmed_A.txt 0.000894751 0.000893256 1.495e-06
313 Pubmed_A.txt 0.000890094 0.000888915 1.179e-06
314 Pubmed_A.txt 0.000896696 0.000895614 1.082e-06
315 Pubmed_A.txt 0.000890403 0.000889388 1.015e-06
316 Pubmed_A.txt 0.000904786 0.00090322 1.566e-06
317 Pubmed_A.txt 0.000895555 0.000893881 1.674e-06
318 Pubmed_A.txt 0.000900763 0.000899036 1.727e-06
319 Pubmed_A.txt 0.000891447 0.000890164 1.283e-06
320 Pubmed_A.txt 0.000765463 0.000763785 1.678e-06
321 Pubmed_A.txt 0.000763103 0.000760155 2.948e-06
322 Pubmed_A.txt 0.000775771 0.000774451 1.32e-06
323 Pubmed_A.txt 0.000769691 0.000768421 1.27e-06
324 Pubmed_A.txt 0.000777495 0.00077616 1.335e-06
325 Pubmed_A.txt 0.000773732 0.000772386 1.346e-06
326 Pubmed_A.txt 0.000778246 0.000776407 1.839e-06
327 Pubmed_A.txt 0.000773 0.000771385 1.615e-06
328 Pubmed_A.txt 0.000769462 0.000768444 1.018e-06
329 Pubmed_A.txt 0.000766765 0.000765621 1.144e-06
330 Pubmed_A.txt 0.000781463 0.000779687 1.776e-06
331 Pubmed_A.txt 0.000774965 0.000773574 1.391e-06
332 Pubmed_A.txt 0.000773496 0.000772376 1.12e-06
333 Pubmed_A.txt 0.000767876 0.000766271 1.605e-06
334 Pubmed_A.txt 0.000774041 0.000771927 2.114e-06
335 Pubmed_A.txt 0.000767437 0.000765361 2.076e-06
336 Pubmed_A.txt 0.000868943 0.000866377 2.566e-06
337 Pubmed_A.txt 0.000864313 0.000862067 2.246e-06
338 Pubmed_A.txt 0.00087423 0.000872389 1.841e-06
339 Pubmed_A.txt 0.000869649 0.000867277 2.372e-06
340 Pubmed_A.txt 0.000873517 0.000871724 1.793e-06
341 Pubmed_A.txt 0.00087009 0.000868095 1.995e-06
342 Pubmed_A.txt 0.000883606 0.000881224 2.382e-06
343 Pubmed_A.txt 0.000875746 0.000874681 1.065e-06
344 Pubmed_A.txt 0.000875998 0.000874338 1.66e-06
345 Pubmed_A.txt 0.000871327 0.000870265 1.062e-06
346 Pubmed_A.txt 0.000882735 0.000881054 1.681e-06
347 Pubmed_A.txt 0.000876531 0.000875136 1.395e-06
348 Pubmed_A.txt 0.000873682 0.000872166 1.516e-06
349 Pubmed_A.txt 0.000870957 0.000869505 1.452e-06
350 Pubmed_A.txt 0.000876177 0.000874676 1.501e-06
351 Pubmed_A.txt 0.0008708 0.000868813 1.987e-06
352 Pubmed_A.txt 0.00094527 0.000943074 2.196e-06
353 Pubmed_A.txt 0.000941268 0.000938985 2.283e-06
354 Pubmed_A.txt 0.000954194 0.000951788 2.406e-06
355 Pubmed_A.txt 0.000946727 0.000944708 2.019e-06
356 Pubmed_A.txt 0.000935223 0.000934013 1.21e-06
357 Pubmed_A.txt 0.000931613 0.00092968 1.933e-06
358 Pubmed_A.txt 0.00094184 0.000939861 1.979e-06
359 Pubmed_A.txt 0.000934237 0.000931892 2.345e-06
360 Pubmed_A.txt 0.000895311 0.000894063 1.248e-06
361 Pubmed_A.txt 0.00089257 0.000889544 3.026e-06
362 Pubmed_A.txt 0.00090197 0.000900559 1.411e-06
363 Pubmed_A.txt 0.000894312 0.000892796 1.516e-06
364 Pubmed_A.txt 0.000898873 0.000896666 2.207e-06
365 Pubmed_A.txt 0.000894129 0.00089155 2.579e-06
366 Pubmed_A.txt 0.000896113 0.000893852 2.261e-06
367 Pubmed_A.txt 0.00088973 0.000887929 1.801e-06
368 Pubmed_A.txt 0.000765509 0.000764199 1.31e-06
369 Pubmed_A.txt 0.000761959 0.000760461 1.498e-06
370 Pubmed_A.txt 0.000775042 0.00077248 2.562e-06
371 Pubmed_A.txt 0.000770817 0.000768839 1.978e-06
372 Pubmed_A.txt 0.000775666 0.000773179 2.487e-06
373 Pubmed_A.txt 0.000770308 0.000768309 1.999e-06
374 Pubmed_A.txt 0.00077593 0.000774346 1.584e-06
375 Pubmed_A.txt 0.00077179 0.00076987 1.92e-06
376 Pubmed_A.txt 0.000768533 0.000766377 2.156e-06
377 Pubmed_A.txt 0.000762592 0.000760868 1.724e-06
378 Pubmed_A.txt 0.000776594 0.000774302 2.292e-06
379 Pubmed_A.txt 0.000769946 0.000768044 1.902e-06
380 Pubmed_A.txt 0.000770099 0.000767688 2.411e-06
381 Pubmed_A.txt 0.000766251 0.000763709 2.542e-06
382 Pubmed_A.txt 0.000773714 0.000771628 2.086e-06
383 Pubmed_A.txt 0.00076784 0.000765871 1.969e-06
384 Pubmed_A.txt 0.000843768 0.000841996 1.772e-06
385 Pubmed_A.txt 0.000839637 0.000837715 1.922e-06
386 Pubmed_A.txt 0.000853834 0.000850042 3.792e-06
387 Pubmed_A.txt 0.000844622 0.000842317 2.305e-06
388 Pubmed_A.txt 0.00085207 0.000849898 2.172e-06
389 Pubmed_A.txt 0.000848322 0.000845951 2.371e-06
390 Pubmed_A.txt 0.000854536 0.000852652 1.884e-06
391 Pubmed_A.txt 0.00084795 0.00084637 1.58e-06
392 Pubmed_A.txt 0.000856697 0.000855095 1.602e-06
393 Pubmed_A.txt 0.000854123 0.000851296 2.827e-06
394 Pubmed_A.txt 0.000870366 0.000868599 1.767e-06
395 Pubmed_A.txt 0.000862726 0.0008612 1.526e-06
396 Pubmed_A.txt 0.000857314 0.000855459 1.855e-06
397 Pubmed_A.txt 0.000853541 0.000851968 1.573e-06
398 Pubmed_A.txt 0.000860687 0.000858797 1.89e-06
399 Pubmed_A.txt 0.000853296 0.000851429 1.867e-06
400 Pubmed_A.txt 0.000945556 0.000943723 1.833e-06
401 Pubmed_A.txt 0.00094102 0.000939572 1.448e-06
402 Pubmed_A.txt 0.00095128 0.000948851 2.429e-06
403 Pubmed_A.txt 0.000943247 0.000941273 1.974e-06
404 Pubmed_A.txt 0.000937557 0.000935724 1.833e-06
405 Pubmed_A.txt 0.000932714 0.000931129 1.585e-06
406 Pubmed_A.txt 0.000949056 0.00094638 2.676e-06
407 Pubmed_A.txt 0.000940708 0.000938284 2.424e-06
408 Pubmed_A.txt 0.000882994 0.000881178 1.816e-06
409 Pubmed_A.txt 0.000879026 0.000877283 1.743e-06
410 Pubmed_A.txt 0.000903763 0.000900537 3.226e-06
411 Pubmed_A.txt 0.000883631 0.00088177 1.861e-06
412 Pubmed_A.txt 0.000884454 0.000882992 1.462e-06
413 Pubmed_A.txt 0.000879883 0.000877601 2.282e-06
414 Pubmed_A.txt 0.000903209 0.000900729 2.48e-06
415 Pubmed_A.txt 0.000880384 0.00087886 1.524e-06
416 Pubmed_A.txt 0.000762315 0.000760411 1.904e-06
417 Pubmed_A.txt 0.000759745 0.000757433 2.312e-06
418 Pubmed_A.txt 0.000772458 0.0007697 2.758e-06
419 Pubmed_A.txt 0.000767962 0.000764905 3.057e-06
420 Pubmed_A.txt 0.000776163 0.000772781 3.382e-06
421 Pubmed_A.txt 0.000770775 0.000768736 2.039e-06
422 Pubmed_A.txt 0.000782669 0.000780321 2.348e-06
423 Pubmed_A.txt 0.000778437 0.000776179 2.258e-06
424 Pubmed_A.txt 0.000776157 0.00077412 2.037e-06
425 Pubmed_A.txt 0.000770957 0.000768061 2.896e-06
426 Pubmed_A.txt 0.000775313 0.000771851 3.462e-06
427 Pubmed_A.txt 0.000768114 0.000765423 2.691e-06
428 Pubmed_A.txt 0.000777893 0.00077411 3.783e-06
429 Pubmed_A.txt 0.0007747 0.000771118 3.582e-06
430 Pubmed_A.txt 0.000773504 0.000770067 3.437e-06
431 Pubmed_A.txt 0.000765327 0.000763673 1.654e-06
432 Pubmed_A.txt 0.000836008 0.000835073 9.35e-07
433 Pubmed_A.txt 0.000833561 0.000831691 1.87e-06
434 Pubmed_A.txt 0.000847302 0.000845201 2.101e-06
435 Pubmed_A.txt 0.000839162 0.000837101 2.061e-06
436 Pubmed_A.txt 0.000841163 0.000838543 2.62e-06
437 Pubmed_A.txt 0.000838292 0.00083513 3.162e-06
438 Pubmed_A.txt 0.000847669 0.000842815 4.854e-06
439 Pubmed_A.txt 0.000840856 0.000837397 3.459e-06
440 Pubmed_A.txt 0.000842949 0.000840426 2.523e-06
441 Pubmed_A.txt 0.000839085 0.00083655 2.535e-06
442 Pubmed_A.txt 0.000849243 0.000846429 2.814e-06
443 Pubmed_A.txt 0.000844731 0.000841572 3.159e-06
444 Pubmed_A.txt 0.000853743 0.000850717 3.026e-06
445 Pubmed_A.txt 0.000849395 0.000846413 2.982e-06
446 Pubmed_A.txt 0.000850653 0.000847578 3.075e-06
447 Pubmed_A.txt 0.00084368 0.000840235 3.445e-06
448 Pubmed_A.txt 0.000912576 0.000909797 2.779e-06
449 Pubmed_A.txt 0.000910523 0.000907556 2.967e-06
450 Pubmed_A.txt 0.000920217 0.000918336 1.881e-06
451 Pubmed_A.txt 0.000913239 0.000910938 2.301e-06
452 Pubmed_A.txt 0.000918035 0.000915005 3.03e-06
453 Pubmed_A.txt 0.000915035 0.000910842 4.193e-06
454 Pubmed_A.txt 0.000921487 0.000919215 2.272e-06
455 Pubmed_A.txt 0.000913217 0.000911841 1.376e-06
456 Pubmed_A.txt 0.000862304 0.000860939 1.365e-06
457 Pubmed_A.txt 0.000858205 0.000856832 1.373e-06
458 Pubmed_A.txt 0.00087332 0.000872195 1.125e-06
459 Pubmed_A.txt 0.000869448 0.000867591 1.857e-06
460 Pubmed_A.txt 0.000877565 0.000876291 1.274e-06
461 Pubmed_A.txt 0.000871672 0.000870426 1.246e-06
462 Pubmed_A.txt 0.000882309 0.000880508 1.801e-06
463 Pubmed_A.txt 0.000874498 0.000872858 1.64e-06
464 Pubmed_A.txt 0.000758124 0.000756836 1.288e-06
465 Pubmed_A.txt 0.000754223 0.000752673 1.55e-06
466 Pubmed_A.txt 0.000764565 0.000762876 1.689e-06
467 Pubmed_A.txt 0.000760976 0.000759156 1.82e-06
468 Pubmed_A.txt 0.00076475 0.000763435 1.315e-06
469 Pubmed_A.txt 0.000761036 0.000759671 1.365e-06
470 Pubmed_A.txt 0.000764725 0.000763295 1.43e-06
471 Pubmed_A.txt 0.000760075 0.000759047 1.028e-06
472 Pubmed_A.txt 0.000767982 0.00076686 1.122e-06
473 Pubmed_A.txt 0.000764633 0.000761894 2.739e-06
474 Pubmed_A.txt 0.000773441 0.000770526 2.915e-06
475 Pubmed_A.txt 0.000765753 0.000764146 1.607e-06
476 Pubmed_A.txt 0.000761877 0.000759782 2.095e-06
477 Pubmed_A.txt 0.000757947 0.000755612 2.335e-06
478 Pubmed_A.txt 0.000766577 0.000761957 4.62e-06
479 Pubmed_A.txt 0.000760902 0.000757179 3.723e-06
480 Pubmed_A.txt 0.000873151 0.000870963 2.188e-06
481 Pubmed_A.txt 0.000867528 0.000866139 1.389e-06
482 Pubmed_A.txt 0.000874561 0.000872337 2.224e-06
483 Pubmed_A.txt 0.00086827 0.00086563 2.64e-06
484 Pubmed_A.txt 0.000876257 0.000873615 2.642e-06
485 Pubmed_A.txt 0.000871038 0.000869424 1.614e-06
486 Pubmed_A.txt 0.000883522 0.000882078 1.444e-06
487 Pubmed_A.txt 0.000878668 0.00087552 3.148e-06
488 Pubmed_A.txt 0.000879118 0.00087558 3.538e-06
489 Pubmed_A.txt 0.000874107 0.000871517 2.59e-06
490 Pubmed_A.txt 0.000889156 0.000885649 3.507e-06
491 Pubmed_A.txt 0.000881818 0.000880227 1.591e-06
492 Pubmed_A.txt 0.000881834 0.000878534 3.3e-06
493 Pubmed_A.txt 0.000878331 0.000875182 3.149e-06
494 Pubmed_A.txt 0.000884221 0.000880048 4.173e-06
495 Pubmed_A.txt 0.000878177 0.000874766 3.411e-06
496 Pubmed_A.txt 0.000951915 0.000948402 3.513e-06
497 Pubmed_A.txt 0.000945332 0.000943069 2.263e-06
498 Pubmed_A.txt 0.000959153 0.000956514 2.639e-06
499 Pubmed_A.txt 0.00095225 0.000949625 2.625e-06
500 Pubmed_A.txt 0.000947553 0.000945314 2.239e-06
501 Pubmed_A.txt 0.000944174 0.000942375 1.799e-06
502 Pubmed_A.txt 0.000951444 0.000949526 1.918e-06
503 Pubmed_A.txt 0.000943322 0.000942 1.322e-06
504 Pubmed_A.txt 0.000901893 0.000898893 3e-06
505 Pubmed_A.txt 0.00089725 0.000894944 2.306e-06
506 Pubmed_A.txt 0.000907889 0.000905669 2.22e-06
507 Pubmed_A.txt 0.000902004 0.000900227 1.777e-06
508 Pubmed_A.txt 0.000901746 0.000899387 2.359e-06
509 Pubmed_A.txt 0.000899364 0.000895805 3.559e-06
510 Pubmed_A.txt 0.000909933 0.000906927 3.006e-06
511 Pubmed_A.txt 0.000902849 0.000898758 4.091e-06
512 Pubmed_A.txt 0.000773232 0.000770384 2.848e-06
513 Pubmed_A.txt 0.000767035 0.000766123 9.12e-07
514 Pubmed_A.txt 0.000774809 0.000773006 1.803e-06
515 Pubmed_A.txt 0.000769781 0.000768546 1.235e-06
516 Pubmed_A.txt 0.00077452 0.000773087 1.433e-06
517 Pubmed_A.txt 0.000770447 0.000768855 1.592e-06
518 Pubmed_A.txt 0.00077667 0.00077495 1.72e-06
519 Pubmed_A.txt 0.000771137 0.000768951 2.186e-06
520 Pubmed_A.txt 0.000777415 0.000776202 1.213e-06
521 Pubmed_A.txt 0.000773905 0.00077164 2.265e-06
522 Pubmed_A.txt 0.000787783 0.000784422 3.361e-06
523 Pubmed_A.txt 0.000781252 0.000779039 2.213e-06
524 Pubmed_A.txt 0.000773042 0.000771513 1.529e-06
525 Pubmed_A.txt 0.000771121 0.000767506 3.615e-06
526 Pubmed_A.txt 0.000781452 0.00077881 2.642e-06
527 Pubmed_A.txt 0.000775342 0.000771834 3.508e-06
528 Pubmed_A.txt 0.000852737 0.000851269 1.468e-06
529 Pubmed_A.txt 0.000849547 0.00084703 2.517e-06
530 Pubmed_A.txt 0.000864108 0.000859299 4.809e-06
531 Pubmed_A.txt 0.000858089 0.000854825 3.264e-06
532 Pubmed_A.txt 0.000867031 0.000865892 1.139e-06
533 Pubmed_A.txt 0.000863787 0.000861839 1.948e-06
534 Pubmed_A.txt 0.000868066 0.00086649 1.576e-06
535 Pubmed_A.txt 0.00086138 0.000859771 1.609e-06
536 Pubmed_A.txt 0.000868899 0.000865951 2.948e-06
537 Pubmed_A.txt 0.000863494 0.000860406 3.088e-06
538 Pubmed_A.txt 0.000872736 0.000869014 3.722e-06
539 Pubmed_A.txt 0.000865766 0.000862547 3.219e-06
540 Pubmed_A.txt 0.000870828 0.000868772 2.056e-06
541 Pubmed_A.txt 0.000867251 0.000864134 3.117e-06
542 Pubmed_A.txt 0.000867551 0.000865786 1.765e-06
543 Pubmed_A.txt 0.000863651 0.000860879 2.772e-06
544 Pubmed_A.txt 0.00095499 0.000951632 3.358e-06
545 Pubmed_A.txt 0.000950016 0.00094796 2.056e-06
546 Pubmed_A.txt 0.000956835 0.000954966 1.869e-06
547 Pubmed_A.txt 0.000950934 0.000948976 1.958e-06
548 Pubmed_A.txt 0.000950597 0.000948408 2.189e-06
549 Pubmed_A.txt 0.000945974 0.000943875 2.099e-06
550 Pubmed_A.txt 0.000952415 0.000951123 1.292e-06
551 Pubmed_A.txt 0.000948081 0.000946353 1.728e-06
552 Pubmed_A.txt 0.000892107 0.000888145 3.962e-06
553 Pubmed_A.txt 0.000886709 0.000883399 3.31e-06
554 Pubmed_A.txt 0.000893568 0.000890508 3.06e-06
555 Pubmed_A.txt 0.000885138 0.000882796 2.342e-06
556 Pubmed_A.txt 0.000894727 0.000893807 9.2e-07
557 Pubmed_A.txt 0.000890763 0.000889785 9.78e-07
558 Pubmed_A.txt 0.000895288 0.000893144 2.144e-06
559 Pubmed_A.txt 0.000888576 0.000886853 1.723e-06
560 Pubmed_A.txt 0.000771901 0.000766878 5.023e-06
561 Pubmed_A.txt 0.000765016 0.000763423 1.593e-06
562 Pubmed_A.txt 0.000771993 0.000769471 2.522e-06
563 Pubmed_A.txt 0.000765882 0.000764019 1.863e-06
564 Pubmed_A.txt 0.000776945 0.000775453 1.492e-06
565 Pubmed_A.txt 0.000772602 0.00077122 1.382e-06
566 Pubmed_A.txt 0.000773648 0.000772221 1.427e-06
567 Pubmed_A.txt 0.000769184 0.000767193 1.991e-06
568 Pubmed_A.txt 0.000770731 0.000769099 1.632e-06
569 Pubmed_A.txt 0.000767292 0.000765898 1.394e-06
570 Pubmed_A.txt 0.0007836 0.000781977 1.623e-06
571 Pubmed_A.txt 0.000778563 0.000777102 1.461e-06
572 Pubmed_A.txt 0.00077565 0.000773693 1.957e-06
573 Pubmed_A.txt 0.000771622 0.000769978 1.644e-06
574 Pubmed_A.txt 0.000773312 0.000771144 2.168e-06
575 Pubmed_A.txt 0.000767618 0.000765901 1.717e-06
576 Pubmed_A.txt 0.00086745 0.000865692 1.758e-06
577 Pubmed_A.txt 0.000862436 0.000860571 1.865e-06
578 Pubmed_A.txt 0.000877032 0.000875359 1.673e-06
579 Pubmed_A.txt 0.000868841 0.000867518 1.323e-06
580 Pubmed_A.txt 0.00087776 0.000876607 1.153e-06
581 Pubmed_A.txt 0.000873174 0.000871856 1.318e-06
582 Pubmed_A.txt 0.000877997 0.000876042 1.955e-06
583 Pubmed_A.txt 0.00087137 0.000870108 1.262e-06
584 Pubmed_A.txt 0.000872338 0.000871346 9.92e-07
585 Pubmed_A.txt 0.000867806 0.000866389 1.417e-06
586 Pubmed_A.txt 0.000883051 0.000882124 9.27e-07
587 Pubmed_A.txt 0.000876239 0.000874835 1.404e-06
588 Pubmed_A.txt 0.000871133 0.000869739 1.394e-06
589 Pubmed_A.txt 0.000866715 0.000865425 1.29e-06
590 Pubmed_A.txt 0.000877073 0.000875291 1.782e-06
591 Pubmed_A.txt 0.000872003 0.000869878 2.125e-06
592 Pubmed_A.txt 0.000932834 0.00093163 1.204e-06
593 Pubmed_A.txt 0.00092847 0.000926833 1.637e-06
594 Pubmed_A.txt 0.000942555 0.000939596 2.959e-06
595 Pubmed_A.txt 0.000934531 0.000931833 2.698e-06
596 Pubmed_A.txt 0.000934073 0.000932788 1.285e-06
597 Pubmed_A.txt 0.000930575 0.000928899 1.676e-06
598 Pubmed_A.txt 0.000941429 0.000939406 2.023e-06
599 Pubmed_A.txt 0.000935405 0.000933959 1.446e-06
600 Pubmed_A.txt 0.000895957 0.000894316 1.641e-06
601 Pubmed_A.txt 0.000890783 0.000889352 1.431e-06
602 Pubmed_A.txt 0.000898553 0.000895467 3.086e-06
603 Pubmed_A.txt 0.000889507 0.000887871 1.636e-06
604 Pubmed_A.txt 0.000893759 0.000892325 1.434e-06
605 Pubmed_A.txt 0.000889918 0.000887946 1.972e-06
606 Pubmed_A.txt 0.000896454 0.000894257 2.197e-06
607 Pubmed_A.txt 0.000887639 0.000886033 1.606e-06
608 Pubmed_A.txt 0.000776066 0.000774531 1.535e-06
609 Pubmed_A.txt 0.000772286 0.000770678 1.608e-06
610 Pubmed_A.txt 0.000777182 0.000775549 1.633e-06
611 Pubmed_A.txt 0.000771987 0.000770688 1.299e-06
612 Pubmed_A.txt 0.000778917 0.00077754 1.377e-06
613 Pubmed_A.txt 0.000773692 0.000772183 1.509e-06
614 Pubmed_A.txt 0.000775775 0.000773865 1.91e-06
615 Pubmed_A.txt 0.00077234 0.000770492 1.848e-06
616 Pubmed_A.txt 0.000774559 0.000773732 8.27e-07
617 Pubmed_A.txt 0.000771061 0.00076985 1.211e-06
618 Pubmed_A.txt 0.000781555 0.000779418 2.137e-06
619 Pubmed_A.txt 0.000774923 0.000773658 1.265e-06
620 Pubmed_A.txt 0.00077558 0.00077445 1.13e-06
621 Pubmed_A.txt 0.000771804 0.000769834 1.97e-06
622 Pubmed_A.txt 0.000780337 0.000778271 2.066e-06
623 Pubmed_A.txt 0.000773555 0.000771978 1.577e-06
624 Pubmed_A.txt 0.000849803 0.000847674 2.129e-06
625 Pubmed_A.txt 0.000845964 0.000843356 2.608e-06
626 Pubmed_A.txt 0.000858128 0.000855844 2.284e-06
627 Pubmed_A.txt 0.000852242 0.000850368 1.874e-06
628 Pubmed_A.txt 0.000855442 0.00085381 1.632e-06
629 Pubmed_A.txt 0.000851634 0.000850009 1.625e-06
630 Pubmed_A.txt 0.000863071 0.000861076 1.995e-06
631 Pubmed_A.txt 0.00085562 0.000853624 1.996e-06
632 Pubmed_A.txt 0.000863174 0.000862038 1.136e-06
633 Pubmed_A.txt 0.000860104 0.000858741 1.363e-06
634 Pubmed_A.txt 0.000874358 0.000871934 2.424e-06
635 Pubmed_A.txt 0.000867855 0.000865753 2.102e-06
636 Pubmed_A.txt 0.000862227 0.00086101 1.217e-06
637 Pubmed_A.txt 0.000858752 0.000857247 1.505e-06
638 Pubmed_A.txt 0.000865308 0.000863919 1.389e-06
639 Pubmed_A.txt 0.000859661 0.000858246 1.415e-06
640 Pubmed_A.txt 0.000934645 0.0009332 1.445e-06
641 Pubmed_A.txt 0.000932325 0.000930671 1.654e-06
642 Pubmed_A.txt 0.000942792 0.000940642 2.15e-06
643 Pubmed_A.txt 0.000934135 0.000932987 1.148e-06
644 Pubmed_A.txt 0.00092361 0.000922519 1.091e-06
645 Pubmed_A.txt 0.000920731 0.000918816 1.915e-06
646 Pubmed_A.txt 0.00093166 0.000930312 1.348e-06
647 Pubmed_A.txt 0.000922994 0.000921903 1.091e-06
648 Pubmed_A.txt 0.000881473 0.000880015 1.458e-06
649 Pubmed_A.txt 0.000877337 0.000875938 1.399e-06
650 Pubmed_A.txt 0.000889723 0.000888198 1.525e-06
651 Pubmed_A.txt 0.000884285 0.000881822 2.463e-06
652 Pubmed_A.txt 0.000890246 0.000887283 2.963e-06
653 Pubmed_A.txt 0.000884643 0.00088323 1.413e-06
654 Pubmed_A.txt 0.000899582 0.000897636 1.946e-06
655 Pubmed_A.txt 0.000891673 0.000889183 2.49e-06
656 Pubmed_A.txt 0.000779317 0.0007779 1.417e-06
657 Pubmed_A.txt 0.000776877 0.000773624 3.253e-06
658 Pubmed_A.txt 0.00078089 0.000776725 4.165e-06
659 Pubmed_A.txt 0.000776587 0.000772308 4.279e-06
660 Pubmed_A.txt 0.000782957 0.000779599 3.358e-06
661 Pubmed_A.txt 0.000776123 0.000773504 2.619e-06
662 Pubmed_A.txt 0.000784508 0.000780669 3.839e-06
663 Pubmed_A.txt 0.000777973 0.000776115 1.858e-06
664 Pubmed_A.txt 0.000778636 0.00077479 3.846e-06
665 Pubmed_A.txt 0.000773698 0.000770673 3.025e-06
666 Pubmed_A.txt 0.000789643 0.000785083 4.56e-06
667 Pubmed_A.txt 0.000784139 0.000780875 3.264e-06
668 Pubmed_A.txt 0.00078583 0.000781538 4.292e-06
669 Pubmed_A.txt 0.000779623 0.000776397 3.226e-06
670 Pubmed_A.txt 0.000781081 0.000777456 3.625e-06
671 Pubmed_A.txt 0.000774426 0.000771561 2.865e-06
672 Pubmed_A.txt 0.000874066 0.000872884 1.182e-06
673 Pubmed_A.txt 0.000871055 0.000868583 2.472e-06
674 Pubmed_A.txt 0.000878916 0.000877378 1.538e-06
675 Pubmed_A.txt 0.000873236 0.000871845 1.391e-06
676 Pubmed_A.txt 0.000879614 0.000878587 1.027e-06
677 Pubmed_A.txt 0.000876871 0.000875176 1.695e-06
678 Pubmed_A.txt 0.000881908 0.000880311 1.597e-06
679 Pubmed_A.txt 0.000879645 0.000875892 3.753e-06
680 Pubmed_A.txt 0.000889324 0.00088678 2.544e-06
681 Pubmed_A.txt 0.000884319 0.00088301 1.309e-06
682 Pubmed_A.txt 0.000898166 0.000897076 1.09e-06
683 Pubmed_A.txt 0.000890159 0.000889366 7.93e-07
684 Pubmed_A.txt 0.000891111 0.000885234 5.877e-06
685 Pubmed_A.txt 0.000886185 0.000883018 3.167e-06
686 Pubmed_A.txt 0.00089617 0.000893156 3.014e-06
687 Pubmed_A.txt 0.000889047 0.000886725 2.322e-06
688 Pubmed_A.txt 0.000950506 0.000948446 2.06e-06
689 Pubmed_A.txt 0.000946503 0.000943816 2.687e-06
690 Pubmed_A.txt 0.000959617 0.000953865 5.752e-06
691 Pubmed_A.txt 0.00094822 0.000946442 1.778e-06
692 Pubmed_A.txt 0.000950474 0.000949293 1.181e-06
693 Pubmed_A.txt 0.000945758 0.000944073 1.685e-06
694 Pubmed_A.txt 0.000955643 0.000953876 1.767e-06
695 Pubmed_A.txt 0.000950703 0.000948751 1.952e-06
696 Pubmed_A.txt 0.000903135 0.000898293 4.842e-06
697 Pubmed_A.txt 0.000897275 0.000893298 3.977e-06
698 Pubmed_A.txt 0.000902359 0.000900365 1.994e-06
699 Pubmed_A.txt 0.000895648 0.000894422 1.226e-06
700 Pubmed_A.txt 0.000900466 0.000898282 2.184e-06
701 Pubmed_A.txt 0.00089748 0.000894379 3.101e-06
702 Pubmed_A.txt 0.000910111 0.000906589 3.522e-06
703 Pubmed_A.txt 0.000901763 0.00089814 3.623e-06
704 Pubmed_A.txt 0.000790773 0.000787595 3.178e-06
705 Pubmed_A.txt 0.000786535 0.000773746 1.2789e-05
706 Pubmed_A.txt 0.000796617 0.000791843 4.774e-06
707 Pubmed_A.txt 0.000789085 0.00078757 1.515e-06
708 Pubmed_A.txt 0.000788704 0.000772486 1.6218e-05
709 Pubmed_A.txt 0.000769678 0.000768214 1.464e-06
710 Pubmed_A.txt 0.000786056 0.000784386 1.67e-06
711 Pubmed_A.txt 0.000774462 0.000772469 1.993e-06
712 Pubmed_A.txt 0.000785813 0.000784073 1.74e-06
713 Pubmed_A.txt 0.000773984 0.000772279 1.705e-06
714 Pubmed_A.txt 0.00079233 0.000790258 2.072e-06
715 Pubmed_A.txt 0.000786915 0.000773905 1.301e-05
716 Pubmed_A.txt 0.000790191 0.00078734 2.851e-06
717 Pubmed_A.txt 0.000772323 0.000770836 1.487e-06
718 Pubmed_A.txt 0.000797016 0.000793183 3.833e-06
719 Pubmed_A.txt 0.000784357 0.000774408 9.949e-06
720 Pubmed_A.txt 0.000863247 0.000861578 1.669e-06
721 Pubmed_A.txt 0.000857893 0.000855802 2.091e-06
722 Pubmed_A.txt 0.000866677 0.000864613 2.064e-06
723 Pubmed_A.txt 0.000860058 0.000858451 1.607e-06
724 Pubmed_A.txt 0.000878307 0.000876622 1.685e-06
725 Pubmed_A.txt 0.000875214 0.000873444 1.77e-06
726 Pubmed_A.txt 0.000882601 0.000880048 2.553e-06
727 Pubmed_A.txt 0.000876012 0.000873768 2.244e-06
728 Pubmed_A.txt 0.000881266 0.000878843 2.423e-06
729 Pubmed_A.txt 0.00087588 0.0008749 9.8e-07
730 Pubmed_A.txt 0.000884492 0.000882051 2.441e-06
731 Pubmed_A.txt 0.000877506 0.000876156 1.35e-06
732 Pubmed_A.txt 0.00088865 0.00088474 3.91e-06
733 Pubmed_A.txt 0.00088171 0.000879281 2.429e-06
734 Pubmed_A.txt 0.000882638 0.000880742 1.896e-06
735 Pubmed_A.txt 0.000877396 0.000875395 2.001e-06
736 Pubmed_A.txt 0.000953353 0.000951716 1.637e-06
737 Pubmed_A.txt 0.00094826 0.00094673 1.53e-06
738 Pubmed_A.txt 0.000953066 0.000951475 1.591e-06
739 Pubmed_A.txt 0.000945556 0.000943846 1.71e-06
740 Pubmed_A.txt 0.000951171 0.000948832 2.339e-06
741 Pubmed_A.txt 0.000945225 0.000944076 1.149e-06
742 Pubmed_A.txt 0.000953895 0.000952336 1.559e-06
743 Pubmed_A.txt 0.000946828 0.000944806 2.022e-06
744 Pubmed_A.txt 0.000905578 0.000904121 1.457e-06
745 Pubmed_A.txt 0.000901625 0.000900257 1.368e-06
746 Pubmed_A.txt 0.000905657 0.000904272 1.385e-06
747 Pubmed_A.txt 0.000898387 0.0008968 1.587e-06
748 Pubmed_A.txt 0.000905756 0.00090417 1.586e-06
749 Pubmed_A.txt 0.000900808 0.000898205 2.603e-06
750 Pubmed_A.txt 0.000908152 0.000905812 2.34e-06
751 Pubmed_A.txt 0.000899659 0.000897181 2.478e-06
752 Pubmed_A.txt 0.000785038 0.000781645 3.393e-06
753 Pubmed_A.txt 0.00077899 0.000776922 2.068e-06
754 Pubmed_A.txt 0.000789111 0.000787641 1.47e-06
755 Pubmed_A.txt 0.000785375 0.000783005 2.37e-06
756 Pubmed_A.txt 0.000800866 0.000793785 7.081e-06
757 Pubmed_A.txt 0.000793256 0.000789583 3.673e-06
758 Pubmed_A.txt 0.000788918 0.000785558 3.36e-06
759 Pubmed_A.txt 0.000784335 0.000779833 4.502e-06
760 Pubmed_A.txt 0.000789006 0.000784893 4.113e-06
761 Pubmed_A.txt 0.000784101 0.000780976 3.125e-06
762 Pubmed_A.txt 0.000790587 0.000787794 2.793e-06
763 Pubmed_A.txt 0.00078424 0.000781727 2.513e-06
764 Pubmed_A.txt 0.00079088 0.000786238 4.642e-06
765 Pubmed_A.txt 0.000785666 0.000782456 3.21e-06
766 Pubmed_A.txt 0.000793872 0.000788873 4.999e-06
767 Pubmed_A.txt 0.000829047 0.000782726 4.6321e-05
TACC:  Shutdown complete. Exiting. 
