TACC:  Starting up job 10024616 
TACC:  Starting parallel tasks... 
0 Cora_feat_L2.txt 0.000983932 0.00098295 9.82e-07
1 Cora_feat_L2.txt 0.00103682 0.00103575 1.065e-06
2 Cora_feat_L2.txt 0.00123866 0.00123777 8.88e-07
3 Cora_feat_L2.txt 0.00114344 0.00114253 9.16e-07
4 Cora_feat_L2.txt 0.00122215 0.00122126 8.87e-07
5 Cora_feat_L2.txt 0.00114906 0.00114808 9.88e-07
6 Cora_feat_L2.txt 0.00115922 0.00115838 8.48e-07
7 Cora_feat_L2.txt 0.00115751 0.00115649 1.02e-06
8 Cora_feat_L2.txt 0.0010944 0.00109352 8.78e-07
9 Cora_feat_L2.txt 0.00110944 0.00110836 1.074e-06
10 Cora_feat_L2.txt 0.00111288 0.00111203 8.5e-07
11 Cora_feat_L2.txt 0.00112064 0.00111982 8.21e-07
12 Cora_feat_L2.txt 0.00112062 0.00111974 8.74e-07
13 Cora_feat_L2.txt 0.00118745 0.00118653 9.12e-07
14 Cora_feat_L2.txt 0.00102796 0.00102706 8.96e-07
15 Cora_feat_L2.txt 0.00126284 0.0012618 1.034e-06
16 Cora_feat_L2.txt 0.00106107 0.00106016 9.08e-07
17 Cora_feat_L2.txt 0.00120713 0.00120611 1.016e-06
18 Cora_feat_L2.txt 0.00107412 0.00107317 9.55e-07
19 Cora_feat_L2.txt 0.00108155 0.00108064 9.06e-07
20 Cora_feat_L2.txt 0.00118067 0.00117978 8.85e-07
21 Cora_feat_L2.txt 0.0012695 0.00126863 8.74e-07
22 Cora_feat_L2.txt 0.00114563 0.00114477 8.58e-07
23 Cora_feat_L2.txt 0.00112813 0.00112732 8.04e-07
24 Cora_feat_L2.txt 0.00110578 0.00110492 8.67e-07
25 Cora_feat_L2.txt 0.00114328 0.00114223 1.047e-06
26 Cora_feat_L2.txt 0.00116352 0.00116269 8.3e-07
27 Cora_feat_L2.txt 0.00117004 0.00116898 1.055e-06
28 Cora_feat_L2.txt 0.00111964 0.00111871 9.37e-07
29 Cora_feat_L2.txt 0.00114441 0.00114346 9.54e-07
30 Cora_feat_L2.txt 0.00113429 0.00113334 9.48e-07
31 Cora_feat_L2.txt 0.00121474 0.0012137 1.034e-06
32 Cora_feat_L2.txt 0.001143 0.00114206 9.35e-07
33 Cora_feat_L2.txt 0.00118436 0.0011834 9.62e-07
34 Cora_feat_L2.txt 0.00118195 0.00118101 9.33e-07
35 Cora_feat_L2.txt 0.00116408 0.00116307 1.015e-06
36 Cora_feat_L2.txt 0.00119612 0.00119518 9.48e-07
37 Cora_feat_L2.txt 0.00127512 0.0012742 9.21e-07
38 Cora_feat_L2.txt 0.00122398 0.00122305 9.31e-07
39 Cora_feat_L2.txt 0.00119674 0.00119569 1.053e-06
40 Cora_feat_L2.txt 0.00116208 0.00116119 9e-07
41 Cora_feat_L2.txt 0.00112307 0.0011222 8.71e-07
42 Cora_feat_L2.txt 0.00118041 0.0011795 9.09e-07
43 Cora_feat_L2.txt 0.00113506 0.00113421 8.52e-07
44 Cora_feat_L2.txt 0.00125286 0.00125199 8.7e-07
45 Cora_feat_L2.txt 0.00127137 0.00127057 7.94e-07
46 Cora_feat_L2.txt 0.00119762 0.00119676 8.65e-07
47 Cora_feat_L2.txt 0.00116179 0.00116102 7.67e-07
48 Cora_feat_L2.txt 0.00104732 0.00104561 1.711e-06
49 Cora_feat_L2.txt 0.00110607 0.00110486 1.217e-06
50 Cora_feat_L2.txt 0.00101512 0.00101399 1.129e-06
51 Cora_feat_L2.txt 0.00116496 0.00116384 1.123e-06
52 Cora_feat_L2.txt 0.000965654 0.000964555 1.099e-06
53 Cora_feat_L2.txt 0.00109259 0.00109128 1.303e-06
54 Cora_feat_L2.txt 0.0011054 0.00110418 1.221e-06
55 Cora_feat_L2.txt 0.00124734 0.0012461 1.244e-06
56 Cora_feat_L2.txt 0.00106191 0.00106089 1.023e-06
57 Cora_feat_L2.txt 0.00118466 0.00118345 1.216e-06
58 Cora_feat_L2.txt 0.0010917 0.00109052 1.178e-06
59 Cora_feat_L2.txt 0.00108287 0.00108165 1.223e-06
60 Cora_feat_L2.txt 0.00113604 0.00113493 1.109e-06
61 Cora_feat_L2.txt 0.00118475 0.00118347 1.284e-06
62 Cora_feat_L2.txt 0.00112713 0.00112608 1.046e-06
63 Cora_feat_L2.txt 0.00123647 0.00123539 1.076e-06
64 Cora_feat_L2.txt 0.00117461 0.00117325 1.364e-06
65 Cora_feat_L2.txt 0.0012594 0.00125818 1.219e-06
66 Cora_feat_L2.txt 0.00121057 0.00120944 1.129e-06
67 Cora_feat_L2.txt 0.00108367 0.00108262 1.052e-06
68 Cora_feat_L2.txt 0.00119435 0.00119325 1.103e-06
69 Cora_feat_L2.txt 0.00124209 0.00124098 1.113e-06
70 Cora_feat_L2.txt 0.00109039 0.00108929 1.107e-06
71 Cora_feat_L2.txt 0.00101258 0.00101136 1.211e-06
72 Cora_feat_L2.txt 0.0011124 0.00111131 1.089e-06
73 Cora_feat_L2.txt 0.0011827 0.0011815 1.2e-06
74 Cora_feat_L2.txt 0.00118634 0.00118522 1.128e-06
75 Cora_feat_L2.txt 0.0012631 0.00126194 1.154e-06
76 Cora_feat_L2.txt 0.00118267 0.0011816 1.07e-06
77 Cora_feat_L2.txt 0.00120874 0.00120775 9.89e-07
78 Cora_feat_L2.txt 0.00118866 0.00118759 1.066e-06
79 Cora_feat_L2.txt 0.00113216 0.00113095 1.205e-06
80 Cora_feat_L2.txt 0.00108057 0.00107894 1.627e-06
81 Cora_feat_L2.txt 0.0011462 0.00114507 1.131e-06
82 Cora_feat_L2.txt 0.0011405 0.00113942 1.083e-06
83 Cora_feat_L2.txt 0.00118684 0.0011857 1.146e-06
84 Cora_feat_L2.txt 0.0011365 0.00113528 1.219e-06
85 Cora_feat_L2.txt 0.00117017 0.00116902 1.15e-06
86 Cora_feat_L2.txt 0.00116059 0.0011593 1.29e-06
87 Cora_feat_L2.txt 0.00123392 0.0012328 1.116e-06
88 Cora_feat_L2.txt 0.00109696 0.00109588 1.08e-06
89 Cora_feat_L2.txt 0.0011965 0.00119532 1.182e-06
90 Cora_feat_L2.txt 0.00113862 0.00113752 1.096e-06
91 Cora_feat_L2.txt 0.00122837 0.0012211 7.271e-06
92 Cora_feat_L2.txt 0.00123929 0.00123812 1.168e-06
93 Cora_feat_L2.txt 0.00121778 0.00121668 1.102e-06
94 Cora_feat_L2.txt 0.00123811 0.00123699 1.123e-06
95 Cora_feat_L2.txt 0.00122327 0.00122201 1.263e-06
96 Cora_feat_L2.txt 0.000974831 0.000973877 9.54e-07
97 Cora_feat_L2.txt 0.00109386 0.00109288 9.79e-07
98 Cora_feat_L2.txt 0.00120859 0.00120764 9.51e-07
99 Cora_feat_L2.txt 0.00117676 0.00117576 9.99e-07
100 Cora_feat_L2.txt 0.000998069 0.00099718 8.89e-07
101 Cora_feat_L2.txt 0.00130516 0.00130421 9.48e-07
102 Cora_feat_L2.txt 0.00111042 0.00110946 9.57e-07
103 Cora_feat_L2.txt 0.00117962 0.00117879 8.35e-07
104 Cora_feat_L2.txt 0.00107033 0.00106944 8.95e-07
105 Cora_feat_L2.txt 0.00116016 0.00115916 1.003e-06
106 Cora_feat_L2.txt 0.00113075 0.00112978 9.66e-07
107 Cora_feat_L2.txt 0.00102594 0.00102501 9.23e-07
108 Cora_feat_L2.txt 0.00122337 0.00122244 9.32e-07
109 Cora_feat_L2.txt 0.00116973 0.00116876 9.68e-07
110 Cora_feat_L2.txt 0.0011374 0.00113653 8.69e-07
111 Cora_feat_L2.txt 0.00106778 0.00106677 1.017e-06
112 Cora_feat_L2.txt 0.00116402 0.00116305 9.71e-07
113 Cora_feat_L2.txt 0.00110209 0.00110099 1.104e-06
114 Cora_feat_L2.txt 0.00118811 0.00118717 9.42e-07
115 Cora_feat_L2.txt 0.00104465 0.00104365 1.006e-06
116 Cora_feat_L2.txt 0.00104212 0.00104123 8.93e-07
117 Cora_feat_L2.txt 0.00115453 0.00115363 9.02e-07
118 Cora_feat_L2.txt 0.00113363 0.00113274 8.82e-07
119 Cora_feat_L2.txt 0.00116385 0.00116284 1.016e-06
120 Cora_feat_L2.txt 0.00118313 0.0011822 9.31e-07
121 Cora_feat_L2.txt 0.00111877 0.00111781 9.58e-07
122 Cora_feat_L2.txt 0.00120728 0.00120633 9.59e-07
123 Cora_feat_L2.txt 0.00115904 0.0011581 9.34e-07
124 Cora_feat_L2.txt 0.00115112 0.00115014 9.78e-07
125 Cora_feat_L2.txt 0.00111641 0.00111542 9.98e-07
126 Cora_feat_L2.txt 0.00125736 0.00125641 9.53e-07
127 Cora_feat_L2.txt 0.00120698 0.00120617 8.13e-07
128 Cora_feat_L2.txt 0.0011875 0.00118661 8.85e-07
129 Cora_feat_L2.txt 0.00107047 0.00106943 1.047e-06
130 Cora_feat_L2.txt 0.00115408 0.00115306 1.026e-06
131 Cora_feat_L2.txt 0.00113415 0.00113312 1.028e-06
132 Cora_feat_L2.txt 0.00115387 0.00115297 8.98e-07
133 Cora_feat_L2.txt 0.00124826 0.00124728 9.85e-07
134 Cora_feat_L2.txt 0.00110454 0.00110368 8.63e-07
135 Cora_feat_L2.txt 0.00122155 0.00122061 9.39e-07
136 Cora_feat_L2.txt 0.00117413 0.00117317 9.6e-07
137 Cora_feat_L2.txt 0.00123696 0.00123604 9.17e-07
138 Cora_feat_L2.txt 0.00124518 0.0012442 9.8e-07
139 Cora_feat_L2.txt 0.00116868 0.00116764 1.033e-06
140 Cora_feat_L2.txt 0.00117791 0.00117704 8.73e-07
141 Cora_feat_L2.txt 0.00127829 0.00127726 1.028e-06
142 Cora_feat_L2.txt 0.00110748 0.00110658 8.96e-07
143 Cora_feat_L2.txt 0.00113721 0.00113616 1.05e-06
144 Cora_feat_L2.txt 0.00103734 0.00103637 9.72e-07
145 Cora_feat_L2.txt 0.00102934 0.00102826 1.073e-06
146 Cora_feat_L2.txt 0.0010601 0.00105917 9.26e-07
147 Cora_feat_L2.txt 0.00118414 0.00118306 1.077e-06
148 Cora_feat_L2.txt 0.00110345 0.00110247 9.79e-07
149 Cora_feat_L2.txt 0.00116613 0.00116503 1.096e-06
150 Cora_feat_L2.txt 0.00115187 0.00115095 9.18e-07
151 Cora_feat_L2.txt 0.00114594 0.00114501 9.26e-07
152 Cora_feat_L2.txt 0.00114846 0.0011476 8.61e-07
153 Cora_feat_L2.txt 0.00115746 0.00115638 1.083e-06
154 Cora_feat_L2.txt 0.00126174 0.00126079 9.47e-07
155 Cora_feat_L2.txt 0.00117314 0.00117211 1.037e-06
156 Cora_feat_L2.txt 0.00111468 0.00111363 1.05e-06
157 Cora_feat_L2.txt 0.00116809 0.00116714 9.5e-07
158 Cora_feat_L2.txt 0.00120535 0.00120431 1.042e-06
159 Cora_feat_L2.txt 0.00113925 0.00113815 1.099e-06
160 Cora_feat_L2.txt 0.00102329 0.00102235 9.35e-07
161 Cora_feat_L2.txt 0.00104627 0.00104527 1.006e-06
162 Cora_feat_L2.txt 0.00113595 0.00113506 8.86e-07
163 Cora_feat_L2.txt 0.00115237 0.00115151 8.58e-07
164 Cora_feat_L2.txt 0.00113851 0.0011374 1.119e-06
165 Cora_feat_L2.txt 0.00117985 0.00117894 9.07e-07
166 Cora_feat_L2.txt 0.00107341 0.00107248 9.26e-07
167 Cora_feat_L2.txt 0.00119415 0.00119327 8.79e-07
168 Cora_feat_L2.txt 0.00109684 0.00109588 9.64e-07
169 Cora_feat_L2.txt 0.00115095 0.00114992 1.02e-06
170 Cora_feat_L2.txt 0.00118942 0.00118851 9.08e-07
171 Cora_feat_L2.txt 0.00123337 0.00123245 9.14e-07
172 Cora_feat_L2.txt 0.00112283 0.00112198 8.47e-07
173 Cora_feat_L2.txt 0.00118177 0.00118073 1.046e-06
174 Cora_feat_L2.txt 0.0010532 0.00105228 9.19e-07
175 Cora_feat_L2.txt 0.00120653 0.00120553 9.96e-07
176 Cora_feat_L2.txt 0.00122003 0.00121904 9.84e-07
177 Cora_feat_L2.txt 0.00115077 0.00114977 9.94e-07
178 Cora_feat_L2.txt 0.0010725 0.00107159 9.05e-07
179 Cora_feat_L2.txt 0.00111915 0.00111827 8.8e-07
180 Cora_feat_L2.txt 0.00111928 0.00111844 8.44e-07
181 Cora_feat_L2.txt 0.00129828 0.00129735 9.3e-07
182 Cora_feat_L2.txt 0.00111499 0.00111409 8.98e-07
183 Cora_feat_L2.txt 0.00118804 0.00118696 1.079e-06
184 Cora_feat_L2.txt 0.00111865 0.00111774 9.09e-07
185 Cora_feat_L2.txt 0.00109246 0.00109139 1.076e-06
186 Cora_feat_L2.txt 0.00112939 0.00112849 9.01e-07
187 Cora_feat_L2.txt 0.00125403 0.00125309 9.41e-07
188 Cora_feat_L2.txt 0.00121373 0.00121279 9.45e-07
189 Cora_feat_L2.txt 0.00112131 0.00112039 9.23e-07
190 Cora_feat_L2.txt 0.00115402 0.00115304 9.83e-07
191 Cora_feat_L2.txt 0.00116486 0.00116402 8.31e-07
192 Cora_feat_L2.txt 0.00111011 0.00110901 1.096e-06
193 Cora_feat_L2.txt 0.0010863 0.00108532 9.86e-07
194 Cora_feat_L2.txt 0.00114061 0.00113967 9.39e-07
195 Cora_feat_L2.txt 0.00113391 0.00113293 9.8e-07
196 Cora_feat_L2.txt 0.00125082 0.00124991 9.06e-07
197 Cora_feat_L2.txt 0.00106868 0.0010677 9.76e-07
198 Cora_feat_L2.txt 0.00131091 0.00131001 9e-07
199 Cora_feat_L2.txt 0.00105644 0.00105544 9.96e-07
200 Cora_feat_L2.txt 0.000929533 0.000928516 1.017e-06
201 Cora_feat_L2.txt 0.00120293 0.00120198 9.51e-07
202 Cora_feat_L2.txt 0.00106777 0.00106682 9.48e-07
203 Cora_feat_L2.txt 0.00102067 0.00101965 1.018e-06
204 Cora_feat_L2.txt 0.00108091 0.00108008 8.22e-07
205 Cora_feat_L2.txt 0.00105593 0.00105497 9.65e-07
206 Cora_feat_L2.txt 0.00101696 0.00101593 1.034e-06
207 Cora_feat_L2.txt 0.00105207 0.00105101 1.055e-06
208 Cora_feat_L2.txt 0.00108868 0.00108781 8.69e-07
209 Cora_feat_L2.txt 0.00122936 0.00122827 1.083e-06
210 Cora_feat_L2.txt 0.00124933 0.00124842 9.06e-07
211 Cora_feat_L2.txt 0.00105151 0.00105046 1.052e-06
212 Cora_feat_L2.txt 0.00107018 0.00106918 1.004e-06
213 Cora_feat_L2.txt 0.00108723 0.00108621 1.019e-06
214 Cora_feat_L2.txt 0.00118586 0.00118492 9.43e-07
215 Cora_feat_L2.txt 0.00123272 0.00123183 8.92e-07
216 Cora_feat_L2.txt 0.00109979 0.00109885 9.46e-07
217 Cora_feat_L2.txt 0.00109932 0.00109828 1.035e-06
218 Cora_feat_L2.txt 0.00117676 0.0011758 9.58e-07
219 Cora_feat_L2.txt 0.00106317 0.00106219 9.78e-07
220 Cora_feat_L2.txt 0.001131 0.00113004 9.56e-07
221 Cora_feat_L2.txt 0.00114622 0.00114516 1.066e-06
222 Cora_feat_L2.txt 0.00112972 0.00112873 9.91e-07
223 Cora_feat_L2.txt 0.00111373 0.00111268 1.043e-06
224 Cora_feat_L2.txt 0.00106863 0.00106733 1.297e-06
225 Cora_feat_L2.txt 0.00110505 0.00110399 1.063e-06
226 Cora_feat_L2.txt 0.00109082 0.00108983 9.86e-07
227 Cora_feat_L2.txt 0.00121235 0.0012114 9.5e-07
228 Cora_feat_L2.txt 0.00119651 0.00119545 1.066e-06
229 Cora_feat_L2.txt 0.00115015 0.00114926 8.85e-07
230 Cora_feat_L2.txt 0.0011915 0.00119057 9.31e-07
231 Cora_feat_L2.txt 0.00109787 0.00109693 9.41e-07
232 Cora_feat_L2.txt 0.00117761 0.00117669 9.19e-07
233 Cora_feat_L2.txt 0.00123412 0.00123308 1.035e-06
234 Cora_feat_L2.txt 0.00111096 0.00111 9.64e-07
235 Cora_feat_L2.txt 0.00111867 0.00111757 1.1e-06
236 Cora_feat_L2.txt 0.00117325 0.00117227 9.79e-07
237 Cora_feat_L2.txt 0.00114294 0.00114199 9.51e-07
238 Cora_feat_L2.txt 0.00109791 0.00109699 9.22e-07
239 Cora_feat_L2.txt 0.00101869 0.00101769 1.002e-06
240 Cora_feat_L2.txt 0.000994602 0.00099359 1.012e-06
241 Cora_feat_L2.txt 0.00114034 0.00113942 9.2e-07
242 Cora_feat_L2.txt 0.00115334 0.00115243 9.07e-07
243 Cora_feat_L2.txt 0.001047 0.00104599 1.009e-06
244 Cora_feat_L2.txt 0.001002 0.00100107 9.3e-07
245 Cora_feat_L2.txt 0.00117847 0.00117739 1.076e-06
246 Cora_feat_L2.txt 0.00118133 0.00118038 9.48e-07
247 Cora_feat_L2.txt 0.00119938 0.00119843 9.51e-07
248 Cora_feat_L2.txt 0.0011755 0.00117462 8.84e-07
249 Cora_feat_L2.txt 0.000981762 0.000980857 9.05e-07
250 Cora_feat_L2.txt 0.00113623 0.00113534 8.92e-07
251 Cora_feat_L2.txt 0.00114839 0.00114743 9.59e-07
252 Cora_feat_L2.txt 0.00114307 0.0011422 8.7e-07
253 Cora_feat_L2.txt 0.00114508 0.00114412 9.57e-07
254 Cora_feat_L2.txt 0.00127631 0.0012754 9.15e-07
255 Cora_feat_L2.txt 0.00121464 0.00121365 9.81e-07
256 Cora_feat_L2.txt 0.00114275 0.00114181 9.38e-07
257 Cora_feat_L2.txt 0.00112631 0.00112537 9.44e-07
258 Cora_feat_L2.txt 0.00107998 0.00107897 1.016e-06
259 Cora_feat_L2.txt 0.00113645 0.00113554 9.16e-07
260 Cora_feat_L2.txt 0.001109 0.00110804 9.53e-07
261 Cora_feat_L2.txt 0.00108762 0.00108661 1.012e-06
262 Cora_feat_L2.txt 0.00120641 0.00120542 9.9e-07
263 Cora_feat_L2.txt 0.00115627 0.00115535 9.15e-07
264 Cora_feat_L2.txt 0.00110327 0.00110229 9.86e-07
265 Cora_feat_L2.txt 0.00120547 0.00120446 1.007e-06
266 Cora_feat_L2.txt 0.00119362 0.00119274 8.84e-07
267 Cora_feat_L2.txt 0.00113029 0.00112934 9.51e-07
268 Cora_feat_L2.txt 0.00111625 0.00111533 9.17e-07
269 Cora_feat_L2.txt 0.00110709 0.00110616 9.32e-07
270 Cora_feat_L2.txt 0.0011875 0.00118663 8.63e-07
271 Cora_feat_L2.txt 0.00112105 0.00112002 1.025e-06
272 Cora_feat_L2.txt 0.00110723 0.00110631 9.24e-07
273 Cora_feat_L2.txt 0.00111414 0.00111317 9.7e-07
274 Cora_feat_L2.txt 0.00113351 0.0011326 9.1e-07
275 Cora_feat_L2.txt 0.00106802 0.00106717 8.44e-07
276 Cora_feat_L2.txt 0.00109526 0.00109432 9.44e-07
277 Cora_feat_L2.txt 0.00113258 0.00113162 9.57e-07
278 Cora_feat_L2.txt 0.00118185 0.00118084 1.009e-06
279 Cora_feat_L2.txt 0.00123286 0.00123199 8.71e-07
280 Cora_feat_L2.txt 0.00116121 0.00116029 9.24e-07
281 Cora_feat_L2.txt 0.0011826 0.00118172 8.79e-07
282 Cora_feat_L2.txt 0.00108595 0.00108503 9.2e-07
283 Cora_feat_L2.txt 0.00113116 0.0011302 9.58e-07
284 Cora_feat_L2.txt 0.00108409 0.0010832 8.92e-07
285 Cora_feat_L2.txt 0.00108421 0.00108325 9.61e-07
286 Cora_feat_L2.txt 0.00108313 0.00108224 8.86e-07
287 Cora_feat_L2.txt 0.00108599 0.00108512 8.7e-07
288 Cora_feat_L2.txt 0.00107203 0.00107099 1.037e-06
289 Cora_feat_L2.txt 0.00121583 0.00121489 9.39e-07
290 Cora_feat_L2.txt 0.00118896 0.00118803 9.24e-07
291 Cora_feat_L2.txt 0.00117271 0.00117159 1.116e-06
292 Cora_feat_L2.txt 0.00108039 0.00107947 9.14e-07
293 Cora_feat_L2.txt 0.00119844 0.00119732 1.116e-06
294 Cora_feat_L2.txt 0.0011602 0.00115925 9.49e-07
295 Cora_feat_L2.txt 0.0012544 0.00125344 9.55e-07
296 Cora_feat_L2.txt 0.001163 0.00116193 1.072e-06
297 Cora_feat_L2.txt 0.00120189 0.00120093 9.56e-07
298 Cora_feat_L2.txt 0.00125132 0.00125036 9.67e-07
299 Cora_feat_L2.txt 0.0012042 0.0012031 1.098e-06
300 Cora_feat_L2.txt 0.001189 0.00118807 9.33e-07
301 Cora_feat_L2.txt 0.0012173 0.00121623 1.072e-06
302 Cora_feat_L2.txt 0.00119991 0.00119898 9.32e-07
303 Cora_feat_L2.txt 0.00122652 0.00122545 1.076e-06
304 Cora_feat_L2.txt 0.00107613 0.00107521 9.19e-07
305 Cora_feat_L2.txt 0.00118393 0.00118296 9.64e-07
306 Cora_feat_L2.txt 0.00115826 0.00115736 9e-07
307 Cora_feat_L2.txt 0.00118367 0.00118272 9.55e-07
308 Cora_feat_L2.txt 0.00118947 0.00118852 9.48e-07
309 Cora_feat_L2.txt 0.00126269 0.00126175 9.4e-07
310 Cora_feat_L2.txt 0.00120241 0.00120148 9.28e-07
311 Cora_feat_L2.txt 0.00116917 0.00116831 8.6e-07
312 Cora_feat_L2.txt 0.00111868 0.00111779 8.95e-07
313 Cora_feat_L2.txt 0.00124364 0.00124268 9.65e-07
314 Cora_feat_L2.txt 0.00120704 0.00120609 9.52e-07
315 Cora_feat_L2.txt 0.00118079 0.00117964 1.149e-06
316 Cora_feat_L2.txt 0.00110663 0.00110564 9.89e-07
317 Cora_feat_L2.txt 0.00113911 0.00113797 1.136e-06
318 Cora_feat_L2.txt 0.00129221 0.00129119 1.017e-06
319 Cora_feat_L2.txt 0.00106268 0.00106158 1.096e-06
320 Cora_feat_L2.txt 0.00106569 0.00106478 9.18e-07
321 Cora_feat_L2.txt 0.00120388 0.00120305 8.32e-07
322 Cora_feat_L2.txt 0.00112271 0.0011218 9.14e-07
323 Cora_feat_L2.txt 0.00115154 0.00115058 9.53e-07
324 Cora_feat_L2.txt 0.00115868 0.00115777 9.07e-07
325 Cora_feat_L2.txt 0.00118866 0.00118753 1.131e-06
326 Cora_feat_L2.txt 0.00107665 0.00107567 9.84e-07
327 Cora_feat_L2.txt 0.00123227 0.00123122 1.05e-06
328 Cora_feat_L2.txt 0.0011515 0.00115045 1.047e-06
329 Cora_feat_L2.txt 0.00112933 0.00112841 9.22e-07
330 Cora_feat_L2.txt 0.00117719 0.00117631 8.86e-07
331 Cora_feat_L2.txt 0.00103931 0.00103843 8.87e-07
332 Cora_feat_L2.txt 0.00118834 0.00118741 9.36e-07
333 Cora_feat_L2.txt 0.0011501 0.00114918 9.19e-07
334 Cora_feat_L2.txt 0.00121291 0.00121188 1.035e-06
335 Cora_feat_L2.txt 0.00110889 0.00110802 8.71e-07
336 Cora_feat_L2.txt 0.000935149 0.000934042 1.107e-06
337 Cora_feat_L2.txt 0.000902988 0.000901981 1.007e-06
338 Cora_feat_L2.txt 0.00119749 0.00119656 9.29e-07
339 Cora_feat_L2.txt 0.00102286 0.00102179 1.077e-06
340 Cora_feat_L2.txt 0.00119409 0.00119315 9.31e-07
341 Cora_feat_L2.txt 0.00124078 0.00123976 1.021e-06
342 Cora_feat_L2.txt 0.00113027 0.00112937 9e-07
343 Cora_feat_L2.txt 0.00112296 0.00112187 1.098e-06
344 Cora_feat_L2.txt 0.00102123 0.00102035 8.87e-07
345 Cora_feat_L2.txt 0.00101104 0.00100999 1.048e-06
346 Cora_feat_L2.txt 0.00119273 0.00119182 9.09e-07
347 Cora_feat_L2.txt 0.0011926 0.00119156 1.036e-06
348 Cora_feat_L2.txt 0.00125024 0.00124937 8.66e-07
349 Cora_feat_L2.txt 0.00109396 0.00108431 9.65e-06
350 Cora_feat_L2.txt 0.00113576 0.00113483 9.35e-07
351 Cora_feat_L2.txt 0.00105622 0.00105515 1.073e-06
352 Cora_feat_L2.txt 0.00100413 0.00100322 9.12e-07
353 Cora_feat_L2.txt 0.00114297 0.00114197 9.99e-07
354 Cora_feat_L2.txt 0.00115546 0.00115454 9.2e-07
355 Cora_feat_L2.txt 0.00100731 0.00100629 1.021e-06
356 Cora_feat_L2.txt 0.00115781 0.0011568 1.011e-06
357 Cora_feat_L2.txt 0.00121899 0.00121791 1.075e-06
358 Cora_feat_L2.txt 0.00125116 0.00125022 9.37e-07
359 Cora_feat_L2.txt 0.00116999 0.00116895 1.038e-06
360 Cora_feat_L2.txt 0.00109128 0.00109039 8.91e-07
361 Cora_feat_L2.txt 0.00103691 0.00103593 9.82e-07
362 Cora_feat_L2.txt 0.00117729 0.00117636 9.33e-07
363 Cora_feat_L2.txt 0.00122129 0.00122021 1.08e-06
364 Cora_feat_L2.txt 0.00114868 0.00114775 9.35e-07
365 Cora_feat_L2.txt 0.0010689 0.00106785 1.055e-06
366 Cora_feat_L2.txt 0.00117917 0.00117824 9.36e-07
367 Cora_feat_L2.txt 0.00103391 0.00103294 9.64e-07
368 Cora_feat_L2.txt 0.000978066 0.00097719 8.76e-07
369 Cora_feat_L2.txt 0.00108158 0.00108049 1.092e-06
370 Cora_feat_L2.txt 0.00106927 0.00106834 9.26e-07
371 Cora_feat_L2.txt 0.00116626 0.00116519 1.075e-06
372 Cora_feat_L2.txt 0.00103699 0.00103605 9.39e-07
373 Cora_feat_L2.txt 0.0010545 0.00105342 1.074e-06
374 Cora_feat_L2.txt 0.00110669 0.00110569 1.009e-06
375 Cora_feat_L2.txt 0.001163 0.00116206 9.46e-07
376 Cora_feat_L2.txt 0.00110043 0.00109953 9.06e-07
377 Cora_feat_L2.txt 0.00107421 0.00107313 1.086e-06
378 Cora_feat_L2.txt 0.000969553 0.00096858 9.73e-07
379 Cora_feat_L2.txt 0.00111841 0.00111731 1.1e-06
380 Cora_feat_L2.txt 0.00117212 0.00117123 8.92e-07
381 Cora_feat_L2.txt 0.00121778 0.0012167 1.077e-06
382 Cora_feat_L2.txt 0.00101795 0.00101705 8.98e-07
383 Cora_feat_L2.txt 0.00101242 0.00101139 1.031e-06
384 Cora_feat_L2.txt 0.00100993 0.00100879 1.148e-06
385 Cora_feat_L2.txt 0.00106543 0.00106457 8.66e-07
386 Cora_feat_L2.txt 0.00127356 0.00127261 9.57e-07
387 Cora_feat_L2.txt 0.00111861 0.00111777 8.42e-07
388 Cora_feat_L2.txt 0.00114317 0.00114227 9.04e-07
389 Cora_feat_L2.txt 0.00113831 0.00113729 1.022e-06
390 Cora_feat_L2.txt 0.00121405 0.00121309 9.61e-07
391 Cora_feat_L2.txt 0.00117484 0.00117384 1.006e-06
392 Cora_feat_L2.txt 0.00108774 0.00108679 9.53e-07
393 Cora_feat_L2.txt 0.00115798 0.00115705 9.22e-07
394 Cora_feat_L2.txt 0.00113541 0.00113443 9.78e-07
395 Cora_feat_L2.txt 0.00107212 0.00107123 8.95e-07
396 Cora_feat_L2.txt 0.00106607 0.00106515 9.11e-07
397 Cora_feat_L2.txt 0.00112434 0.00112327 1.068e-06
398 Cora_feat_L2.txt 0.00115762 0.00115669 9.37e-07
399 Cora_feat_L2.txt 0.00113106 0.00113004 1.024e-06
400 Cora_feat_L2.txt 0.00106258 0.00106176 8.2e-07
401 Cora_feat_L2.txt 0.00110057 0.00109958 9.97e-07
402 Cora_feat_L2.txt 0.00112769 0.00112684 8.51e-07
403 Cora_feat_L2.txt 0.00117116 0.00117005 1.107e-06
404 Cora_feat_L2.txt 0.00105838 0.00105742 9.62e-07
405 Cora_feat_L2.txt 0.0012397 0.00123866 1.038e-06
406 Cora_feat_L2.txt 0.00104728 0.00104631 9.67e-07
407 Cora_feat_L2.txt 0.00116503 0.00116402 1.007e-06
408 Cora_feat_L2.txt 0.00110072 0.00109978 9.44e-07
409 Cora_feat_L2.txt 0.00111106 0.00111013 9.33e-07
410 Cora_feat_L2.txt 0.00106183 0.00106099 8.39e-07
411 Cora_feat_L2.txt 0.00113957 0.0011386 9.62e-07
412 Cora_feat_L2.txt 0.00113387 0.00113299 8.84e-07
413 Cora_feat_L2.txt 0.00105962 0.00105878 8.42e-07
414 Cora_feat_L2.txt 0.0010494 0.00104852 8.84e-07
415 Cora_feat_L2.txt 0.00117458 0.00117376 8.29e-07
416 Cora_feat_L2.txt 0.00100355 0.00100253 1.021e-06
417 Cora_feat_L2.txt 0.00100403 0.00100302 1.016e-06
418 Cora_feat_L2.txt 0.00119581 0.00119489 9.19e-07
419 Cora_feat_L2.txt 0.00117156 0.00117061 9.54e-07
420 Cora_feat_L2.txt 0.00108301 0.00108204 9.73e-07
421 Cora_feat_L2.txt 0.00115766 0.00115675 9.12e-07
422 Cora_feat_L2.txt 0.00124158 0.00124064 9.43e-07
423 Cora_feat_L2.txt 0.00111244 0.00111151 9.29e-07
424 Cora_feat_L2.txt 0.00126263 0.00126165 9.79e-07
425 Cora_feat_L2.txt 0.00113713 0.00113599 1.139e-06
426 Cora_feat_L2.txt 0.00104882 0.00104791 9.03e-07
427 Cora_feat_L2.txt 0.00105567 0.00105461 1.06e-06
428 Cora_feat_L2.txt 0.000962273 0.000961359 9.14e-07
429 Cora_feat_L2.txt 0.00103641 0.00103527 1.14e-06
430 Cora_feat_L2.txt 0.00109466 0.00109382 8.44e-07
431 Cora_feat_L2.txt 0.000970314 0.000969449 8.65e-07
432 Cora_feat_L2.txt 0.00101267 0.0010117 9.66e-07
433 Cora_feat_L2.txt 0.00116613 0.0011651 1.029e-06
434 Cora_feat_L2.txt 0.00112078 0.00111986 9.27e-07
435 Cora_feat_L2.txt 0.00118681 0.00118585 9.62e-07
436 Cora_feat_L2.txt 0.00106664 0.00106568 9.63e-07
437 Cora_feat_L2.txt 0.00118686 0.00118577 1.087e-06
438 Cora_feat_L2.txt 0.00120485 0.00120392 9.3e-07
439 Cora_feat_L2.txt 0.00124108 0.00123998 1.094e-06
440 Cora_feat_L2.txt 0.0010898 0.00108881 9.85e-07
441 Cora_feat_L2.txt 0.0011044 0.00110334 1.063e-06
442 Cora_feat_L2.txt 0.00117535 0.0011744 9.49e-07
443 Cora_feat_L2.txt 0.00115979 0.00115871 1.088e-06
444 Cora_feat_L2.txt 0.00111055 0.0011097 8.49e-07
445 Cora_feat_L2.txt 0.00115082 0.00114979 1.03e-06
446 Cora_feat_L2.txt 0.00123085 0.00122983 1.016e-06
447 Cora_feat_L2.txt 0.0011583 0.00115729 1.012e-06
448 Cora_feat_L2.txt 0.00114238 0.00114145 9.34e-07
449 Cora_feat_L2.txt 0.00122659 0.0012257 8.97e-07
450 Cora_feat_L2.txt 0.00118137 0.00118042 9.55e-07
451 Cora_feat_L2.txt 0.00123182 0.00123096 8.61e-07
452 Cora_feat_L2.txt 0.00124275 0.00124183 9.21e-07
453 Cora_feat_L2.txt 0.0011326 0.00113159 1.007e-06
454 Cora_feat_L2.txt 0.0011846 0.00118354 1.06e-06
455 Cora_feat_L2.txt 0.0011596 0.00115861 9.91e-07
456 Cora_feat_L2.txt 0.00107327 0.00107231 9.56e-07
457 Cora_feat_L2.txt 0.00122225 0.00122132 9.31e-07
458 Cora_feat_L2.txt 0.0011594 0.0011585 9.08e-07
459 Cora_feat_L2.txt 0.00126593 0.00126504 8.92e-07
460 Cora_feat_L2.txt 0.00103588 0.00103499 8.93e-07
461 Cora_feat_L2.txt 0.0011784 0.00117738 1.022e-06
462 Cora_feat_L2.txt 0.00103954 0.00103858 9.64e-07
463 Cora_feat_L2.txt 0.00119615 0.00119506 1.082e-06
464 Cora_feat_L2.txt 0.00116199 0.00116106 9.28e-07
465 Cora_feat_L2.txt 0.00110444 0.00110353 9.11e-07
466 Cora_feat_L2.txt 0.00122008 0.00121919 8.82e-07
467 Cora_feat_L2.txt 0.00121124 0.00121033 9.08e-07
468 Cora_feat_L2.txt 0.00117799 0.00117696 1.036e-06
469 Cora_feat_L2.txt 0.00112753 0.00112661 9.26e-07
470 Cora_feat_L2.txt 0.00122286 0.00122185 1.012e-06
471 Cora_feat_L2.txt 0.00114114 0.00114012 1.02e-06
472 Cora_feat_L2.txt 0.00122635 0.00122547 8.76e-07
473 Cora_feat_L2.txt 0.00119304 0.00119206 9.78e-07
474 Cora_feat_L2.txt 0.00112063 0.00111978 8.53e-07
475 Cora_feat_L2.txt 0.00120039 0.00119955 8.42e-07
476 Cora_feat_L2.txt 0.00119659 0.00119566 9.36e-07
477 Cora_feat_L2.txt 0.00114847 0.00114745 1.018e-06
478 Cora_feat_L2.txt 0.00125965 0.00125873 9.14e-07
479 Cora_feat_L2.txt 0.00112928 0.00112829 9.88e-07
480 Cora_feat_L2.txt 0.00104464 0.00104361 1.03e-06
481 Cora_feat_L2.txt 0.00113924 0.00113827 9.72e-07
482 Cora_feat_L2.txt 0.00114056 0.00113956 9.91e-07
483 Cora_feat_L2.txt 0.00117525 0.00117425 9.97e-07
484 Cora_feat_L2.txt 0.00109351 0.00109261 8.92e-07
485 Cora_feat_L2.txt 0.00108119 0.00108017 1.022e-06
486 Cora_feat_L2.txt 0.00129115 0.00129026 8.91e-07
487 Cora_feat_L2.txt 0.0011644 0.00116343 9.69e-07
488 Cora_feat_L2.txt 0.00116811 0.00116721 9.02e-07
489 Cora_feat_L2.txt 0.00114159 0.00114057 1.016e-06
490 Cora_feat_L2.txt 0.00110266 0.00110177 8.91e-07
491 Cora_feat_L2.txt 0.0011742 0.0011732 1.002e-06
492 Cora_feat_L2.txt 0.00108461 0.00108372 8.89e-07
493 Cora_feat_L2.txt 0.00113444 0.00113349 9.46e-07
494 Cora_feat_L2.txt 0.00118189 0.00118101 8.81e-07
495 Cora_feat_L2.txt 0.00126283 0.0012618 1.026e-06
496 Cora_feat_L2.txt 0.00113273 0.00113179 9.39e-07
497 Cora_feat_L2.txt 0.0011047 0.00110371 9.9e-07
498 Cora_feat_L2.txt 0.00119108 0.00119013 9.51e-07
499 Cora_feat_L2.txt 0.00113435 0.00113327 1.072e-06
500 Cora_feat_L2.txt 0.00115602 0.00115513 8.87e-07
501 Cora_feat_L2.txt 0.00120903 0.00120804 9.83e-07
502 Cora_feat_L2.txt 0.00113624 0.00113538 8.61e-07
503 Cora_feat_L2.txt 0.00116447 0.00116346 1.012e-06
504 Cora_feat_L2.txt 0.00113684 0.00113585 9.87e-07
505 Cora_feat_L2.txt 0.00111627 0.00111531 9.62e-07
506 Cora_feat_L2.txt 0.00113953 0.00113864 8.89e-07
507 Cora_feat_L2.txt 0.00110714 0.00110617 9.7e-07
508 Cora_feat_L2.txt 0.00114983 0.00114887 9.63e-07
509 Cora_feat_L2.txt 0.00110278 0.00110188 8.99e-07
510 Cora_feat_L2.txt 0.00117494 0.00117397 9.69e-07
511 Cora_feat_L2.txt 0.00107464 0.00107375 8.89e-07
512 Cora_feat_L2.txt 0.001042 0.00104107 9.29e-07
513 Cora_feat_L2.txt 0.00114768 0.00114668 9.99e-07
514 Cora_feat_L2.txt 0.00112029 0.00111938 9.05e-07
515 Cora_feat_L2.txt 0.00110844 0.00110746 9.75e-07
516 Cora_feat_L2.txt 0.00113476 0.0011339 8.56e-07
517 Cora_feat_L2.txt 0.00122681 0.00122575 1.053e-06
518 Cora_feat_L2.txt 0.00122985 0.00122897 8.78e-07
519 Cora_feat_L2.txt 0.00115405 0.00115307 9.82e-07
520 Cora_feat_L2.txt 0.00114377 0.00114286 9.1e-07
521 Cora_feat_L2.txt 0.00115873 0.00115768 1.049e-06
522 Cora_feat_L2.txt 0.0011137 0.00111279 9.07e-07
523 Cora_feat_L2.txt 0.00111814 0.0011171 1.039e-06
524 Cora_feat_L2.txt 0.00115923 0.00115831 9.16e-07
525 Cora_feat_L2.txt 0.00113904 0.00113799 1.048e-06
526 Cora_feat_L2.txt 0.00108835 0.00108746 8.81e-07
527 Cora_feat_L2.txt 0.00114101 0.00114005 9.6e-07
528 Cora_feat_L2.txt 0.00100046 0.000999413 1.049e-06
529 Cora_feat_L2.txt 0.00101468 0.00101381 8.77e-07
530 Cora_feat_L2.txt 0.00118472 0.00118356 1.16e-06
531 Cora_feat_L2.txt 0.00116951 0.00116859 9.24e-07
532 Cora_feat_L2.txt 0.00114307 0.00114214 9.28e-07
533 Cora_feat_L2.txt 0.00121045 0.00120958 8.72e-07
534 Cora_feat_L2.txt 0.00120381 0.00120288 9.3e-07
535 Cora_feat_L2.txt 0.0011297 0.00112873 9.68e-07
536 Cora_feat_L2.txt 0.00107267 0.00107175 9.13e-07
537 Cora_feat_L2.txt 0.00112593 0.00112495 9.82e-07
538 Cora_feat_L2.txt 0.00115164 0.0011507 9.4e-07
539 Cora_feat_L2.txt 0.0011621 0.00116105 1.045e-06
540 Cora_feat_L2.txt 0.00113017 0.00112922 9.46e-07
541 Cora_feat_L2.txt 0.00117 0.00116898 1.024e-06
542 Cora_feat_L2.txt 0.00117262 0.00117169 9.37e-07
543 Cora_feat_L2.txt 0.00114915 0.00114807 1.084e-06
544 Cora_feat_L2.txt 0.00119463 0.00119359 1.043e-06
545 Cora_feat_L2.txt 0.00113806 0.00113698 1.078e-06
546 Cora_feat_L2.txt 0.00109681 0.0010959 9.15e-07
547 Cora_feat_L2.txt 0.00126207 0.00126119 8.76e-07
548 Cora_feat_L2.txt 0.00109679 0.00109587 9.18e-07
549 Cora_feat_L2.txt 0.00113101 0.00113004 9.74e-07
550 Cora_feat_L2.txt 0.0011404 0.00113937 1.031e-06
551 Cora_feat_L2.txt 0.00114803 0.001147 1.022e-06
552 Cora_feat_L2.txt 0.00118327 0.00118235 9.15e-07
553 Cora_feat_L2.txt 0.00110932 0.00110827 1.044e-06
554 Cora_feat_L2.txt 0.00118254 0.00118165 8.96e-07
555 Cora_feat_L2.txt 0.00123973 0.00123871 1.011e-06
556 Cora_feat_L2.txt 0.0011016 0.00110076 8.39e-07
557 Cora_feat_L2.txt 0.00116206 0.00116106 1.005e-06
558 Cora_feat_L2.txt 0.00116799 0.00116704 9.53e-07
559 Cora_feat_L2.txt 0.00115817 0.00115721 9.55e-07
560 Cora_feat_L2.txt 0.00112386 0.00112294 9.2e-07
561 Cora_feat_L2.txt 0.00118957 0.00118874 8.32e-07
562 Cora_feat_L2.txt 0.00106992 0.00106902 9.07e-07
563 Cora_feat_L2.txt 0.00117851 0.00117743 1.08e-06
564 Cora_feat_L2.txt 0.001155 0.00115409 9.13e-07
565 Cora_feat_L2.txt 0.00127142 0.00127035 1.071e-06
566 Cora_feat_L2.txt 0.00109974 0.00109871 1.026e-06
567 Cora_feat_L2.txt 0.0010249 0.00102399 9.04e-07
568 Cora_feat_L2.txt 0.00111807 0.00111714 9.31e-07
569 Cora_feat_L2.txt 0.00101933 0.00101838 9.56e-07
570 Cora_feat_L2.txt 0.0011074 0.00110647 9.32e-07
571 Cora_feat_L2.txt 0.00119409 0.00119307 1.02e-06
572 Cora_feat_L2.txt 0.00120796 0.00120702 9.41e-07
573 Cora_feat_L2.txt 0.00109009 0.00108918 9.09e-07
574 Cora_feat_L2.txt 0.00108099 0.00108008 9.15e-07
575 Cora_feat_L2.txt 0.00118786 0.0011869 9.56e-07
576 Cora_feat_L2.txt 0.00108243 0.00108143 1e-06
577 Cora_feat_L2.txt 0.0011385 0.00113744 1.061e-06
578 Cora_feat_L2.txt 0.00109588 0.00109495 9.35e-07
579 Cora_feat_L2.txt 0.00115888 0.00115786 1.019e-06
580 Cora_feat_L2.txt 0.000942557 0.000941638 9.19e-07
581 Cora_feat_L2.txt 0.00114917 0.00114821 9.61e-07
582 Cora_feat_L2.txt 0.00113732 0.00113642 8.99e-07
583 Cora_feat_L2.txt 0.00100745 0.00100641 1.036e-06
584 Cora_feat_L2.txt 0.000980022 0.000979201 8.21e-07
585 Cora_feat_L2.txt 0.00114985 0.00114888 9.72e-07
586 Cora_feat_L2.txt 0.00136632 0.00136549 8.32e-07
587 Cora_feat_L2.txt 0.000919632 0.000918595 1.037e-06
588 Cora_feat_L2.txt 0.00123171 0.00123076 9.48e-07
589 Cora_feat_L2.txt 0.0011403 0.00113943 8.65e-07
590 Cora_feat_L2.txt 0.00116429 0.00116333 9.64e-07
591 Cora_feat_L2.txt 0.000949558 0.000948544 1.014e-06
592 Cora_feat_L2.txt 0.00113058 0.00112967 9.12e-07
593 Cora_feat_L2.txt 0.000912649 0.000911666 9.83e-07
594 Cora_feat_L2.txt 0.00121099 0.00121006 9.24e-07
595 Cora_feat_L2.txt 0.00126561 0.0012647 9.02e-07
596 Cora_feat_L2.txt 0.00116219 0.00116124 9.53e-07
597 Cora_feat_L2.txt 0.00116146 0.00116043 1.031e-06
598 Cora_feat_L2.txt 0.00106447 0.00106355 9.18e-07
599 Cora_feat_L2.txt 0.00123919 0.00123815 1.046e-06
600 Cora_feat_L2.txt 0.00109737 0.00109647 9.07e-07
601 Cora_feat_L2.txt 0.00105438 0.00105347 9.04e-07
602 Cora_feat_L2.txt 0.00119229 0.00119133 9.57e-07
603 Cora_feat_L2.txt 0.00111459 0.00111369 9.01e-07
604 Cora_feat_L2.txt 0.00107714 0.00107621 9.31e-07
605 Cora_feat_L2.txt 0.00114138 0.00114035 1.027e-06
606 Cora_feat_L2.txt 0.00106642 0.00106547 9.47e-07
607 Cora_feat_L2.txt 0.00117332 0.00117236 9.6e-07
608 Cora_feat_L2.txt 0.00105511 0.00105423 8.76e-07
609 Cora_feat_L2.txt 0.00110799 0.00110703 9.56e-07
610 Cora_feat_L2.txt 0.000981283 0.000980384 8.99e-07
611 Cora_feat_L2.txt 0.00115549 0.00115447 1.015e-06
612 Cora_feat_L2.txt 0.00117165 0.00117074 9.02e-07
613 Cora_feat_L2.txt 0.00104005 0.00103901 1.038e-06
614 Cora_feat_L2.txt 0.00115529 0.00115441 8.85e-07
615 Cora_feat_L2.txt 0.00122952 0.00122855 9.72e-07
616 Cora_feat_L2.txt 0.00111962 0.00111878 8.38e-07
617 Cora_feat_L2.txt 0.00105684 0.00105592 9.21e-07
618 Cora_feat_L2.txt 0.00109271 0.00109178 9.31e-07
619 Cora_feat_L2.txt 0.00126249 0.00126146 1.024e-06
620 Cora_feat_L2.txt 0.00105628 0.00105538 9.05e-07
621 Cora_feat_L2.txt 0.00123156 0.00123067 8.9e-07
622 Cora_feat_L2.txt 0.00113094 0.00113002 9.18e-07
623 Cora_feat_L2.txt 0.00131033 0.00130937 9.6e-07
624 Cora_feat_L2.txt 0.000999531 0.00099852 1.011e-06
625 Cora_feat_L2.txt 0.00127483 0.00127389 9.35e-07
626 Cora_feat_L2.txt 0.00109306 0.00109215 9.07e-07
627 Cora_feat_L2.txt 0.00113735 0.00113642 9.3e-07
628 Cora_feat_L2.txt 0.0010494 0.00104849 9.06e-07
629 Cora_feat_L2.txt 0.0010847 0.00108378 9.23e-07
630 Cora_feat_L2.txt 0.0011855 0.0011846 8.96e-07
631 Cora_feat_L2.txt 0.00103602 0.00103507 9.45e-07
632 Cora_feat_L2.txt 0.00110822 0.00110733 8.95e-07
633 Cora_feat_L2.txt 0.00107772 0.00107684 8.79e-07
634 Cora_feat_L2.txt 0.0010748 0.00107384 9.63e-07
635 Cora_feat_L2.txt 0.00114113 0.00114019 9.32e-07
636 Cora_feat_L2.txt 0.00117903 0.00117809 9.39e-07
637 Cora_feat_L2.txt 0.00113938 0.00113833 1.055e-06
638 Cora_feat_L2.txt 0.00117709 0.00117603 1.062e-06
639 Cora_feat_L2.txt 0.00108559 0.00108455 1.034e-06
640 Cora_feat_L2.txt 0.00110477 0.00110382 9.48e-07
641 Cora_feat_L2.txt 0.00108729 0.0010863 9.83e-07
642 Cora_feat_L2.txt 0.00125842 0.00125749 9.27e-07
643 Cora_feat_L2.txt 0.00111856 0.00111757 9.9e-07
644 Cora_feat_L2.txt 0.00112077 0.00111986 9.18e-07
645 Cora_feat_L2.txt 0.00113088 0.00112983 1.048e-06
646 Cora_feat_L2.txt 0.00119064 0.00118972 9.16e-07
647 Cora_feat_L2.txt 0.00113241 0.00113139 1.025e-06
648 Cora_feat_L2.txt 0.00123776 0.00123686 9.03e-07
649 Cora_feat_L2.txt 0.00115967 0.00115867 1.004e-06
650 Cora_feat_L2.txt 0.00109735 0.00109643 9.15e-07
651 Cora_feat_L2.txt 0.00114584 0.00114472 1.12e-06
652 Cora_feat_L2.txt 0.00118324 0.0011824 8.4e-07
653 Cora_feat_L2.txt 0.0011554 0.0011546 8.08e-07
654 Cora_feat_L2.txt 0.00107229 0.00107141 8.76e-07
655 Cora_feat_L2.txt 0.001241 0.00124006 9.4e-07
656 Cora_feat_L2.txt 0.000993993 0.000993119 8.74e-07
657 Cora_feat_L2.txt 0.00117345 0.00117244 1.003e-06
658 Cora_feat_L2.txt 0.00114247 0.00114156 9.18e-07
659 Cora_feat_L2.txt 0.0011022 0.00110122 9.85e-07
660 Cora_feat_L2.txt 0.00118398 0.00118306 9.22e-07
661 Cora_feat_L2.txt 0.00117423 0.0011733 9.31e-07
662 Cora_feat_L2.txt 0.00120049 0.00119963 8.62e-07
663 Cora_feat_L2.txt 0.00119148 0.00119067 8.11e-07
664 Cora_feat_L2.txt 0.00105369 0.0010528 8.86e-07
665 Cora_feat_L2.txt 0.00118482 0.00118387 9.5e-07
666 Cora_feat_L2.txt 0.00117768 0.00117685 8.28e-07
667 Cora_feat_L2.txt 0.00118929 0.00118831 9.82e-07
668 Cora_feat_L2.txt 0.00116462 0.00116377 8.53e-07
669 Cora_feat_L2.txt 0.00125039 0.00124948 9.15e-07
670 Cora_feat_L2.txt 0.00118068 0.00117984 8.39e-07
671 Cora_feat_L2.txt 0.00115655 0.00115567 8.83e-07
672 Cora_feat_L2.txt 0.00105505 0.00105409 9.58e-07
673 Cora_feat_L2.txt 0.0010805 0.00107962 8.85e-07
674 Cora_feat_L2.txt 0.0010723 0.00107147 8.36e-07
675 Cora_feat_L2.txt 0.00117173 0.00117089 8.41e-07
676 Cora_feat_L2.txt 0.00115073 0.00114993 8.06e-07
677 Cora_feat_L2.txt 0.00123855 0.00123754 1.01e-06
678 Cora_feat_L2.txt 0.00122241 0.00122148 9.34e-07
679 Cora_feat_L2.txt 0.00119708 0.00119613 9.54e-07
680 Cora_feat_L2.txt 0.00107337 0.00107242 9.44e-07
681 Cora_feat_L2.txt 0.00123416 0.00123321 9.49e-07
682 Cora_feat_L2.txt 0.00116608 0.00116511 9.76e-07
683 Cora_feat_L2.txt 0.00125342 0.00125248 9.42e-07
684 Cora_feat_L2.txt 0.00126977 0.00126889 8.79e-07
685 Cora_feat_L2.txt 0.00123961 0.00123856 1.047e-06
686 Cora_feat_L2.txt 0.00118027 0.00117937 9.04e-07
687 Cora_feat_L2.txt 0.00114198 0.00114101 9.63e-07
688 Cora_feat_L2.txt 0.00104057 0.00103969 8.81e-07
689 Cora_feat_L2.txt 0.00117701 0.00117604 9.65e-07
690 Cora_feat_L2.txt 0.00122869 0.00122774 9.46e-07
691 Cora_feat_L2.txt 0.00112595 0.00112505 9.03e-07
692 Cora_feat_L2.txt 0.00126726 0.00126633 9.23e-07
693 Cora_feat_L2.txt 0.00113176 0.00113067 1.091e-06
694 Cora_feat_L2.txt 0.00120164 0.00120075 8.92e-07
695 Cora_feat_L2.txt 0.00114804 0.00114714 8.98e-07
696 Cora_feat_L2.txt 0.00113569 0.00113477 9.24e-07
697 Cora_feat_L2.txt 0.00125756 0.00125656 1.005e-06
698 Cora_feat_L2.txt 0.00120027 0.00119929 9.75e-07
699 Cora_feat_L2.txt 0.00119982 0.00119892 8.97e-07
700 Cora_feat_L2.txt 0.00114027 0.00113928 9.93e-07
701 Cora_feat_L2.txt 0.00116553 0.0011645 1.032e-06
702 Cora_feat_L2.txt 0.00116834 0.00116744 9e-07
703 Cora_feat_L2.txt 0.00122421 0.00122322 9.94e-07
704 Cora_feat_L2.txt 0.00109184 0.00109087 9.74e-07
705 Cora_feat_L2.txt 0.00115751 0.00115661 8.93e-07
706 Cora_feat_L2.txt 0.00114193 0.00114093 1.005e-06
707 Cora_feat_L2.txt 0.00121824 0.00121724 1.008e-06
708 Cora_feat_L2.txt 0.00111538 0.00111446 9.2e-07
709 Cora_feat_L2.txt 0.00114994 0.00114894 9.98e-07
710 Cora_feat_L2.txt 0.00121815 0.00121727 8.8e-07
711 Cora_feat_L2.txt 0.00128539 0.0012843 1.088e-06
712 Cora_feat_L2.txt 0.00121047 0.00120953 9.37e-07
713 Cora_feat_L2.txt 0.00116864 0.00116774 8.91e-07
714 Cora_feat_L2.txt 0.00112589 0.00112496 9.28e-07
715 Cora_feat_L2.txt 0.00125997 0.00125888 1.09e-06
716 Cora_feat_L2.txt 0.00122371 0.0012228 9.16e-07
717 Cora_feat_L2.txt 0.00117304 0.00117203 1.017e-06
718 Cora_feat_L2.txt 0.0012074 0.00120641 9.88e-07
719 Cora_feat_L2.txt 0.0011049 0.00110399 9.15e-07
720 Cora_feat_L2.txt 0.000988786 0.000987821 9.65e-07
721 Cora_feat_L2.txt 0.00100332 0.00100232 9.97e-07
722 Cora_feat_L2.txt 0.00120151 0.00120062 8.97e-07
723 Cora_feat_L2.txt 0.00115471 0.00115366 1.047e-06
724 Cora_feat_L2.txt 0.00111298 0.00111203 9.58e-07
725 Cora_feat_L2.txt 0.00118969 0.00118862 1.071e-06
726 Cora_feat_L2.txt 0.00117981 0.00117876 1.048e-06
727 Cora_feat_L2.txt 0.00110336 0.0011023 1.062e-06
728 Cora_feat_L2.txt 0.00117751 0.00117656 9.49e-07
729 Cora_feat_L2.txt 0.00124564 0.00124474 9.07e-07
730 Cora_feat_L2.txt 0.0011444 0.00114348 9.23e-07
731 Cora_feat_L2.txt 0.0011594 0.00115834 1.061e-06
732 Cora_feat_L2.txt 0.00114651 0.00114553 9.74e-07
733 Cora_feat_L2.txt 0.00111218 0.00111113 1.052e-06
734 Cora_feat_L2.txt 0.00112019 0.00111928 9.11e-07
735 Cora_feat_L2.txt 0.00116009 0.00115918 9.03e-07
736 Cora_feat_L2.txt 0.00102158 0.00102071 8.7e-07
737 Cora_feat_L2.txt 0.00102449 0.00102347 1.019e-06
738 Cora_feat_L2.txt 0.00112727 0.00112637 9.02e-07
739 Cora_feat_L2.txt 0.00115752 0.00115645 1.071e-06
740 Cora_feat_L2.txt 0.00118367 0.00118275 9.26e-07
741 Cora_feat_L2.txt 0.00119215 0.00119116 9.85e-07
742 Cora_feat_L2.txt 0.00117748 0.00117657 9.1e-07
743 Cora_feat_L2.txt 0.00113973 0.00113866 1.07e-06
744 Cora_feat_L2.txt 0.00115012 0.00114914 9.82e-07
745 Cora_feat_L2.txt 0.00112213 0.00112115 9.89e-07
746 Cora_feat_L2.txt 0.0011119 0.00111096 9.46e-07
747 Cora_feat_L2.txt 0.0011773 0.00117623 1.073e-06
748 Cora_feat_L2.txt 0.00116 0.00115911 8.86e-07
749 Cora_feat_L2.txt 0.00116924 0.00116829 9.43e-07
750 Cora_feat_L2.txt 0.00114387 0.00114291 9.6e-07
751 Cora_feat_L2.txt 0.00114953 0.00114861 9.11e-07
752 Cora_feat_L2.txt 0.00119576 0.00119482 9.45e-07
753 Cora_feat_L2.txt 0.00122193 0.00122083 1.095e-06
754 Cora_feat_L2.txt 0.00120157 0.00120066 9.12e-07
755 Cora_feat_L2.txt 0.00118866 0.00118777 8.89e-07
756 Cora_feat_L2.txt 0.00120614 0.00120517 9.69e-07
757 Cora_feat_L2.txt 0.00112627 0.00112533 9.4e-07
758 Cora_feat_L2.txt 0.00119465 0.00119372 9.28e-07
759 Cora_feat_L2.txt 0.00120265 0.00120159 1.054e-06
760 Cora_feat_L2.txt 0.00121114 0.00121018 9.61e-07
761 Cora_feat_L2.txt 0.00113325 0.00113228 9.65e-07
762 Cora_feat_L2.txt 0.00119188 0.00119093 9.44e-07
763 Cora_feat_L2.txt 0.00117807 0.00117707 1.001e-06
764 Cora_feat_L2.txt 0.00110772 0.00110675 9.66e-07
765 Cora_feat_L2.txt 0.00117603 0.00117513 9.01e-07
766 Cora_feat_L2.txt 0.00114347 0.00114253 9.42e-07
767 Cora_feat_L2.txt 0.00118251 0.00110825 7.4268e-05
0 Cora_A.txt 0.000876117 0.000875409 7.08e-07
1 Cora_A.txt 0.000872556 0.000871885 6.71e-07
2 Cora_A.txt 0.000877849 0.0008773 5.49e-07
3 Cora_A.txt 0.000872176 0.000871486 6.9e-07
4 Cora_A.txt 0.000890844 0.000890215 6.29e-07
5 Cora_A.txt 0.000886648 0.000886089 5.59e-07
6 Cora_A.txt 0.000881025 0.000880319 7.06e-07
7 Cora_A.txt 0.000874531 0.000873996 5.35e-07
8 Cora_A.txt 0.000877227 0.000876679 5.48e-07
9 Cora_A.txt 0.00087336 0.000872792 5.68e-07
10 Cora_A.txt 0.000880632 0.000880062 5.7e-07
11 Cora_A.txt 0.000874755 0.000874016 7.39e-07
12 Cora_A.txt 0.000887185 0.000886598 5.87e-07
13 Cora_A.txt 0.000883336 0.000882815 5.21e-07
14 Cora_A.txt 0.000877092 0.000876501 5.91e-07
15 Cora_A.txt 0.000869934 0.000869293 6.41e-07
16 Cora_A.txt 0.000905012 0.000904335 6.77e-07
17 Cora_A.txt 0.000899404 0.000898891 5.13e-07
18 Cora_A.txt 0.000905788 0.000905247 5.41e-07
19 Cora_A.txt 0.000898487 0.000897891 5.96e-07
20 Cora_A.txt 0.000899325 0.000898849 4.76e-07
21 Cora_A.txt 0.000895447 0.000894788 6.59e-07
22 Cora_A.txt 0.00090201 0.000901382 6.28e-07
23 Cora_A.txt 0.000895415 0.000894607 8.08e-07
24 Cora_A.txt 0.000887039 0.000886467 5.72e-07
25 Cora_A.txt 0.000882833 0.000882336 4.97e-07
26 Cora_A.txt 0.000892055 0.00089149 5.65e-07
27 Cora_A.txt 0.000885323 0.00088481 5.13e-07
28 Cora_A.txt 0.000887194 0.000886664 5.3e-07
29 Cora_A.txt 0.000882788 0.000882209 5.79e-07
30 Cora_A.txt 0.000895437 0.000894895 5.42e-07
31 Cora_A.txt 0.000888125 0.000887654 4.71e-07
32 Cora_A.txt 0.000815639 0.000815214 4.25e-07
33 Cora_A.txt 0.000811042 0.000810513 5.29e-07
34 Cora_A.txt 0.000816258 0.000815705 5.53e-07
35 Cora_A.txt 0.000810196 0.00080969 5.06e-07
36 Cora_A.txt 0.000818288 0.000817758 5.3e-07
37 Cora_A.txt 0.000814557 0.000813883 6.74e-07
38 Cora_A.txt 0.000820475 0.000820067 4.08e-07
39 Cora_A.txt 0.000813988 0.000813555 4.33e-07
40 Cora_A.txt 0.000816345 0.000815832 5.13e-07
41 Cora_A.txt 0.000812422 0.000811725 6.97e-07
42 Cora_A.txt 0.000821289 0.000820694 5.95e-07
43 Cora_A.txt 0.000813906 0.000813192 7.14e-07
44 Cora_A.txt 0.000814125 0.000813633 4.92e-07
45 Cora_A.txt 0.000809519 0.000808978 5.41e-07
46 Cora_A.txt 0.000814892 0.000814399 4.93e-07
47 Cora_A.txt 0.000809631 0.000808904 7.27e-07
48 Cora_A.txt 0.000879707 0.000879071 6.36e-07
49 Cora_A.txt 0.000876031 0.000875196 8.35e-07
50 Cora_A.txt 0.000884293 0.000883656 6.37e-07
51 Cora_A.txt 0.000878142 0.000877453 6.89e-07
52 Cora_A.txt 0.000881868 0.000881308 5.6e-07
53 Cora_A.txt 0.000879006 0.00087841 5.96e-07
54 Cora_A.txt 0.000890273 0.000889616 6.57e-07
55 Cora_A.txt 0.00088385 0.000883219 6.31e-07
56 Cora_A.txt 0.000883236 0.000882668 5.68e-07
57 Cora_A.txt 0.000879891 0.000879332 5.59e-07
58 Cora_A.txt 0.000888749 0.000888092 6.57e-07
59 Cora_A.txt 0.000882164 0.000881568 5.96e-07
60 Cora_A.txt 0.000882507 0.000881912 5.95e-07
61 Cora_A.txt 0.000879631 0.000878935 6.96e-07
62 Cora_A.txt 0.000888142 0.00088753 6.12e-07
63 Cora_A.txt 0.000881388 0.000880765 6.23e-07
64 Cora_A.txt 0.000899245 0.000898579 6.66e-07
65 Cora_A.txt 0.000895073 0.000894489 5.84e-07
66 Cora_A.txt 0.000901215 0.000900558 6.57e-07
67 Cora_A.txt 0.000896164 0.000895496 6.68e-07
68 Cora_A.txt 0.00089756 0.00089687 6.9e-07
69 Cora_A.txt 0.000892408 0.000891815 5.93e-07
70 Cora_A.txt 0.000898192 0.000897527 6.65e-07
71 Cora_A.txt 0.000891721 0.000891061 6.6e-07
72 Cora_A.txt 0.000878903 0.000878283 6.2e-07
73 Cora_A.txt 0.000874515 0.000873867 6.48e-07
74 Cora_A.txt 0.000879727 0.000879021 7.06e-07
75 Cora_A.txt 0.000873589 0.000872963 6.26e-07
76 Cora_A.txt 0.000879784 0.000879171 6.13e-07
77 Cora_A.txt 0.000875987 0.000875248 7.39e-07
78 Cora_A.txt 0.000880986 0.000880401 5.85e-07
79 Cora_A.txt 0.000874084 0.000873279 8.05e-07
80 Cora_A.txt 0.000814497 0.000813891 6.06e-07
81 Cora_A.txt 0.000810501 0.000809835 6.66e-07
82 Cora_A.txt 0.000817588 0.00081691 6.78e-07
83 Cora_A.txt 0.000812859 0.000812274 5.85e-07
84 Cora_A.txt 0.000819784 0.00081919 5.94e-07
85 Cora_A.txt 0.000815025 0.000814481 5.44e-07
86 Cora_A.txt 0.0008202 0.000819538 6.62e-07
87 Cora_A.txt 0.000814187 0.000813522 6.65e-07
88 Cora_A.txt 0.000815568 0.000814948 6.2e-07
89 Cora_A.txt 0.000811424 0.00081079 6.34e-07
90 Cora_A.txt 0.000820689 0.000820106 5.83e-07
91 Cora_A.txt 0.000812925 0.000812201 7.24e-07
92 Cora_A.txt 0.000827529 0.000826952 5.77e-07
93 Cora_A.txt 0.000823364 0.000822642 7.22e-07
94 Cora_A.txt 0.000829672 0.000829134 5.38e-07
95 Cora_A.txt 0.000823524 0.000822868 6.56e-07
96 Cora_A.txt 0.000876189 0.000875521 6.68e-07
97 Cora_A.txt 0.000872363 0.000871726 6.37e-07
98 Cora_A.txt 0.000886354 0.000885841 5.13e-07
99 Cora_A.txt 0.000879875 0.0008794 4.75e-07
100 Cora_A.txt 0.000879476 0.000878898 5.78e-07
101 Cora_A.txt 0.000874967 0.000874476 4.91e-07
102 Cora_A.txt 0.000884804 0.000884114 6.9e-07
103 Cora_A.txt 0.000877593 0.000876911 6.82e-07
104 Cora_A.txt 0.000877767 0.000877176 5.91e-07
105 Cora_A.txt 0.00087385 0.000873284 5.66e-07
106 Cora_A.txt 0.000893597 0.000893099 4.98e-07
107 Cora_A.txt 0.000887384 0.000886744 6.4e-07
108 Cora_A.txt 0.000897567 0.00089703 5.37e-07
109 Cora_A.txt 0.000893506 0.000892811 6.95e-07
110 Cora_A.txt 0.00088255 0.00088173 8.2e-07
111 Cora_A.txt 0.000876916 0.000876265 6.51e-07
112 Cora_A.txt 0.000909556 0.000909017 5.39e-07
113 Cora_A.txt 0.000905674 0.000905103 5.71e-07
114 Cora_A.txt 0.000911768 0.000911186 5.82e-07
115 Cora_A.txt 0.000905056 0.000904253 8.03e-07
116 Cora_A.txt 0.000905121 0.00090456 5.61e-07
117 Cora_A.txt 0.000900743 0.000899892 8.51e-07
118 Cora_A.txt 0.0009051 0.000904447 6.53e-07
119 Cora_A.txt 0.000898457 0.000897815 6.42e-07
120 Cora_A.txt 0.000892032 0.000891489 5.43e-07
121 Cora_A.txt 0.000885744 0.000885158 5.86e-07
122 Cora_A.txt 0.000899544 0.000898816 7.28e-07
123 Cora_A.txt 0.000893969 0.000893392 5.77e-07
124 Cora_A.txt 0.000894663 0.000894004 6.59e-07
125 Cora_A.txt 0.000890265 0.000889679 5.86e-07
126 Cora_A.txt 0.000907768 0.000907171 5.97e-07
127 Cora_A.txt 0.000900792 0.000900112 6.8e-07
128 Cora_A.txt 0.000822162 0.000821647 5.15e-07
129 Cora_A.txt 0.000817372 0.000816961 4.11e-07
130 Cora_A.txt 0.000816842 0.000816186 6.56e-07
131 Cora_A.txt 0.000810796 0.000810315 4.81e-07
132 Cora_A.txt 0.00082333 0.000822835 4.95e-07
133 Cora_A.txt 0.000819899 0.000819249 6.5e-07
134 Cora_A.txt 0.000834411 0.000833877 5.34e-07
135 Cora_A.txt 0.000828455 0.000827809 6.46e-07
136 Cora_A.txt 0.000816836 0.000816361 4.75e-07
137 Cora_A.txt 0.000813315 0.000812589 7.26e-07
138 Cora_A.txt 0.00081743 0.00081676 6.7e-07
139 Cora_A.txt 0.000811758 0.000810967 7.91e-07
140 Cora_A.txt 0.000829801 0.000829222 5.79e-07
141 Cora_A.txt 0.000826224 0.000825674 5.5e-07
142 Cora_A.txt 0.00083049 0.000830059 4.31e-07
143 Cora_A.txt 0.000825685 0.000825014 6.71e-07
144 Cora_A.txt 0.000877159 0.000876676 4.83e-07
145 Cora_A.txt 0.000872549 0.000871924 6.25e-07
146 Cora_A.txt 0.000875472 0.000874903 5.69e-07
147 Cora_A.txt 0.00086833 0.000867856 4.74e-07
148 Cora_A.txt 0.00087649 0.000875927 5.63e-07
149 Cora_A.txt 0.00087229 0.000871712 5.78e-07
150 Cora_A.txt 0.000877917 0.000877382 5.35e-07
151 Cora_A.txt 0.000870759 0.000870192 5.67e-07
152 Cora_A.txt 0.000874643 0.000873799 8.44e-07
153 Cora_A.txt 0.000869435 0.000868923 5.12e-07
154 Cora_A.txt 0.000877258 0.000876767 4.91e-07
155 Cora_A.txt 0.000870596 0.000869987 6.09e-07
156 Cora_A.txt 0.000884605 0.000884048 5.57e-07
157 Cora_A.txt 0.000880056 0.000879659 3.97e-07
158 Cora_A.txt 0.000880321 0.000879738 5.83e-07
159 Cora_A.txt 0.000872851 0.00087216 6.91e-07
160 Cora_A.txt 0.000901728 0.00090108 6.48e-07
161 Cora_A.txt 0.000897879 0.000897172 7.07e-07
162 Cora_A.txt 0.000904339 0.000903718 6.21e-07
163 Cora_A.txt 0.000897941 0.000897437 5.04e-07
164 Cora_A.txt 0.000898965 0.000898468 4.97e-07
165 Cora_A.txt 0.000895598 0.000895133 4.65e-07
166 Cora_A.txt 0.00090079 0.000900152 6.38e-07
167 Cora_A.txt 0.000894883 0.000894244 6.39e-07
168 Cora_A.txt 0.000883513 0.000882887 6.26e-07
169 Cora_A.txt 0.000878653 0.00087818 4.73e-07
170 Cora_A.txt 0.000882559 0.00088198 5.79e-07
171 Cora_A.txt 0.000877033 0.000876614 4.19e-07
172 Cora_A.txt 0.000881552 0.000880939 6.13e-07
173 Cora_A.txt 0.00087849 0.00087802 4.7e-07
174 Cora_A.txt 0.000885961 0.000885505 4.56e-07
175 Cora_A.txt 0.000878666 0.000878219 4.47e-07
176 Cora_A.txt 0.000819468 0.00081903 4.38e-07
177 Cora_A.txt 0.000815433 0.000814613 8.2e-07
178 Cora_A.txt 0.00082238 0.000821699 6.81e-07
179 Cora_A.txt 0.000816357 0.000815475 8.82e-07
180 Cora_A.txt 0.000818755 0.000818294 4.61e-07
181 Cora_A.txt 0.000814987 0.000814222 7.65e-07
182 Cora_A.txt 0.000821962 0.000821465 4.97e-07
183 Cora_A.txt 0.000815997 0.000815136 8.61e-07
184 Cora_A.txt 0.00081666 0.000816038 6.22e-07
185 Cora_A.txt 0.000812742 0.000811976 7.66e-07
186 Cora_A.txt 0.000817411 0.000816895 5.16e-07
187 Cora_A.txt 0.000812276 0.000811533 7.43e-07
188 Cora_A.txt 0.000815037 0.000814572 4.65e-07
189 Cora_A.txt 0.000811064 0.000810475 5.89e-07
190 Cora_A.txt 0.00081673 0.000816217 5.13e-07
191 Cora_A.txt 0.000812139 0.000811534 6.05e-07
192 Cora_A.txt 0.000892105 0.000891544 5.61e-07
193 Cora_A.txt 0.000886351 0.000885721 6.3e-07
194 Cora_A.txt 0.000879996 0.000879447 5.49e-07
195 Cora_A.txt 0.00087411 0.000873489 6.21e-07
196 Cora_A.txt 0.000880055 0.000879504 5.51e-07
197 Cora_A.txt 0.000875906 0.000875204 7.02e-07
198 Cora_A.txt 0.000877606 0.000876875 7.31e-07
199 Cora_A.txt 0.000870892 0.000870296 5.96e-07
200 Cora_A.txt 0.000874724 0.00087415 5.74e-07
201 Cora_A.txt 0.000869377 0.000868686 6.91e-07
202 Cora_A.txt 0.000876545 0.000876072 4.73e-07
203 Cora_A.txt 0.000870096 0.000869575 5.21e-07
204 Cora_A.txt 0.000881875 0.000881325 5.5e-07
205 Cora_A.txt 0.000876605 0.000875974 6.31e-07
206 Cora_A.txt 0.000879097 0.000878483 6.14e-07
207 Cora_A.txt 0.000873053 0.000872464 5.89e-07
208 Cora_A.txt 0.000901057 0.000900413 6.44e-07
209 Cora_A.txt 0.000896695 0.000896218 4.77e-07
210 Cora_A.txt 0.000903936 0.000903346 5.9e-07
211 Cora_A.txt 0.000898172 0.000897539 6.33e-07
212 Cora_A.txt 0.000903869 0.000903053 8.16e-07
213 Cora_A.txt 0.000899023 0.00089845 5.73e-07
214 Cora_A.txt 0.000901336 0.000900645 6.91e-07
215 Cora_A.txt 0.000895125 0.000894555 5.7e-07
216 Cora_A.txt 0.000884361 0.000883755 6.06e-07
217 Cora_A.txt 0.00088022 0.000879671 5.49e-07
218 Cora_A.txt 0.0008875 0.000886778 7.22e-07
219 Cora_A.txt 0.000880102 0.000879521 5.81e-07
220 Cora_A.txt 0.000885063 0.000884441 6.22e-07
221 Cora_A.txt 0.000881408 0.000880747 6.61e-07
222 Cora_A.txt 0.000886936 0.000886512 4.24e-07
223 Cora_A.txt 0.000880134 0.000879477 6.57e-07
224 Cora_A.txt 0.000820388 0.00081981 5.78e-07
225 Cora_A.txt 0.000816267 0.000815452 8.15e-07
226 Cora_A.txt 0.000817552 0.000816913 6.39e-07
227 Cora_A.txt 0.000811082 0.000810551 5.31e-07
228 Cora_A.txt 0.000825204 0.000824734 4.7e-07
229 Cora_A.txt 0.000820727 0.000819913 8.14e-07
230 Cora_A.txt 0.000814032 0.000813565 4.67e-07
231 Cora_A.txt 0.000808214 0.000807616 5.98e-07
232 Cora_A.txt 0.000819027 0.000818504 5.23e-07
233 Cora_A.txt 0.000815433 0.000814818 6.15e-07
234 Cora_A.txt 0.00081787 0.000817261 6.09e-07
235 Cora_A.txt 0.000810905 0.000810234 6.71e-07
236 Cora_A.txt 0.000817392 0.00081682 5.72e-07
237 Cora_A.txt 0.00081317 0.000812437 7.33e-07
238 Cora_A.txt 0.000816448 0.000815747 7.01e-07
239 Cora_A.txt 0.000810558 0.000809915 6.43e-07
240 Cora_A.txt 0.000874459 0.000873888 5.71e-07
241 Cora_A.txt 0.000870481 0.000869931 5.5e-07
242 Cora_A.txt 0.000877599 0.000877032 5.67e-07
243 Cora_A.txt 0.00087107 0.000870452 6.18e-07
244 Cora_A.txt 0.000885884 0.000885296 5.88e-07
245 Cora_A.txt 0.000880782 0.000880126 6.56e-07
246 Cora_A.txt 0.000882066 0.000881596 4.7e-07
247 Cora_A.txt 0.000875395 0.000874787 6.08e-07
248 Cora_A.txt 0.000892766 0.000892247 5.19e-07
249 Cora_A.txt 0.000889169 0.000888316 8.53e-07
250 Cora_A.txt 0.000879154 0.000878533 6.21e-07
251 Cora_A.txt 0.000874029 0.000873211 8.18e-07
252 Cora_A.txt 0.000887736 0.000887222 5.14e-07
253 Cora_A.txt 0.000883423 0.000882833 5.9e-07
254 Cora_A.txt 0.000882416 0.000881875 5.41e-07
255 Cora_A.txt 0.000875761 0.000875142 6.19e-07
256 Cora_A.txt 0.000898538 0.000898023 5.15e-07
257 Cora_A.txt 0.000894265 0.000893502 7.63e-07
258 Cora_A.txt 0.000901208 0.000900647 5.61e-07
259 Cora_A.txt 0.000895052 0.00089424 8.12e-07
260 Cora_A.txt 0.000896128 0.000895451 6.77e-07
261 Cora_A.txt 0.000893023 0.000892312 7.11e-07
262 Cora_A.txt 0.00089925 0.000898672 5.78e-07
263 Cora_A.txt 0.000892557 0.000891859 6.98e-07
264 Cora_A.txt 0.000893495 0.000892928 5.67e-07
265 Cora_A.txt 0.000888436 0.000887732 7.04e-07
266 Cora_A.txt 0.000877796 0.000876988 8.08e-07
267 Cora_A.txt 0.000871506 0.00087084 6.66e-07
268 Cora_A.txt 0.00089088 0.000890377 5.03e-07
269 Cora_A.txt 0.000886598 0.000885827 7.71e-07
270 Cora_A.txt 0.000885228 0.00088457 6.58e-07
271 Cora_A.txt 0.000879355 0.000878662 6.93e-07
272 Cora_A.txt 0.000816283 0.000815828 4.55e-07
273 Cora_A.txt 0.000812379 0.000811715 6.64e-07
274 Cora_A.txt 0.000821417 0.000820736 6.81e-07
275 Cora_A.txt 0.000815601 0.000814828 7.73e-07
276 Cora_A.txt 0.000817446 0.000816912 5.34e-07
277 Cora_A.txt 0.000812932 0.000812218 7.14e-07
278 Cora_A.txt 0.000819821 0.000819151 6.7e-07
279 Cora_A.txt 0.000813591 0.000813071 5.2e-07
280 Cora_A.txt 0.0008202 0.000819672 5.28e-07
281 Cora_A.txt 0.000816508 0.000815744 7.64e-07
282 Cora_A.txt 0.00082147 0.000820892 5.78e-07
283 Cora_A.txt 0.000815649 0.000815064 5.85e-07
284 Cora_A.txt 0.000817433 0.000816945 4.88e-07
285 Cora_A.txt 0.000812679 0.000812083 5.96e-07
286 Cora_A.txt 0.000820556 0.000820046 5.1e-07
287 Cora_A.txt 0.000814633 0.000814004 6.29e-07
288 Cora_A.txt 0.000873115 0.000872346 7.69e-07
289 Cora_A.txt 0.000867314 0.000866665 6.49e-07
290 Cora_A.txt 0.000873689 0.000873168 5.21e-07
291 Cora_A.txt 0.000867089 0.000866373 7.16e-07
292 Cora_A.txt 0.000885383 0.00088488 5.03e-07
293 Cora_A.txt 0.000882706 0.000882038 6.68e-07
294 Cora_A.txt 0.00087562 0.000875111 5.09e-07
295 Cora_A.txt 0.00086938 0.000868706 6.74e-07
296 Cora_A.txt 0.00088623 0.000885658 5.72e-07
297 Cora_A.txt 0.000881939 0.000881414 5.25e-07
298 Cora_A.txt 0.000888299 0.000887673 6.26e-07
299 Cora_A.txt 0.000881921 0.000881269 6.52e-07
300 Cora_A.txt 0.000880585 0.000879969 6.16e-07
301 Cora_A.txt 0.000877698 0.000877125 5.73e-07
302 Cora_A.txt 0.000884341 0.000883833 5.08e-07
303 Cora_A.txt 0.000878152 0.000877446 7.06e-07
304 Cora_A.txt 0.000894492 0.000893896 5.96e-07
305 Cora_A.txt 0.000891982 0.000891112 8.7e-07
306 Cora_A.txt 0.000897588 0.000896987 6.01e-07
307 Cora_A.txt 0.00089231 0.000891766 5.44e-07
308 Cora_A.txt 0.000894892 0.0008944 4.92e-07
309 Cora_A.txt 0.000891148 0.000890481 6.67e-07
310 Cora_A.txt 0.000896423 0.000895881 5.42e-07
311 Cora_A.txt 0.000890857 0.000890304 5.53e-07
312 Cora_A.txt 0.000883588 0.000883033 5.55e-07
313 Cora_A.txt 0.000879373 0.000878582 7.91e-07
314 Cora_A.txt 0.000893501 0.000892981 5.2e-07
315 Cora_A.txt 0.000887561 0.000886951 6.1e-07
316 Cora_A.txt 0.000878097 0.000877506 5.91e-07
317 Cora_A.txt 0.00087428 0.000873659 6.21e-07
318 Cora_A.txt 0.000878346 0.000877683 6.63e-07
319 Cora_A.txt 0.000871284 0.000870644 6.4e-07
320 Cora_A.txt 0.000812398 0.000811783 6.15e-07
321 Cora_A.txt 0.0008081 0.000807196 9.04e-07
322 Cora_A.txt 0.000821772 0.000821074 6.98e-07
323 Cora_A.txt 0.000815063 0.000814578 4.85e-07
324 Cora_A.txt 0.000823712 0.000823065 6.47e-07
325 Cora_A.txt 0.000819715 0.000818906 8.09e-07
326 Cora_A.txt 0.000821965 0.000821375 5.9e-07
327 Cora_A.txt 0.000815033 0.00081455 4.83e-07
328 Cora_A.txt 0.000810289 0.000809793 4.96e-07
329 Cora_A.txt 0.000805959 0.00080539 5.69e-07
330 Cora_A.txt 0.00081364 0.00081301 6.3e-07
331 Cora_A.txt 0.000807272 0.000806692 5.8e-07
332 Cora_A.txt 0.000820091 0.000819498 5.93e-07
333 Cora_A.txt 0.000816137 0.000815338 7.99e-07
334 Cora_A.txt 0.000828645 0.000828183 4.62e-07
335 Cora_A.txt 0.000823462 0.00082296 5.02e-07
336 Cora_A.txt 0.000880541 0.000879778 7.63e-07
337 Cora_A.txt 0.000877253 0.000876544 7.09e-07
338 Cora_A.txt 0.000873936 0.000873331 6.05e-07
339 Cora_A.txt 0.00086579 0.000865282 5.08e-07
340 Cora_A.txt 0.000878759 0.000878103 6.56e-07
341 Cora_A.txt 0.000875051 0.000874278 7.73e-07
342 Cora_A.txt 0.00088378 0.000883269 5.11e-07
343 Cora_A.txt 0.000876709 0.000876077 6.32e-07
344 Cora_A.txt 0.000864183 0.000863584 5.99e-07
345 Cora_A.txt 0.000860439 0.00085974 6.99e-07
346 Cora_A.txt 0.000871046 0.000870408 6.38e-07
347 Cora_A.txt 0.00086416 0.00086358 5.8e-07
348 Cora_A.txt 0.000867869 0.000867079 7.9e-07
349 Cora_A.txt 0.000863531 0.000862878 6.53e-07
350 Cora_A.txt 0.000867911 0.000867408 5.03e-07
351 Cora_A.txt 0.000862302 0.000861662 6.4e-07
352 Cora_A.txt 0.000896729 0.000896136 5.93e-07
353 Cora_A.txt 0.000892859 0.000892284 5.75e-07
354 Cora_A.txt 0.000900109 0.000899412 6.97e-07
355 Cora_A.txt 0.000893294 0.000892701 5.93e-07
356 Cora_A.txt 0.000893027 0.000892389 6.38e-07
357 Cora_A.txt 0.000888639 0.000887701 9.38e-07
358 Cora_A.txt 0.000894721 0.000894259 4.62e-07
359 Cora_A.txt 0.000887697 0.000887212 4.85e-07
360 Cora_A.txt 0.000878556 0.000877973 5.83e-07
361 Cora_A.txt 0.000873607 0.000873162 4.45e-07
362 Cora_A.txt 0.000878283 0.000877836 4.47e-07
363 Cora_A.txt 0.000871742 0.000870935 8.07e-07
364 Cora_A.txt 0.000882086 0.000881508 5.78e-07
365 Cora_A.txt 0.000878363 0.000877873 4.9e-07
366 Cora_A.txt 0.000884655 0.000884164 4.91e-07
367 Cora_A.txt 0.000877898 0.00087731 5.88e-07
368 Cora_A.txt 0.000816589 0.000815988 6.01e-07
369 Cora_A.txt 0.00081241 0.000811902 5.08e-07
370 Cora_A.txt 0.000816492 0.000815853 6.39e-07
371 Cora_A.txt 0.000810969 0.000810436 5.33e-07
372 Cora_A.txt 0.000816322 0.00081564 6.82e-07
373 Cora_A.txt 0.000811528 0.000811021 5.07e-07
374 Cora_A.txt 0.000819995 0.000819449 5.46e-07
375 Cora_A.txt 0.000813256 0.000812679 5.77e-07
376 Cora_A.txt 0.000815441 0.000814573 8.68e-07
377 Cora_A.txt 0.000811497 0.000810816 6.81e-07
378 Cora_A.txt 0.000811873 0.000811173 7e-07
379 Cora_A.txt 0.00080614 0.000805548 5.92e-07
380 Cora_A.txt 0.000814741 0.00081414 6.01e-07
381 Cora_A.txt 0.000808313 0.000807761 5.52e-07
382 Cora_A.txt 0.000812596 0.000811901 6.95e-07
383 Cora_A.txt 0.000807576 0.000807119 4.57e-07
384 Cora_A.txt 0.000878637 0.000878195 4.42e-07
385 Cora_A.txt 0.000874898 0.000874226 6.72e-07
386 Cora_A.txt 0.000878846 0.000878287 5.59e-07
387 Cora_A.txt 0.00087236 0.000871493 8.67e-07
388 Cora_A.txt 0.000884879 0.000884391 4.88e-07
389 Cora_A.txt 0.000880446 0.000879921 5.25e-07
390 Cora_A.txt 0.000889461 0.000888785 6.76e-07
391 Cora_A.txt 0.000882708 0.000881944 7.64e-07
392 Cora_A.txt 0.000879363 0.000878815 5.48e-07
393 Cora_A.txt 0.000875201 0.000874551 6.5e-07
394 Cora_A.txt 0.000893669 0.000893112 5.57e-07
395 Cora_A.txt 0.000887132 0.000886652 4.8e-07
396 Cora_A.txt 0.000887187 0.000886655 5.32e-07
397 Cora_A.txt 0.000883245 0.000882562 6.83e-07
398 Cora_A.txt 0.000891124 0.00089054 5.84e-07
399 Cora_A.txt 0.000885591 0.000885025 5.66e-07
400 Cora_A.txt 0.000901542 0.000900959 5.83e-07
401 Cora_A.txt 0.000897637 0.000896848 7.89e-07
402 Cora_A.txt 0.000906068 0.00090558 4.88e-07
403 Cora_A.txt 0.000899612 0.000899034 5.78e-07
404 Cora_A.txt 0.000900513 0.00089976 7.53e-07
405 Cora_A.txt 0.000897033 0.000896162 8.71e-07
406 Cora_A.txt 0.000901491 0.000900855 6.36e-07
407 Cora_A.txt 0.000894384 0.000893975 4.09e-07
408 Cora_A.txt 0.000889934 0.000889342 5.92e-07
409 Cora_A.txt 0.000885716 0.000885105 6.11e-07
410 Cora_A.txt 0.000885481 0.000884878 6.03e-07
411 Cora_A.txt 0.000879162 0.000878577 5.85e-07
412 Cora_A.txt 0.000884181 0.000883584 5.97e-07
413 Cora_A.txt 0.000880655 0.00087957 1.085e-06
414 Cora_A.txt 0.00088601 0.000885381 6.29e-07
415 Cora_A.txt 0.000878888 0.000878366 5.22e-07
416 Cora_A.txt 0.000806668 0.000806047 6.21e-07
417 Cora_A.txt 0.000802471 0.000801789 6.82e-07
418 Cora_A.txt 0.000812169 0.000811616 5.53e-07
419 Cora_A.txt 0.000806413 0.000805806 6.07e-07
420 Cora_A.txt 0.000811197 0.0008106 5.97e-07
421 Cora_A.txt 0.000807225 0.000806732 4.93e-07
422 Cora_A.txt 0.000813754 0.000813092 6.62e-07
423 Cora_A.txt 0.000807464 0.000806968 4.96e-07
424 Cora_A.txt 0.000812093 0.000811538 5.55e-07
425 Cora_A.txt 0.000808342 0.000807619 7.23e-07
426 Cora_A.txt 0.00081983 0.0008192 6.3e-07
427 Cora_A.txt 0.000813119 0.000812673 4.46e-07
428 Cora_A.txt 0.000814869 0.000814302 5.67e-07
429 Cora_A.txt 0.000811432 0.000810733 6.99e-07
430 Cora_A.txt 0.000807093 0.000806422 6.71e-07
431 Cora_A.txt 0.000801308 0.000800889 4.19e-07
432 Cora_A.txt 0.000884808 0.000884157 6.51e-07
433 Cora_A.txt 0.000880636 0.000879981 6.55e-07
434 Cora_A.txt 0.000875884 0.000875271 6.13e-07
435 Cora_A.txt 0.000869717 0.000868881 8.36e-07
436 Cora_A.txt 0.00087396 0.00087325 7.1e-07
437 Cora_A.txt 0.000869887 0.000869254 6.33e-07
438 Cora_A.txt 0.000880286 0.000879623 6.63e-07
439 Cora_A.txt 0.000873322 0.000872895 4.27e-07
440 Cora_A.txt 0.000862113 0.000861199 9.14e-07
441 Cora_A.txt 0.000858241 0.00085736 8.81e-07
442 Cora_A.txt 0.000869303 0.000868482 8.21e-07
443 Cora_A.txt 0.000862934 0.000862383 5.51e-07
444 Cora_A.txt 0.000864777 0.000864131 6.46e-07
445 Cora_A.txt 0.000860564 0.000859855 7.09e-07
446 Cora_A.txt 0.000863092 0.000862461 6.31e-07
447 Cora_A.txt 0.00085626 0.00085575 5.1e-07
448 Cora_A.txt 0.000894528 0.000893925 6.03e-07
449 Cora_A.txt 0.000890923 0.000890265 6.58e-07
450 Cora_A.txt 0.000897159 0.000896525 6.34e-07
451 Cora_A.txt 0.000890507 0.000889829 6.78e-07
452 Cora_A.txt 0.000890099 0.000889573 5.26e-07
453 Cora_A.txt 0.000885343 0.00088486 4.83e-07
454 Cora_A.txt 0.000891416 0.00089082 5.96e-07
455 Cora_A.txt 0.000884889 0.000884379 5.1e-07
456 Cora_A.txt 0.000876162 0.000875326 8.36e-07
457 Cora_A.txt 0.000871972 0.000870962 1.01e-06
458 Cora_A.txt 0.000878977 0.000878343 6.34e-07
459 Cora_A.txt 0.000873104 0.000872421 6.83e-07
460 Cora_A.txt 0.000879281 0.000878728 5.53e-07
461 Cora_A.txt 0.000876423 0.000875725 6.98e-07
462 Cora_A.txt 0.000879254 0.000878618 6.36e-07
463 Cora_A.txt 0.000872835 0.000872149 6.86e-07
464 Cora_A.txt 0.000804226 0.000803725 5.01e-07
465 Cora_A.txt 0.000800606 0.00079962 9.86e-07
466 Cora_A.txt 0.000806983 0.00080654 4.43e-07
467 Cora_A.txt 0.000801981 0.000800601 1.38e-06
468 Cora_A.txt 0.000821562 0.000820446 1.116e-06
469 Cora_A.txt 0.000817344 0.000816223 1.121e-06
470 Cora_A.txt 0.000816034 0.000815004 1.03e-06
471 Cora_A.txt 0.000809492 0.000808672 8.2e-07
472 Cora_A.txt 0.000818016 0.000817169 8.47e-07
473 Cora_A.txt 0.000814057 0.000813192 8.65e-07
474 Cora_A.txt 0.000828046 0.000827243 8.03e-07
475 Cora_A.txt 0.000821655 0.000820899 7.56e-07
476 Cora_A.txt 0.00081365 0.000812968 6.82e-07
477 Cora_A.txt 0.000809666 0.000808862 8.04e-07
478 Cora_A.txt 0.000822054 0.000821333 7.21e-07
479 Cora_A.txt 0.00081596 0.00081534 6.2e-07
480 Cora_A.txt 0.000868045 0.000867445 6e-07
481 Cora_A.txt 0.000864165 0.000863328 8.37e-07
482 Cora_A.txt 0.000867829 0.00086725 5.79e-07
483 Cora_A.txt 0.000861634 0.000860965 6.69e-07
484 Cora_A.txt 0.000868884 0.000868284 6e-07
485 Cora_A.txt 0.000864893 0.000863982 9.11e-07
486 Cora_A.txt 0.000872358 0.000871628 7.3e-07
487 Cora_A.txt 0.000866161 0.000865468 6.93e-07
488 Cora_A.txt 0.000871946 0.00087153 4.16e-07
489 Cora_A.txt 0.000867333 0.000866858 4.75e-07
490 Cora_A.txt 0.000882548 0.000881933 6.15e-07
491 Cora_A.txt 0.000876192 0.000875637 5.55e-07
492 Cora_A.txt 0.000879348 0.00087881 5.38e-07
493 Cora_A.txt 0.000874073 0.000873624 4.49e-07
494 Cora_A.txt 0.000884117 0.000883401 7.16e-07
495 Cora_A.txt 0.000876105 0.000875478 6.27e-07
496 Cora_A.txt 0.000896271 0.000895598 6.73e-07
497 Cora_A.txt 0.000892237 0.00089144 7.97e-07
498 Cora_A.txt 0.00089729 0.00089681 4.8e-07
499 Cora_A.txt 0.000892775 0.000892074 7.01e-07
500 Cora_A.txt 0.000895286 0.00089481 4.76e-07
501 Cora_A.txt 0.000891447 0.000890626 8.21e-07
502 Cora_A.txt 0.000897414 0.000896729 6.85e-07
503 Cora_A.txt 0.000889759 0.000889096 6.63e-07
504 Cora_A.txt 0.0008778 0.000877279 5.21e-07
505 Cora_A.txt 0.000872716 0.000872263 4.53e-07
506 Cora_A.txt 0.000879128 0.000878566 5.62e-07
507 Cora_A.txt 0.000871715 0.000871354 3.61e-07
508 Cora_A.txt 0.000883421 0.000882871 5.5e-07
509 Cora_A.txt 0.000878076 0.000877704 3.72e-07
510 Cora_A.txt 0.00088412 0.000883488 6.32e-07
511 Cora_A.txt 0.000876906 0.00087631 5.96e-07
512 Cora_A.txt 0.00079897 0.00079849 4.8e-07
513 Cora_A.txt 0.00079493 0.000794389 5.41e-07
514 Cora_A.txt 0.000801089 0.000800641 4.48e-07
515 Cora_A.txt 0.000794492 0.00079384 6.52e-07
516 Cora_A.txt 0.000813028 0.000812353 6.75e-07
517 Cora_A.txt 0.000808429 0.000807771 6.58e-07
518 Cora_A.txt 0.000804905 0.000804292 6.13e-07
519 Cora_A.txt 0.000798316 0.000797729 5.87e-07
520 Cora_A.txt 0.000803304 0.000802855 4.49e-07
521 Cora_A.txt 0.000799096 0.00079849 6.06e-07
522 Cora_A.txt 0.000807001 0.000806417 5.84e-07
523 Cora_A.txt 0.000800422 0.000799752 6.7e-07
524 Cora_A.txt 0.000804732 0.000804213 5.19e-07
525 Cora_A.txt 0.000800629 0.000800062 5.67e-07
526 Cora_A.txt 0.000804771 0.000804248 5.23e-07
527 Cora_A.txt 0.000798898 0.000798371 5.27e-07
528 Cora_A.txt 0.000867951 0.000867144 8.07e-07
529 Cora_A.txt 0.000863842 0.000863083 7.59e-07
530 Cora_A.txt 0.000862373 0.000861904 4.69e-07
531 Cora_A.txt 0.000857062 0.000856272 7.9e-07
532 Cora_A.txt 0.00089182 0.00089116 6.6e-07
533 Cora_A.txt 0.000888021 0.000887252 7.69e-07
534 Cora_A.txt 0.000862795 0.000862295 5e-07
535 Cora_A.txt 0.000856508 0.000855881 6.27e-07
536 Cora_A.txt 0.000873686 0.000873122 5.64e-07
537 Cora_A.txt 0.000869871 0.000869265 6.06e-07
538 Cora_A.txt 0.000891939 0.000891235 7.04e-07
539 Cora_A.txt 0.000885229 0.000884587 6.42e-07
540 Cora_A.txt 0.000878334 0.000877675 6.59e-07
541 Cora_A.txt 0.000874575 0.00087395 6.25e-07
542 Cora_A.txt 0.000868765 0.000868075 6.9e-07
543 Cora_A.txt 0.00086275 0.000862036 7.14e-07
544 Cora_A.txt 0.000888674 0.000888077 5.97e-07
545 Cora_A.txt 0.000884733 0.000884068 6.65e-07
546 Cora_A.txt 0.000896398 0.000895844 5.54e-07
547 Cora_A.txt 0.000890494 0.000889488 1.006e-06
548 Cora_A.txt 0.000879398 0.00087846 9.38e-07
549 Cora_A.txt 0.000874778 0.000874093 6.85e-07
550 Cora_A.txt 0.000890994 0.000890592 4.02e-07
551 Cora_A.txt 0.000884706 0.000884293 4.13e-07
552 Cora_A.txt 0.000869681 0.000869187 4.94e-07
553 Cora_A.txt 0.000865151 0.000864488 6.63e-07
554 Cora_A.txt 0.000879336 0.00087889 4.46e-07
555 Cora_A.txt 0.000872525 0.000872032 4.93e-07
556 Cora_A.txt 0.000885471 0.000884738 7.33e-07
557 Cora_A.txt 0.000881359 0.000880672 6.87e-07
558 Cora_A.txt 0.000861989 0.000861283 7.06e-07
559 Cora_A.txt 0.000855093 0.000854412 6.81e-07
560 Cora_A.txt 0.000795857 0.000795393 4.64e-07
561 Cora_A.txt 0.000791768 0.000791246 5.22e-07
562 Cora_A.txt 0.000799192 0.000798748 4.44e-07
563 Cora_A.txt 0.000792893 0.000792438 4.55e-07
564 Cora_A.txt 0.000800032 0.000799585 4.47e-07
565 Cora_A.txt 0.000795622 0.000794954 6.68e-07
566 Cora_A.txt 0.000802076 0.000801452 6.24e-07
567 Cora_A.txt 0.000795196 0.000794639 5.57e-07
568 Cora_A.txt 0.000795975 0.000795488 4.87e-07
569 Cora_A.txt 0.000792227 0.00079167 5.57e-07
570 Cora_A.txt 0.000800541 0.00079994 6.01e-07
571 Cora_A.txt 0.000793726 0.000792979 7.47e-07
572 Cora_A.txt 0.000800787 0.000800191 5.96e-07
573 Cora_A.txt 0.000797258 0.00079663 6.28e-07
574 Cora_A.txt 0.000798061 0.000797507 5.54e-07
575 Cora_A.txt 0.000792513 0.000791872 6.41e-07
576 Cora_A.txt 0.000855894 0.000855501 3.93e-07
577 Cora_A.txt 0.000852605 0.000852063 5.42e-07
578 Cora_A.txt 0.000860224 0.000859732 4.92e-07
579 Cora_A.txt 0.000852142 0.000851594 5.48e-07
580 Cora_A.txt 0.000858701 0.000858193 5.08e-07
581 Cora_A.txt 0.00085447 0.000853897 5.73e-07
582 Cora_A.txt 0.000860919 0.000860131 7.88e-07
583 Cora_A.txt 0.000854398 0.000853416 9.82e-07
584 Cora_A.txt 0.000878281 0.000877755 5.26e-07
585 Cora_A.txt 0.000874001 0.000873471 5.3e-07
586 Cora_A.txt 0.000885851 0.000884945 9.06e-07
587 Cora_A.txt 0.000879342 0.00087856 7.82e-07
588 Cora_A.txt 0.000885088 0.000884542 5.46e-07
589 Cora_A.txt 0.000880373 0.000879832 5.41e-07
590 Cora_A.txt 0.000884217 0.000883708 5.09e-07
591 Cora_A.txt 0.000878233 0.000877759 4.74e-07
592 Cora_A.txt 0.000901084 0.000900144 9.4e-07
593 Cora_A.txt 0.000895905 0.000895255 6.5e-07
594 Cora_A.txt 0.000902664 0.000902054 6.1e-07
595 Cora_A.txt 0.000896455 0.000895856 5.99e-07
596 Cora_A.txt 0.000909095 0.000908544 5.51e-07
597 Cora_A.txt 0.000905241 0.000904442 7.99e-07
598 Cora_A.txt 0.000910658 0.000910017 6.41e-07
599 Cora_A.txt 0.000904436 0.000903677 7.59e-07
600 Cora_A.txt 0.000870732 0.000869927 8.05e-07
601 Cora_A.txt 0.000865802 0.000865207 5.95e-07
602 Cora_A.txt 0.000879806 0.000879129 6.77e-07
603 Cora_A.txt 0.000873459 0.000872849 6.1e-07
604 Cora_A.txt 0.000873503 0.000872866 6.37e-07
605 Cora_A.txt 0.000868731 0.000868071 6.6e-07
606 Cora_A.txt 0.000889828 0.000889054 7.74e-07
607 Cora_A.txt 0.000883012 0.000882408 6.04e-07
608 Cora_A.txt 0.000823216 0.000822572 6.44e-07
609 Cora_A.txt 0.000819475 0.000818708 7.67e-07
610 Cora_A.txt 0.000803798 0.000803132 6.66e-07
611 Cora_A.txt 0.000798076 0.000797459 6.17e-07
612 Cora_A.txt 0.000818149 0.000817413 7.36e-07
613 Cora_A.txt 0.000813943 0.000813324 6.19e-07
614 Cora_A.txt 0.000808546 0.000807995 5.51e-07
615 Cora_A.txt 0.00080281 0.000801905 9.05e-07
616 Cora_A.txt 0.000830775 0.000830248 5.27e-07
617 Cora_A.txt 0.000827243 0.00082664 6.03e-07
618 Cora_A.txt 0.00082427 0.000823849 4.21e-07
619 Cora_A.txt 0.000818232 0.000817649 5.83e-07
620 Cora_A.txt 0.000816802 0.000816304 4.98e-07
621 Cora_A.txt 0.000812368 0.000811887 4.81e-07
622 Cora_A.txt 0.000804978 0.000804556 4.22e-07
623 Cora_A.txt 0.000799649 0.00079905 5.99e-07
624 Cora_A.txt 0.000882851 0.000882248 6.03e-07
625 Cora_A.txt 0.000879327 0.000878639 6.88e-07
626 Cora_A.txt 0.000876928 0.000876184 7.44e-07
627 Cora_A.txt 0.000870742 0.000869964 7.78e-07
628 Cora_A.txt 0.000878244 0.000877583 6.61e-07
629 Cora_A.txt 0.000873702 0.000873067 6.35e-07
630 Cora_A.txt 0.000888257 0.000887663 5.94e-07
631 Cora_A.txt 0.000881991 0.0008813 6.91e-07
632 Cora_A.txt 0.000879691 0.000879015 6.76e-07
633 Cora_A.txt 0.0008753 0.000874636 6.64e-07
634 Cora_A.txt 0.000883229 0.000882647 5.82e-07
635 Cora_A.txt 0.000876993 0.000876297 6.96e-07
636 Cora_A.txt 0.000881684 0.000881021 6.63e-07
637 Cora_A.txt 0.000877303 0.000876766 5.37e-07
638 Cora_A.txt 0.000872864 0.000872216 6.48e-07
639 Cora_A.txt 0.000867086 0.00086595 1.136e-06
640 Cora_A.txt 0.000895311 0.00089452 7.91e-07
641 Cora_A.txt 0.000890583 0.000890105 4.78e-07
642 Cora_A.txt 0.000896409 0.000895258 1.151e-06
643 Cora_A.txt 0.0008873 0.000886357 9.43e-07
644 Cora_A.txt 0.000889658 0.000889138 5.2e-07
645 Cora_A.txt 0.000885599 0.000884911 6.88e-07
646 Cora_A.txt 0.000891307 0.000890658 6.49e-07
647 Cora_A.txt 0.000885091 0.000884277 8.14e-07
648 Cora_A.txt 0.000872294 0.000871747 5.47e-07
649 Cora_A.txt 0.000867449 0.000866596 8.53e-07
650 Cora_A.txt 0.000872231 0.000871722 5.09e-07
651 Cora_A.txt 0.000866715 0.000865711 1.004e-06
652 Cora_A.txt 0.000871208 0.000870642 5.66e-07
653 Cora_A.txt 0.000866948 0.000866438 5.1e-07
654 Cora_A.txt 0.000872464 0.000871944 5.2e-07
655 Cora_A.txt 0.000865432 0.000864892 5.4e-07
656 Cora_A.txt 0.000811147 0.000810664 4.83e-07
657 Cora_A.txt 0.000807137 0.000806461 6.76e-07
658 Cora_A.txt 0.000817034 0.000816266 7.68e-07
659 Cora_A.txt 0.00081114 0.000810439 7.01e-07
660 Cora_A.txt 0.000810047 0.000809303 7.44e-07
661 Cora_A.txt 0.000806321 0.000805489 8.32e-07
662 Cora_A.txt 0.000809198 0.000808385 8.13e-07
663 Cora_A.txt 0.000802958 0.000802028 9.3e-07
664 Cora_A.txt 0.000809513 0.000808926 5.87e-07
665 Cora_A.txt 0.000805644 0.000805045 5.99e-07
666 Cora_A.txt 0.000812145 0.000811059 1.086e-06
667 Cora_A.txt 0.000805503 0.000804617 8.86e-07
668 Cora_A.txt 0.000808517 0.000807571 9.46e-07
669 Cora_A.txt 0.000803855 0.000803084 7.71e-07
670 Cora_A.txt 0.000810683 0.00081002 6.63e-07
671 Cora_A.txt 0.000804234 0.00080334 8.94e-07
672 Cora_A.txt 0.000868871 0.000867803 1.068e-06
673 Cora_A.txt 0.00086464 0.000864035 6.05e-07
674 Cora_A.txt 0.000874926 0.000873905 1.021e-06
675 Cora_A.txt 0.000868695 0.000868016 6.79e-07
676 Cora_A.txt 0.00088327 0.000882599 6.71e-07
677 Cora_A.txt 0.000879069 0.00087819 8.79e-07
678 Cora_A.txt 0.000884253 0.000883613 6.4e-07
679 Cora_A.txt 0.000876842 0.000876085 7.57e-07
680 Cora_A.txt 0.000872169 0.000871487 6.82e-07
681 Cora_A.txt 0.00086762 0.000867124 4.96e-07
682 Cora_A.txt 0.000866403 0.000866029 3.74e-07
683 Cora_A.txt 0.000860133 0.000859432 7.01e-07
684 Cora_A.txt 0.000881406 0.000880851 5.55e-07
685 Cora_A.txt 0.000875699 0.000875046 6.53e-07
686 Cora_A.txt 0.000864761 0.000864241 5.2e-07
687 Cora_A.txt 0.000858045 0.000857374 6.71e-07
688 Cora_A.txt 0.000899906 0.000898447 1.459e-06
689 Cora_A.txt 0.000894535 0.000894013 5.22e-07
690 Cora_A.txt 0.000903784 0.000903082 7.02e-07
691 Cora_A.txt 0.000895763 0.000895015 7.48e-07
692 Cora_A.txt 0.000895402 0.000894862 5.4e-07
693 Cora_A.txt 0.000890179 0.00088968 4.99e-07
694 Cora_A.txt 0.000898684 0.000897858 8.26e-07
695 Cora_A.txt 0.000891283 0.00089031 9.73e-07
696 Cora_A.txt 0.00087332 0.000872738 5.82e-07
697 Cora_A.txt 0.000869307 0.000868402 9.05e-07
698 Cora_A.txt 0.000862431 0.000861783 6.48e-07
699 Cora_A.txt 0.000855951 0.000855311 6.4e-07
700 Cora_A.txt 0.000880635 0.000879859 7.76e-07
701 Cora_A.txt 0.000878183 0.000875448 2.735e-06
702 Cora_A.txt 0.000861627 0.000861297 3.3e-07
703 Cora_A.txt 0.000855015 0.000854013 1.002e-06
704 Cora_A.txt 0.000805527 0.00080491 6.17e-07
705 Cora_A.txt 0.000801333 0.000800789 5.44e-07
706 Cora_A.txt 0.00083159 0.000831065 5.25e-07
707 Cora_A.txt 0.000825885 0.000825299 5.86e-07
708 Cora_A.txt 0.000812784 0.00081225 5.34e-07
709 Cora_A.txt 0.000808719 0.00080809 6.29e-07
710 Cora_A.txt 0.000803425 0.000802961 4.64e-07
711 Cora_A.txt 0.000795648 0.000795133 5.15e-07
712 Cora_A.txt 0.000825042 0.000824422 6.2e-07
713 Cora_A.txt 0.000821899 0.000820744 1.155e-06
714 Cora_A.txt 0.0007996 0.00079879 8.1e-07
715 Cora_A.txt 0.000793361 0.000792701 6.6e-07
716 Cora_A.txt 0.000797775 0.000797049 7.26e-07
717 Cora_A.txt 0.000792738 0.000792295 4.43e-07
718 Cora_A.txt 0.000799867 0.000799187 6.8e-07
719 Cora_A.txt 0.000793977 0.000793106 8.71e-07
720 Cora_A.txt 0.000870079 0.000869475 6.04e-07
721 Cora_A.txt 0.000866396 0.000865869 5.27e-07
722 Cora_A.txt 0.000873892 0.000873296 5.96e-07
723 Cora_A.txt 0.000867409 0.000866866 5.43e-07
724 Cora_A.txt 0.000869864 0.000869307 5.57e-07
725 Cora_A.txt 0.000865739 0.000865252 4.87e-07
726 Cora_A.txt 0.000870956 0.000870371 5.85e-07
727 Cora_A.txt 0.000865429 0.000864792 6.37e-07
728 Cora_A.txt 0.000859126 0.000858416 7.1e-07
729 Cora_A.txt 0.000854025 0.00085311 9.15e-07
730 Cora_A.txt 0.000860432 0.000859797 6.35e-07
731 Cora_A.txt 0.000853894 0.00085329 6.04e-07
732 Cora_A.txt 0.000859418 0.000858848 5.7e-07
733 Cora_A.txt 0.000855412 0.000854727 6.85e-07
734 Cora_A.txt 0.000858319 0.000857709 6.1e-07
735 Cora_A.txt 0.000852022 0.000851251 7.71e-07
736 Cora_A.txt 0.00088379 0.00088329 5e-07
737 Cora_A.txt 0.000879852 0.000879397 4.55e-07
738 Cora_A.txt 0.000887568 0.000886934 6.34e-07
739 Cora_A.txt 0.000880186 0.000879483 7.03e-07
740 Cora_A.txt 0.000884253 0.000883644 6.09e-07
741 Cora_A.txt 0.000880291 0.000879357 9.34e-07
742 Cora_A.txt 0.00088377 0.000883338 4.32e-07
743 Cora_A.txt 0.000878325 0.000876911 1.414e-06
744 Cora_A.txt 0.000870216 0.000869538 6.78e-07
745 Cora_A.txt 0.000865497 0.000864601 8.96e-07
746 Cora_A.txt 0.000867336 0.000866801 5.35e-07
747 Cora_A.txt 0.000861044 0.000860207 8.37e-07
748 Cora_A.txt 0.000865636 0.000865104 5.32e-07
749 Cora_A.txt 0.000861758 0.000861157 6.01e-07
750 Cora_A.txt 0.000865463 0.00086479 6.73e-07
751 Cora_A.txt 0.000859037 0.000858288 7.49e-07
752 Cora_A.txt 0.00080375 0.000803291 4.59e-07
753 Cora_A.txt 0.000799211 0.000798654 5.57e-07
754 Cora_A.txt 0.000805903 0.000805133 7.7e-07
755 Cora_A.txt 0.000799197 0.000798255 9.42e-07
756 Cora_A.txt 0.000809244 0.000808621 6.23e-07
757 Cora_A.txt 0.000805317 0.000804619 6.98e-07
758 Cora_A.txt 0.000804213 0.000803686 5.27e-07
759 Cora_A.txt 0.000797747 0.000796795 9.52e-07
760 Cora_A.txt 0.000807298 0.000806766 5.32e-07
761 Cora_A.txt 0.000803665 0.000803191 4.74e-07
762 Cora_A.txt 0.000817113 0.000816508 6.05e-07
763 Cora_A.txt 0.000810605 0.000809666 9.39e-07
764 Cora_A.txt 0.000801864 0.000801191 6.73e-07
765 Cora_A.txt 0.000798 0.000797268 7.32e-07
766 Cora_A.txt 0.000801024 0.000800563 4.61e-07
767 Cora_A.txt 0.000825964 0.000794738 3.1226e-05
TACC:  Shutdown complete. Exiting. 
