TACC:  Starting up job 10024616 
TACC:  Starting parallel tasks... 
0 Reddit_feat_L2.txt 0.00199152 0.00175578 0.00023574
1 Reddit_feat_L2.txt 0.00154818 0.00133671 0.000211465
2 Reddit_feat_L2.txt 0.00226613 0.00203637 0.000229758
3 Reddit_feat_L2.txt 0.00153268 0.00129069 0.000241986
4 Reddit_feat_L2.txt 0.00217997 0.00196373 0.000216231
5 Reddit_feat_L2.txt 0.00164587 0.00144415 0.000201721
6 Reddit_feat_L2.txt 0.00223678 0.00204162 0.000195156
7 Reddit_feat_L2.txt 0.00139391 0.00119766 0.000196253
8 Reddit_feat_L2.txt 0.00241237 0.0021722 0.000240175
9 Reddit_feat_L2.txt 0.00170067 0.00143829 0.00026238
10 Reddit_feat_L2.txt 0.00233398 0.00218689 0.000147094
11 Reddit_feat_L2.txt 0.00134258 0.00118817 0.000154412
12 Reddit_feat_L2.txt 0.00210589 0.00187938 0.000226511
13 Reddit_feat_L2.txt 0.00147172 0.00134351 0.000128215
14 Reddit_feat_L2.txt 0.00217262 0.00202132 0.000151298
15 Reddit_feat_L2.txt 0.00137079 0.00119368 0.000177113
16 Reddit_feat_L2.txt 0.00229829 0.00214139 0.000156907
17 Reddit_feat_L2.txt 0.00167184 0.00145524 0.000216601
18 Reddit_feat_L2.txt 0.0025147 0.00224861 0.000266084
19 Reddit_feat_L2.txt 0.00147905 0.00117946 0.00029959
20 Reddit_feat_L2.txt 0.00278861 0.00251359 0.000275018
21 Reddit_feat_L2.txt 0.00151116 0.00134286 0.000168302
22 Reddit_feat_L2.txt 0.00230508 0.00218623 0.000118845
23 Reddit_feat_L2.txt 0.00134702 0.00117665 0.000170369
24 Reddit_feat_L2.txt 0.0022638 0.00216751 9.6294e-05
25 Reddit_feat_L2.txt 0.00141126 0.00129543 0.000115825
26 Reddit_feat_L2.txt 0.00240382 0.00212369 0.000280128
27 Reddit_feat_L2.txt 0.00149039 0.00119493 0.000295458
28 Reddit_feat_L2.txt 0.00246951 0.0021677 0.000301814
29 Reddit_feat_L2.txt 0.00172813 0.00142859 0.000299538
30 Reddit_feat_L2.txt 0.00255104 0.00224954 0.000301508
31 Reddit_feat_L2.txt 0.00150308 0.00120472 0.000298365
32 Reddit_feat_L2.txt 0.00245236 0.00215094 0.000301421
33 Reddit_feat_L2.txt 0.00162206 0.00136139 0.000260669
34 Reddit_feat_L2.txt 0.00193955 0.00182343 0.000116115
35 Reddit_feat_L2.txt 0.00124897 0.00115619 9.278e-05
36 Reddit_feat_L2.txt 0.00215689 0.00195895 0.000197933
37 Reddit_feat_L2.txt 0.00147572 0.00133721 0.000138513
38 Reddit_feat_L2.txt 0.00239784 0.0021546 0.000243237
39 Reddit_feat_L2.txt 0.00149232 0.00119193 0.000300396
40 Reddit_feat_L2.txt 0.00238153 0.00208152 0.000300006
41 Reddit_feat_L2.txt 0.00164202 0.00134246 0.000299559
42 Reddit_feat_L2.txt 0.0023814 0.00208161 0.000299787
43 Reddit_feat_L2.txt 0.00156211 0.00126147 0.000300641
44 Reddit_feat_L2.txt 0.00236407 0.0020647 0.000299377
45 Reddit_feat_L2.txt 0.00162444 0.00132259 0.00030184
46 Reddit_feat_L2.txt 0.00251979 0.00221887 0.000300919
47 Reddit_feat_L2.txt 0.00156214 0.00126351 0.000298632
48 Reddit_feat_L2.txt 0.00218088 0.00188065 0.000300229
49 Reddit_feat_L2.txt 0.00161525 0.00130939 0.000305868
50 Reddit_feat_L2.txt 0.00227678 0.00203358 0.000243199
51 Reddit_feat_L2.txt 0.00131207 0.00117878 0.000133291
52 Reddit_feat_L2.txt 0.00212453 0.00204426 8.0265e-05
53 Reddit_feat_L2.txt 0.001617 0.00143565 0.00018135
54 Reddit_feat_L2.txt 0.00237755 0.00211569 0.000261856
55 Reddit_feat_L2.txt 0.00139816 0.00119961 0.000198552
56 Reddit_feat_L2.txt 0.00225288 0.00215741 9.5466e-05
57 Reddit_feat_L2.txt 0.00151831 0.00142145 9.6855e-05
58 Reddit_feat_L2.txt 0.00241452 0.00213112 0.000283401
59 Reddit_feat_L2.txt 0.00157697 0.00128417 0.000292807
60 Reddit_feat_L2.txt 0.00233505 0.0020528 0.000282247
61 Reddit_feat_L2.txt 0.00154337 0.00126071 0.000282653
62 Reddit_feat_L2.txt 0.00249684 0.00238978 0.000107064
63 Reddit_feat_L2.txt 0.0012887 0.00117873 0.000109976
64 Reddit_feat_L2.txt 0.00190072 0.00176946 0.000131263
65 Reddit_feat_L2.txt 0.00143094 0.00134738 8.3564e-05
66 Reddit_feat_L2.txt 0.00215292 0.00203082 0.000122102
67 Reddit_feat_L2.txt 0.0013159 0.0012402 7.5699e-05
68 Reddit_feat_L2.txt 0.00191524 0.00180091 0.000114326
69 Reddit_feat_L2.txt 0.00143564 0.00133357 0.000102076
70 Reddit_feat_L2.txt 0.00212998 0.00205344 7.6542e-05
71 Reddit_feat_L2.txt 0.00135286 0.00126503 8.7826e-05
72 Reddit_feat_L2.txt 0.00235601 0.00226789 8.8123e-05
73 Reddit_feat_L2.txt 0.001508 0.00142024 8.7758e-05
74 Reddit_feat_L2.txt 0.0021812 0.00213435 4.6856e-05
75 Reddit_feat_L2.txt 0.00131653 0.00126295 5.3581e-05
76 Reddit_feat_L2.txt 0.00200724 0.00191747 8.9769e-05
77 Reddit_feat_L2.txt 0.00146801 0.00132475 0.000143253
78 Reddit_feat_L2.txt 0.00245673 0.00224086 0.000215872
79 Reddit_feat_L2.txt 0.00132659 0.00111514 0.000211452
80 Reddit_feat_L2.txt 0.00222851 0.00207201 0.000156506
81 Reddit_feat_L2.txt 0.0014508 0.00139091 5.9886e-05
82 Reddit_feat_L2.txt 0.00226634 0.00215624 0.000110105
83 Reddit_feat_L2.txt 0.00128673 0.00121768 6.9057e-05
84 Reddit_feat_L2.txt 0.00234857 0.00221268 0.000135888
85 Reddit_feat_L2.txt 0.00149073 0.00137809 0.000112641
86 Reddit_feat_L2.txt 0.00219715 0.0021115 8.5642e-05
87 Reddit_feat_L2.txt 0.00125449 0.00119875 5.5738e-05
88 Reddit_feat_L2.txt 0.00219233 0.0021131 7.9226e-05
89 Reddit_feat_L2.txt 0.0015153 0.00142682 8.8479e-05
90 Reddit_feat_L2.txt 0.00228242 0.00216342 0.000119002
91 Reddit_feat_L2.txt 0.00127516 0.00120133 7.3825e-05
92 Reddit_feat_L2.txt 0.00238054 0.00226026 0.000120283
93 Reddit_feat_L2.txt 0.00176702 0.00146109 0.000305932
94 Reddit_feat_L2.txt 0.00259156 0.00229123 0.000300329
95 Reddit_feat_L2.txt 0.00154937 0.00124998 0.00029939
96 Reddit_feat_L2.txt 0.00224754 0.00194455 0.000302998
97 Reddit_feat_L2.txt 0.00165708 0.00137468 0.000282406
98 Reddit_feat_L2.txt 0.00216467 0.0019307 0.000233968
99 Reddit_feat_L2.txt 0.00154576 0.00124108 0.000304684
100 Reddit_feat_L2.txt 0.0022375 0.00193826 0.000299244
101 Reddit_feat_L2.txt 0.00170159 0.00140206 0.000299524
102 Reddit_feat_L2.txt 0.0024494 0.00220274 0.000246654
103 Reddit_feat_L2.txt 0.00151447 0.00121978 0.000294694
104 Reddit_feat_L2.txt 0.0022821 0.00215067 0.000131423
105 Reddit_feat_L2.txt 0.00155611 0.00141875 0.000137361
106 Reddit_feat_L2.txt 0.00235367 0.0021946 0.000159065
107 Reddit_feat_L2.txt 0.00143991 0.00128282 0.000157088
108 Reddit_feat_L2.txt 0.00242258 0.00229528 0.000127295
109 Reddit_feat_L2.txt 0.00147147 0.00140268 6.879e-05
110 Reddit_feat_L2.txt 0.00231325 0.00222355 8.9699e-05
111 Reddit_feat_L2.txt 0.00137137 0.0012489 0.000122462
112 Reddit_feat_L2.txt 0.00212772 0.00199552 0.000132198
113 Reddit_feat_L2.txt 0.00149581 0.00142824 6.7573e-05
114 Reddit_feat_L2.txt 0.00206264 0.00196705 9.5589e-05
115 Reddit_feat_L2.txt 0.00135924 0.00125795 0.000101293
116 Reddit_feat_L2.txt 0.00233575 0.00223478 0.000100974
117 Reddit_feat_L2.txt 0.00151066 0.00143052 8.0142e-05
118 Reddit_feat_L2.txt 0.00220863 0.00213136 7.7277e-05
119 Reddit_feat_L2.txt 0.00137424 0.00125588 0.000118361
120 Reddit_feat_L2.txt 0.00227205 0.00220012 7.1929e-05
121 Reddit_feat_L2.txt 0.00146652 0.00138494 8.1584e-05
122 Reddit_feat_L2.txt 0.00224377 0.00213053 0.00011324
123 Reddit_feat_L2.txt 0.0013593 0.0012616 9.7696e-05
124 Reddit_feat_L2.txt 0.00224695 0.00216365 8.3305e-05
125 Reddit_feat_L2.txt 0.00144625 0.00138281 6.3439e-05
126 Reddit_feat_L2.txt 0.00244398 0.00238695 5.7039e-05
127 Reddit_feat_L2.txt 0.00136992 0.00128695 8.2976e-05
128 Reddit_feat_L2.txt 0.00193335 0.00185989 7.346e-05
129 Reddit_feat_L2.txt 0.00146763 0.00139416 7.3471e-05
130 Reddit_feat_L2.txt 0.00209339 0.00202404 6.9348e-05
131 Reddit_feat_L2.txt 0.00133755 0.00124145 9.6102e-05
132 Reddit_feat_L2.txt 0.00196849 0.00188766 8.0823e-05
133 Reddit_feat_L2.txt 0.00150975 0.00142533 8.4415e-05
134 Reddit_feat_L2.txt 0.00213884 0.00206565 7.3186e-05
135 Reddit_feat_L2.txt 0.00133206 0.00126264 6.9421e-05
136 Reddit_feat_L2.txt 0.0023434 0.0022408 0.000102605
137 Reddit_feat_L2.txt 0.00146534 0.00141104 5.4297e-05
138 Reddit_feat_L2.txt 0.00230559 0.00216899 0.000136603
139 Reddit_feat_L2.txt 0.00132338 0.00125997 6.3412e-05
140 Reddit_feat_L2.txt 0.00209907 0.00200187 9.7201e-05
141 Reddit_feat_L2.txt 0.00154398 0.00141198 0.000131998
142 Reddit_feat_L2.txt 0.00223617 0.00214827 8.7903e-05
143 Reddit_feat_L2.txt 0.00133108 0.00122512 0.000105954
144 Reddit_feat_L2.txt 0.00221796 0.00213816 7.98e-05
145 Reddit_feat_L2.txt 0.00138752 0.00131074 7.6787e-05
146 Reddit_feat_L2.txt 0.00228388 0.00220963 7.4246e-05
147 Reddit_feat_L2.txt 0.00119698 0.00112263 7.4358e-05
148 Reddit_feat_L2.txt 0.00253057 0.00244586 8.4716e-05
149 Reddit_feat_L2.txt 0.00147089 0.00140132 6.9576e-05
150 Reddit_feat_L2.txt 0.00235861 0.00225361 0.000104995
151 Reddit_feat_L2.txt 0.00120896 0.00113608 7.2877e-05
152 Reddit_feat_L2.txt 0.00221084 0.00215066 6.0176e-05
153 Reddit_feat_L2.txt 0.00155137 0.0014981 5.3276e-05
154 Reddit_feat_L2.txt 0.00212086 0.0020627 5.8161e-05
155 Reddit_feat_L2.txt 0.00126188 0.00119639 6.5489e-05
156 Reddit_feat_L2.txt 0.00217303 0.00210642 6.6605e-05
157 Reddit_feat_L2.txt 0.00141289 0.00134191 7.0982e-05
158 Reddit_feat_L2.txt 0.00227884 0.00222854 5.0299e-05
159 Reddit_feat_L2.txt 0.00127041 0.00118343 8.6979e-05
160 Reddit_feat_L2.txt 0.00225529 0.00220122 5.4068e-05
161 Reddit_feat_L2.txt 0.001523 0.00144737 7.5631e-05
162 Reddit_feat_L2.txt 0.0019061 0.00182263 8.3467e-05
163 Reddit_feat_L2.txt 0.00121537 0.00108544 0.000129931
164 Reddit_feat_L2.txt 0.0019531 0.00184477 0.00010833
165 Reddit_feat_L2.txt 0.00152568 0.00146637 5.9313e-05
166 Reddit_feat_L2.txt 0.00224783 0.00219332 5.4505e-05
167 Reddit_feat_L2.txt 0.00120571 0.00110006 0.000105644
168 Reddit_feat_L2.txt 0.00199338 0.00193999 5.339e-05
169 Reddit_feat_L2.txt 0.0015466 0.00144985 9.6745e-05
170 Reddit_feat_L2.txt 0.00230479 0.0022459 5.8889e-05
171 Reddit_feat_L2.txt 0.00120747 0.00110496 0.00010251
172 Reddit_feat_L2.txt 0.00215428 0.00209695 5.7326e-05
173 Reddit_feat_L2.txt 0.00146851 0.0013548 0.000113706
174 Reddit_feat_L2.txt 0.00227992 0.00222399 5.5928e-05
175 Reddit_feat_L2.txt 0.00128735 0.00121204 7.5307e-05
176 Reddit_feat_L2.txt 0.00194692 0.00189737 4.9549e-05
177 Reddit_feat_L2.txt 0.00132155 0.00125881 6.2736e-05
178 Reddit_feat_L2.txt 0.00205493 0.00198595 6.8983e-05
179 Reddit_feat_L2.txt 0.00141788 0.0012835 0.000134379
180 Reddit_feat_L2.txt 0.00221956 0.00200212 0.000217442
181 Reddit_feat_L2.txt 0.00147948 0.00139148 8.8e-05
182 Reddit_feat_L2.txt 0.00218808 0.00212446 6.3628e-05
183 Reddit_feat_L2.txt 0.00120604 0.00112017 8.5869e-05
184 Reddit_feat_L2.txt 0.00225751 0.00217717 8.0337e-05
185 Reddit_feat_L2.txt 0.00151 0.00145263 5.737e-05
186 Reddit_feat_L2.txt 0.00222792 0.00215891 6.9012e-05
187 Reddit_feat_L2.txt 0.00127511 0.00120408 7.1025e-05
188 Reddit_feat_L2.txt 0.00216728 0.00210331 6.3968e-05
189 Reddit_feat_L2.txt 0.00144876 0.00137254 7.6217e-05
190 Reddit_feat_L2.txt 0.00229261 0.00217213 0.000120485
191 Reddit_feat_L2.txt 0.00142225 0.00131121 0.00011104
192 Reddit_feat_L2.txt 0.00190285 0.00176864 0.000134212
193 Reddit_feat_L2.txt 0.00145754 0.00140437 5.3171e-05
194 Reddit_feat_L2.txt 0.00203644 0.00197083 6.5613e-05
195 Reddit_feat_L2.txt 0.0012606 0.00118088 7.9721e-05
196 Reddit_feat_L2.txt 0.00200488 0.00187962 0.000125258
197 Reddit_feat_L2.txt 0.00151575 0.00144564 7.0108e-05
198 Reddit_feat_L2.txt 0.00222999 0.00209434 0.000135649
199 Reddit_feat_L2.txt 0.00136745 0.00127115 9.63e-05
200 Reddit_feat_L2.txt 0.0023502 0.00225945 9.0751e-05
201 Reddit_feat_L2.txt 0.00151794 0.00141106 0.000106885
202 Reddit_feat_L2.txt 0.00222638 0.00214073 8.5649e-05
203 Reddit_feat_L2.txt 0.00126087 0.00114597 0.000114897
204 Reddit_feat_L2.txt 0.00200645 0.00194354 6.2917e-05
205 Reddit_feat_L2.txt 0.00147743 0.00142668 5.0745e-05
206 Reddit_feat_L2.txt 0.00239601 0.00227022 0.000125785
207 Reddit_feat_L2.txt 0.00121951 0.00115298 6.6533e-05
208 Reddit_feat_L2.txt 0.002256 0.00220176 5.4235e-05
209 Reddit_feat_L2.txt 0.00140865 0.00135398 5.4675e-05
210 Reddit_feat_L2.txt 0.00227855 0.00222945 4.9096e-05
211 Reddit_feat_L2.txt 0.00125234 0.0011567 9.5644e-05
212 Reddit_feat_L2.txt 0.00232568 0.00227612 4.9556e-05
213 Reddit_feat_L2.txt 0.00141968 0.00137155 4.8132e-05
214 Reddit_feat_L2.txt 0.00217993 0.00213092 4.9008e-05
215 Reddit_feat_L2.txt 0.00125977 0.00117787 8.1899e-05
216 Reddit_feat_L2.txt 0.00215773 0.00211774 3.9991e-05
217 Reddit_feat_L2.txt 0.00152742 0.00148839 3.9022e-05
218 Reddit_feat_L2.txt 0.00247743 0.00238639 9.1032e-05
219 Reddit_feat_L2.txt 0.00127741 0.00122586 5.1549e-05
220 Reddit_feat_L2.txt 0.00229232 0.00223413 5.8183e-05
221 Reddit_feat_L2.txt 0.00138147 0.00134014 4.1331e-05
222 Reddit_feat_L2.txt 0.00254002 0.00249467 4.535e-05
223 Reddit_feat_L2.txt 0.00135089 0.00130047 5.0413e-05
224 Reddit_feat_L2.txt 0.00190355 0.00185699 4.6564e-05
225 Reddit_feat_L2.txt 0.00152017 0.00136549 0.000154685
226 Reddit_feat_L2.txt 0.00201003 0.00193694 7.3097e-05
227 Reddit_feat_L2.txt 0.00129311 0.00123404 5.9073e-05
228 Reddit_feat_L2.txt 0.00187841 0.00183048 4.7931e-05
229 Reddit_feat_L2.txt 0.00149879 0.00145444 4.4356e-05
230 Reddit_feat_L2.txt 0.00215625 0.00210396 5.2291e-05
231 Reddit_feat_L2.txt 0.00121234 0.0011369 7.5439e-05
232 Reddit_feat_L2.txt 0.00200116 0.00194816 5.3e-05
233 Reddit_feat_L2.txt 0.00133717 0.00128909 4.808e-05
234 Reddit_feat_L2.txt 0.00216603 0.0020808 8.5234e-05
235 Reddit_feat_L2.txt 0.00123281 0.00117749 5.5324e-05
236 Reddit_feat_L2.txt 0.00208933 0.00204181 4.7513e-05
237 Reddit_feat_L2.txt 0.00142244 0.00132266 9.978e-05
238 Reddit_feat_L2.txt 0.0022045 0.00211723 8.7263e-05
239 Reddit_feat_L2.txt 0.00125085 0.00115238 9.8468e-05
240 Reddit_feat_L2.txt 0.00203087 0.00196218 6.869e-05
241 Reddit_feat_L2.txt 0.00130816 0.00127148 3.6682e-05
242 Reddit_feat_L2.txt 0.0020801 0.00198759 9.2511e-05
243 Reddit_feat_L2.txt 0.00123764 0.00113194 0.000105697
244 Reddit_feat_L2.txt 0.00210344 0.0020609 4.2541e-05
245 Reddit_feat_L2.txt 0.00155527 0.00148073 7.4537e-05
246 Reddit_feat_L2.txt 0.002235 0.00214516 8.9841e-05
247 Reddit_feat_L2.txt 0.00114639 0.00109258 5.3818e-05
248 Reddit_feat_L2.txt 0.00215919 0.00211698 4.2211e-05
249 Reddit_feat_L2.txt 0.0013401 0.0012711 6.9001e-05
250 Reddit_feat_L2.txt 0.00210559 0.00206085 4.4736e-05
251 Reddit_feat_L2.txt 0.00117173 0.00113045 4.1286e-05
252 Reddit_feat_L2.txt 0.00214599 0.00208854 5.7452e-05
253 Reddit_feat_L2.txt 0.00138261 0.00131081 7.1799e-05
254 Reddit_feat_L2.txt 0.00237024 0.00231073 5.9506e-05
255 Reddit_feat_L2.txt 0.00125862 0.00121923 3.9393e-05
256 Reddit_feat_L2.txt 0.0018761 0.00178165 9.4455e-05
257 Reddit_feat_L2.txt 0.00139034 0.00135021 4.0134e-05
258 Reddit_feat_L2.txt 0.0019191 0.00185927 5.9831e-05
259 Reddit_feat_L2.txt 0.00114106 0.0010624 7.8663e-05
260 Reddit_feat_L2.txt 0.00204329 0.00199396 4.9332e-05
261 Reddit_feat_L2.txt 0.00142992 0.00136018 6.9743e-05
262 Reddit_feat_L2.txt 0.00205195 0.00199211 5.9841e-05
263 Reddit_feat_L2.txt 0.00131357 0.00126427 4.93e-05
264 Reddit_feat_L2.txt 0.00226795 0.00217449 9.3454e-05
265 Reddit_feat_L2.txt 0.0014711 0.00141874 5.2358e-05
266 Reddit_feat_L2.txt 0.00219627 0.00211424 8.203e-05
267 Reddit_feat_L2.txt 0.00125514 0.00118937 6.5768e-05
268 Reddit_feat_L2.txt 0.00197228 0.00185979 0.000112488
269 Reddit_feat_L2.txt 0.00144616 0.00134859 9.7574e-05
270 Reddit_feat_L2.txt 0.00210854 0.00202527 8.3271e-05
271 Reddit_feat_L2.txt 0.00134266 0.00126062 8.2045e-05
272 Reddit_feat_L2.txt 0.0022314 0.00216384 6.7552e-05
273 Reddit_feat_L2.txt 0.00149767 0.0014212 7.6469e-05
274 Reddit_feat_L2.txt 0.00229151 0.00225826 3.3247e-05
275 Reddit_feat_L2.txt 0.00129675 0.00125787 3.8878e-05
276 Reddit_feat_L2.txt 0.00258646 0.00249044 9.6022e-05
277 Reddit_feat_L2.txt 0.00150285 0.00144652 5.6332e-05
278 Reddit_feat_L2.txt 0.00218971 0.00213767 5.2031e-05
279 Reddit_feat_L2.txt 0.00120771 0.00117081 3.6892e-05
280 Reddit_feat_L2.txt 0.00213288 0.00206471 6.8174e-05
281 Reddit_feat_L2.txt 0.00130454 0.00124785 5.6697e-05
282 Reddit_feat_L2.txt 0.00234086 0.00225217 8.8692e-05
283 Reddit_feat_L2.txt 0.00120715 0.00116228 4.4864e-05
284 Reddit_feat_L2.txt 0.00229853 0.00225213 4.6404e-05
285 Reddit_feat_L2.txt 0.0013549 0.00131214 4.2759e-05
286 Reddit_feat_L2.txt 0.00244581 0.00236198 8.3838e-05
287 Reddit_feat_L2.txt 0.00122284 0.00116983 5.3008e-05
288 Reddit_feat_L2.txt 0.00221082 0.00213583 7.498e-05
289 Reddit_feat_L2.txt 0.0015298 0.00143174 9.8056e-05
290 Reddit_feat_L2.txt 0.00191099 0.00184404 6.6955e-05
291 Reddit_feat_L2.txt 0.00121239 0.00117349 3.8897e-05
292 Reddit_feat_L2.txt 0.0020775 0.00203156 4.5938e-05
293 Reddit_feat_L2.txt 0.00149771 0.00142003 7.7684e-05
294 Reddit_feat_L2.txt 0.00218261 0.00213496 4.7655e-05
295 Reddit_feat_L2.txt 0.00132548 0.00126041 6.5067e-05
296 Reddit_feat_L2.txt 0.0020889 0.00202818 6.072e-05
297 Reddit_feat_L2.txt 0.0013981 0.00134107 5.7025e-05
298 Reddit_feat_L2.txt 0.00223315 0.00219225 4.0896e-05
299 Reddit_feat_L2.txt 0.00131467 0.00121106 0.000103616
300 Reddit_feat_L2.txt 0.00232542 0.00218527 0.000140158
301 Reddit_feat_L2.txt 0.00137562 0.00133145 4.4169e-05
302 Reddit_feat_L2.txt 0.00222245 0.00214347 7.8975e-05
303 Reddit_feat_L2.txt 0.00126632 0.00121625 5.007e-05
304 Reddit_feat_L2.txt 0.00201028 0.00191324 9.7039e-05
305 Reddit_feat_L2.txt 0.00153584 0.00142418 0.000111665
306 Reddit_feat_L2.txt 0.00216503 0.00199691 0.000168113
307 Reddit_feat_L2.txt 0.00128273 0.00122102 6.1711e-05
308 Reddit_feat_L2.txt 0.00216047 0.00211634 4.413e-05
309 Reddit_feat_L2.txt 0.00142927 0.0013823 4.6976e-05
310 Reddit_feat_L2.txt 0.0022106 0.00214595 6.4655e-05
311 Reddit_feat_L2.txt 0.00128953 0.00125616 3.337e-05
312 Reddit_feat_L2.txt 0.00217698 0.00209777 7.9211e-05
313 Reddit_feat_L2.txt 0.00142853 0.00138864 3.988e-05
314 Reddit_feat_L2.txt 0.00217356 0.00212408 4.9474e-05
315 Reddit_feat_L2.txt 0.00150027 0.00130555 0.000194722
316 Reddit_feat_L2.txt 0.0023134 0.00218143 0.000131968
317 Reddit_feat_L2.txt 0.0014385 0.00138396 5.4547e-05
318 Reddit_feat_L2.txt 0.00232291 0.00227759 4.5316e-05
319 Reddit_feat_L2.txt 0.00135879 0.00127376 8.5037e-05
320 Reddit_feat_L2.txt 0.00186824 0.00182405 4.4188e-05
321 Reddit_feat_L2.txt 0.00142653 0.0013801 4.6428e-05
322 Reddit_feat_L2.txt 0.001981 0.00194744 3.3559e-05
323 Reddit_feat_L2.txt 0.00125128 0.00116594 8.5344e-05
324 Reddit_feat_L2.txt 0.00189179 0.00184256 4.9229e-05
325 Reddit_feat_L2.txt 0.00142318 0.00138389 3.9294e-05
326 Reddit_feat_L2.txt 0.00213924 0.00209488 4.4358e-05
327 Reddit_feat_L2.txt 0.00121848 0.0011802 3.828e-05
328 Reddit_feat_L2.txt 0.00222445 0.00218104 4.3416e-05
329 Reddit_feat_L2.txt 0.00146171 0.00141571 4.6003e-05
330 Reddit_feat_L2.txt 0.00223179 0.00219514 3.6653e-05
331 Reddit_feat_L2.txt 0.00130612 0.00126742 3.8708e-05
332 Reddit_feat_L2.txt 0.00200695 0.00195062 5.6333e-05
333 Reddit_feat_L2.txt 0.00145274 0.00141547 3.7271e-05
334 Reddit_feat_L2.txt 0.00232443 0.00219418 0.000130246
335 Reddit_feat_L2.txt 0.00131023 0.00121926 9.0964e-05
336 Reddit_feat_L2.txt 0.00222408 0.00214354 8.054e-05
337 Reddit_feat_L2.txt 0.00151862 0.00146013 5.8491e-05
338 Reddit_feat_L2.txt 0.00220204 0.00214817 5.3864e-05
339 Reddit_feat_L2.txt 0.00131896 0.00124268 7.6275e-05
340 Reddit_feat_L2.txt 0.00220512 0.00216589 3.923e-05
341 Reddit_feat_L2.txt 0.00139755 0.00134037 5.718e-05
342 Reddit_feat_L2.txt 0.00232462 0.00226688 5.774e-05
343 Reddit_feat_L2.txt 0.00117624 0.00112604 5.0197e-05
344 Reddit_feat_L2.txt 0.00218986 0.00214171 4.8144e-05
345 Reddit_feat_L2.txt 0.00142607 0.00138013 4.5936e-05
346 Reddit_feat_L2.txt 0.00213867 0.00210084 3.7826e-05
347 Reddit_feat_L2.txt 0.00119334 0.00113955 5.379e-05
348 Reddit_feat_L2.txt 0.00215631 0.00209998 5.6337e-05
349 Reddit_feat_L2.txt 0.00149458 0.00145347 4.1118e-05
350 Reddit_feat_L2.txt 0.00235302 0.00223559 0.000117431
351 Reddit_feat_L2.txt 0.00132719 0.00117497 0.000152213
352 Reddit_feat_L2.txt 0.0020231 0.00193034 9.2757e-05
353 Reddit_feat_L2.txt 0.00132871 0.00128521 4.3505e-05
354 Reddit_feat_L2.txt 0.00184549 0.00180746 3.8035e-05
355 Reddit_feat_L2.txt 0.00131325 0.00126223 5.1021e-05
356 Reddit_feat_L2.txt 0.0019955 0.00187797 0.000117536
357 Reddit_feat_L2.txt 0.00157131 0.00133465 0.000236662
358 Reddit_feat_L2.txt 0.00226446 0.00214253 0.000121932
359 Reddit_feat_L2.txt 0.00122547 0.00118928 3.6181e-05
360 Reddit_feat_L2.txt 0.00199037 0.00194924 4.113e-05
361 Reddit_feat_L2.txt 0.00136467 0.00128343 8.1238e-05
362 Reddit_feat_L2.txt 0.0024198 0.00224561 0.000174184
363 Reddit_feat_L2.txt 0.00136527 0.00131282 5.2456e-05
364 Reddit_feat_L2.txt 0.00214834 0.00208688 6.1458e-05
365 Reddit_feat_L2.txt 0.00145468 0.00139061 6.4073e-05
366 Reddit_feat_L2.txt 0.00213751 0.00210227 3.524e-05
367 Reddit_feat_L2.txt 0.00127774 0.00123794 3.9799e-05
368 Reddit_feat_L2.txt 0.00195731 0.00189783 5.9484e-05
369 Reddit_feat_L2.txt 0.00148459 0.00142667 5.7923e-05
370 Reddit_feat_L2.txt 0.00195207 0.00191559 3.6481e-05
371 Reddit_feat_L2.txt 0.00129115 0.00125829 3.2862e-05
372 Reddit_feat_L2.txt 0.00227489 0.00223623 3.8656e-05
373 Reddit_feat_L2.txt 0.00148749 0.00144473 4.2764e-05
374 Reddit_feat_L2.txt 0.00218919 0.00211387 7.532e-05
375 Reddit_feat_L2.txt 0.00121596 0.00116772 4.8239e-05
376 Reddit_feat_L2.txt 0.00235069 0.0021894 0.000161291
377 Reddit_feat_L2.txt 0.00144842 0.00137871 6.9706e-05
378 Reddit_feat_L2.txt 0.00214901 0.00210103 4.7979e-05
379 Reddit_feat_L2.txt 0.001244 0.00118464 5.9364e-05
380 Reddit_feat_L2.txt 0.00213798 0.00208573 5.2246e-05
381 Reddit_feat_L2.txt 0.00136642 0.0013196 4.6822e-05
382 Reddit_feat_L2.txt 0.00236203 0.00225262 0.000109401
383 Reddit_feat_L2.txt 0.00128316 0.00117951 0.000103645
384 Reddit_feat_L2.txt 0.00193278 0.00177248 0.000160298
385 Reddit_feat_L2.txt 0.00139847 0.00135558 4.2887e-05
386 Reddit_feat_L2.txt 0.00200232 0.00195881 4.3509e-05
387 Reddit_feat_L2.txt 0.00122833 0.00115168 7.6653e-05
388 Reddit_feat_L2.txt 0.00196917 0.00186152 0.000107652
389 Reddit_feat_L2.txt 0.00136031 0.00127905 8.1261e-05
390 Reddit_feat_L2.txt 0.00206869 0.00202482 4.387e-05
391 Reddit_feat_L2.txt 0.00114965 0.00111529 3.4361e-05
392 Reddit_feat_L2.txt 0.00229602 0.00221874 7.7282e-05
393 Reddit_feat_L2.txt 0.00153626 0.0013694 0.000166861
394 Reddit_feat_L2.txt 0.00222107 0.00216016 6.0907e-05
395 Reddit_feat_L2.txt 0.00123787 0.00117746 6.0416e-05
396 Reddit_feat_L2.txt 0.00207561 0.00196589 0.000109719
397 Reddit_feat_L2.txt 0.00146079 0.00139924 6.1542e-05
398 Reddit_feat_L2.txt 0.0020703 0.00202376 4.6546e-05
399 Reddit_feat_L2.txt 0.00126889 0.00123473 3.416e-05
400 Reddit_feat_L2.txt 0.00217772 0.00212385 5.3872e-05
401 Reddit_feat_L2.txt 0.00143192 0.00136596 6.5963e-05
402 Reddit_feat_L2.txt 0.00212926 0.00208736 4.1907e-05
403 Reddit_feat_L2.txt 0.00121515 0.00116915 4.6004e-05
404 Reddit_feat_L2.txt 0.00247068 0.00242238 4.8293e-05
405 Reddit_feat_L2.txt 0.00145941 0.00142852 3.0888e-05
406 Reddit_feat_L2.txt 0.00235107 0.00231351 3.7559e-05
407 Reddit_feat_L2.txt 0.00124012 0.00117844 6.168e-05
408 Reddit_feat_L2.txt 0.0021676 0.00212782 3.9784e-05
409 Reddit_feat_L2.txt 0.00138921 0.00133492 5.4294e-05
410 Reddit_feat_L2.txt 0.00213515 0.0020807 5.4442e-05
411 Reddit_feat_L2.txt 0.00128132 0.00118023 0.000101085
412 Reddit_feat_L2.txt 0.0022952 0.0021143 0.000180895
413 Reddit_feat_L2.txt 0.00140484 0.00130794 9.6892e-05
414 Reddit_feat_L2.txt 0.00245328 0.00235704 9.6234e-05
415 Reddit_feat_L2.txt 0.00128874 0.00123252 5.6222e-05
416 Reddit_feat_L2.txt 0.00212099 0.00205959 6.1395e-05
417 Reddit_feat_L2.txt 0.00146049 0.00136218 9.8313e-05
418 Reddit_feat_L2.txt 0.00201596 0.0018942 0.000121759
419 Reddit_feat_L2.txt 0.00119768 0.00113179 6.5893e-05
420 Reddit_feat_L2.txt 0.00195706 0.00188285 7.421e-05
421 Reddit_feat_L2.txt 0.00144599 0.00133477 0.000111221
422 Reddit_feat_L2.txt 0.00224551 0.00215562 8.9885e-05
423 Reddit_feat_L2.txt 0.00129719 0.00120808 8.9103e-05
424 Reddit_feat_L2.txt 0.00211731 0.00206289 5.4413e-05
425 Reddit_feat_L2.txt 0.00144504 0.00139407 5.0972e-05
426 Reddit_feat_L2.txt 0.00221411 0.00215469 5.9419e-05
427 Reddit_feat_L2.txt 0.00125006 0.00118313 6.6932e-05
428 Reddit_feat_L2.txt 0.00224512 0.00219496 5.0164e-05
429 Reddit_feat_L2.txt 0.00155941 0.00151053 4.8878e-05
430 Reddit_feat_L2.txt 0.00236157 0.00229932 6.2249e-05
431 Reddit_feat_L2.txt 0.00121814 0.00118505 3.3097e-05
432 Reddit_feat_L2.txt 0.00206115 0.00198706 7.4089e-05
433 Reddit_feat_L2.txt 0.001409 0.00136858 4.0423e-05
434 Reddit_feat_L2.txt 0.0021381 0.00204016 9.7945e-05
435 Reddit_feat_L2.txt 0.00128407 0.0012489 3.5168e-05
436 Reddit_feat_L2.txt 0.00222868 0.00217185 5.6833e-05
437 Reddit_feat_L2.txt 0.00141851 0.00137805 4.046e-05
438 Reddit_feat_L2.txt 0.00224359 0.00213218 0.000111414
439 Reddit_feat_L2.txt 0.00130029 0.00126993 3.0362e-05
440 Reddit_feat_L2.txt 0.00226554 0.00213087 0.000134666
441 Reddit_feat_L2.txt 0.001476 0.00142451 5.1491e-05
442 Reddit_feat_L2.txt 0.0022425 0.00220249 4.0002e-05
443 Reddit_feat_L2.txt 0.001303 0.00126133 4.1668e-05
444 Reddit_feat_L2.txt 0.00219321 0.0021359 5.731e-05
445 Reddit_feat_L2.txt 0.00147663 0.00144414 3.2493e-05
446 Reddit_feat_L2.txt 0.00235774 0.00232264 3.5102e-05
447 Reddit_feat_L2.txt 0.00129155 0.00125501 3.6539e-05
448 Reddit_feat_L2.txt 0.00186912 0.00182387 4.5253e-05
449 Reddit_feat_L2.txt 0.00162242 0.00141273 0.00020969
450 Reddit_feat_L2.txt 0.00212647 0.00197091 0.000155563
451 Reddit_feat_L2.txt 0.00126122 0.00121696 4.4256e-05
452 Reddit_feat_L2.txt 0.0019263 0.00189115 3.5147e-05
453 Reddit_feat_L2.txt 0.00141394 0.00136659 4.7343e-05
454 Reddit_feat_L2.txt 0.00215087 0.0021077 4.317e-05
455 Reddit_feat_L2.txt 0.00125647 0.00122323 3.3247e-05
456 Reddit_feat_L2.txt 0.00231336 0.0022705 4.2862e-05
457 Reddit_feat_L2.txt 0.00146967 0.00141941 5.0261e-05
458 Reddit_feat_L2.txt 0.00220293 0.00215407 4.8862e-05
459 Reddit_feat_L2.txt 0.00130371 0.00125434 4.937e-05
460 Reddit_feat_L2.txt 0.00202588 0.00199167 3.421e-05
461 Reddit_feat_L2.txt 0.00142663 0.00139123 3.5395e-05
462 Reddit_feat_L2.txt 0.00237531 0.00229338 8.193e-05
463 Reddit_feat_L2.txt 0.00131321 0.00122185 9.1364e-05
464 Reddit_feat_L2.txt 0.00231049 0.00223912 7.1368e-05
465 Reddit_feat_L2.txt 0.00147581 0.00142842 4.7396e-05
466 Reddit_feat_L2.txt 0.00227309 0.00222708 4.6009e-05
467 Reddit_feat_L2.txt 0.00129697 0.0012558 4.1172e-05
468 Reddit_feat_L2.txt 0.0022729 0.00221309 5.9807e-05
469 Reddit_feat_L2.txt 0.00140191 0.00136567 3.624e-05
470 Reddit_feat_L2.txt 0.00230504 0.00225698 4.8064e-05
471 Reddit_feat_L2.txt 0.00124926 0.00119778 5.1477e-05
472 Reddit_feat_L2.txt 0.00227458 0.0022162 5.8383e-05
473 Reddit_feat_L2.txt 0.00141839 0.00136982 4.8568e-05
474 Reddit_feat_L2.txt 0.00254474 0.00250766 3.7075e-05
475 Reddit_feat_L2.txt 0.00135964 0.00124726 0.00011238
476 Reddit_feat_L2.txt 0.00229102 0.00223982 5.1206e-05
477 Reddit_feat_L2.txt 0.00146456 0.00142504 3.9516e-05
478 Reddit_feat_L2.txt 0.00261301 0.00253238 8.0633e-05
479 Reddit_feat_L2.txt 0.00124325 0.0012048 3.845e-05
480 Reddit_feat_L2.txt 0.00198647 0.00193861 4.7853e-05
481 Reddit_feat_L2.txt 0.00144291 0.00140926 3.3643e-05
482 Reddit_feat_L2.txt 0.00196117 0.00191973 4.1441e-05
483 Reddit_feat_L2.txt 0.00131719 0.00126046 5.6729e-05
484 Reddit_feat_L2.txt 0.00211185 0.00192411 0.000187742
485 Reddit_feat_L2.txt 0.00139688 0.001355 4.1879e-05
486 Reddit_feat_L2.txt 0.00227817 0.00218557 9.2601e-05
487 Reddit_feat_L2.txt 0.00125121 0.00120566 4.5557e-05
488 Reddit_feat_L2.txt 0.00206344 0.00202257 4.0867e-05
489 Reddit_feat_L2.txt 0.0014468 0.00139517 5.163e-05
490 Reddit_feat_L2.txt 0.00224943 0.00221295 3.6482e-05
491 Reddit_feat_L2.txt 0.00136785 0.0012767 9.1147e-05
492 Reddit_feat_L2.txt 0.00219023 0.00215058 3.964e-05
493 Reddit_feat_L2.txt 0.00142425 0.00139006 3.419e-05
494 Reddit_feat_L2.txt 0.00225468 0.00222026 3.4424e-05
495 Reddit_feat_L2.txt 0.0012208 0.00118065 4.015e-05
496 Reddit_feat_L2.txt 0.00203264 0.00198171 5.0927e-05
497 Reddit_feat_L2.txt 0.00146413 0.00141408 5.0049e-05
498 Reddit_feat_L2.txt 0.00206869 0.00201122 5.7466e-05
499 Reddit_feat_L2.txt 0.00124368 0.00117598 6.77e-05
500 Reddit_feat_L2.txt 0.00231355 0.00223291 8.0639e-05
501 Reddit_feat_L2.txt 0.00145955 0.00141829 4.126e-05
502 Reddit_feat_L2.txt 0.00222508 0.00217267 5.2414e-05
503 Reddit_feat_L2.txt 0.00130485 0.00127032 3.4528e-05
504 Reddit_feat_L2.txt 0.00227147 0.0021537 0.000117776
505 Reddit_feat_L2.txt 0.00146567 0.00142246 4.321e-05
506 Reddit_feat_L2.txt 0.00218042 0.00214148 3.8934e-05
507 Reddit_feat_L2.txt 0.00125566 0.00121096 4.4699e-05
508 Reddit_feat_L2.txt 0.00211585 0.00207487 4.0972e-05
509 Reddit_feat_L2.txt 0.001427 0.00138889 3.8115e-05
510 Reddit_feat_L2.txt 0.00228574 0.00224029 4.5443e-05
511 Reddit_feat_L2.txt 0.00128593 0.00124434 4.1585e-05
512 Reddit_feat_L2.txt 0.0019127 0.00187315 3.9547e-05
513 Reddit_feat_L2.txt 0.00151498 0.00145524 5.974e-05
514 Reddit_feat_L2.txt 0.00207256 0.00203653 3.6031e-05
515 Reddit_feat_L2.txt 0.00128936 0.0012472 4.2162e-05
516 Reddit_feat_L2.txt 0.0019975 0.00196034 3.7162e-05
517 Reddit_feat_L2.txt 0.00147058 0.00137989 9.0686e-05
518 Reddit_feat_L2.txt 0.002098 0.00205667 4.1337e-05
519 Reddit_feat_L2.txt 0.00120187 0.0011616 4.027e-05
520 Reddit_feat_L2.txt 0.00227591 0.00223624 3.9676e-05
521 Reddit_feat_L2.txt 0.00148796 0.00141971 6.8257e-05
522 Reddit_feat_L2.txt 0.00221719 0.00211112 0.000106067
523 Reddit_feat_L2.txt 0.00128993 0.00125042 3.9509e-05
524 Reddit_feat_L2.txt 0.00203881 0.00200017 3.8641e-05
525 Reddit_feat_L2.txt 0.0013863 0.00134821 3.8091e-05
526 Reddit_feat_L2.txt 0.00214865 0.00210133 4.7321e-05
527 Reddit_feat_L2.txt 0.00128858 0.00124862 3.9967e-05
528 Reddit_feat_L2.txt 0.00232233 0.00216795 0.000154377
529 Reddit_feat_L2.txt 0.00159992 0.00139377 0.000206155
530 Reddit_feat_L2.txt 0.00215408 0.00211523 3.8853e-05
531 Reddit_feat_L2.txt 0.00126566 0.00122771 3.7959e-05
532 Reddit_feat_L2.txt 0.00250874 0.00246033 4.8409e-05
533 Reddit_feat_L2.txt 0.00143848 0.00139582 4.2663e-05
534 Reddit_feat_L2.txt 0.00227145 0.00221491 5.6533e-05
535 Reddit_feat_L2.txt 0.00119298 0.00115016 4.2814e-05
536 Reddit_feat_L2.txt 0.00224002 0.00219919 4.0838e-05
537 Reddit_feat_L2.txt 0.00145562 0.00138464 7.0984e-05
538 Reddit_feat_L2.txt 0.00222792 0.00218689 4.1036e-05
539 Reddit_feat_L2.txt 0.00121832 0.00117724 4.1078e-05
540 Reddit_feat_L2.txt 0.00223452 0.00219426 4.0262e-05
541 Reddit_feat_L2.txt 0.00148939 0.0013826 0.000106785
542 Reddit_feat_L2.txt 0.00245255 0.00226611 0.000186435
543 Reddit_feat_L2.txt 0.00129791 0.00124476 5.3147e-05
544 Reddit_feat_L2.txt 0.00215514 0.00210747 4.7674e-05
545 Reddit_feat_L2.txt 0.00145727 0.00139276 6.4515e-05
546 Reddit_feat_L2.txt 0.00195673 0.0019191 3.7631e-05
547 Reddit_feat_L2.txt 0.00126468 0.00121816 4.652e-05
548 Reddit_feat_L2.txt 0.00195675 0.00191649 4.0256e-05
549 Reddit_feat_L2.txt 0.00141967 0.0013791 4.0569e-05
550 Reddit_feat_L2.txt 0.00218876 0.00214853 4.0227e-05
551 Reddit_feat_L2.txt 0.00136085 0.00122494 0.000135907
552 Reddit_feat_L2.txt 0.00215911 0.00205571 0.000103396
553 Reddit_feat_L2.txt 0.00142389 0.00138365 4.0242e-05
554 Reddit_feat_L2.txt 0.00226788 0.00223026 3.7619e-05
555 Reddit_feat_L2.txt 0.00127798 0.00115693 0.000121054
556 Reddit_feat_L2.txt 0.00221522 0.0021214 9.3824e-05
557 Reddit_feat_L2.txt 0.00139434 0.00135547 3.8865e-05
558 Reddit_feat_L2.txt 0.00226839 0.00222342 4.4973e-05
559 Reddit_feat_L2.txt 0.00133902 0.00120707 0.000131948
560 Reddit_feat_L2.txt 0.00205969 0.00201041 4.9282e-05
561 Reddit_feat_L2.txt 0.0014279 0.0013895 3.8402e-05
562 Reddit_feat_L2.txt 0.00208582 0.00204026 4.5564e-05
563 Reddit_feat_L2.txt 0.00124952 0.0011905 5.9013e-05
564 Reddit_feat_L2.txt 0.00215334 0.00211759 3.5747e-05
565 Reddit_feat_L2.txt 0.00143038 0.00138638 4.4001e-05
566 Reddit_feat_L2.txt 0.00213572 0.00209839 3.7332e-05
567 Reddit_feat_L2.txt 0.0012835 0.0012481 3.5407e-05
568 Reddit_feat_L2.txt 0.00227119 0.00213691 0.000134278
569 Reddit_feat_L2.txt 0.00151654 0.00140259 0.000113945
570 Reddit_feat_L2.txt 0.00234112 0.0021369 0.000204216
571 Reddit_feat_L2.txt 0.00122497 0.0011817 4.3266e-05
572 Reddit_feat_L2.txt 0.00216934 0.00212678 4.256e-05
573 Reddit_feat_L2.txt 0.00142008 0.00138008 4.0001e-05
574 Reddit_feat_L2.txt 0.00233656 0.00229389 4.2663e-05
575 Reddit_feat_L2.txt 0.00129817 0.0012565 4.1665e-05
576 Reddit_feat_L2.txt 0.00183697 0.00178564 5.133e-05
577 Reddit_feat_L2.txt 0.00138818 0.00134968 3.8504e-05
578 Reddit_feat_L2.txt 0.00210212 0.00206639 3.5727e-05
579 Reddit_feat_L2.txt 0.00122894 0.00118089 4.8051e-05
580 Reddit_feat_L2.txt 0.00201288 0.00195744 5.5441e-05
581 Reddit_feat_L2.txt 0.00140806 0.00137096 3.7101e-05
582 Reddit_feat_L2.txt 0.00208111 0.00203587 4.5245e-05
583 Reddit_feat_L2.txt 0.0012567 0.00121072 4.5973e-05
584 Reddit_feat_L2.txt 0.00226393 0.00222364 4.0297e-05
585 Reddit_feat_L2.txt 0.0014209 0.00138577 3.5135e-05
586 Reddit_feat_L2.txt 0.0021442 0.00210835 3.5852e-05
587 Reddit_feat_L2.txt 0.00130369 0.00121603 8.7663e-05
588 Reddit_feat_L2.txt 0.00200154 0.00195895 4.2587e-05
589 Reddit_feat_L2.txt 0.00144927 0.00138139 6.7889e-05
590 Reddit_feat_L2.txt 0.00229891 0.00225837 4.0543e-05
591 Reddit_feat_L2.txt 0.00123564 0.00118437 5.1272e-05
592 Reddit_feat_L2.txt 0.00218322 0.00214358 3.9638e-05
593 Reddit_feat_L2.txt 0.0014351 0.00139407 4.103e-05
594 Reddit_feat_L2.txt 0.00224723 0.00217396 7.3264e-05
595 Reddit_feat_L2.txt 0.00134175 0.00128472 5.7024e-05
596 Reddit_feat_L2.txt 0.00229606 0.0022126 8.3459e-05
597 Reddit_feat_L2.txt 0.00138642 0.00134492 4.15e-05
598 Reddit_feat_L2.txt 0.00226128 0.00220818 5.3103e-05
599 Reddit_feat_L2.txt 0.00123287 0.00118376 4.9103e-05
600 Reddit_feat_L2.txt 0.00219488 0.00215434 4.0536e-05
601 Reddit_feat_L2.txt 0.00140299 0.001361 4.1995e-05
602 Reddit_feat_L2.txt 0.0022686 0.00222715 4.1448e-05
603 Reddit_feat_L2.txt 0.00123159 0.00118462 4.6974e-05
604 Reddit_feat_L2.txt 0.00232608 0.0022825 4.3579e-05
605 Reddit_feat_L2.txt 0.00150939 0.00147172 3.7673e-05
606 Reddit_feat_L2.txt 0.00239126 0.00235009 4.1163e-05
607 Reddit_feat_L2.txt 0.00132581 0.00127189 5.392e-05
608 Reddit_feat_L2.txt 0.00195744 0.0019129 4.4544e-05
609 Reddit_feat_L2.txt 0.00154392 0.0014686 7.5325e-05
610 Reddit_feat_L2.txt 0.00200026 0.00195847 4.1788e-05
611 Reddit_feat_L2.txt 0.00131341 0.00126284 5.0571e-05
612 Reddit_feat_L2.txt 0.00191914 0.00187602 4.3113e-05
613 Reddit_feat_L2.txt 0.00146359 0.00142404 3.9556e-05
614 Reddit_feat_L2.txt 0.00215473 0.00211812 3.6616e-05
615 Reddit_feat_L2.txt 0.00125747 0.00117448 8.2987e-05
616 Reddit_feat_L2.txt 0.00229369 0.00215581 0.000137876
617 Reddit_feat_L2.txt 0.00137921 0.00134493 3.4273e-05
618 Reddit_feat_L2.txt 0.00228472 0.00222657 5.8147e-05
619 Reddit_feat_L2.txt 0.00134468 0.00130239 4.2294e-05
620 Reddit_feat_L2.txt 0.00232243 0.00226121 6.122e-05
621 Reddit_feat_L2.txt 0.0014707 0.00143579 3.4904e-05
622 Reddit_feat_L2.txt 0.002333 0.00229306 3.9939e-05
623 Reddit_feat_L2.txt 0.00132439 0.00127668 4.7703e-05
624 Reddit_feat_L2.txt 0.00198132 0.00192035 6.0968e-05
625 Reddit_feat_L2.txt 0.00137147 0.00133309 3.8382e-05
626 Reddit_feat_L2.txt 0.0020651 0.00199292 7.2179e-05
627 Reddit_feat_L2.txt 0.00122839 0.00119027 3.8119e-05
628 Reddit_feat_L2.txt 0.00229468 0.00225395 4.0733e-05
629 Reddit_feat_L2.txt 0.00147653 0.00143155 4.4984e-05
630 Reddit_feat_L2.txt 0.00217481 0.00209418 8.0629e-05
631 Reddit_feat_L2.txt 0.00121475 0.00116416 5.0598e-05
632 Reddit_feat_L2.txt 0.00216195 0.00211612 4.5827e-05
633 Reddit_feat_L2.txt 0.00151119 0.00146045 5.074e-05
634 Reddit_feat_L2.txt 0.00230665 0.00221788 8.8766e-05
635 Reddit_feat_L2.txt 0.00123798 0.00120124 3.6739e-05
636 Reddit_feat_L2.txt 0.00212833 0.00207201 5.6326e-05
637 Reddit_feat_L2.txt 0.00149959 0.00146053 3.9066e-05
638 Reddit_feat_L2.txt 0.00229107 0.00225104 4.0031e-05
639 Reddit_feat_L2.txt 0.0013961 0.00129907 9.703e-05
640 Reddit_feat_L2.txt 0.00178903 0.00175173 3.7302e-05
641 Reddit_feat_L2.txt 0.00138166 0.0013408 4.0867e-05
642 Reddit_feat_L2.txt 0.0020026 0.00196397 3.8631e-05
643 Reddit_feat_L2.txt 0.00121604 0.00117743 3.861e-05
644 Reddit_feat_L2.txt 0.00187861 0.00183735 4.1257e-05
645 Reddit_feat_L2.txt 0.00150799 0.00145812 4.9862e-05
646 Reddit_feat_L2.txt 0.00219509 0.00211675 7.8336e-05
647 Reddit_feat_L2.txt 0.00122719 0.00116552 6.1667e-05
648 Reddit_feat_L2.txt 0.00225545 0.00220079 5.4651e-05
649 Reddit_feat_L2.txt 0.00142932 0.00138997 3.9357e-05
650 Reddit_feat_L2.txt 0.00220083 0.00214511 5.5722e-05
651 Reddit_feat_L2.txt 0.00130569 0.00121285 9.2847e-05
652 Reddit_feat_L2.txt 0.00196945 0.00193086 3.8593e-05
653 Reddit_feat_L2.txt 0.00147464 0.00142472 4.9917e-05
654 Reddit_feat_L2.txt 0.0021132 0.00206244 5.076e-05
655 Reddit_feat_L2.txt 0.00128229 0.00124381 3.8483e-05
656 Reddit_feat_L2.txt 0.00222733 0.00218584 4.149e-05
657 Reddit_feat_L2.txt 0.0014469 0.00138595 6.0942e-05
658 Reddit_feat_L2.txt 0.00216313 0.00212189 4.124e-05
659 Reddit_feat_L2.txt 0.00124007 0.001199 4.1073e-05
660 Reddit_feat_L2.txt 0.00252627 0.00243531 9.096e-05
661 Reddit_feat_L2.txt 0.00152616 0.00140384 0.000122319
662 Reddit_feat_L2.txt 0.00250143 0.0022461 0.000255331
663 Reddit_feat_L2.txt 0.0012808 0.00121529 6.5504e-05
664 Reddit_feat_L2.txt 0.00232057 0.00225938 6.1193e-05
665 Reddit_feat_L2.txt 0.00143364 0.00137103 6.2603e-05
666 Reddit_feat_L2.txt 0.00230303 0.00224844 5.4586e-05
667 Reddit_feat_L2.txt 0.00126122 0.00122339 3.7831e-05
668 Reddit_feat_L2.txt 0.00216788 0.00212887 3.9008e-05
669 Reddit_feat_L2.txt 0.00139447 0.00134716 4.7311e-05
670 Reddit_feat_L2.txt 0.00235708 0.00232005 3.7034e-05
671 Reddit_feat_L2.txt 0.00134985 0.00131328 3.6577e-05
672 Reddit_feat_L2.txt 0.00214689 0.00204906 9.7834e-05
673 Reddit_feat_L2.txt 0.00141029 0.001346 6.4285e-05
674 Reddit_feat_L2.txt 0.001903 0.00186022 4.278e-05
675 Reddit_feat_L2.txt 0.00123973 0.00119928 4.0447e-05
676 Reddit_feat_L2.txt 0.00200167 0.00195862 4.305e-05
677 Reddit_feat_L2.txt 0.00139005 0.00135205 3.7999e-05
678 Reddit_feat_L2.txt 0.00222193 0.00218479 3.7136e-05
679 Reddit_feat_L2.txt 0.00127084 0.00122977 4.1078e-05
680 Reddit_feat_L2.txt 0.00207496 0.00202884 4.6118e-05
681 Reddit_feat_L2.txt 0.00153311 0.00148215 5.0962e-05
682 Reddit_feat_L2.txt 0.00217666 0.00212722 4.9447e-05
683 Reddit_feat_L2.txt 0.00125307 0.00120831 4.4759e-05
684 Reddit_feat_L2.txt 0.00227313 0.00221662 5.6513e-05
685 Reddit_feat_L2.txt 0.00144432 0.00139562 4.8699e-05
686 Reddit_feat_L2.txt 0.00229669 0.00224257 5.4123e-05
687 Reddit_feat_L2.txt 0.00132656 0.00128834 3.8222e-05
688 Reddit_feat_L2.txt 0.00197815 0.00193357 4.4585e-05
689 Reddit_feat_L2.txt 0.00144555 0.00138846 5.7089e-05
690 Reddit_feat_L2.txt 0.00205797 0.00199731 6.0658e-05
691 Reddit_feat_L2.txt 0.00126717 0.00121601 5.1158e-05
692 Reddit_feat_L2.txt 0.00216509 0.00212956 3.553e-05
693 Reddit_feat_L2.txt 0.00144148 0.00139299 4.8493e-05
694 Reddit_feat_L2.txt 0.00218312 0.00214289 4.0233e-05
695 Reddit_feat_L2.txt 0.00130867 0.0012624 4.627e-05
696 Reddit_feat_L2.txt 0.00217562 0.002137 3.8611e-05
697 Reddit_feat_L2.txt 0.00156827 0.00142403 0.00014424
698 Reddit_feat_L2.txt 0.0022915 0.00208606 0.000205439
699 Reddit_feat_L2.txt 0.00128453 0.00119828 8.6244e-05
700 Reddit_feat_L2.txt 0.00218598 0.00214837 3.7604e-05
701 Reddit_feat_L2.txt 0.00140765 0.00135886 4.8785e-05
702 Reddit_feat_L2.txt 0.00244026 0.00239988 4.0386e-05
703 Reddit_feat_L2.txt 0.00121853 0.00118213 3.6403e-05
704 Reddit_feat_L2.txt 0.00192316 0.00177739 0.000145777
705 Reddit_feat_L2.txt 0.00150526 0.00146373 4.1529e-05
706 Reddit_feat_L2.txt 0.0019894 0.00194348 4.5923e-05
707 Reddit_feat_L2.txt 0.00122022 0.00118352 3.6695e-05
708 Reddit_feat_L2.txt 0.00192869 0.00188816 4.0529e-05
709 Reddit_feat_L2.txt 0.00144897 0.00139334 5.5635e-05
710 Reddit_feat_L2.txt 0.00207573 0.00202772 4.8012e-05
711 Reddit_feat_L2.txt 0.00126847 0.00122859 3.9883e-05
712 Reddit_feat_L2.txt 0.00239581 0.00228393 0.000111885
713 Reddit_feat_L2.txt 0.00143822 0.00137774 6.0476e-05
714 Reddit_feat_L2.txt 0.00223861 0.00213676 0.000101847
715 Reddit_feat_L2.txt 0.00143429 0.00125679 0.000177501
716 Reddit_feat_L2.txt 0.00203726 0.00190484 0.000132418
717 Reddit_feat_L2.txt 0.00145929 0.00139918 6.011e-05
718 Reddit_feat_L2.txt 0.00248488 0.00226681 0.000218064
719 Reddit_feat_L2.txt 0.00126315 0.00121554 4.7605e-05
720 Reddit_feat_L2.txt 0.00238557 0.00234457 4.0998e-05
721 Reddit_feat_L2.txt 0.00143623 0.00138897 4.7258e-05
722 Reddit_feat_L2.txt 0.00222237 0.00216659 5.5781e-05
723 Reddit_feat_L2.txt 0.00138652 0.00133989 4.6637e-05
724 Reddit_feat_L2.txt 0.00225533 0.00220667 4.8654e-05
725 Reddit_feat_L2.txt 0.00145777 0.00135028 0.000107487
726 Reddit_feat_L2.txt 0.00226168 0.00220326 5.842e-05
727 Reddit_feat_L2.txt 0.00128476 0.00123981 4.4949e-05
728 Reddit_feat_L2.txt 0.0022063 0.00216491 4.1395e-05
729 Reddit_feat_L2.txt 0.00146494 0.00142334 4.1606e-05
730 Reddit_feat_L2.txt 0.00253103 0.00247514 5.5886e-05
731 Reddit_feat_L2.txt 0.0013169 0.00126728 4.9626e-05
732 Reddit_feat_L2.txt 0.00229829 0.00220622 9.2077e-05
733 Reddit_feat_L2.txt 0.00144078 0.00139546 4.5312e-05
734 Reddit_feat_L2.txt 0.00252468 0.00247655 4.813e-05
735 Reddit_feat_L2.txt 0.00137404 0.00133238 4.1662e-05
736 Reddit_feat_L2.txt 0.00196373 0.00191802 4.571e-05
737 Reddit_feat_L2.txt 0.00145357 0.00140991 4.3658e-05
738 Reddit_feat_L2.txt 0.00193744 0.00188776 4.968e-05
739 Reddit_feat_L2.txt 0.00124109 0.00119525 4.5846e-05
740 Reddit_feat_L2.txt 0.00194801 0.00190324 4.4766e-05
741 Reddit_feat_L2.txt 0.00145066 0.00141269 3.797e-05
742 Reddit_feat_L2.txt 0.00221843 0.00217833 4.0104e-05
743 Reddit_feat_L2.txt 0.00129221 0.00123949 5.2715e-05
744 Reddit_feat_L2.txt 0.0020563 0.00199919 5.7113e-05
745 Reddit_feat_L2.txt 0.00142327 0.00137367 4.9595e-05
746 Reddit_feat_L2.txt 0.00225745 0.00216069 9.6759e-05
747 Reddit_feat_L2.txt 0.00126369 0.00122633 3.7359e-05
748 Reddit_feat_L2.txt 0.0021533 0.00211249 4.0808e-05
749 Reddit_feat_L2.txt 0.00142351 0.00136845 5.5063e-05
750 Reddit_feat_L2.txt 0.00220822 0.00216143 4.6785e-05
751 Reddit_feat_L2.txt 0.00122362 0.0011721 5.1516e-05
752 Reddit_feat_L2.txt 0.00198604 0.00193906 4.6978e-05
753 Reddit_feat_L2.txt 0.0014245 0.00137431 5.0188e-05
754 Reddit_feat_L2.txt 0.00202335 0.0019427 8.0649e-05
755 Reddit_feat_L2.txt 0.00125439 0.00121323 4.1163e-05
756 Reddit_feat_L2.txt 0.00220723 0.00216457 4.2655e-05
757 Reddit_feat_L2.txt 0.00139918 0.00136301 3.6166e-05
758 Reddit_feat_L2.txt 0.00215672 0.00212023 3.6491e-05
759 Reddit_feat_L2.txt 0.0012563 0.00121509 4.1211e-05
760 Reddit_feat_L2.txt 0.0021555 0.00212012 3.5389e-05
761 Reddit_feat_L2.txt 0.00141906 0.00137682 4.2237e-05
762 Reddit_feat_L2.txt 0.0021471 0.00210651 4.059e-05
763 Reddit_feat_L2.txt 0.00133894 0.00130114 3.7801e-05
764 Reddit_feat_L2.txt 0.00217305 0.0021313 4.1741e-05
765 Reddit_feat_L2.txt 0.00141686 0.0013774 3.9458e-05
766 Reddit_feat_L2.txt 0.00233125 0.00229067 4.0584e-05
767 Reddit_feat_L2.txt 0.0013239 0.00123655 8.7349e-05
0 Reddit_A.txt 0.0511678 0.0509799 0.000187926
1 Reddit_A.txt 0.0511552 0.050923 0.000232159
2 Reddit_A.txt 0.0511923 0.0508734 0.000318919
3 Reddit_A.txt 0.0512819 0.0508665 0.000415448
4 Reddit_A.txt 0.0512743 0.0508088 0.000465445
5 Reddit_A.txt 0.0512183 0.0507962 0.000422031
6 Reddit_A.txt 0.0513497 0.0507917 0.000558059
7 Reddit_A.txt 0.0513101 0.0507428 0.000567311
8 Reddit_A.txt 0.0513781 0.0507254 0.000652686
9 Reddit_A.txt 0.051591 0.0507251 0.000865949
10 Reddit_A.txt 0.0510941 0.0507101 0.000384036
11 Reddit_A.txt 0.0512376 0.0507092 0.000528401
12 Reddit_A.txt 0.0514913 0.0506933 0.000797982
13 Reddit_A.txt 0.0510444 0.0506677 0.000376655
14 Reddit_A.txt 0.0512821 0.0506621 0.000620009
15 Reddit_A.txt 0.0513401 0.0506013 0.000738743
16 Reddit_A.txt 0.0514415 0.0506077 0.00083382
17 Reddit_A.txt 0.0517585 0.0505551 0.00120338
18 Reddit_A.txt 0.051936 0.0505041 0.00143193
19 Reddit_A.txt 0.0519011 0.050497 0.00140411
20 Reddit_A.txt 0.0517509 0.0504902 0.00126067
21 Reddit_A.txt 0.0513105 0.050473 0.000837497
22 Reddit_A.txt 0.0510835 0.0504706 0.000612943
23 Reddit_A.txt 0.0516411 0.0504578 0.00118331
24 Reddit_A.txt 0.0509225 0.0504598 0.000462667
25 Reddit_A.txt 0.0519562 0.0504456 0.00151057
26 Reddit_A.txt 0.0530094 0.0504095 0.00259986
27 Reddit_A.txt 0.0521924 0.0503992 0.00179326
28 Reddit_A.txt 0.0521872 0.0503927 0.00179459
29 Reddit_A.txt 0.0525962 0.0503942 0.00220197
30 Reddit_A.txt 0.0527115 0.0503093 0.00240218
31 Reddit_A.txt 0.0526512 0.0503021 0.00234915
32 Reddit_A.txt 0.0523955 0.0502835 0.00211204
33 Reddit_A.txt 0.0518102 0.0502772 0.00153305
34 Reddit_A.txt 0.0510325 0.0502702 0.000762324
35 Reddit_A.txt 0.0510311 0.0502647 0.000766344
36 Reddit_A.txt 0.0514774 0.0502552 0.0012222
37 Reddit_A.txt 0.0509354 0.0502266 0.000708771
38 Reddit_A.txt 0.0521661 0.050215 0.0019511
39 Reddit_A.txt 0.0522834 0.0502102 0.00207318
40 Reddit_A.txt 0.0525737 0.0501508 0.00242295
41 Reddit_A.txt 0.0536876 0.0501404 0.0035472
42 Reddit_A.txt 0.0533797 0.0501222 0.00325754
43 Reddit_A.txt 0.0533766 0.0500829 0.00329366
44 Reddit_A.txt 0.0531874 0.0500745 0.00311286
45 Reddit_A.txt 0.0540586 0.0500427 0.00401586
46 Reddit_A.txt 0.0529728 0.0500374 0.00293536
47 Reddit_A.txt 0.0534749 0.0500273 0.00344754
48 Reddit_A.txt 0.0537545 0.0500336 0.00372097
49 Reddit_A.txt 0.0529322 0.0499815 0.00295075
50 Reddit_A.txt 0.0522375 0.0499615 0.00227599
51 Reddit_A.txt 0.0517049 0.0499148 0.00179011
52 Reddit_A.txt 0.0508501 0.0499014 0.000948758
53 Reddit_A.txt 0.0520493 0.0498978 0.00215154
54 Reddit_A.txt 0.0530184 0.0498302 0.00318818
55 Reddit_A.txt 0.0517855 0.0497933 0.00199215
56 Reddit_A.txt 0.0511284 0.0497722 0.00135623
57 Reddit_A.txt 0.0512454 0.0497651 0.00148033
58 Reddit_A.txt 0.0545076 0.0497088 0.00479879
59 Reddit_A.txt 0.0520348 0.0496861 0.00234869
60 Reddit_A.txt 0.0532923 0.0498887 0.00340363
61 Reddit_A.txt 0.0531387 0.0498883 0.00325034
62 Reddit_A.txt 0.0511771 0.0498823 0.00129476
63 Reddit_A.txt 0.0520357 0.0499072 0.00212849
64 Reddit_A.txt 0.0521398 0.0500506 0.00208921
65 Reddit_A.txt 0.0520218 0.0501216 0.00190018
66 Reddit_A.txt 0.0517265 0.0501245 0.00160201
67 Reddit_A.txt 0.0514233 0.0501371 0.00128628
68 Reddit_A.txt 0.0518085 0.0501364 0.00167209
69 Reddit_A.txt 0.0517069 0.0501405 0.00156638
70 Reddit_A.txt 0.051793 0.0501824 0.00161061
71 Reddit_A.txt 0.051341 0.050486 0.000854932
72 Reddit_A.txt 0.0522054 0.05049 0.00171535
73 Reddit_A.txt 0.0518577 0.0504833 0.00137436
74 Reddit_A.txt 0.0542227 0.0504806 0.00374214
75 Reddit_A.txt 0.0551492 0.0504789 0.00467029
76 Reddit_A.txt 0.051951 0.0504804 0.00147062
77 Reddit_A.txt 0.0523893 0.0504649 0.00192442
78 Reddit_A.txt 0.056789 0.0504586 0.0063304
79 Reddit_A.txt 0.0564142 0.0504505 0.00596376
80 Reddit_A.txt 0.0524593 0.0504505 0.00200883
81 Reddit_A.txt 0.0518674 0.0504408 0.00142659
82 Reddit_A.txt 0.0516995 0.0504393 0.00126023
83 Reddit_A.txt 0.0516053 0.0504336 0.00117175
84 Reddit_A.txt 0.0525444 0.0504245 0.00211986
85 Reddit_A.txt 0.0525486 0.0504176 0.00213108
86 Reddit_A.txt 0.0523618 0.050406 0.0019558
87 Reddit_A.txt 0.0519996 0.0503987 0.00160088
88 Reddit_A.txt 0.0521292 0.0503884 0.00174075
89 Reddit_A.txt 0.0523374 0.0503827 0.00195466
90 Reddit_A.txt 0.0522891 0.0503734 0.00191571
91 Reddit_A.txt 0.0528813 0.050362 0.00251927
92 Reddit_A.txt 0.0537764 0.0503393 0.00343711
93 Reddit_A.txt 0.0534922 0.050323 0.00316926
94 Reddit_A.txt 0.0538469 0.0503098 0.00353706
95 Reddit_A.txt 0.0565943 0.0529073 0.00368694
96 Reddit_A.txt 0.0566532 0.0528965 0.00375666
97 Reddit_A.txt 0.0568955 0.0528775 0.00401797
98 Reddit_A.txt 0.0571583 0.0528584 0.00429987
99 Reddit_A.txt 0.0561964 0.0528515 0.00334493
100 Reddit_A.txt 0.0570963 0.0528215 0.00427474
101 Reddit_A.txt 0.0570378 0.0528141 0.0042237
102 Reddit_A.txt 0.0567837 0.0527961 0.00398766
103 Reddit_A.txt 0.0569172 0.0527793 0.00413794
104 Reddit_A.txt 0.0558164 0.0527647 0.00305165
105 Reddit_A.txt 0.0564713 0.0527502 0.00372115
106 Reddit_A.txt 0.0561057 0.0527446 0.0033611
107 Reddit_A.txt 0.056202 0.0527191 0.00348289
108 Reddit_A.txt 0.0559488 0.0527196 0.00322927
109 Reddit_A.txt 0.0546982 0.0526934 0.00200489
110 Reddit_A.txt 0.0550618 0.0526863 0.00237558
111 Reddit_A.txt 0.0556742 0.0526629 0.00301128
112 Reddit_A.txt 0.055131 0.0526589 0.00247208
113 Reddit_A.txt 0.0554109 0.0526355 0.00277544
114 Reddit_A.txt 0.0558776 0.0526148 0.00326281
115 Reddit_A.txt 0.0555823 0.0526043 0.00297798
116 Reddit_A.txt 0.0551106 0.0527495 0.00236107
117 Reddit_A.txt 0.0559079 0.0527734 0.0031345
118 Reddit_A.txt 0.0553204 0.0527734 0.00254705
119 Reddit_A.txt 0.0552136 0.052743 0.00247054
120 Reddit_A.txt 0.056082 0.0527479 0.00333408
121 Reddit_A.txt 0.0574323 0.0527178 0.00471455
122 Reddit_A.txt 0.0585875 0.0527068 0.00588067
123 Reddit_A.txt 0.0585663 0.052672 0.00589433
124 Reddit_A.txt 0.0551736 0.0526724 0.00250117
125 Reddit_A.txt 0.0549517 0.0526428 0.00230884
126 Reddit_A.txt 0.0558562 0.0526406 0.00321563
127 Reddit_A.txt 0.0568489 0.052599 0.0042499
128 Reddit_A.txt 0.0574669 0.0525942 0.00487271
129 Reddit_A.txt 0.0572268 0.0525699 0.00465693
130 Reddit_A.txt 0.0557762 0.0525585 0.00321776
131 Reddit_A.txt 0.0546269 0.0525582 0.00206873
132 Reddit_A.txt 0.054623 0.0525479 0.00207518
133 Reddit_A.txt 0.0562403 0.0525405 0.00369989
134 Reddit_A.txt 0.0550491 0.0525421 0.002507
135 Reddit_A.txt 0.0596281 0.0524901 0.00713804
136 Reddit_A.txt 0.0562848 0.0524788 0.00380597
137 Reddit_A.txt 0.0564097 0.0524313 0.00397843
138 Reddit_A.txt 0.0553478 0.0524214 0.00292637
139 Reddit_A.txt 0.0557229 0.0524147 0.00330828
140 Reddit_A.txt 0.0561498 0.0524139 0.00373597
141 Reddit_A.txt 0.0555315 0.052399 0.00313254
142 Reddit_A.txt 0.0568991 0.0523865 0.00451262
143 Reddit_A.txt 0.0560341 0.0523753 0.00365885
144 Reddit_A.txt 0.054795 0.0523283 0.00246663
145 Reddit_A.txt 0.0548227 0.0522852 0.00253756
146 Reddit_A.txt 0.0548049 0.0522689 0.00253599
147 Reddit_A.txt 0.0553917 0.0522278 0.00316382
148 Reddit_A.txt 0.0552873 0.0522138 0.00307358
149 Reddit_A.txt 0.0549118 0.052172 0.00273982
150 Reddit_A.txt 0.0552737 0.0521595 0.00311426
151 Reddit_A.txt 0.0568203 0.0520765 0.00474382
152 Reddit_A.txt 0.0548735 0.052035 0.00283849
153 Reddit_A.txt 0.0549615 0.0514195 0.00354199
154 Reddit_A.txt 0.0544705 0.0514072 0.00306332
155 Reddit_A.txt 0.0564642 0.0513601 0.00510404
156 Reddit_A.txt 0.0558964 0.0513347 0.00456168
157 Reddit_A.txt 0.0551266 0.0513323 0.00379424
158 Reddit_A.txt 0.0541963 0.0513089 0.00288743
159 Reddit_A.txt 0.0549499 0.0512847 0.00366526
160 Reddit_A.txt 0.0545837 0.0512405 0.00334314
161 Reddit_A.txt 0.055113 0.0511861 0.0039268
162 Reddit_A.txt 0.0556151 0.051179 0.00443606
163 Reddit_A.txt 0.0546376 0.0511247 0.00351291
164 Reddit_A.txt 0.0541521 0.051109 0.00304314
165 Reddit_A.txt 0.0553197 0.051074 0.00424569
166 Reddit_A.txt 0.0555048 0.0510569 0.00444787
167 Reddit_A.txt 0.056543 0.0510205 0.00552253
168 Reddit_A.txt 0.054893 0.051007 0.00388601
169 Reddit_A.txt 0.0541581 0.0509638 0.00319429
170 Reddit_A.txt 0.0535022 0.0509232 0.00257899
171 Reddit_A.txt 0.0550315 0.0508982 0.00413335
172 Reddit_A.txt 0.0545523 0.0508924 0.00365993
173 Reddit_A.txt 0.054607 0.0508705 0.00373654
174 Reddit_A.txt 0.0553574 0.0508182 0.00453921
175 Reddit_A.txt 0.0557401 0.0508014 0.00493871
176 Reddit_A.txt 0.0547692 0.0508014 0.00396783
177 Reddit_A.txt 0.0552967 0.050791 0.00450573
178 Reddit_A.txt 0.055119 0.0507384 0.00438061
179 Reddit_A.txt 0.0591881 0.0507362 0.00845191
180 Reddit_A.txt 0.0659801 0.0507033 0.0152768
181 Reddit_A.txt 0.0554305 0.0506914 0.00473905
182 Reddit_A.txt 0.0546279 0.0506883 0.00393969
183 Reddit_A.txt 0.0542937 0.0506813 0.00361243
184 Reddit_A.txt 0.0565566 0.0506813 0.00587538
185 Reddit_A.txt 0.0539132 0.0506719 0.00324134
186 Reddit_A.txt 0.0557262 0.0506481 0.00507806
187 Reddit_A.txt 0.0545577 0.0506424 0.0039153
188 Reddit_A.txt 0.0575884 0.0506314 0.00695706
189 Reddit_A.txt 0.0539289 0.0505721 0.00335678
190 Reddit_A.txt 0.0547185 0.0505554 0.00416306
191 Reddit_A.txt 0.0553505 0.0505492 0.00480131
192 Reddit_A.txt 0.0542078 0.0505524 0.00365544
193 Reddit_A.txt 0.0554818 0.0505501 0.0049317
194 Reddit_A.txt 0.0546639 0.0504769 0.00418704
195 Reddit_A.txt 0.0549109 0.0504378 0.00447309
196 Reddit_A.txt 0.0552575 0.0504284 0.00482909
197 Reddit_A.txt 0.0578284 0.0504209 0.00740754
198 Reddit_A.txt 0.0555675 0.0504064 0.00516115
199 Reddit_A.txt 0.0542212 0.0503439 0.00387729
200 Reddit_A.txt 0.0551743 0.0502492 0.00492508
201 Reddit_A.txt 0.054953 0.0502103 0.00474264
202 Reddit_A.txt 0.0545332 0.0502006 0.00433262
203 Reddit_A.txt 0.0550917 0.0501916 0.0049001
204 Reddit_A.txt 0.0540942 0.0501863 0.00390786
205 Reddit_A.txt 0.0604225 0.0501748 0.0102477
206 Reddit_A.txt 0.0543224 0.0501207 0.00420168
207 Reddit_A.txt 0.0538155 0.0500816 0.00373396
208 Reddit_A.txt 0.0544304 0.0500803 0.0043501
209 Reddit_A.txt 0.0567126 0.0500727 0.00663984
210 Reddit_A.txt 0.0541073 0.0500004 0.00410695
211 Reddit_A.txt 0.0538079 0.0499945 0.00381336
212 Reddit_A.txt 0.0545876 0.0499644 0.00462314
213 Reddit_A.txt 0.0549808 0.0499473 0.00503347
214 Reddit_A.txt 0.0546943 0.0499385 0.00475587
215 Reddit_A.txt 0.0551602 0.0499392 0.00522098
216 Reddit_A.txt 0.0547086 0.0499997 0.0047089
217 Reddit_A.txt 0.0560694 0.0500115 0.00605793
218 Reddit_A.txt 0.0542948 0.0499778 0.00431704
219 Reddit_A.txt 0.0549207 0.0499748 0.00494598
220 Reddit_A.txt 0.0558908 0.0499345 0.00595631
221 Reddit_A.txt 0.0562522 0.0499319 0.00632023
222 Reddit_A.txt 0.0632118 0.0499086 0.0133032
223 Reddit_A.txt 0.0579451 0.049906 0.00803917
224 Reddit_A.txt 0.0552726 0.049892 0.00538061
225 Reddit_A.txt 0.0576438 0.0498896 0.00775422
226 Reddit_A.txt 0.0549855 0.0498842 0.00510134
227 Reddit_A.txt 0.0561643 0.0498999 0.00626437
228 Reddit_A.txt 0.05621 0.0499226 0.00628741
229 Reddit_A.txt 0.0557592 0.0499044 0.00585483
230 Reddit_A.txt 0.0616263 0.0499274 0.011699
231 Reddit_A.txt 0.0571523 0.0499508 0.00720144
232 Reddit_A.txt 0.0537256 0.0499125 0.00381309
233 Reddit_A.txt 0.0544643 0.0499097 0.00455464
234 Reddit_A.txt 0.0565501 0.049861 0.00668901
235 Reddit_A.txt 0.0570238 0.0498427 0.00718111
236 Reddit_A.txt 0.0549919 0.0498464 0.00514548
237 Reddit_A.txt 0.0542595 0.0498433 0.00441612
238 Reddit_A.txt 0.054172 0.0498395 0.00433252
239 Reddit_A.txt 0.0548997 0.0498378 0.00506181
240 Reddit_A.txt 0.0553723 0.0497947 0.00557761
241 Reddit_A.txt 0.0582383 0.0497827 0.00845565
242 Reddit_A.txt 0.0561946 0.0497799 0.0064147
243 Reddit_A.txt 0.0562378 0.0497245 0.00651333
244 Reddit_A.txt 0.0548411 0.0497229 0.00511823
245 Reddit_A.txt 0.0599437 0.0497178 0.010226
246 Reddit_A.txt 0.0556836 0.0496992 0.0059844
247 Reddit_A.txt 0.0583513 0.0496926 0.00865876
248 Reddit_A.txt 0.0565689 0.0496818 0.00688712
249 Reddit_A.txt 0.054723 0.0496723 0.0050507
250 Reddit_A.txt 0.0591665 0.0496517 0.00951476
251 Reddit_A.txt 0.0556499 0.0496455 0.00600442
252 Reddit_A.txt 0.0556202 0.049638 0.00598222
253 Reddit_A.txt 0.0562439 0.0496264 0.0066175
254 Reddit_A.txt 0.0575993 0.0496208 0.00797848
255 Reddit_A.txt 0.0571614 0.0496053 0.00755612
256 Reddit_A.txt 0.0559602 0.0496019 0.0063583
257 Reddit_A.txt 0.0586886 0.0495979 0.00909074
258 Reddit_A.txt 0.0564558 0.0495799 0.00687588
259 Reddit_A.txt 0.0556168 0.0495751 0.0060417
260 Reddit_A.txt 0.0540927 0.0495719 0.00452075
261 Reddit_A.txt 0.0555533 0.0495162 0.00603712
262 Reddit_A.txt 0.0553282 0.0495117 0.00581644
263 Reddit_A.txt 0.0553616 0.0494409 0.00592072
264 Reddit_A.txt 0.0562073 0.0504923 0.00571497
265 Reddit_A.txt 0.0553374 0.0505096 0.00482781
266 Reddit_A.txt 0.0562151 0.0505147 0.00570033
267 Reddit_A.txt 0.058599 0.0504815 0.00811754
268 Reddit_A.txt 0.0597116 0.0504909 0.00922074
269 Reddit_A.txt 0.0565227 0.0504867 0.00603605
270 Reddit_A.txt 0.0605878 0.050494 0.0100938
271 Reddit_A.txt 0.0609976 0.0505179 0.0104797
272 Reddit_A.txt 0.0549226 0.0504662 0.00445647
273 Reddit_A.txt 0.0559205 0.0504639 0.00545665
274 Reddit_A.txt 0.0556186 0.0503932 0.00522538
275 Reddit_A.txt 0.0590174 0.050357 0.00866041
276 Reddit_A.txt 0.0575571 0.0503668 0.00719032
277 Reddit_A.txt 0.0572657 0.0503531 0.0069126
278 Reddit_A.txt 0.056922 0.0503048 0.00661728
279 Reddit_A.txt 0.0576452 0.0502524 0.00739281
280 Reddit_A.txt 0.060272 0.0502509 0.0100211
281 Reddit_A.txt 0.0567596 0.0502085 0.00655113
282 Reddit_A.txt 0.0576458 0.0501993 0.00744652
283 Reddit_A.txt 0.0579995 0.050177 0.00782249
284 Reddit_A.txt 0.0614692 0.0501681 0.0113011
285 Reddit_A.txt 0.0557864 0.0501345 0.00565191
286 Reddit_A.txt 0.056161 0.0501327 0.00602835
287 Reddit_A.txt 0.0595727 0.0514007 0.00817202
288 Reddit_A.txt 0.0590401 0.0514065 0.00763363
289 Reddit_A.txt 0.0565746 0.0513299 0.00524476
290 Reddit_A.txt 0.0571907 0.0513158 0.00587492
291 Reddit_A.txt 0.0629757 0.0512881 0.0116876
292 Reddit_A.txt 0.0606952 0.0512636 0.00943164
293 Reddit_A.txt 0.0625984 0.0512381 0.0113603
294 Reddit_A.txt 0.0568585 0.0512152 0.00564324
295 Reddit_A.txt 0.0586655 0.0511976 0.00746794
296 Reddit_A.txt 0.0658672 0.0511883 0.0146789
297 Reddit_A.txt 0.0578157 0.0511685 0.00664721
298 Reddit_A.txt 0.0599065 0.0511607 0.00874584
299 Reddit_A.txt 0.0579267 0.051144 0.00678264
300 Reddit_A.txt 0.0575797 0.051127 0.0064527
301 Reddit_A.txt 0.0600663 0.0511099 0.00895637
302 Reddit_A.txt 0.0576029 0.0510979 0.00650495
303 Reddit_A.txt 0.0608083 0.0510739 0.00973441
304 Reddit_A.txt 0.0568043 0.0510665 0.00573785
305 Reddit_A.txt 0.0571837 0.051048 0.00613566
306 Reddit_A.txt 0.0561214 0.0510324 0.00508901
307 Reddit_A.txt 0.0596867 0.0510204 0.00866623
308 Reddit_A.txt 0.0568283 0.0510035 0.00582479
309 Reddit_A.txt 0.0643165 0.0509939 0.0133226
310 Reddit_A.txt 0.0625068 0.0509696 0.0115372
311 Reddit_A.txt 0.0614939 0.0509634 0.0105305
312 Reddit_A.txt 0.0575891 0.0509499 0.00663919
313 Reddit_A.txt 0.0587221 0.0509344 0.00778768
314 Reddit_A.txt 0.0600697 0.0509125 0.00915722
315 Reddit_A.txt 0.0590452 0.0508961 0.00814908
316 Reddit_A.txt 0.0585483 0.0508774 0.00767092
317 Reddit_A.txt 0.0582745 0.0508597 0.00741477
318 Reddit_A.txt 0.0622933 0.0508673 0.011426
319 Reddit_A.txt 0.058422 0.0508881 0.00753396
320 Reddit_A.txt 0.056872 0.0508244 0.00604766
321 Reddit_A.txt 0.0580446 0.0504251 0.00761951
322 Reddit_A.txt 0.0584994 0.0504159 0.00808344
323 Reddit_A.txt 0.0581533 0.0504069 0.00774642
324 Reddit_A.txt 0.060271 0.0503948 0.00987619
325 Reddit_A.txt 0.0575064 0.0503886 0.00711776
326 Reddit_A.txt 0.0568459 0.0503737 0.00647226
327 Reddit_A.txt 0.0603448 0.0503571 0.00998769
328 Reddit_A.txt 0.0628439 0.0503452 0.0124987
329 Reddit_A.txt 0.0625033 0.0503223 0.0121811
330 Reddit_A.txt 0.0574064 0.0503074 0.00709898
331 Reddit_A.txt 0.0581661 0.050289 0.00787704
332 Reddit_A.txt 0.0582822 0.0502796 0.00800256
333 Reddit_A.txt 0.0560563 0.0502521 0.00580418
334 Reddit_A.txt 0.0572997 0.0502355 0.00706425
335 Reddit_A.txt 0.0571943 0.0502095 0.00698481
336 Reddit_A.txt 0.0598389 0.0502034 0.00963549
337 Reddit_A.txt 0.0595509 0.0501892 0.00936165
338 Reddit_A.txt 0.0611875 0.0501738 0.0110137
339 Reddit_A.txt 0.0553059 0.0501577 0.00514825
340 Reddit_A.txt 0.0597459 0.0505177 0.00922821
341 Reddit_A.txt 0.0589203 0.0505554 0.00836483
342 Reddit_A.txt 0.057492 0.0505822 0.00690975
343 Reddit_A.txt 0.0592814 0.0505583 0.0087231
344 Reddit_A.txt 0.0555106 0.0505878 0.00492287
345 Reddit_A.txt 0.0586342 0.0506115 0.00802269
346 Reddit_A.txt 0.064746 0.0506329 0.014113
347 Reddit_A.txt 0.0591674 0.0506092 0.00855822
348 Reddit_A.txt 0.0591795 0.0506064 0.00857307
349 Reddit_A.txt 0.0663536 0.0505946 0.015759
350 Reddit_A.txt 0.0578519 0.0505902 0.00726173
351 Reddit_A.txt 0.0581857 0.050537 0.00764875
352 Reddit_A.txt 0.0566706 0.0505347 0.00613596
353 Reddit_A.txt 0.060646 0.050475 0.0101711
354 Reddit_A.txt 0.0606944 0.0504736 0.0102208
355 Reddit_A.txt 0.0584602 0.0504197 0.00804052
356 Reddit_A.txt 0.0662742 0.0504248 0.0158494
357 Reddit_A.txt 0.0677207 0.0503651 0.0173556
358 Reddit_A.txt 0.0614554 0.0503314 0.011124
359 Reddit_A.txt 0.0579073 0.0503295 0.00757774
360 Reddit_A.txt 0.0580771 0.0503146 0.00776248
361 Reddit_A.txt 0.0608799 0.050298 0.010582
362 Reddit_A.txt 0.054812 0.0502642 0.00454784
363 Reddit_A.txt 0.0587472 0.0502596 0.00848756
364 Reddit_A.txt 0.0630868 0.0502224 0.0128644
365 Reddit_A.txt 0.0601245 0.0502202 0.00990434
366 Reddit_A.txt 0.0603932 0.05018 0.0102132
367 Reddit_A.txt 0.0593708 0.0501835 0.00918727
368 Reddit_A.txt 0.0627309 0.0501294 0.0126015
369 Reddit_A.txt 0.0576374 0.0500747 0.00756266
370 Reddit_A.txt 0.0659035 0.050035 0.0158685
371 Reddit_A.txt 0.0608819 0.050034 0.0108479
372 Reddit_A.txt 0.0579764 0.0500052 0.00797121
373 Reddit_A.txt 0.0668362 0.0499923 0.0168438
374 Reddit_A.txt 0.0558718 0.0499789 0.00589294
375 Reddit_A.txt 0.0594034 0.0499686 0.00943477
376 Reddit_A.txt 0.0594326 0.0499438 0.00948883
377 Reddit_A.txt 0.0592894 0.0499343 0.0093551
378 Reddit_A.txt 0.0616606 0.0499323 0.0117282
379 Reddit_A.txt 0.0583274 0.0499252 0.00840215
380 Reddit_A.txt 0.0602017 0.0499133 0.0102884
381 Reddit_A.txt 0.0621936 0.0498986 0.012295
382 Reddit_A.txt 0.0585599 0.0498895 0.00867044
383 Reddit_A.txt 0.0598033 0.0498711 0.00993216
384 Reddit_A.txt 0.0593784 0.0498452 0.00953317
385 Reddit_A.txt 0.0578486 0.0498147 0.00803394
386 Reddit_A.txt 0.0595958 0.0498125 0.00978327
387 Reddit_A.txt 0.0679148 0.0497914 0.0181233
388 Reddit_A.txt 0.0665559 0.0497819 0.016774
389 Reddit_A.txt 0.0615754 0.0497664 0.0118089
390 Reddit_A.txt 0.0607355 0.0497335 0.011002
391 Reddit_A.txt 0.0653844 0.0497288 0.0156555
392 Reddit_A.txt 0.0571015 0.0496919 0.00740963
393 Reddit_A.txt 0.0578466 0.0496929 0.00815369
394 Reddit_A.txt 0.0589612 0.0496433 0.00931794
395 Reddit_A.txt 0.0608182 0.0496336 0.0111846
396 Reddit_A.txt 0.0572788 0.0496142 0.00766465
397 Reddit_A.txt 0.0568702 0.0496068 0.00726337
398 Reddit_A.txt 0.0584005 0.0495857 0.00881485
399 Reddit_A.txt 0.0609905 0.0495641 0.0114264
400 Reddit_A.txt 0.0613662 0.0495183 0.0118479
401 Reddit_A.txt 0.0612771 0.0495103 0.0117668
402 Reddit_A.txt 0.0587536 0.0495071 0.00924653
403 Reddit_A.txt 0.0557984 0.0494512 0.00634719
404 Reddit_A.txt 0.0682601 0.0494369 0.0188232
405 Reddit_A.txt 0.0726962 0.0494184 0.0232779
406 Reddit_A.txt 0.0642902 0.0493917 0.0148986
407 Reddit_A.txt 0.0603916 0.0493701 0.0110215
408 Reddit_A.txt 0.0604883 0.0503963 0.010092
409 Reddit_A.txt 0.0690974 0.0508872 0.0182102
410 Reddit_A.txt 0.0624762 0.0508976 0.0115786
411 Reddit_A.txt 0.0613577 0.0508775 0.0104801
412 Reddit_A.txt 0.0651595 0.0508809 0.0142786
413 Reddit_A.txt 0.0631638 0.0508455 0.0123183
414 Reddit_A.txt 0.0602733 0.0508514 0.00942195
415 Reddit_A.txt 0.0633302 0.0508437 0.0124865
416 Reddit_A.txt 0.0580154 0.0507887 0.00722668
417 Reddit_A.txt 0.0591906 0.0507599 0.00843065
418 Reddit_A.txt 0.0585369 0.0507486 0.0077883
419 Reddit_A.txt 0.0567712 0.0507364 0.00603484
420 Reddit_A.txt 0.0669428 0.0507379 0.0162049
421 Reddit_A.txt 0.0613433 0.0507108 0.0106325
422 Reddit_A.txt 0.0781787 0.0507115 0.0274672
423 Reddit_A.txt 0.0694218 0.0506866 0.0187352
424 Reddit_A.txt 0.0614171 0.050682 0.0107351
425 Reddit_A.txt 0.0603662 0.0506221 0.00974407
426 Reddit_A.txt 0.0591673 0.0506058 0.00856143
427 Reddit_A.txt 0.0636507 0.0506018 0.0130489
428 Reddit_A.txt 0.0625754 0.0505879 0.0119875
429 Reddit_A.txt 0.0610051 0.0505785 0.0104265
430 Reddit_A.txt 0.0668862 0.0505724 0.0163139
431 Reddit_A.txt 0.0677468 0.0505668 0.01718
432 Reddit_A.txt 0.0608707 0.0505237 0.010347
433 Reddit_A.txt 0.0638955 0.0509868 0.0129087
434 Reddit_A.txt 0.0596569 0.0510088 0.00864807
435 Reddit_A.txt 0.059984 0.0510087 0.00897521
436 Reddit_A.txt 0.0608808 0.0509855 0.0098953
437 Reddit_A.txt 0.0635149 0.0509637 0.0125512
438 Reddit_A.txt 0.0665901 0.0509648 0.0156253
439 Reddit_A.txt 0.0693448 0.0509391 0.0184057
440 Reddit_A.txt 0.0601278 0.0509159 0.00921194
441 Reddit_A.txt 0.059512 0.0509146 0.00859746
442 Reddit_A.txt 0.0650233 0.0509144 0.014109
443 Reddit_A.txt 0.0612185 0.0509371 0.0102814
444 Reddit_A.txt 0.063518 0.0509809 0.0125371
445 Reddit_A.txt 0.0681842 0.0509788 0.0172054
446 Reddit_A.txt 0.0640489 0.050979 0.01307
447 Reddit_A.txt 0.0711333 0.0509866 0.0201467
448 Reddit_A.txt 0.066256 0.0510014 0.0152546
449 Reddit_A.txt 0.0677701 0.0510242 0.016746
450 Reddit_A.txt 0.0607969 0.0509639 0.00983297
451 Reddit_A.txt 0.0593448 0.0509074 0.00843739
452 Reddit_A.txt 0.062323 0.050875 0.011448
453 Reddit_A.txt 0.0609298 0.0508732 0.0100565
454 Reddit_A.txt 0.0592891 0.0508128 0.00847634
455 Reddit_A.txt 0.0684743 0.0508128 0.0176615
456 Reddit_A.txt 0.0737739 0.0508279 0.0229461
457 Reddit_A.txt 0.0650469 0.0508157 0.0142312
458 Reddit_A.txt 0.0569694 0.0508064 0.00616301
459 Reddit_A.txt 0.0644666 0.0507968 0.0136698
460 Reddit_A.txt 0.0611937 0.0507451 0.0104487
461 Reddit_A.txt 0.0636747 0.0507369 0.0129378
462 Reddit_A.txt 0.0684487 0.0506754 0.0177734
463 Reddit_A.txt 0.0590255 0.0506117 0.0084138
464 Reddit_A.txt 0.0644741 0.0505875 0.0138866
465 Reddit_A.txt 0.0676927 0.0505868 0.0171059
466 Reddit_A.txt 0.0600105 0.0505797 0.00943076
467 Reddit_A.txt 0.0617992 0.0505586 0.0112406
468 Reddit_A.txt 0.0647458 0.0505444 0.0142014
469 Reddit_A.txt 0.0709875 0.0504939 0.0204936
470 Reddit_A.txt 0.062419 0.0504955 0.0119235
471 Reddit_A.txt 0.0615381 0.0504474 0.0110907
472 Reddit_A.txt 0.0600295 0.0504374 0.00959207
473 Reddit_A.txt 0.0643665 0.0504235 0.013943
474 Reddit_A.txt 0.0688995 0.0504206 0.0184789
475 Reddit_A.txt 0.0592166 0.0504015 0.00881501
476 Reddit_A.txt 0.0703973 0.0503925 0.0200047
477 Reddit_A.txt 0.0658884 0.0503434 0.015545
478 Reddit_A.txt 0.0635357 0.0503352 0.0132004
479 Reddit_A.txt 0.0639458 0.050319 0.0136267
480 Reddit_A.txt 0.0627932 0.0502864 0.0125068
481 Reddit_A.txt 0.0582627 0.050272 0.00799062
482 Reddit_A.txt 0.0625498 0.0502179 0.0123319
483 Reddit_A.txt 0.0653988 0.0502027 0.0151961
484 Reddit_A.txt 0.059934 0.050185 0.00974893
485 Reddit_A.txt 0.0597311 0.0501758 0.00955532
486 Reddit_A.txt 0.0627867 0.0501409 0.0126458
487 Reddit_A.txt 0.0659322 0.0501349 0.0157973
488 Reddit_A.txt 0.0675874 0.0500677 0.0175197
489 Reddit_A.txt 0.0671074 0.050067 0.0170404
490 Reddit_A.txt 0.0696839 0.0500273 0.0196566
491 Reddit_A.txt 0.0602535 0.0500072 0.0102462
492 Reddit_A.txt 0.0712604 0.0500075 0.021253
493 Reddit_A.txt 0.0683282 0.0499987 0.0183295
494 Reddit_A.txt 0.073039 0.0499496 0.0230894
495 Reddit_A.txt 0.0668701 0.0499282 0.016942
496 Reddit_A.txt 0.0603297 0.0498831 0.0104466
497 Reddit_A.txt 0.0665733 0.0498717 0.0167015
498 Reddit_A.txt 0.0694323 0.0498236 0.0196087
499 Reddit_A.txt 0.0600128 0.0497904 0.0102224
500 Reddit_A.txt 0.0622894 0.0497727 0.0125167
501 Reddit_A.txt 0.0597515 0.049712 0.0100395
502 Reddit_A.txt 0.0624103 0.0496596 0.0127506
503 Reddit_A.txt 0.0606458 0.0496253 0.0110205
504 Reddit_A.txt 0.0584141 0.0495868 0.00882739
505 Reddit_A.txt 0.0642731 0.0495808 0.0146922
506 Reddit_A.txt 0.0671631 0.0495473 0.0176158
507 Reddit_A.txt 0.0654005 0.0495414 0.0158591
508 Reddit_A.txt 0.0641306 0.0495338 0.0145969
509 Reddit_A.txt 0.0672048 0.0495246 0.0176802
510 Reddit_A.txt 0.0608072 0.049522 0.0112852
511 Reddit_A.txt 0.0680694 0.0495017 0.0185677
512 Reddit_A.txt 0.0654593 0.0494961 0.0159632
513 Reddit_A.txt 0.0749527 0.0494874 0.0254653
514 Reddit_A.txt 0.0783301 0.0494874 0.0288427
515 Reddit_A.txt 0.0611271 0.0494707 0.0116564
516 Reddit_A.txt 0.0649602 0.0494091 0.0155512
517 Reddit_A.txt 0.0672372 0.0493991 0.0178381
518 Reddit_A.txt 0.0645481 0.0493431 0.015205
519 Reddit_A.txt 0.0773777 0.0493336 0.028044
520 Reddit_A.txt 0.0636901 0.0492969 0.0143932
521 Reddit_A.txt 0.0608969 0.0492855 0.0116114
522 Reddit_A.txt 0.0612001 0.0492376 0.0119625
523 Reddit_A.txt 0.0703528 0.0492171 0.0211356
524 Reddit_A.txt 0.0675741 0.0491658 0.0184083
525 Reddit_A.txt 0.0662313 0.0491572 0.0170741
526 Reddit_A.txt 0.059861 0.0491027 0.0107583
527 Reddit_A.txt 0.0821388 0.0490711 0.0330677
528 Reddit_A.txt 0.0641451 0.0490591 0.015086
529 Reddit_A.txt 0.0710329 0.0489981 0.0220348
530 Reddit_A.txt 0.0720927 0.0489635 0.0231292
531 Reddit_A.txt 0.069278 0.0489544 0.0203237
532 Reddit_A.txt 0.0699447 0.0489211 0.0210235
533 Reddit_A.txt 0.060073 0.0489087 0.0111643
534 Reddit_A.txt 0.0600413 0.0488646 0.0111766
535 Reddit_A.txt 0.0675347 0.0488622 0.0186725
536 Reddit_A.txt 0.0612654 0.0488244 0.012441
537 Reddit_A.txt 0.0643624 0.0488159 0.0155465
538 Reddit_A.txt 0.0715016 0.0487796 0.0227219
539 Reddit_A.txt 0.062358 0.0487701 0.0135879
540 Reddit_A.txt 0.0639116 0.0487407 0.0151709
541 Reddit_A.txt 0.0618584 0.0487261 0.0131323
542 Reddit_A.txt 0.0621335 0.0486948 0.0134387
543 Reddit_A.txt 0.0651316 0.0486601 0.0164714
544 Reddit_A.txt 0.0725123 0.0486363 0.023876
545 Reddit_A.txt 0.0600521 0.0486171 0.011435
546 Reddit_A.txt 0.0653493 0.0486134 0.0167359
547 Reddit_A.txt 0.0632903 0.0486056 0.0146847
548 Reddit_A.txt 0.0653293 0.0485637 0.0167655
549 Reddit_A.txt 0.0586259 0.0485459 0.01008
550 Reddit_A.txt 0.065562 0.0485026 0.0170594
551 Reddit_A.txt 0.0599622 0.0484893 0.0114729
552 Reddit_A.txt 0.0598459 0.0484937 0.0113523
553 Reddit_A.txt 0.0637743 0.048477 0.0152973
554 Reddit_A.txt 0.0693456 0.0484204 0.0209252
555 Reddit_A.txt 0.0634757 0.048373 0.0151027
556 Reddit_A.txt 0.0628964 0.0483731 0.0145233
557 Reddit_A.txt 0.0798303 0.0483469 0.0314834
558 Reddit_A.txt 0.0586456 0.0483252 0.0103203
559 Reddit_A.txt 0.0592543 0.0482736 0.0109808
560 Reddit_A.txt 0.0770139 0.0482795 0.0287344
561 Reddit_A.txt 0.0804015 0.0482739 0.0321276
562 Reddit_A.txt 0.066067 0.0482567 0.0178103
563 Reddit_A.txt 0.0706052 0.0482619 0.0223434
564 Reddit_A.txt 0.0655075 0.0482434 0.0172641
565 Reddit_A.txt 0.0659394 0.0482239 0.0177155
566 Reddit_A.txt 0.0635141 0.0481924 0.0153217
567 Reddit_A.txt 0.0578367 0.0481739 0.00966286
568 Reddit_A.txt 0.0594482 0.048149 0.0112992
569 Reddit_A.txt 0.0645583 0.0481361 0.0164221
570 Reddit_A.txt 0.0575973 0.0480939 0.00950344
571 Reddit_A.txt 0.0635243 0.0480712 0.0154532
572 Reddit_A.txt 0.0677854 0.0480369 0.0197486
573 Reddit_A.txt 0.0651529 0.048024 0.0171288
574 Reddit_A.txt 0.0623532 0.0480125 0.0143408
575 Reddit_A.txt 0.069583 0.0479729 0.0216101
576 Reddit_A.txt 0.0629681 0.0479492 0.0150189
577 Reddit_A.txt 0.063652 0.0479051 0.0157469
578 Reddit_A.txt 0.0610581 0.0478961 0.013162
579 Reddit_A.txt 0.0697211 0.0478344 0.0218867
580 Reddit_A.txt 0.0600645 0.0477886 0.0122759
581 Reddit_A.txt 0.0639268 0.0477739 0.016153
582 Reddit_A.txt 0.0609787 0.047767 0.0132117
583 Reddit_A.txt 0.0550022 0.0477268 0.00727535
584 Reddit_A.txt 0.0660095 0.04772 0.0182895
585 Reddit_A.txt 0.0625007 0.0476912 0.0148095
586 Reddit_A.txt 0.0622539 0.0476822 0.0145717
587 Reddit_A.txt 0.0675656 0.0476692 0.0198964
588 Reddit_A.txt 0.0633039 0.0476168 0.0156871
589 Reddit_A.txt 0.0595379 0.0475973 0.0119406
590 Reddit_A.txt 0.0624265 0.0475742 0.0148524
591 Reddit_A.txt 0.0679049 0.0475326 0.0203723
592 Reddit_A.txt 0.0739516 0.0475001 0.0264516
593 Reddit_A.txt 0.0681389 0.0474544 0.0206845
594 Reddit_A.txt 0.060792 0.0474396 0.0133525
595 Reddit_A.txt 0.0705172 0.0474048 0.0231124
596 Reddit_A.txt 0.0658045 0.0473928 0.0184117
597 Reddit_A.txt 0.0630837 0.0473797 0.015704
598 Reddit_A.txt 0.0611823 0.0473662 0.0138161
599 Reddit_A.txt 0.0637201 0.0473597 0.0163604
600 Reddit_A.txt 0.0590485 0.047343 0.0117055
601 Reddit_A.txt 0.063031 0.0473415 0.0156894
602 Reddit_A.txt 0.0621106 0.0478181 0.0142925
603 Reddit_A.txt 0.0616033 0.0478335 0.0137698
604 Reddit_A.txt 0.0583843 0.0478488 0.0105355
605 Reddit_A.txt 0.0642407 0.0478794 0.0163613
606 Reddit_A.txt 0.0696932 0.0478798 0.0218134
607 Reddit_A.txt 0.0698322 0.0478514 0.0219808
608 Reddit_A.txt 0.0666429 0.0478377 0.0188052
609 Reddit_A.txt 0.0607277 0.0478325 0.0128952
610 Reddit_A.txt 0.0638356 0.0478287 0.016007
611 Reddit_A.txt 0.0681551 0.0478139 0.0203412
612 Reddit_A.txt 0.0724739 0.0478067 0.0246672
613 Reddit_A.txt 0.0639799 0.047755 0.0162249
614 Reddit_A.txt 0.0641569 0.0477478 0.0164091
615 Reddit_A.txt 0.0658563 0.0476859 0.0181703
616 Reddit_A.txt 0.0606689 0.0476635 0.0130054
617 Reddit_A.txt 0.0651955 0.0476563 0.0175392
618 Reddit_A.txt 0.063509 0.0476684 0.0158406
619 Reddit_A.txt 0.0670076 0.0476633 0.0193443
620 Reddit_A.txt 0.0621675 0.0476669 0.0145006
621 Reddit_A.txt 0.0763205 0.0476587 0.0286619
622 Reddit_A.txt 0.0651074 0.047679 0.0174284
623 Reddit_A.txt 0.0605855 0.0476271 0.0129584
624 Reddit_A.txt 0.0643162 0.0476241 0.0166921
625 Reddit_A.txt 0.0577921 0.0476044 0.0101877
626 Reddit_A.txt 0.0701899 0.0489371 0.0212528
627 Reddit_A.txt 0.0726488 0.0492312 0.0234176
628 Reddit_A.txt 0.0735765 0.0497886 0.0237879
629 Reddit_A.txt 0.0676621 0.0502274 0.0174347
630 Reddit_A.txt 0.065973 0.0502712 0.0157018
631 Reddit_A.txt 0.0632398 0.0502657 0.0129741
632 Reddit_A.txt 0.0651664 0.0502069 0.0149595
633 Reddit_A.txt 0.0669348 0.0501686 0.0167663
634 Reddit_A.txt 0.0592541 0.0501674 0.00908663
635 Reddit_A.txt 0.0676724 0.0501477 0.0175247
636 Reddit_A.txt 0.0672834 0.0501445 0.0171389
637 Reddit_A.txt 0.0733062 0.0501291 0.0231771
638 Reddit_A.txt 0.0638456 0.0500963 0.0137493
639 Reddit_A.txt 0.0700841 0.0500952 0.019989
640 Reddit_A.txt 0.0665534 0.0500794 0.0164741
641 Reddit_A.txt 0.0609187 0.0500758 0.010843
642 Reddit_A.txt 0.0622881 0.050058 0.0122302
643 Reddit_A.txt 0.0704368 0.0500472 0.0203896
644 Reddit_A.txt 0.0647353 0.0500285 0.0147068
645 Reddit_A.txt 0.0612547 0.0500235 0.0112312
646 Reddit_A.txt 0.0663515 0.0500195 0.016332
647 Reddit_A.txt 0.0700982 0.0500196 0.0200786
648 Reddit_A.txt 0.0755621 0.0499766 0.0255855
649 Reddit_A.txt 0.0794226 0.0499561 0.0294665
650 Reddit_A.txt 0.0647092 0.0499554 0.0147539
651 Reddit_A.txt 0.0618173 0.0499173 0.0119
652 Reddit_A.txt 0.0620349 0.0499057 0.0121292
653 Reddit_A.txt 0.0734342 0.049839 0.0235952
654 Reddit_A.txt 0.0686103 0.0497895 0.0188208
655 Reddit_A.txt 0.0737055 0.049778 0.0239275
656 Reddit_A.txt 0.0715441 0.0497211 0.021823
657 Reddit_A.txt 0.0681614 0.0497057 0.0184556
658 Reddit_A.txt 0.076076 0.0496722 0.0264038
659 Reddit_A.txt 0.0774418 0.0496605 0.0277813
660 Reddit_A.txt 0.0550508 0.0496519 0.00539889
661 Reddit_A.txt 0.0707508 0.0496387 0.021112
662 Reddit_A.txt 0.0607807 0.0496181 0.0111626
663 Reddit_A.txt 0.0659617 0.0495942 0.0163675
664 Reddit_A.txt 0.0703225 0.0495849 0.0207376
665 Reddit_A.txt 0.0672251 0.0495652 0.0176599
666 Reddit_A.txt 0.0849944 0.0495609 0.0354335
667 Reddit_A.txt 0.0739433 0.049523 0.0244202
668 Reddit_A.txt 0.0691872 0.0495193 0.0196679
669 Reddit_A.txt 0.0697814 0.0494415 0.0203399
670 Reddit_A.txt 0.0664784 0.0494377 0.0170407
671 Reddit_A.txt 0.0740669 0.0494409 0.024626
672 Reddit_A.txt 0.0746341 0.0494412 0.0251929
673 Reddit_A.txt 0.0698857 0.0494316 0.0204541
674 Reddit_A.txt 0.0645778 0.0494227 0.0151551
675 Reddit_A.txt 0.0747666 0.0494184 0.0253482
676 Reddit_A.txt 0.0698004 0.0493533 0.0204471
677 Reddit_A.txt 0.0684519 0.0493191 0.0191329
678 Reddit_A.txt 0.0626301 0.0494145 0.0132156
679 Reddit_A.txt 0.0802384 0.0494422 0.0307963
680 Reddit_A.txt 0.0649858 0.0494582 0.0155277
681 Reddit_A.txt 0.0647978 0.0493794 0.0154184
682 Reddit_A.txt 0.0632202 0.049334 0.0138862
683 Reddit_A.txt 0.0785191 0.0493355 0.0291836
684 Reddit_A.txt 0.0718737 0.0492587 0.0226149
685 Reddit_A.txt 0.0715767 0.0491747 0.022402
686 Reddit_A.txt 0.0624333 0.0491076 0.0133257
687 Reddit_A.txt 0.0834056 0.0490918 0.0343137
688 Reddit_A.txt 0.0719968 0.0490722 0.0229247
689 Reddit_A.txt 0.0694961 0.0490584 0.0204377
690 Reddit_A.txt 0.0638089 0.0490529 0.014756
691 Reddit_A.txt 0.0677131 0.0490526 0.0186604
692 Reddit_A.txt 0.0659309 0.0490388 0.0168921
693 Reddit_A.txt 0.0766112 0.0490342 0.027577
694 Reddit_A.txt 0.0716529 0.0489734 0.0226795
695 Reddit_A.txt 0.0770554 0.0489637 0.0280917
696 Reddit_A.txt 0.0731214 0.0489672 0.0241542
697 Reddit_A.txt 0.0672444 0.048946 0.0182984
698 Reddit_A.txt 0.0646145 0.0489372 0.0156773
699 Reddit_A.txt 0.0650816 0.048874 0.0162075
700 Reddit_A.txt 0.0668183 0.0488 0.0180183
701 Reddit_A.txt 0.0669772 0.0487937 0.0181835
702 Reddit_A.txt 0.0657999 0.0487885 0.0170114
703 Reddit_A.txt 0.0719395 0.048773 0.0231665
704 Reddit_A.txt 0.0588754 0.0487035 0.0101718
705 Reddit_A.txt 0.0737333 0.0487053 0.0250279
706 Reddit_A.txt 0.0763505 0.0487019 0.0276486
707 Reddit_A.txt 0.0726845 0.0486221 0.0240624
708 Reddit_A.txt 0.0750297 0.0486024 0.0264274
709 Reddit_A.txt 0.0760585 0.0486025 0.027456
710 Reddit_A.txt 0.07326 0.0485924 0.0246676
711 Reddit_A.txt 0.0854548 0.0484557 0.036999
712 Reddit_A.txt 0.0677878 0.0483624 0.0194254
713 Reddit_A.txt 0.0651188 0.0483562 0.0167626
714 Reddit_A.txt 0.0629849 0.0483506 0.0146343
715 Reddit_A.txt 0.0597376 0.0483426 0.011395
716 Reddit_A.txt 0.0661106 0.0482814 0.0178292
717 Reddit_A.txt 0.0659845 0.0482655 0.017719
718 Reddit_A.txt 0.0706254 0.0482645 0.0223609
719 Reddit_A.txt 0.0802649 0.0501305 0.0301344
720 Reddit_A.txt 0.0721369 0.050129 0.0220079
721 Reddit_A.txt 0.0816679 0.0501168 0.0315511
722 Reddit_A.txt 0.0735114 0.0500945 0.0234169
723 Reddit_A.txt 0.0681561 0.0500739 0.0180822
724 Reddit_A.txt 0.07411 0.0500539 0.0240561
725 Reddit_A.txt 0.068897 0.0500278 0.0188692
726 Reddit_A.txt 0.0792897 0.0500084 0.0292813
727 Reddit_A.txt 0.0739701 0.0499932 0.0239768
728 Reddit_A.txt 0.0690289 0.0499787 0.0190502
729 Reddit_A.txt 0.0776675 0.0499675 0.0277001
730 Reddit_A.txt 0.0710479 0.0499526 0.0210953
731 Reddit_A.txt 0.079056 0.0499295 0.0291265
732 Reddit_A.txt 0.0730871 0.0499109 0.0231762
733 Reddit_A.txt 0.0692343 0.0498859 0.0193484
734 Reddit_A.txt 0.0732606 0.04987 0.0233905
735 Reddit_A.txt 0.0797132 0.0498592 0.029854
736 Reddit_A.txt 0.0700459 0.0498507 0.0201952
737 Reddit_A.txt 0.0677309 0.0498335 0.0178974
738 Reddit_A.txt 0.0792105 0.0498139 0.0293967
739 Reddit_A.txt 0.0772765 0.0497975 0.027479
740 Reddit_A.txt 0.0723236 0.0497896 0.022534
741 Reddit_A.txt 0.0734176 0.0497731 0.0236446
742 Reddit_A.txt 0.0752077 0.049751 0.0254567
743 Reddit_A.txt 0.069357 0.049738 0.019619
744 Reddit_A.txt 0.0684016 0.0497208 0.0186808
745 Reddit_A.txt 0.071201 0.0508544 0.0203466
746 Reddit_A.txt 0.0738502 0.0512887 0.0225615
747 Reddit_A.txt 0.0784163 0.0513251 0.0270912
748 Reddit_A.txt 0.0693635 0.0513475 0.018016
749 Reddit_A.txt 0.0672175 0.0513162 0.0159013
750 Reddit_A.txt 0.0782646 0.0513246 0.02694
751 Reddit_A.txt 0.0808093 0.0513505 0.0294588
752 Reddit_A.txt 0.0753112 0.0513359 0.0239753
753 Reddit_A.txt 0.0846865 0.0513379 0.0333485
754 Reddit_A.txt 0.200007 0.0512723 0.148735
755 Reddit_A.txt 0.2112 0.0511978 0.160002
756 Reddit_A.txt 0.170149 0.0511996 0.118949
757 Reddit_A.txt 0.148675 0.0511796 0.0974955
758 Reddit_A.txt 0.132811 0.0511726 0.0816387
759 Reddit_A.txt 0.121396 0.0511134 0.0702826
760 Reddit_A.txt 0.11152 0.051091 0.0604289
761 Reddit_A.txt 0.102188 0.0510934 0.0510946
762 Reddit_A.txt 0.09489 0.0510928 0.0437972
763 Reddit_A.txt 0.0866082 0.0510758 0.0355324
764 Reddit_A.txt 0.0793231 0.0510725 0.0282506
765 Reddit_A.txt 0.0717733 0.0510329 0.0207404
766 Reddit_A.txt 0.0641223 0.051022 0.0131003
767 Reddit_A.txt 0.0589287 0.050978 0.00795064
TACC:  Shutdown complete. Exiting. 
