TACC:  Starting up job 10024616 
TACC:  Starting parallel tasks... 
0 Cora_feat_L2.txt 0.00089356 0.000892566 9.94e-07
1 Cora_feat_L2.txt 0.00108151 0.00108055 9.64e-07
2 Cora_feat_L2.txt 0.00108248 0.00108156 9.21e-07
3 Cora_feat_L2.txt 0.00107952 0.00107862 9.03e-07
4 Cora_feat_L2.txt 0.00102923 0.00102831 9.2e-07
5 Cora_feat_L2.txt 0.000994639 0.000993664 9.75e-07
6 Cora_feat_L2.txt 0.000992603 0.000991739 8.64e-07
7 Cora_feat_L2.txt 0.00109621 0.00109518 1.029e-06
8 Cora_feat_L2.txt 0.000936255 0.00093535 9.05e-07
9 Cora_feat_L2.txt 0.000931119 0.000930149 9.7e-07
10 Cora_feat_L2.txt 0.00109846 0.00109763 8.32e-07
11 Cora_feat_L2.txt 0.00106996 0.00106918 7.84e-07
12 Cora_feat_L2.txt 0.00106389 0.00106298 9.08e-07
13 Cora_feat_L2.txt 0.00103459 0.00103344 1.148e-06
14 Cora_feat_L2.txt 0.00110098 0.00110003 9.49e-07
15 Cora_feat_L2.txt 0.000980022 0.000979043 9.79e-07
16 Cora_feat_L2.txt 0.00107624 0.0010751 1.141e-06
17 Cora_feat_L2.txt 0.000932753 0.000931862 8.91e-07
18 Cora_feat_L2.txt 0.000951826 0.000950802 1.024e-06
19 Cora_feat_L2.txt 0.00111383 0.0011128 1.032e-06
20 Cora_feat_L2.txt 0.00109657 0.00109565 9.16e-07
21 Cora_feat_L2.txt 0.00105835 0.00105746 8.88e-07
22 Cora_feat_L2.txt 0.00106234 0.00106146 8.86e-07
23 Cora_feat_L2.txt 0.00105014 0.0010494 7.35e-07
24 Cora_feat_L2.txt 0.00103814 0.00103731 8.39e-07
25 Cora_feat_L2.txt 0.000992688 0.000991731 9.57e-07
26 Cora_feat_L2.txt 0.00106241 0.00106155 8.57e-07
27 Cora_feat_L2.txt 0.000939032 0.000938046 9.86e-07
28 Cora_feat_L2.txt 0.00099914 0.000998231 9.09e-07
29 Cora_feat_L2.txt 0.00100078 0.000999751 1.028e-06
30 Cora_feat_L2.txt 0.000898325 0.000897349 9.76e-07
31 Cora_feat_L2.txt 0.00100575 0.00100469 1.064e-06
32 Cora_feat_L2.txt 0.000981344 0.000980429 9.15e-07
33 Cora_feat_L2.txt 0.00100535 0.00100442 9.33e-07
34 Cora_feat_L2.txt 0.00101162 0.00101067 9.42e-07
35 Cora_feat_L2.txt 0.000975537 0.000974685 8.52e-07
36 Cora_feat_L2.txt 0.00100051 0.000999613 9.01e-07
37 Cora_feat_L2.txt 0.000941157 0.000940215 9.42e-07
38 Cora_feat_L2.txt 0.00103955 0.00103865 8.99e-07
39 Cora_feat_L2.txt 0.000994901 0.000993817 1.084e-06
40 Cora_feat_L2.txt 0.000985331 0.000984406 9.25e-07
41 Cora_feat_L2.txt 0.00105209 0.00105113 9.53e-07
42 Cora_feat_L2.txt 0.00109399 0.00109304 9.48e-07
43 Cora_feat_L2.txt 0.00101716 0.00101619 9.73e-07
44 Cora_feat_L2.txt 0.00106596 0.00106506 8.99e-07
45 Cora_feat_L2.txt 0.000957447 0.000956603 8.44e-07
46 Cora_feat_L2.txt 0.000978942 0.000978039 9.03e-07
47 Cora_feat_L2.txt 0.00100171 0.00100101 6.93e-07
48 Cora_feat_L2.txt 0.00087341 0.00087173 1.68e-06
49 Cora_feat_L2.txt 0.00110658 0.00110532 1.256e-06
50 Cora_feat_L2.txt 0.00118616 0.00118507 1.088e-06
51 Cora_feat_L2.txt 0.00116574 0.00116453 1.215e-06
52 Cora_feat_L2.txt 0.00106638 0.00106527 1.111e-06
53 Cora_feat_L2.txt 0.00104299 0.00104174 1.252e-06
54 Cora_feat_L2.txt 0.00115103 0.00114993 1.099e-06
55 Cora_feat_L2.txt 0.00106072 0.0010595 1.222e-06
56 Cora_feat_L2.txt 0.00106027 0.00105928 9.87e-07
57 Cora_feat_L2.txt 0.001214 0.00121278 1.22e-06
58 Cora_feat_L2.txt 0.00106676 0.00106568 1.083e-06
59 Cora_feat_L2.txt 0.00116142 0.00116011 1.308e-06
60 Cora_feat_L2.txt 0.000968118 0.000967055 1.063e-06
61 Cora_feat_L2.txt 0.00104504 0.00104377 1.272e-06
62 Cora_feat_L2.txt 0.00116479 0.00116378 1.015e-06
63 Cora_feat_L2.txt 0.00113924 0.00113822 1.02e-06
64 Cora_feat_L2.txt 0.000924612 0.0009235 1.112e-06
65 Cora_feat_L2.txt 0.00112012 0.00111887 1.252e-06
66 Cora_feat_L2.txt 0.00114341 0.00114219 1.221e-06
67 Cora_feat_L2.txt 0.00111772 0.00111663 1.093e-06
68 Cora_feat_L2.txt 0.00106359 0.00106249 1.096e-06
69 Cora_feat_L2.txt 0.00112137 0.00112016 1.205e-06
70 Cora_feat_L2.txt 0.00111086 0.00110977 1.086e-06
71 Cora_feat_L2.txt 0.0010638 0.00106254 1.254e-06
72 Cora_feat_L2.txt 0.000957338 0.000956253 1.085e-06
73 Cora_feat_L2.txt 0.0011448 0.0011436 1.199e-06
74 Cora_feat_L2.txt 0.00106768 0.00106659 1.084e-06
75 Cora_feat_L2.txt 0.000941235 0.000940123 1.112e-06
76 Cora_feat_L2.txt 0.00117869 0.00117752 1.171e-06
77 Cora_feat_L2.txt 0.00104046 0.00103928 1.177e-06
78 Cora_feat_L2.txt 0.00116171 0.00116065 1.061e-06
79 Cora_feat_L2.txt 0.00107957 0.00107838 1.194e-06
80 Cora_feat_L2.txt 0.000857187 0.000856021 1.166e-06
81 Cora_feat_L2.txt 0.0010415 0.00104027 1.233e-06
82 Cora_feat_L2.txt 0.000975371 0.000974292 1.079e-06
83 Cora_feat_L2.txt 0.000985609 0.000984307 1.302e-06
84 Cora_feat_L2.txt 0.000804514 0.000802873 1.641e-06
85 Cora_feat_L2.txt 0.00100881 0.00100776 1.052e-06
86 Cora_feat_L2.txt 0.0010208 0.00101975 1.044e-06
87 Cora_feat_L2.txt 0.0010247 0.00102342 1.284e-06
88 Cora_feat_L2.txt 0.00118434 0.00118326 1.08e-06
89 Cora_feat_L2.txt 0.00112432 0.00112305 1.27e-06
90 Cora_feat_L2.txt 0.00107316 0.001072 1.156e-06
91 Cora_feat_L2.txt 0.00108419 0.00108311 1.076e-06
92 Cora_feat_L2.txt 0.00101802 0.00101691 1.107e-06
93 Cora_feat_L2.txt 0.00101601 0.00101479 1.22e-06
94 Cora_feat_L2.txt 0.00111773 0.00111662 1.111e-06
95 Cora_feat_L2.txt 0.0011199 0.00111863 1.278e-06
96 Cora_feat_L2.txt 0.000918833 0.000917904 9.29e-07
97 Cora_feat_L2.txt 0.000869948 0.000869099 8.49e-07
98 Cora_feat_L2.txt 0.00106768 0.00106671 9.65e-07
99 Cora_feat_L2.txt 0.00101658 0.00101569 8.86e-07
100 Cora_feat_L2.txt 0.000950814 0.000949958 8.56e-07
101 Cora_feat_L2.txt 0.00124667 0.00124563 1.037e-06
102 Cora_feat_L2.txt 0.000917046 0.000916014 1.032e-06
103 Cora_feat_L2.txt 0.0010572 0.00105642 7.87e-07
104 Cora_feat_L2.txt 0.000822582 0.000821684 8.98e-07
105 Cora_feat_L2.txt 0.00110292 0.00110198 9.37e-07
106 Cora_feat_L2.txt 0.00100526 0.0010044 8.66e-07
107 Cora_feat_L2.txt 0.00110137 0.00110038 9.91e-07
108 Cora_feat_L2.txt 0.00102296 0.00102186 1.098e-06
109 Cora_feat_L2.txt 0.000975563 0.000974551 1.012e-06
110 Cora_feat_L2.txt 0.00107656 0.00107557 9.88e-07
111 Cora_feat_L2.txt 0.00102025 0.00101929 9.6e-07
112 Cora_feat_L2.txt 0.00103295 0.00103203 9.15e-07
113 Cora_feat_L2.txt 0.00101135 0.0010103 1.049e-06
114 Cora_feat_L2.txt 0.000980698 0.000979784 9.14e-07
115 Cora_feat_L2.txt 0.00103961 0.00103858 1.032e-06
116 Cora_feat_L2.txt 0.000993723 0.00099285 8.73e-07
117 Cora_feat_L2.txt 0.000956007 0.000955151 8.56e-07
118 Cora_feat_L2.txt 0.000997446 0.000996527 9.19e-07
119 Cora_feat_L2.txt 0.000919229 0.00091827 9.59e-07
120 Cora_feat_L2.txt 0.000902085 0.000901121 9.64e-07
121 Cora_feat_L2.txt 0.00117553 0.0011745 1.026e-06
122 Cora_feat_L2.txt 0.00107914 0.00107824 8.91e-07
123 Cora_feat_L2.txt 0.000931583 0.000930676 9.07e-07
124 Cora_feat_L2.txt 0.0011319 0.00113101 8.92e-07
125 Cora_feat_L2.txt 0.00095057 0.000949532 1.038e-06
126 Cora_feat_L2.txt 0.00114114 0.00114019 9.45e-07
127 Cora_feat_L2.txt 0.00104741 0.00104639 1.018e-06
128 Cora_feat_L2.txt 0.000841475 0.000840544 9.31e-07
129 Cora_feat_L2.txt 0.00110015 0.00109913 1.019e-06
130 Cora_feat_L2.txt 0.00117519 0.00117428 9.14e-07
131 Cora_feat_L2.txt 0.00110491 0.00110393 9.87e-07
132 Cora_feat_L2.txt 0.00110366 0.00110274 9.22e-07
133 Cora_feat_L2.txt 0.00114417 0.00114315 1.023e-06
134 Cora_feat_L2.txt 0.00102742 0.00102653 8.84e-07
135 Cora_feat_L2.txt 0.00097271 0.000971699 1.011e-06
136 Cora_feat_L2.txt 0.00101706 0.00101616 9.05e-07
137 Cora_feat_L2.txt 0.000986273 0.000985271 1.002e-06
138 Cora_feat_L2.txt 0.00108152 0.00108069 8.31e-07
139 Cora_feat_L2.txt 0.00104249 0.00104167 8.24e-07
140 Cora_feat_L2.txt 0.00100632 0.00100539 9.27e-07
141 Cora_feat_L2.txt 0.00109482 0.00109377 1.053e-06
142 Cora_feat_L2.txt 0.00100905 0.00100814 9.1e-07
143 Cora_feat_L2.txt 0.000972149 0.000971052 1.097e-06
144 Cora_feat_L2.txt 0.000898064 0.000897101 9.63e-07
145 Cora_feat_L2.txt 0.000890993 0.000889965 1.028e-06
146 Cora_feat_L2.txt 0.000945262 0.000944336 9.26e-07
147 Cora_feat_L2.txt 0.000903945 0.000902888 1.057e-06
148 Cora_feat_L2.txt 0.000950494 0.000949569 9.25e-07
149 Cora_feat_L2.txt 0.000900701 0.00089974 9.61e-07
150 Cora_feat_L2.txt 0.000873348 0.000872434 9.14e-07
151 Cora_feat_L2.txt 0.000911234 0.000910162 1.072e-06
152 Cora_feat_L2.txt 0.000882651 0.000881703 9.48e-07
153 Cora_feat_L2.txt 0.000931411 0.000930501 9.1e-07
154 Cora_feat_L2.txt 0.00088707 0.000886115 9.55e-07
155 Cora_feat_L2.txt 0.00101368 0.00101276 9.16e-07
156 Cora_feat_L2.txt 0.000890324 0.000889401 9.23e-07
157 Cora_feat_L2.txt 0.000871875 0.000870941 9.34e-07
158 Cora_feat_L2.txt 0.00088585 0.000884905 9.45e-07
159 Cora_feat_L2.txt 0.00100617 0.00100511 1.061e-06
160 Cora_feat_L2.txt 0.00102442 0.00102348 9.4e-07
161 Cora_feat_L2.txt 0.000969195 0.000968132 1.063e-06
162 Cora_feat_L2.txt 0.000969763 0.000968872 8.91e-07
163 Cora_feat_L2.txt 0.00101442 0.0010134 1.015e-06
164 Cora_feat_L2.txt 0.00104002 0.00103904 9.73e-07
165 Cora_feat_L2.txt 0.00100937 0.0010083 1.074e-06
166 Cora_feat_L2.txt 0.00102426 0.00102329 9.69e-07
167 Cora_feat_L2.txt 0.00105705 0.00105605 9.97e-07
168 Cora_feat_L2.txt 0.000945491 0.000944523 9.68e-07
169 Cora_feat_L2.txt 0.00100747 0.00100641 1.06e-06
170 Cora_feat_L2.txt 0.00109639 0.00109541 9.87e-07
171 Cora_feat_L2.txt 0.000994897 0.000993796 1.101e-06
172 Cora_feat_L2.txt 0.00101318 0.00101229 8.95e-07
173 Cora_feat_L2.txt 0.000955904 0.000955007 8.97e-07
174 Cora_feat_L2.txt 0.000968312 0.000967375 9.37e-07
175 Cora_feat_L2.txt 0.000918877 0.000917824 1.053e-06
176 Cora_feat_L2.txt 0.000870846 0.000869955 8.91e-07
177 Cora_feat_L2.txt 0.000985981 0.000984928 1.053e-06
178 Cora_feat_L2.txt 0.000946507 0.000945665 8.42e-07
179 Cora_feat_L2.txt 0.00099015 0.000989293 8.57e-07
180 Cora_feat_L2.txt 0.000943679 0.000942845 8.34e-07
181 Cora_feat_L2.txt 0.000969866 0.000968872 9.94e-07
182 Cora_feat_L2.txt 0.000899136 0.000898197 9.39e-07
183 Cora_feat_L2.txt 0.000937776 0.000936743 1.033e-06
184 Cora_feat_L2.txt 0.00102362 0.00102267 9.42e-07
185 Cora_feat_L2.txt 0.000880722 0.000879774 9.48e-07
186 Cora_feat_L2.txt 0.000887284 0.000886261 1.023e-06
187 Cora_feat_L2.txt 0.000959545 0.000958522 1.023e-06
188 Cora_feat_L2.txt 0.00105583 0.00105486 9.7e-07
189 Cora_feat_L2.txt 0.000887673 0.000886649 1.024e-06
190 Cora_feat_L2.txt 0.000889365 0.000888283 1.082e-06
191 Cora_feat_L2.txt 0.000932259 0.0009314 8.59e-07
192 Cora_feat_L2.txt 0.000993105 0.000991988 1.117e-06
193 Cora_feat_L2.txt 0.0010153 0.0010143 1.001e-06
194 Cora_feat_L2.txt 0.00106433 0.00106339 9.39e-07
195 Cora_feat_L2.txt 0.00127328 0.00127229 9.85e-07
196 Cora_feat_L2.txt 0.00100852 0.00100766 8.58e-07
197 Cora_feat_L2.txt 0.00101456 0.00101361 9.44e-07
198 Cora_feat_L2.txt 0.00108384 0.00108298 8.58e-07
199 Cora_feat_L2.txt 0.00100903 0.00100813 8.96e-07
200 Cora_feat_L2.txt 0.00112252 0.00112162 8.98e-07
201 Cora_feat_L2.txt 0.0010089 0.00100785 1.051e-06
202 Cora_feat_L2.txt 0.00111818 0.00111727 9.11e-07
203 Cora_feat_L2.txt 0.000997188 0.000996261 9.27e-07
204 Cora_feat_L2.txt 0.00114591 0.00114508 8.21e-07
205 Cora_feat_L2.txt 0.00118383 0.0011828 1.025e-06
206 Cora_feat_L2.txt 0.00102221 0.00102131 8.99e-07
207 Cora_feat_L2.txt 0.00124866 0.0012476 1.062e-06
208 Cora_feat_L2.txt 0.00107485 0.00107397 8.85e-07
209 Cora_feat_L2.txt 0.00108607 0.00108505 1.025e-06
210 Cora_feat_L2.txt 0.00128798 0.00128691 1.072e-06
211 Cora_feat_L2.txt 0.00114246 0.00114142 1.039e-06
212 Cora_feat_L2.txt 0.0012185 0.00121747 1.034e-06
213 Cora_feat_L2.txt 0.00114528 0.00114438 8.95e-07
214 Cora_feat_L2.txt 0.00107478 0.00107379 9.89e-07
215 Cora_feat_L2.txt 0.00119494 0.0011939 1.038e-06
216 Cora_feat_L2.txt 0.00102685 0.0010259 9.53e-07
217 Cora_feat_L2.txt 0.00118358 0.00118256 1.018e-06
218 Cora_feat_L2.txt 0.00115949 0.00115849 9.95e-07
219 Cora_feat_L2.txt 0.00117035 0.00116937 9.79e-07
220 Cora_feat_L2.txt 0.00113789 0.00113701 8.8e-07
221 Cora_feat_L2.txt 0.00120386 0.00120284 1.022e-06
222 Cora_feat_L2.txt 0.00110815 0.00110727 8.82e-07
223 Cora_feat_L2.txt 0.00120438 0.00120334 1.035e-06
224 Cora_feat_L2.txt 0.00103382 0.00103272 1.091e-06
225 Cora_feat_L2.txt 0.00112008 0.001119 1.08e-06
226 Cora_feat_L2.txt 0.00113429 0.00113334 9.52e-07
227 Cora_feat_L2.txt 0.00118553 0.00118446 1.071e-06
228 Cora_feat_L2.txt 0.000979306 0.000978364 9.42e-07
229 Cora_feat_L2.txt 0.00115183 0.00115093 8.98e-07
230 Cora_feat_L2.txt 0.00115099 0.00115006 9.23e-07
231 Cora_feat_L2.txt 0.00110916 0.00110815 1.009e-06
232 Cora_feat_L2.txt 0.00102452 0.00102361 9.05e-07
233 Cora_feat_L2.txt 0.00122162 0.00122067 9.51e-07
234 Cora_feat_L2.txt 0.00113287 0.00113191 9.58e-07
235 Cora_feat_L2.txt 0.00107704 0.00107601 1.034e-06
236 Cora_feat_L2.txt 0.001175 0.00117405 9.42e-07
237 Cora_feat_L2.txt 0.00115653 0.00115563 9.04e-07
238 Cora_feat_L2.txt 0.00118351 0.00118251 9.95e-07
239 Cora_feat_L2.txt 0.00116365 0.00116272 9.31e-07
240 Cora_feat_L2.txt 0.000849258 0.000848201 1.057e-06
241 Cora_feat_L2.txt 0.00106678 0.00106589 8.9e-07
242 Cora_feat_L2.txt 0.000963106 0.000962207 8.99e-07
243 Cora_feat_L2.txt 0.000968203 0.000967336 8.67e-07
244 Cora_feat_L2.txt 0.000793274 0.000792383 8.91e-07
245 Cora_feat_L2.txt 0.00102246 0.00102147 9.93e-07
246 Cora_feat_L2.txt 0.00117733 0.00117645 8.79e-07
247 Cora_feat_L2.txt 0.00112088 0.00111998 8.96e-07
248 Cora_feat_L2.txt 0.00105988 0.001059 8.81e-07
249 Cora_feat_L2.txt 0.00115629 0.00115525 1.032e-06
250 Cora_feat_L2.txt 0.000985462 0.000984367 1.095e-06
251 Cora_feat_L2.txt 0.000953226 0.00095212 1.106e-06
252 Cora_feat_L2.txt 0.00111037 0.00110952 8.45e-07
253 Cora_feat_L2.txt 0.000978051 0.000977067 9.84e-07
254 Cora_feat_L2.txt 0.00109916 0.00109824 9.22e-07
255 Cora_feat_L2.txt 0.000953803 0.000952831 9.72e-07
256 Cora_feat_L2.txt 0.000788007 0.000787064 9.43e-07
257 Cora_feat_L2.txt 0.00108506 0.00108401 1.045e-06
258 Cora_feat_L2.txt 0.000829669 0.000828788 8.81e-07
259 Cora_feat_L2.txt 0.000938691 0.000937792 8.99e-07
260 Cora_feat_L2.txt 0.00110681 0.00110583 9.87e-07
261 Cora_feat_L2.txt 0.000971845 0.000970882 9.63e-07
262 Cora_feat_L2.txt 0.00102486 0.0010239 9.64e-07
263 Cora_feat_L2.txt 0.000985448 0.000984463 9.85e-07
264 Cora_feat_L2.txt 0.00111342 0.00111248 9.43e-07
265 Cora_feat_L2.txt 0.00102935 0.0010283 1.055e-06
266 Cora_feat_L2.txt 0.000969579 0.000968526 1.053e-06
267 Cora_feat_L2.txt 0.00108752 0.00108647 1.058e-06
268 Cora_feat_L2.txt 0.000989218 0.000988252 9.66e-07
269 Cora_feat_L2.txt 0.000909854 0.000908883 9.71e-07
270 Cora_feat_L2.txt 0.0010072 0.00100632 8.83e-07
271 Cora_feat_L2.txt 0.00104302 0.00104194 1.077e-06
272 Cora_feat_L2.txt 0.000957463 0.000956635 8.28e-07
273 Cora_feat_L2.txt 0.00107043 0.00106943 9.99e-07
274 Cora_feat_L2.txt 0.00106317 0.00106227 9.1e-07
275 Cora_feat_L2.txt 0.00104428 0.0010432 1.076e-06
276 Cora_feat_L2.txt 0.00102614 0.00102523 9.13e-07
277 Cora_feat_L2.txt 0.00109983 0.00109892 9.12e-07
278 Cora_feat_L2.txt 0.00101238 0.00101148 8.97e-07
279 Cora_feat_L2.txt 0.0011132 0.00111212 1.085e-06
280 Cora_feat_L2.txt 0.00101544 0.00101437 1.07e-06
281 Cora_feat_L2.txt 0.00103929 0.00103833 9.61e-07
282 Cora_feat_L2.txt 0.000975752 0.000974704 1.048e-06
283 Cora_feat_L2.txt 0.000942767 0.000941805 9.62e-07
284 Cora_feat_L2.txt 0.001 0.000999049 9.52e-07
285 Cora_feat_L2.txt 0.00107746 0.00107655 9.03e-07
286 Cora_feat_L2.txt 0.00104027 0.00103939 8.75e-07
287 Cora_feat_L2.txt 0.000981852 0.000980952 9e-07
288 Cora_feat_L2.txt 0.000969624 0.000968636 9.88e-07
289 Cora_feat_L2.txt 0.00100317 0.00100223 9.46e-07
290 Cora_feat_L2.txt 0.00120337 0.00120245 9.19e-07
291 Cora_feat_L2.txt 0.00103371 0.00103258 1.128e-06
292 Cora_feat_L2.txt 0.00113159 0.00113068 9.09e-07
293 Cora_feat_L2.txt 0.00111924 0.00111823 1.008e-06
294 Cora_feat_L2.txt 0.00109506 0.0010941 9.59e-07
295 Cora_feat_L2.txt 0.00116025 0.00115918 1.069e-06
296 Cora_feat_L2.txt 0.00112646 0.00112549 9.69e-07
297 Cora_feat_L2.txt 0.00110815 0.00110731 8.31e-07
298 Cora_feat_L2.txt 0.00114407 0.00114309 9.71e-07
299 Cora_feat_L2.txt 0.00110854 0.00110758 9.62e-07
300 Cora_feat_L2.txt 0.00117301 0.001172 1.005e-06
301 Cora_feat_L2.txt 0.00117108 0.00117001 1.078e-06
302 Cora_feat_L2.txt 0.00114843 0.00114748 9.46e-07
303 Cora_feat_L2.txt 0.0010396 0.00103871 8.85e-07
304 Cora_feat_L2.txt 0.00111656 0.00111561 9.56e-07
305 Cora_feat_L2.txt 0.00111982 0.00111871 1.109e-06
306 Cora_feat_L2.txt 0.00112785 0.0011269 9.53e-07
307 Cora_feat_L2.txt 0.0011337 0.00113273 9.74e-07
308 Cora_feat_L2.txt 0.00113052 0.00112955 9.74e-07
309 Cora_feat_L2.txt 0.00122318 0.00122226 9.22e-07
310 Cora_feat_L2.txt 0.00106328 0.00106244 8.42e-07
311 Cora_feat_L2.txt 0.00113732 0.00113633 9.94e-07
312 Cora_feat_L2.txt 0.00105158 0.00105054 1.041e-06
313 Cora_feat_L2.txt 0.00117254 0.00117166 8.79e-07
314 Cora_feat_L2.txt 0.0010861 0.00108511 9.92e-07
315 Cora_feat_L2.txt 0.00115316 0.00115209 1.073e-06
316 Cora_feat_L2.txt 0.0011284 0.00112748 9.18e-07
317 Cora_feat_L2.txt 0.00121351 0.00121253 9.79e-07
318 Cora_feat_L2.txt 0.00108005 0.00107911 9.41e-07
319 Cora_feat_L2.txt 0.00104866 0.00104761 1.047e-06
320 Cora_feat_L2.txt 0.000988086 0.000987193 8.93e-07
321 Cora_feat_L2.txt 0.00111052 0.00110942 1.102e-06
322 Cora_feat_L2.txt 0.00116006 0.0011591 9.58e-07
323 Cora_feat_L2.txt 0.00102114 0.0010201 1.037e-06
324 Cora_feat_L2.txt 0.00109294 0.00109204 9.01e-07
325 Cora_feat_L2.txt 0.0010601 0.00105904 1.069e-06
326 Cora_feat_L2.txt 0.00109219 0.00109128 9.08e-07
327 Cora_feat_L2.txt 0.00108602 0.00108499 1.025e-06
328 Cora_feat_L2.txt 0.00107399 0.0010731 8.87e-07
329 Cora_feat_L2.txt 0.00116325 0.00116218 1.07e-06
330 Cora_feat_L2.txt 0.00104154 0.00104053 1.012e-06
331 Cora_feat_L2.txt 0.00111545 0.00111456 8.84e-07
332 Cora_feat_L2.txt 0.00110181 0.00110085 9.58e-07
333 Cora_feat_L2.txt 0.00109413 0.00109316 9.71e-07
334 Cora_feat_L2.txt 0.00111148 0.0011106 8.89e-07
335 Cora_feat_L2.txt 0.00110596 0.0011049 1.058e-06
336 Cora_feat_L2.txt 0.00097533 0.00097432 1.01e-06
337 Cora_feat_L2.txt 0.000955209 0.000954216 9.93e-07
338 Cora_feat_L2.txt 0.000980831 0.000979862 9.69e-07
339 Cora_feat_L2.txt 0.000963309 0.000962178 1.131e-06
340 Cora_feat_L2.txt 0.00098392 0.000982987 9.33e-07
341 Cora_feat_L2.txt 0.00099124 0.000990175 1.065e-06
342 Cora_feat_L2.txt 0.000955634 0.000954712 9.22e-07
343 Cora_feat_L2.txt 0.000955171 0.000954203 9.68e-07
344 Cora_feat_L2.txt 0.00103183 0.00103083 1e-06
345 Cora_feat_L2.txt 0.00104718 0.00104626 9.21e-07
346 Cora_feat_L2.txt 0.000973979 0.000972981 9.98e-07
347 Cora_feat_L2.txt 0.000979135 0.000978236 8.99e-07
348 Cora_feat_L2.txt 0.00102307 0.00102216 9.17e-07
349 Cora_feat_L2.txt 0.00104137 0.00104046 9.17e-07
350 Cora_feat_L2.txt 0.00100351 0.00100261 9.01e-07
351 Cora_feat_L2.txt 0.000985227 0.000984325 9.02e-07
352 Cora_feat_L2.txt 0.00108515 0.00108419 9.61e-07
353 Cora_feat_L2.txt 0.00109868 0.0010976 1.081e-06
354 Cora_feat_L2.txt 0.000964792 0.00096373 1.062e-06
355 Cora_feat_L2.txt 0.00100606 0.00100508 9.74e-07
356 Cora_feat_L2.txt 0.00102547 0.0010244 1.068e-06
357 Cora_feat_L2.txt 0.00100572 0.00100478 9.43e-07
358 Cora_feat_L2.txt 0.000950966 0.000949937 1.029e-06
359 Cora_feat_L2.txt 0.00109711 0.00109609 1.025e-06
360 Cora_feat_L2.txt 0.00107578 0.00107492 8.6e-07
361 Cora_feat_L2.txt 0.00101459 0.00101359 1.002e-06
362 Cora_feat_L2.txt 0.00098291 0.000981983 9.27e-07
363 Cora_feat_L2.txt 0.00100597 0.00100507 9.01e-07
364 Cora_feat_L2.txt 0.00101718 0.00101616 1.016e-06
365 Cora_feat_L2.txt 0.00114127 0.00114028 9.96e-07
366 Cora_feat_L2.txt 0.000935035 0.000934105 9.3e-07
367 Cora_feat_L2.txt 0.00101248 0.00101157 9.02e-07
368 Cora_feat_L2.txt 0.000878227 0.000877363 8.64e-07
369 Cora_feat_L2.txt 0.00104554 0.00104458 9.66e-07
370 Cora_feat_L2.txt 0.00104199 0.00104101 9.8e-07
371 Cora_feat_L2.txt 0.00104787 0.00104681 1.059e-06
372 Cora_feat_L2.txt 0.00111065 0.00110963 1.019e-06
373 Cora_feat_L2.txt 0.00106036 0.00105946 8.98e-07
374 Cora_feat_L2.txt 0.00102214 0.00102116 9.83e-07
375 Cora_feat_L2.txt 0.00101231 0.00101134 9.67e-07
376 Cora_feat_L2.txt 0.00104912 0.0010482 9.19e-07
377 Cora_feat_L2.txt 0.000970664 0.000969811 8.53e-07
378 Cora_feat_L2.txt 0.00112035 0.00111941 9.48e-07
379 Cora_feat_L2.txt 0.00113694 0.00113602 9.15e-07
380 Cora_feat_L2.txt 0.00113511 0.00113414 9.62e-07
381 Cora_feat_L2.txt 0.00101552 0.00101456 9.63e-07
382 Cora_feat_L2.txt 0.00105862 0.00105771 9.1e-07
383 Cora_feat_L2.txt 0.00101754 0.0010165 1.043e-06
384 Cora_feat_L2.txt 0.000813642 0.000812482 1.16e-06
385 Cora_feat_L2.txt 0.00093625 0.00093519 1.06e-06
386 Cora_feat_L2.txt 0.000951933 0.000951016 9.17e-07
387 Cora_feat_L2.txt 0.00112239 0.00112132 1.077e-06
388 Cora_feat_L2.txt 0.00108357 0.00108269 8.76e-07
389 Cora_feat_L2.txt 0.00100017 0.000999247 9.25e-07
390 Cora_feat_L2.txt 0.000968986 0.000968112 8.74e-07
391 Cora_feat_L2.txt 0.0011206 0.00111971 8.91e-07
392 Cora_feat_L2.txt 0.000903375 0.000902401 9.74e-07
393 Cora_feat_L2.txt 0.00101485 0.00101389 9.55e-07
394 Cora_feat_L2.txt 0.00113466 0.0011337 9.56e-07
395 Cora_feat_L2.txt 0.00107164 0.00107063 1.009e-06
396 Cora_feat_L2.txt 0.00113483 0.00113392 9.11e-07
397 Cora_feat_L2.txt 0.000954936 0.000953978 9.58e-07
398 Cora_feat_L2.txt 0.00102441 0.00102346 9.56e-07
399 Cora_feat_L2.txt 0.00107569 0.0010748 8.88e-07
400 Cora_feat_L2.txt 0.000856988 0.000856181 8.07e-07
401 Cora_feat_L2.txt 0.00100883 0.001008 8.33e-07
402 Cora_feat_L2.txt 0.00115756 0.00115657 9.94e-07
403 Cora_feat_L2.txt 0.000974747 0.000973692 1.055e-06
404 Cora_feat_L2.txt 0.000943573 0.000942703 8.7e-07
405 Cora_feat_L2.txt 0.00101535 0.00101432 1.033e-06
406 Cora_feat_L2.txt 0.00111545 0.0011145 9.42e-07
407 Cora_feat_L2.txt 0.000956171 0.000955099 1.072e-06
408 Cora_feat_L2.txt 0.000984172 0.000983207 9.65e-07
409 Cora_feat_L2.txt 0.000965071 0.000964184 8.87e-07
410 Cora_feat_L2.txt 0.00100247 0.00100155 9.19e-07
411 Cora_feat_L2.txt 0.00116043 0.00115952 9.16e-07
412 Cora_feat_L2.txt 0.000977959 0.000977073 8.86e-07
413 Cora_feat_L2.txt 0.00112599 0.00112503 9.53e-07
414 Cora_feat_L2.txt 0.00118954 0.00118866 8.82e-07
415 Cora_feat_L2.txt 0.000864936 0.000864094 8.42e-07
416 Cora_feat_L2.txt 0.000969443 0.00096854 9.03e-07
417 Cora_feat_L2.txt 0.00106061 0.00105962 9.94e-07
418 Cora_feat_L2.txt 0.00110666 0.00110575 9.09e-07
419 Cora_feat_L2.txt 0.00108964 0.00108856 1.081e-06
420 Cora_feat_L2.txt 0.00086077 0.000859884 8.86e-07
421 Cora_feat_L2.txt 0.00106365 0.00106253 1.122e-06
422 Cora_feat_L2.txt 0.00112236 0.00112139 9.72e-07
423 Cora_feat_L2.txt 0.00098211 0.000981158 9.52e-07
424 Cora_feat_L2.txt 0.00101588 0.001015 8.82e-07
425 Cora_feat_L2.txt 0.00106291 0.00106189 1.021e-06
426 Cora_feat_L2.txt 0.000967785 0.000966842 9.43e-07
427 Cora_feat_L2.txt 0.00109327 0.0010922 1.072e-06
428 Cora_feat_L2.txt 0.00110758 0.00110659 9.9e-07
429 Cora_feat_L2.txt 0.00101733 0.00101625 1.072e-06
430 Cora_feat_L2.txt 0.00110046 0.00109956 8.97e-07
431 Cora_feat_L2.txt 0.0011623 0.0011613 9.99e-07
432 Cora_feat_L2.txt 0.000914184 0.000913165 1.019e-06
433 Cora_feat_L2.txt 0.00105403 0.00105296 1.072e-06
434 Cora_feat_L2.txt 0.00088104 0.000880153 8.87e-07
435 Cora_feat_L2.txt 0.00104667 0.0010457 9.68e-07
436 Cora_feat_L2.txt 0.000999545 0.000998177 1.368e-06
437 Cora_feat_L2.txt 0.00104603 0.00104491 1.113e-06
438 Cora_feat_L2.txt 0.0010582 0.00105716 1.038e-06
439 Cora_feat_L2.txt 0.00101197 0.00101091 1.059e-06
440 Cora_feat_L2.txt 0.00111182 0.00111094 8.78e-07
441 Cora_feat_L2.txt 0.00100875 0.00100769 1.058e-06
442 Cora_feat_L2.txt 0.00100251 0.00100161 9.07e-07
443 Cora_feat_L2.txt 0.00105688 0.00105597 9.13e-07
444 Cora_feat_L2.txt 0.00100007 0.000999157 9.1e-07
445 Cora_feat_L2.txt 0.00105455 0.00105349 1.062e-06
446 Cora_feat_L2.txt 0.00108179 0.00108088 9.2e-07
447 Cora_feat_L2.txt 0.000899337 0.000898412 9.25e-07
448 Cora_feat_L2.txt 0.00103712 0.00103624 8.77e-07
449 Cora_feat_L2.txt 0.000999764 0.000998809 9.55e-07
450 Cora_feat_L2.txt 0.00100824 0.00100712 1.122e-06
451 Cora_feat_L2.txt 0.00109719 0.0010963 8.83e-07
452 Cora_feat_L2.txt 0.00104452 0.00104355 9.63e-07
453 Cora_feat_L2.txt 0.00106492 0.00106394 9.77e-07
454 Cora_feat_L2.txt 0.00110669 0.00110579 9.02e-07
455 Cora_feat_L2.txt 0.00107177 0.00107085 9.16e-07
456 Cora_feat_L2.txt 0.00102578 0.00102477 1.016e-06
457 Cora_feat_L2.txt 0.000991645 0.000990656 9.89e-07
458 Cora_feat_L2.txt 0.000991004 0.000989959 1.045e-06
459 Cora_feat_L2.txt 0.00115739 0.00115634 1.045e-06
460 Cora_feat_L2.txt 0.00103877 0.00103783 9.41e-07
461 Cora_feat_L2.txt 0.00103094 0.0010299 1.037e-06
462 Cora_feat_L2.txt 0.000962476 0.000961485 9.91e-07
463 Cora_feat_L2.txt 0.00100696 0.00100606 8.99e-07
464 Cora_feat_L2.txt 0.000863821 0.000862737 1.084e-06
465 Cora_feat_L2.txt 0.000986351 0.000985347 1.004e-06
466 Cora_feat_L2.txt 0.0010708 0.00106987 9.38e-07
467 Cora_feat_L2.txt 0.00110014 0.00109913 1.009e-06
468 Cora_feat_L2.txt 0.0011388 0.00113786 9.39e-07
469 Cora_feat_L2.txt 0.00102122 0.00102016 1.055e-06
470 Cora_feat_L2.txt 0.000919647 0.000918749 8.98e-07
471 Cora_feat_L2.txt 0.00103648 0.00103559 8.81e-07
472 Cora_feat_L2.txt 0.00109149 0.0010905 9.86e-07
473 Cora_feat_L2.txt 0.000943148 0.000942101 1.047e-06
474 Cora_feat_L2.txt 0.00101234 0.00101137 9.69e-07
475 Cora_feat_L2.txt 0.000989904 0.000988906 9.98e-07
476 Cora_feat_L2.txt 0.000934834 0.000933956 8.78e-07
477 Cora_feat_L2.txt 0.00106141 0.00106048 9.31e-07
478 Cora_feat_L2.txt 0.00104015 0.0010392 9.59e-07
479 Cora_feat_L2.txt 0.00102665 0.00102577 8.73e-07
480 Cora_feat_L2.txt 0.000920638 0.000919588 1.05e-06
481 Cora_feat_L2.txt 0.0011507 0.00114984 8.65e-07
482 Cora_feat_L2.txt 0.000951916 0.000951022 8.94e-07
483 Cora_feat_L2.txt 0.0010122 0.00101125 9.55e-07
484 Cora_feat_L2.txt 0.0010274 0.00102645 9.42e-07
485 Cora_feat_L2.txt 0.00103511 0.0010342 9.07e-07
486 Cora_feat_L2.txt 0.00113336 0.00113249 8.76e-07
487 Cora_feat_L2.txt 0.00102179 0.00102089 8.97e-07
488 Cora_feat_L2.txt 0.00100158 0.00100068 8.94e-07
489 Cora_feat_L2.txt 0.000985955 0.000985054 9.01e-07
490 Cora_feat_L2.txt 0.000949523 0.000948654 8.69e-07
491 Cora_feat_L2.txt 0.00100859 0.00100758 1.008e-06
492 Cora_feat_L2.txt 0.00100768 0.00100679 8.88e-07
493 Cora_feat_L2.txt 0.00103587 0.00103505 8.24e-07
494 Cora_feat_L2.txt 0.00105798 0.00105708 8.95e-07
495 Cora_feat_L2.txt 0.00111427 0.00111337 8.93e-07
496 Cora_feat_L2.txt 0.00111213 0.00111118 9.47e-07
497 Cora_feat_L2.txt 0.00104778 0.00104691 8.71e-07
498 Cora_feat_L2.txt 0.00106988 0.00106893 9.49e-07
499 Cora_feat_L2.txt 0.0010002 0.00099935 8.54e-07
500 Cora_feat_L2.txt 0.00103265 0.00103168 9.67e-07
501 Cora_feat_L2.txt 0.000953842 0.000952848 9.94e-07
502 Cora_feat_L2.txt 0.00100913 0.0010082 9.31e-07
503 Cora_feat_L2.txt 0.00109585 0.00109497 8.8e-07
504 Cora_feat_L2.txt 0.0010987 0.00109776 9.42e-07
505 Cora_feat_L2.txt 0.00110691 0.00110589 1.018e-06
506 Cora_feat_L2.txt 0.000967071 0.000966206 8.65e-07
507 Cora_feat_L2.txt 0.00101792 0.00101695 9.75e-07
508 Cora_feat_L2.txt 0.000969452 0.000968564 8.88e-07
509 Cora_feat_L2.txt 0.00104005 0.00103904 1.016e-06
510 Cora_feat_L2.txt 0.000977968 0.000977086 8.82e-07
511 Cora_feat_L2.txt 0.00112361 0.0011226 1.01e-06
512 Cora_feat_L2.txt 0.000884445 0.000883611 8.34e-07
513 Cora_feat_L2.txt 0.0010607 0.00105986 8.39e-07
514 Cora_feat_L2.txt 0.00108169 0.00108075 9.43e-07
515 Cora_feat_L2.txt 0.000967121 0.000966109 1.012e-06
516 Cora_feat_L2.txt 0.00100034 0.000999435 9.04e-07
517 Cora_feat_L2.txt 0.0010335 0.00103242 1.084e-06
518 Cora_feat_L2.txt 0.000951808 0.000950909 8.99e-07
519 Cora_feat_L2.txt 0.000987753 0.000986699 1.054e-06
520 Cora_feat_L2.txt 0.0010236 0.0010227 8.99e-07
521 Cora_feat_L2.txt 0.00100257 0.00100157 9.96e-07
522 Cora_feat_L2.txt 0.0010264 0.00102555 8.56e-07
523 Cora_feat_L2.txt 0.00109323 0.00109215 1.085e-06
524 Cora_feat_L2.txt 0.00104043 0.00103947 9.55e-07
525 Cora_feat_L2.txt 0.000979068 0.000978058 1.01e-06
526 Cora_feat_L2.txt 0.00107004 0.00106911 9.28e-07
527 Cora_feat_L2.txt 0.000989099 0.000988221 8.78e-07
528 Cora_feat_L2.txt 0.000853316 0.000852408 9.08e-07
529 Cora_feat_L2.txt 0.000924201 0.000923328 8.73e-07
530 Cora_feat_L2.txt 0.000993221 0.00099231 9.11e-07
531 Cora_feat_L2.txt 0.0010484 0.00104738 1.018e-06
532 Cora_feat_L2.txt 0.000923093 0.000922086 1.007e-06
533 Cora_feat_L2.txt 0.000900007 0.000898965 1.042e-06
534 Cora_feat_L2.txt 0.000983328 0.000982403 9.25e-07
535 Cora_feat_L2.txt 0.000960797 0.000959755 1.042e-06
536 Cora_feat_L2.txt 0.0010016 0.00100067 9.32e-07
537 Cora_feat_L2.txt 0.000954524 0.000953547 9.77e-07
538 Cora_feat_L2.txt 0.000979208 0.000978326 8.82e-07
539 Cora_feat_L2.txt 0.000978953 0.000977912 1.041e-06
540 Cora_feat_L2.txt 0.000907892 0.000906884 1.008e-06
541 Cora_feat_L2.txt 0.000977094 0.000975998 1.096e-06
542 Cora_feat_L2.txt 0.00101607 0.00101515 9.19e-07
543 Cora_feat_L2.txt 0.000853197 0.000852146 1.051e-06
544 Cora_feat_L2.txt 0.00093469 0.000933754 9.36e-07
545 Cora_feat_L2.txt 0.000950856 0.000949815 1.041e-06
546 Cora_feat_L2.txt 0.000920696 0.000919743 9.53e-07
547 Cora_feat_L2.txt 0.000914423 0.000913373 1.05e-06
548 Cora_feat_L2.txt 0.000976999 0.000975981 1.018e-06
549 Cora_feat_L2.txt 0.000980469 0.000979462 1.007e-06
550 Cora_feat_L2.txt 0.000878754 0.000877904 8.5e-07
551 Cora_feat_L2.txt 0.000866818 0.000865785 1.033e-06
552 Cora_feat_L2.txt 0.00094592 0.000944893 1.027e-06
553 Cora_feat_L2.txt 0.000951332 0.000950312 1.02e-06
554 Cora_feat_L2.txt 0.00101929 0.0010183 9.96e-07
555 Cora_feat_L2.txt 0.000981969 0.000981025 9.44e-07
556 Cora_feat_L2.txt 0.000995874 0.000994953 9.21e-07
557 Cora_feat_L2.txt 0.00089725 0.000896277 9.73e-07
558 Cora_feat_L2.txt 0.00109682 0.00109587 9.48e-07
559 Cora_feat_L2.txt 0.000922286 0.000921336 9.5e-07
560 Cora_feat_L2.txt 0.000873883 0.000872965 9.18e-07
561 Cora_feat_L2.txt 0.000958398 0.000957435 9.63e-07
562 Cora_feat_L2.txt 0.000877366 0.000876493 8.73e-07
563 Cora_feat_L2.txt 0.00096993 0.000968867 1.063e-06
564 Cora_feat_L2.txt 0.00101245 0.00101149 9.55e-07
565 Cora_feat_L2.txt 0.0010404 0.0010394 1e-06
566 Cora_feat_L2.txt 0.00103535 0.00103442 9.3e-07
567 Cora_feat_L2.txt 0.00109768 0.00109676 9.2e-07
568 Cora_feat_L2.txt 0.00102201 0.0010211 9.06e-07
569 Cora_feat_L2.txt 0.000928064 0.000927061 1.003e-06
570 Cora_feat_L2.txt 0.000908532 0.000907579 9.53e-07
571 Cora_feat_L2.txt 0.000987695 0.000986658 1.037e-06
572 Cora_feat_L2.txt 0.000880063 0.000879015 1.048e-06
573 Cora_feat_L2.txt 0.000882874 0.000881964 9.1e-07
574 Cora_feat_L2.txt 0.00098419 0.000983247 9.43e-07
575 Cora_feat_L2.txt 0.00100248 0.00100142 1.058e-06
576 Cora_feat_L2.txt 0.000921381 0.000920391 9.9e-07
577 Cora_feat_L2.txt 0.00092634 0.000925314 1.026e-06
578 Cora_feat_L2.txt 0.00103912 0.0010382 9.15e-07
579 Cora_feat_L2.txt 0.00102091 0.0010199 1.007e-06
580 Cora_feat_L2.txt 0.00106625 0.00106537 8.79e-07
581 Cora_feat_L2.txt 0.00113847 0.00113757 8.96e-07
582 Cora_feat_L2.txt 0.00105283 0.00105197 8.61e-07
583 Cora_feat_L2.txt 0.00104676 0.00104573 1.031e-06
584 Cora_feat_L2.txt 0.00112932 0.00112848 8.49e-07
585 Cora_feat_L2.txt 0.00105397 0.00105291 1.056e-06
586 Cora_feat_L2.txt 0.00108621 0.00108528 9.31e-07
587 Cora_feat_L2.txt 0.000993858 0.00099283 1.028e-06
588 Cora_feat_L2.txt 0.00104487 0.0010439 9.69e-07
589 Cora_feat_L2.txt 0.00103181 0.00103082 9.83e-07
590 Cora_feat_L2.txt 0.00108744 0.00108658 8.59e-07
591 Cora_feat_L2.txt 0.0010825 0.00108154 9.56e-07
592 Cora_feat_L2.txt 0.00114562 0.00114471 9.04e-07
593 Cora_feat_L2.txt 0.00112922 0.00112832 9e-07
594 Cora_feat_L2.txt 0.00109394 0.00109305 8.92e-07
595 Cora_feat_L2.txt 0.00108034 0.00107933 1.005e-06
596 Cora_feat_L2.txt 0.00105702 0.0010561 9.14e-07
597 Cora_feat_L2.txt 0.00103035 0.00102947 8.8e-07
598 Cora_feat_L2.txt 0.00111549 0.00111454 9.47e-07
599 Cora_feat_L2.txt 0.00100455 0.00100359 9.66e-07
600 Cora_feat_L2.txt 0.00121643 0.00121551 9.17e-07
601 Cora_feat_L2.txt 0.00113971 0.00113867 1.045e-06
602 Cora_feat_L2.txt 0.000992297 0.000991393 9.04e-07
603 Cora_feat_L2.txt 0.00114195 0.00114109 8.62e-07
604 Cora_feat_L2.txt 0.00122578 0.00122483 9.47e-07
605 Cora_feat_L2.txt 0.00120909 0.00120818 9.12e-07
606 Cora_feat_L2.txt 0.00111664 0.00111569 9.54e-07
607 Cora_feat_L2.txt 0.00116448 0.00116343 1.053e-06
608 Cora_feat_L2.txt 0.0011927 0.00119179 9.13e-07
609 Cora_feat_L2.txt 0.000954073 0.000953214 8.59e-07
610 Cora_feat_L2.txt 0.00121493 0.00121403 8.93e-07
611 Cora_feat_L2.txt 0.00100797 0.001007 9.7e-07
612 Cora_feat_L2.txt 0.00103865 0.00103764 1.011e-06
613 Cora_feat_L2.txt 0.000954293 0.000953313 9.8e-07
614 Cora_feat_L2.txt 0.00111673 0.00111568 1.047e-06
615 Cora_feat_L2.txt 0.00107573 0.00107466 1.073e-06
616 Cora_feat_L2.txt 0.00102475 0.00102384 9.19e-07
617 Cora_feat_L2.txt 0.00101919 0.0010183 8.94e-07
618 Cora_feat_L2.txt 0.00111831 0.00111741 9.01e-07
619 Cora_feat_L2.txt 0.00105676 0.00105583 9.23e-07
620 Cora_feat_L2.txt 0.000951896 0.000950844 1.052e-06
621 Cora_feat_L2.txt 0.000944046 0.000943056 9.9e-07
622 Cora_feat_L2.txt 0.00110103 0.00110012 9.1e-07
623 Cora_feat_L2.txt 0.00107382 0.00107292 8.95e-07
624 Cora_feat_L2.txt 0.000893663 0.000892719 9.44e-07
625 Cora_feat_L2.txt 0.00105987 0.00105892 9.5e-07
626 Cora_feat_L2.txt 0.000958388 0.00095747 9.18e-07
627 Cora_feat_L2.txt 0.00101284 0.00101176 1.081e-06
628 Cora_feat_L2.txt 0.0010948 0.00109391 8.93e-07
629 Cora_feat_L2.txt 0.000964579 0.000963641 9.38e-07
630 Cora_feat_L2.txt 0.00103643 0.00103542 1.013e-06
631 Cora_feat_L2.txt 0.000944426 0.000943573 8.53e-07
632 Cora_feat_L2.txt 0.000898689 0.000897784 9.05e-07
633 Cora_feat_L2.txt 0.000938522 0.000937388 1.134e-06
634 Cora_feat_L2.txt 0.00108236 0.00108144 9.15e-07
635 Cora_feat_L2.txt 0.0010286 0.00102754 1.056e-06
636 Cora_feat_L2.txt 0.000987977 0.000987014 9.63e-07
637 Cora_feat_L2.txt 0.00108288 0.00108204 8.36e-07
638 Cora_feat_L2.txt 0.00100542 0.00100443 9.94e-07
639 Cora_feat_L2.txt 0.000995921 0.000994962 9.59e-07
640 Cora_feat_L2.txt 0.00097673 0.000975777 9.53e-07
641 Cora_feat_L2.txt 0.00107203 0.00107101 1.027e-06
642 Cora_feat_L2.txt 0.000932971 0.000932085 8.86e-07
643 Cora_feat_L2.txt 0.00106442 0.00106337 1.05e-06
644 Cora_feat_L2.txt 0.000946636 0.000945677 9.59e-07
645 Cora_feat_L2.txt 0.00103466 0.00103371 9.5e-07
646 Cora_feat_L2.txt 0.000939914 0.000939038 8.76e-07
647 Cora_feat_L2.txt 0.00110671 0.00110571 1.008e-06
648 Cora_feat_L2.txt 0.000963223 0.000962257 9.66e-07
649 Cora_feat_L2.txt 0.00112359 0.00112261 9.81e-07
650 Cora_feat_L2.txt 0.0010269 0.00102597 9.25e-07
651 Cora_feat_L2.txt 0.00108041 0.00107954 8.68e-07
652 Cora_feat_L2.txt 0.00110066 0.00109977 8.92e-07
653 Cora_feat_L2.txt 0.00100407 0.00100307 1.001e-06
654 Cora_feat_L2.txt 0.00101836 0.00101749 8.63e-07
655 Cora_feat_L2.txt 0.00102322 0.00102226 9.56e-07
656 Cora_feat_L2.txt 0.000914602 0.000913729 8.73e-07
657 Cora_feat_L2.txt 0.00100638 0.00100535 1.028e-06
658 Cora_feat_L2.txt 0.000994766 0.000993859 9.07e-07
659 Cora_feat_L2.txt 0.000976402 0.000975355 1.047e-06
660 Cora_feat_L2.txt 0.00109117 0.00109041 7.58e-07
661 Cora_feat_L2.txt 0.00111967 0.00111875 9.28e-07
662 Cora_feat_L2.txt 0.00106808 0.00106727 8.1e-07
663 Cora_feat_L2.txt 0.00108183 0.0010809 9.34e-07
664 Cora_feat_L2.txt 0.000997697 0.000996902 7.95e-07
665 Cora_feat_L2.txt 0.00105158 0.00105078 8.06e-07
666 Cora_feat_L2.txt 0.00107792 0.0010771 8.29e-07
667 Cora_feat_L2.txt 0.00105652 0.00105565 8.73e-07
668 Cora_feat_L2.txt 0.00116808 0.00116715 9.28e-07
669 Cora_feat_L2.txt 0.000953425 0.00095249 9.35e-07
670 Cora_feat_L2.txt 0.00107596 0.00107501 9.46e-07
671 Cora_feat_L2.txt 0.00102039 0.00101937 1.016e-06
672 Cora_feat_L2.txt 0.000925207 0.000924274 9.33e-07
673 Cora_feat_L2.txt 0.000878486 0.000877508 9.78e-07
674 Cora_feat_L2.txt 0.00103724 0.00103636 8.81e-07
675 Cora_feat_L2.txt 0.00104698 0.00104598 1.003e-06
676 Cora_feat_L2.txt 0.000888554 0.000887657 8.97e-07
677 Cora_feat_L2.txt 0.00106135 0.00106033 1.016e-06
678 Cora_feat_L2.txt 0.00114711 0.00114616 9.54e-07
679 Cora_feat_L2.txt 0.00104818 0.00104727 9.17e-07
680 Cora_feat_L2.txt 0.000947792 0.000946889 9.03e-07
681 Cora_feat_L2.txt 0.000881541 0.000880507 1.034e-06
682 Cora_feat_L2.txt 0.00109866 0.00109771 9.45e-07
683 Cora_feat_L2.txt 0.00109893 0.00109793 1.003e-06
684 Cora_feat_L2.txt 0.000861152 0.000860266 8.86e-07
685 Cora_feat_L2.txt 0.00112759 0.00112651 1.085e-06
686 Cora_feat_L2.txt 0.00108319 0.00108228 9.12e-07
687 Cora_feat_L2.txt 0.000985191 0.000984167 1.024e-06
688 Cora_feat_L2.txt 0.00111219 0.00111133 8.63e-07
689 Cora_feat_L2.txt 0.000986059 0.000985139 9.2e-07
690 Cora_feat_L2.txt 0.000909187 0.000908225 9.62e-07
691 Cora_feat_L2.txt 0.00102684 0.00102594 9.06e-07
692 Cora_feat_L2.txt 0.000995095 0.000994088 1.007e-06
693 Cora_feat_L2.txt 0.00102833 0.00102731 1.021e-06
694 Cora_feat_L2.txt 0.00113419 0.00113317 1.019e-06
695 Cora_feat_L2.txt 0.000971981 0.000971002 9.79e-07
696 Cora_feat_L2.txt 0.000945433 0.000944427 1.006e-06
697 Cora_feat_L2.txt 0.00109229 0.00109124 1.053e-06
698 Cora_feat_L2.txt 0.000937897 0.000936949 9.48e-07
699 Cora_feat_L2.txt 0.00110489 0.00110386 1.03e-06
700 Cora_feat_L2.txt 0.00116145 0.00116056 8.85e-07
701 Cora_feat_L2.txt 0.00105088 0.00104988 1.004e-06
702 Cora_feat_L2.txt 0.00118095 0.00117997 9.77e-07
703 Cora_feat_L2.txt 0.000999096 0.000998161 9.35e-07
704 Cora_feat_L2.txt 0.00100573 0.00100478 9.47e-07
705 Cora_feat_L2.txt 0.00097484 0.000973743 1.097e-06
706 Cora_feat_L2.txt 0.000973745 0.000972719 1.026e-06
707 Cora_feat_L2.txt 0.00103783 0.00103679 1.042e-06
708 Cora_feat_L2.txt 0.000996861 0.000995758 1.103e-06
709 Cora_feat_L2.txt 0.00116934 0.00116833 1.015e-06
710 Cora_feat_L2.txt 0.00103815 0.0010372 9.52e-07
711 Cora_feat_L2.txt 0.00102997 0.00102898 9.88e-07
712 Cora_feat_L2.txt 0.000894482 0.000893541 9.41e-07
713 Cora_feat_L2.txt 0.000970811 0.000969751 1.06e-06
714 Cora_feat_L2.txt 0.00109672 0.00109581 9.16e-07
715 Cora_feat_L2.txt 0.00115606 0.00115502 1.044e-06
716 Cora_feat_L2.txt 0.000869823 0.000868928 8.95e-07
717 Cora_feat_L2.txt 0.00101144 0.00101032 1.117e-06
718 Cora_feat_L2.txt 0.000946007 0.000944994 1.013e-06
719 Cora_feat_L2.txt 0.00111819 0.00111728 9.18e-07
720 Cora_feat_L2.txt 0.000895901 0.000894865 1.036e-06
721 Cora_feat_L2.txt 0.000822348 0.000821518 8.3e-07
722 Cora_feat_L2.txt 0.000989151 0.00098822 9.31e-07
723 Cora_feat_L2.txt 0.00102614 0.00102509 1.044e-06
724 Cora_feat_L2.txt 0.00092919 0.000928313 8.77e-07
725 Cora_feat_L2.txt 0.00102917 0.00102812 1.043e-06
726 Cora_feat_L2.txt 0.00113217 0.00113123 9.4e-07
727 Cora_feat_L2.txt 0.00101041 0.00100936 1.058e-06
728 Cora_feat_L2.txt 0.00096518 0.000964287 8.93e-07
729 Cora_feat_L2.txt 0.00107452 0.00107345 1.073e-06
730 Cora_feat_L2.txt 0.00106767 0.00106675 9.19e-07
731 Cora_feat_L2.txt 0.000936602 0.000935515 1.087e-06
732 Cora_feat_L2.txt 0.00102099 0.00101999 9.95e-07
733 Cora_feat_L2.txt 0.00103688 0.00103587 1.008e-06
734 Cora_feat_L2.txt 0.000862742 0.000861819 9.23e-07
735 Cora_feat_L2.txt 0.00107081 0.00106986 9.51e-07
736 Cora_feat_L2.txt 0.000925863 0.000924971 8.92e-07
737 Cora_feat_L2.txt 0.000944647 0.000943628 1.019e-06
738 Cora_feat_L2.txt 0.00101833 0.00101746 8.75e-07
739 Cora_feat_L2.txt 0.00111457 0.00111365 9.14e-07
740 Cora_feat_L2.txt 0.000924639 0.000923777 8.62e-07
741 Cora_feat_L2.txt 0.000974324 0.000973297 1.027e-06
742 Cora_feat_L2.txt 0.00102541 0.00102452 8.87e-07
743 Cora_feat_L2.txt 0.000916026 0.000914963 1.063e-06
744 Cora_feat_L2.txt 0.00100348 0.00100257 9.12e-07
745 Cora_feat_L2.txt 0.000946236 0.000945253 9.83e-07
746 Cora_feat_L2.txt 0.00107704 0.00107613 9.1e-07
747 Cora_feat_L2.txt 0.000993451 0.000992433 1.018e-06
748 Cora_feat_L2.txt 0.000921399 0.000920545 8.54e-07
749 Cora_feat_L2.txt 0.000931123 0.000930121 1.002e-06
750 Cora_feat_L2.txt 0.00104613 0.00104521 9.21e-07
751 Cora_feat_L2.txt 0.00091514 0.000914077 1.063e-06
752 Cora_feat_L2.txt 0.000962283 0.000961338 9.45e-07
753 Cora_feat_L2.txt 0.00111826 0.00111722 1.034e-06
754 Cora_feat_L2.txt 0.000918798 0.000917851 9.47e-07
755 Cora_feat_L2.txt 0.000994324 0.000993384 9.4e-07
756 Cora_feat_L2.txt 0.00103035 0.00102945 9.05e-07
757 Cora_feat_L2.txt 0.000988975 0.000988009 9.66e-07
758 Cora_feat_L2.txt 0.0011787 0.00117776 9.4e-07
759 Cora_feat_L2.txt 0.000944829 0.000943789 1.04e-06
760 Cora_feat_L2.txt 0.0011091 0.00110812 9.79e-07
761 Cora_feat_L2.txt 0.00100076 0.000999723 1.033e-06
762 Cora_feat_L2.txt 0.000868355 0.000867399 9.56e-07
763 Cora_feat_L2.txt 0.00102464 0.0010236 1.041e-06
764 Cora_feat_L2.txt 0.000883356 0.00088244 9.16e-07
765 Cora_feat_L2.txt 0.00106994 0.00106901 9.26e-07
766 Cora_feat_L2.txt 0.000969564 0.000968619 9.45e-07
767 Cora_feat_L2.txt 0.00104681 0.000980506 6.63e-05
0 Cora_A.txt 0.000904671 0.000904106 5.65e-07
1 Cora_A.txt 0.000901481 0.000900856 6.25e-07
2 Cora_A.txt 0.00090832 0.000907726 5.94e-07
3 Cora_A.txt 0.000900789 0.000900226 5.63e-07
4 Cora_A.txt 0.000910034 0.000909343 6.91e-07
5 Cora_A.txt 0.000906031 0.00090554 4.91e-07
6 Cora_A.txt 0.000908573 0.000908085 4.88e-07
7 Cora_A.txt 0.000901326 0.000900716 6.1e-07
8 Cora_A.txt 0.000909356 0.000908758 5.98e-07
9 Cora_A.txt 0.000906029 0.000905352 6.77e-07
10 Cora_A.txt 0.000910243 0.000909698 5.45e-07
11 Cora_A.txt 0.000903002 0.00090242 5.82e-07
12 Cora_A.txt 0.000909818 0.000909401 4.17e-07
13 Cora_A.txt 0.000905614 0.000905022 5.92e-07
14 Cora_A.txt 0.000907157 0.000906631 5.26e-07
15 Cora_A.txt 0.000901786 0.000901179 6.07e-07
16 Cora_A.txt 0.000946849 0.000945979 8.7e-07
17 Cora_A.txt 0.000942554 0.000941961 5.93e-07
18 Cora_A.txt 0.000948486 0.000947869 6.17e-07
19 Cora_A.txt 0.000943476 0.000942996 4.8e-07
20 Cora_A.txt 0.000940453 0.000939859 5.94e-07
21 Cora_A.txt 0.000937691 0.000937069 6.22e-07
22 Cora_A.txt 0.000944725 0.000944165 5.6e-07
23 Cora_A.txt 0.000938132 0.000937599 5.33e-07
24 Cora_A.txt 0.000927856 0.000927318 5.38e-07
25 Cora_A.txt 0.000922421 0.00092192 5.01e-07
26 Cora_A.txt 0.000922474 0.000921993 4.81e-07
27 Cora_A.txt 0.000916346 0.000915845 5.01e-07
28 Cora_A.txt 0.000916524 0.000916068 4.56e-07
29 Cora_A.txt 0.000912158 0.000911657 5.01e-07
30 Cora_A.txt 0.000918968 0.000918353 6.15e-07
31 Cora_A.txt 0.000911785 0.00091123 5.55e-07
32 Cora_A.txt 0.000853754 0.000853238 5.16e-07
33 Cora_A.txt 0.00084949 0.000848753 7.37e-07
34 Cora_A.txt 0.000857899 0.00085738 5.19e-07
35 Cora_A.txt 0.000853168 0.000852462 7.06e-07
36 Cora_A.txt 0.000854074 0.000853563 5.11e-07
37 Cora_A.txt 0.000850433 0.000849688 7.45e-07
38 Cora_A.txt 0.000856257 0.000855755 5.02e-07
39 Cora_A.txt 0.000850871 0.000850099 7.72e-07
40 Cora_A.txt 0.000852026 0.000851448 5.78e-07
41 Cora_A.txt 0.000847979 0.000847321 6.58e-07
42 Cora_A.txt 0.000853172 0.000852685 4.87e-07
43 Cora_A.txt 0.000846813 0.000846251 5.62e-07
44 Cora_A.txt 0.000856069 0.000855546 5.23e-07
45 Cora_A.txt 0.000852216 0.000851695 5.21e-07
46 Cora_A.txt 0.000852805 0.000852107 6.98e-07
47 Cora_A.txt 0.000847067 0.000846418 6.49e-07
48 Cora_A.txt 0.000912256 0.000911654 6.02e-07
49 Cora_A.txt 0.000908397 0.000907752 6.45e-07
50 Cora_A.txt 0.000914661 0.000913966 6.95e-07
51 Cora_A.txt 0.000908576 0.000907993 5.83e-07
52 Cora_A.txt 0.000925757 0.000925053 7.04e-07
53 Cora_A.txt 0.000921494 0.000920853 6.41e-07
54 Cora_A.txt 0.000929008 0.00092829 7.18e-07
55 Cora_A.txt 0.000922561 0.000921878 6.83e-07
56 Cora_A.txt 0.00092151 0.000920879 6.31e-07
57 Cora_A.txt 0.000917771 0.000917135 6.36e-07
58 Cora_A.txt 0.000932673 0.000931989 6.84e-07
59 Cora_A.txt 0.000927206 0.000926532 6.74e-07
60 Cora_A.txt 0.000919721 0.000919052 6.69e-07
61 Cora_A.txt 0.000916457 0.000915672 7.85e-07
62 Cora_A.txt 0.00091556 0.000915042 5.18e-07
63 Cora_A.txt 0.000910776 0.000910195 5.81e-07
64 Cora_A.txt 0.000940044 0.000939422 6.22e-07
65 Cora_A.txt 0.000936353 0.00093574 6.13e-07
66 Cora_A.txt 0.000941945 0.000941299 6.46e-07
67 Cora_A.txt 0.000935929 0.000935215 7.14e-07
68 Cora_A.txt 0.000928893 0.000928323 5.7e-07
69 Cora_A.txt 0.000924773 0.00092414 6.33e-07
70 Cora_A.txt 0.000936789 0.000936157 6.32e-07
71 Cora_A.txt 0.000929332 0.000928678 6.54e-07
72 Cora_A.txt 0.000922198 0.00092152 6.78e-07
73 Cora_A.txt 0.000917364 0.000916847 5.17e-07
74 Cora_A.txt 0.000926423 0.000925843 5.8e-07
75 Cora_A.txt 0.000919833 0.00091923 6.03e-07
76 Cora_A.txt 0.000923794 0.000923057 7.37e-07
77 Cora_A.txt 0.000918751 0.000917946 8.05e-07
78 Cora_A.txt 0.000927714 0.000927115 5.99e-07
79 Cora_A.txt 0.000921182 0.000920466 7.16e-07
80 Cora_A.txt 0.000859622 0.000859118 5.04e-07
81 Cora_A.txt 0.000855069 0.000854416 6.53e-07
82 Cora_A.txt 0.000859013 0.000858252 7.61e-07
83 Cora_A.txt 0.000853168 0.000852539 6.29e-07
84 Cora_A.txt 0.000856972 0.000856425 5.47e-07
85 Cora_A.txt 0.000851865 0.000851194 6.71e-07
86 Cora_A.txt 0.000860897 0.000860325 5.72e-07
87 Cora_A.txt 0.000854793 0.000854191 6.02e-07
88 Cora_A.txt 0.000844048 0.00084339 6.58e-07
89 Cora_A.txt 0.000842743 0.000842073 6.7e-07
90 Cora_A.txt 0.00085894 0.000858339 6.01e-07
91 Cora_A.txt 0.000852505 0.000851729 7.76e-07
92 Cora_A.txt 0.000851022 0.000850419 6.03e-07
93 Cora_A.txt 0.000847309 0.000846653 6.56e-07
94 Cora_A.txt 0.000854324 0.000853833 4.91e-07
95 Cora_A.txt 0.000848458 0.000847832 6.26e-07
96 Cora_A.txt 0.000857982 0.000857421 5.61e-07
97 Cora_A.txt 0.000854912 0.000854216 6.96e-07
98 Cora_A.txt 0.000862759 0.000862212 5.47e-07
99 Cora_A.txt 0.000856674 0.000856015 6.59e-07
100 Cora_A.txt 0.000873164 0.000872653 5.11e-07
101 Cora_A.txt 0.000869869 0.000869331 5.38e-07
102 Cora_A.txt 0.000878937 0.000878299 6.38e-07
103 Cora_A.txt 0.000872689 0.000872067 6.22e-07
104 Cora_A.txt 0.000860866 0.00086032 5.46e-07
105 Cora_A.txt 0.00085748 0.00085685 6.3e-07
106 Cora_A.txt 0.000866417 0.000865883 5.34e-07
107 Cora_A.txt 0.000860056 0.000859479 5.77e-07
108 Cora_A.txt 0.00087223 0.000871773 4.57e-07
109 Cora_A.txt 0.000867464 0.000866797 6.67e-07
110 Cora_A.txt 0.000863076 0.000862197 8.79e-07
111 Cora_A.txt 0.000856679 0.000855984 6.95e-07
112 Cora_A.txt 0.000889477 0.000888885 5.92e-07
113 Cora_A.txt 0.000883397 0.000882746 6.51e-07
114 Cora_A.txt 0.000889849 0.000889309 5.4e-07
115 Cora_A.txt 0.000883543 0.000882837 7.06e-07
116 Cora_A.txt 0.000882761 0.000882095 6.66e-07
117 Cora_A.txt 0.000878733 0.000878212 5.21e-07
118 Cora_A.txt 0.000885283 0.000884757 5.26e-07
119 Cora_A.txt 0.000879167 0.0008785 6.67e-07
120 Cora_A.txt 0.000872722 0.000872112 6.1e-07
121 Cora_A.txt 0.000867717 0.000867113 6.04e-07
122 Cora_A.txt 0.000877969 0.000877421 5.48e-07
123 Cora_A.txt 0.000871635 0.00087105 5.85e-07
124 Cora_A.txt 0.000873069 0.000872447 6.22e-07
125 Cora_A.txt 0.000869599 0.00086899 6.09e-07
126 Cora_A.txt 0.000873935 0.000873465 4.7e-07
127 Cora_A.txt 0.000867236 0.000866499 7.37e-07
128 Cora_A.txt 0.000806453 0.000805888 5.65e-07
129 Cora_A.txt 0.000801866 0.000801299 5.67e-07
130 Cora_A.txt 0.00079724 0.000796644 5.96e-07
131 Cora_A.txt 0.000791812 0.000791241 5.71e-07
132 Cora_A.txt 0.000803782 0.000803294 4.88e-07
133 Cora_A.txt 0.000800233 0.000799364 8.69e-07
134 Cora_A.txt 0.000813277 0.000812546 7.31e-07
135 Cora_A.txt 0.000807691 0.000807037 6.54e-07
136 Cora_A.txt 0.000806905 0.000806297 6.08e-07
137 Cora_A.txt 0.000802523 0.000801974 5.49e-07
138 Cora_A.txt 0.000806155 0.000805627 5.28e-07
139 Cora_A.txt 0.000800132 0.000799296 8.36e-07
140 Cora_A.txt 0.000802586 0.000801992 5.94e-07
141 Cora_A.txt 0.000798379 0.000797845 5.34e-07
142 Cora_A.txt 0.000802804 0.000802223 5.81e-07
143 Cora_A.txt 0.000797203 0.000796535 6.68e-07
144 Cora_A.txt 0.000876023 0.000875404 6.19e-07
145 Cora_A.txt 0.000871944 0.000871393 5.51e-07
146 Cora_A.txt 0.000858606 0.000858073 5.33e-07
147 Cora_A.txt 0.000852555 0.00085191 6.45e-07
148 Cora_A.txt 0.000857578 0.000857003 5.75e-07
149 Cora_A.txt 0.000853044 0.00085247 5.74e-07
150 Cora_A.txt 0.000856779 0.000856141 6.38e-07
151 Cora_A.txt 0.000850158 0.000849591 5.67e-07
152 Cora_A.txt 0.000862664 0.00086188 7.84e-07
153 Cora_A.txt 0.000858555 0.000858025 5.3e-07
154 Cora_A.txt 0.000857434 0.000856797 6.37e-07
155 Cora_A.txt 0.000851065 0.000850564 5.01e-07
156 Cora_A.txt 0.000859106 0.000858639 4.67e-07
157 Cora_A.txt 0.000854991 0.000854309 6.82e-07
158 Cora_A.txt 0.000860642 0.000860112 5.3e-07
159 Cora_A.txt 0.000853946 0.000853322 6.24e-07
160 Cora_A.txt 0.000880637 0.000879902 7.35e-07
161 Cora_A.txt 0.000876551 0.000875798 7.53e-07
162 Cora_A.txt 0.000884021 0.000883436 5.85e-07
163 Cora_A.txt 0.000877818 0.000877302 5.16e-07
164 Cora_A.txt 0.000877311 0.000876799 5.12e-07
165 Cora_A.txt 0.000873461 0.000872983 4.78e-07
166 Cora_A.txt 0.000880443 0.000879834 6.09e-07
167 Cora_A.txt 0.000874326 0.000873699 6.27e-07
168 Cora_A.txt 0.000872493 0.000871732 7.61e-07
169 Cora_A.txt 0.000867485 0.000866997 4.88e-07
170 Cora_A.txt 0.000875213 0.00087458 6.33e-07
171 Cora_A.txt 0.000869509 0.000869018 4.91e-07
172 Cora_A.txt 0.00087107 0.0008704 6.7e-07
173 Cora_A.txt 0.00086743 0.000866947 4.83e-07
174 Cora_A.txt 0.000876022 0.000875543 4.79e-07
175 Cora_A.txt 0.000869074 0.000868601 4.73e-07
176 Cora_A.txt 0.000794367 0.000793796 5.71e-07
177 Cora_A.txt 0.000790377 0.000789617 7.6e-07
178 Cora_A.txt 0.000795992 0.000795447 5.45e-07
179 Cora_A.txt 0.00079012 0.000789452 6.68e-07
180 Cora_A.txt 0.00080064 0.000800091 5.49e-07
181 Cora_A.txt 0.000796776 0.000796059 7.17e-07
182 Cora_A.txt 0.000802369 0.000801829 5.4e-07
183 Cora_A.txt 0.000795328 0.000794469 8.59e-07
184 Cora_A.txt 0.000791974 0.000791549 4.25e-07
185 Cora_A.txt 0.000788464 0.000787709 7.55e-07
186 Cora_A.txt 0.000795583 0.000795163 4.2e-07
187 Cora_A.txt 0.000789974 0.000789215 7.59e-07
188 Cora_A.txt 0.000797188 0.000796598 5.9e-07
189 Cora_A.txt 0.000793378 0.00079268 6.98e-07
190 Cora_A.txt 0.000797549 0.000796894 6.55e-07
191 Cora_A.txt 0.000791495 0.00079081 6.85e-07
192 Cora_A.txt 0.000924405 0.000923918 4.87e-07
193 Cora_A.txt 0.000920173 0.00091959 5.83e-07
194 Cora_A.txt 0.000930482 0.000929901 5.81e-07
195 Cora_A.txt 0.000924428 0.000923824 6.04e-07
196 Cora_A.txt 0.000922273 0.000921524 7.49e-07
197 Cora_A.txt 0.000918016 0.000917451 5.65e-07
198 Cora_A.txt 0.000924413 0.000923612 8.01e-07
199 Cora_A.txt 0.000917647 0.000917028 6.19e-07
200 Cora_A.txt 0.000906177 0.000905601 5.76e-07
201 Cora_A.txt 0.000902802 0.00090229 5.12e-07
202 Cora_A.txt 0.000911196 0.000910622 5.74e-07
203 Cora_A.txt 0.000904362 0.000903781 5.81e-07
204 Cora_A.txt 0.000908519 0.000908046 4.73e-07
205 Cora_A.txt 0.000904352 0.000903712 6.4e-07
206 Cora_A.txt 0.000907736 0.000907198 5.38e-07
207 Cora_A.txt 0.000902151 0.000901608 5.43e-07
208 Cora_A.txt 0.000928838 0.000928179 6.59e-07
209 Cora_A.txt 0.000923671 0.000923043 6.28e-07
210 Cora_A.txt 0.000932386 0.000931813 5.73e-07
211 Cora_A.txt 0.000926187 0.000925396 7.91e-07
212 Cora_A.txt 0.000927179 0.000926616 5.63e-07
213 Cora_A.txt 0.000923208 0.000922564 6.44e-07
214 Cora_A.txt 0.000931933 0.000931143 7.9e-07
215 Cora_A.txt 0.000924896 0.000924262 6.34e-07
216 Cora_A.txt 0.000919655 0.000918999 6.56e-07
217 Cora_A.txt 0.000915129 0.000914645 4.84e-07
218 Cora_A.txt 0.000920645 0.000919796 8.49e-07
219 Cora_A.txt 0.000914943 0.000914373 5.7e-07
220 Cora_A.txt 0.000924096 0.000923566 5.3e-07
221 Cora_A.txt 0.000920414 0.000919757 6.57e-07
222 Cora_A.txt 0.000920505 0.000919959 5.46e-07
223 Cora_A.txt 0.000913572 0.000912977 5.95e-07
224 Cora_A.txt 0.000864429 0.000863876 5.53e-07
225 Cora_A.txt 0.000860095 0.000859593 5.02e-07
226 Cora_A.txt 0.000845585 0.000845107 4.78e-07
227 Cora_A.txt 0.000840956 0.000840304 6.52e-07
228 Cora_A.txt 0.000851479 0.000851091 3.88e-07
229 Cora_A.txt 0.000847275 0.000846724 5.51e-07
230 Cora_A.txt 0.000846879 0.000846431 4.48e-07
231 Cora_A.txt 0.000841047 0.000840481 5.66e-07
232 Cora_A.txt 0.000863076 0.000862543 5.33e-07
233 Cora_A.txt 0.000858915 0.000858337 5.78e-07
234 Cora_A.txt 0.000844262 0.000843701 5.61e-07
235 Cora_A.txt 0.000838231 0.000837579 6.52e-07
236 Cora_A.txt 0.000863007 0.000862526 4.81e-07
237 Cora_A.txt 0.000859678 0.000858962 7.16e-07
238 Cora_A.txt 0.000842848 0.000842088 7.6e-07
239 Cora_A.txt 0.000837853 0.000837305 5.48e-07
240 Cora_A.txt 0.000898582 0.000898075 5.07e-07
241 Cora_A.txt 0.000895003 0.000894417 5.86e-07
242 Cora_A.txt 0.00090061 0.000900098 5.12e-07
243 Cora_A.txt 0.00089433 0.000893713 6.17e-07
244 Cora_A.txt 0.000903525 0.000902989 5.36e-07
245 Cora_A.txt 0.000899409 0.000898804 6.05e-07
246 Cora_A.txt 0.000905951 0.000905438 5.13e-07
247 Cora_A.txt 0.000898768 0.000898175 5.93e-07
248 Cora_A.txt 0.000898775 0.000898307 4.68e-07
249 Cora_A.txt 0.000894954 0.000894069 8.85e-07
250 Cora_A.txt 0.000904854 0.00090425 6.04e-07
251 Cora_A.txt 0.000897257 0.000896613 6.44e-07
252 Cora_A.txt 0.000902994 0.000902511 4.83e-07
253 Cora_A.txt 0.000897779 0.000897146 6.33e-07
254 Cora_A.txt 0.000904242 0.00090379 4.52e-07
255 Cora_A.txt 0.000897847 0.00089719 6.57e-07
256 Cora_A.txt 0.000922458 0.000921828 6.3e-07
257 Cora_A.txt 0.000919198 0.000918302 8.96e-07
258 Cora_A.txt 0.000928434 0.000927878 5.56e-07
259 Cora_A.txt 0.000922698 0.000921922 7.76e-07
260 Cora_A.txt 0.000920374 0.000919701 6.73e-07
261 Cora_A.txt 0.000917491 0.000916697 7.94e-07
262 Cora_A.txt 0.000925017 0.000924397 6.2e-07
263 Cora_A.txt 0.000917802 0.000917152 6.5e-07
264 Cora_A.txt 0.000905975 0.000905206 7.69e-07
265 Cora_A.txt 0.000902041 0.000901292 7.49e-07
266 Cora_A.txt 0.000909441 0.000908696 7.45e-07
267 Cora_A.txt 0.00090244 0.000901933 5.07e-07
268 Cora_A.txt 0.000908511 0.000907986 5.25e-07
269 Cora_A.txt 0.000904616 0.000903824 7.92e-07
270 Cora_A.txt 0.000910592 0.000909987 6.05e-07
271 Cora_A.txt 0.000904046 0.000903504 5.42e-07
272 Cora_A.txt 0.000836098 0.000835691 4.07e-07
273 Cora_A.txt 0.000831921 0.000831319 6.02e-07
274 Cora_A.txt 0.000837079 0.000836383 6.96e-07
275 Cora_A.txt 0.00083058 0.000830055 5.25e-07
276 Cora_A.txt 0.000839033 0.000838546 4.87e-07
277 Cora_A.txt 0.000834876 0.000834194 6.82e-07
278 Cora_A.txt 0.000838445 0.000837975 4.7e-07
279 Cora_A.txt 0.000831989 0.00083146 5.29e-07
280 Cora_A.txt 0.000837209 0.000836746 4.63e-07
281 Cora_A.txt 0.000833169 0.000832602 5.67e-07
282 Cora_A.txt 0.00084561 0.000845021 5.89e-07
283 Cora_A.txt 0.00083935 0.000838664 6.86e-07
284 Cora_A.txt 0.000837852 0.000837372 4.8e-07
285 Cora_A.txt 0.000833771 0.000833304 4.67e-07
286 Cora_A.txt 0.000841591 0.000841079 5.12e-07
287 Cora_A.txt 0.000836305 0.000835621 6.84e-07
288 Cora_A.txt 0.00091026 0.000909762 4.98e-07
289 Cora_A.txt 0.000906637 0.000905936 7.01e-07
290 Cora_A.txt 0.00090151 0.000901057 4.53e-07
291 Cora_A.txt 0.000895011 0.00089422 7.91e-07
292 Cora_A.txt 0.00090731 0.00090669 6.2e-07
293 Cora_A.txt 0.000903153 0.000902527 6.26e-07
294 Cora_A.txt 0.000921929 0.000921475 4.54e-07
295 Cora_A.txt 0.000914671 0.000914019 6.52e-07
296 Cora_A.txt 0.000916429 0.000915854 5.75e-07
297 Cora_A.txt 0.000911852 0.000911425 4.27e-07
298 Cora_A.txt 0.000906659 0.000906138 5.21e-07
299 Cora_A.txt 0.000900254 0.000899586 6.68e-07
300 Cora_A.txt 0.000919709 0.000919112 5.97e-07
301 Cora_A.txt 0.000915586 0.000915131 4.55e-07
302 Cora_A.txt 0.000906192 0.000905645 5.47e-07
303 Cora_A.txt 0.000900547 0.000899971 5.76e-07
304 Cora_A.txt 0.000925544 0.000924939 6.05e-07
305 Cora_A.txt 0.000921422 0.000920764 6.58e-07
306 Cora_A.txt 0.00092853 0.000927924 6.06e-07
307 Cora_A.txt 0.000922156 0.000921513 6.43e-07
308 Cora_A.txt 0.000919943 0.000919407 5.36e-07
309 Cora_A.txt 0.000915869 0.000915245 6.24e-07
310 Cora_A.txt 0.000923953 0.000923457 4.96e-07
311 Cora_A.txt 0.000917163 0.000916604 5.59e-07
312 Cora_A.txt 0.000910718 0.000910091 6.27e-07
313 Cora_A.txt 0.000905728 0.00090519 5.38e-07
314 Cora_A.txt 0.000909625 0.000909201 4.24e-07
315 Cora_A.txt 0.000902886 0.000902231 6.55e-07
316 Cora_A.txt 0.000918159 0.00091761 5.49e-07
317 Cora_A.txt 0.000913528 0.000913013 5.15e-07
318 Cora_A.txt 0.000906524 0.000906026 4.98e-07
319 Cora_A.txt 0.000899328 0.000898807 5.21e-07
320 Cora_A.txt 0.000831804 0.000831233 5.71e-07
321 Cora_A.txt 0.000827233 0.000826765 4.68e-07
322 Cora_A.txt 0.000834078 0.000833495 5.83e-07
323 Cora_A.txt 0.00082845 0.000827755 6.95e-07
324 Cora_A.txt 0.000835585 0.000835094 4.91e-07
325 Cora_A.txt 0.000831374 0.000830925 4.49e-07
326 Cora_A.txt 0.00083509 0.000834538 5.52e-07
327 Cora_A.txt 0.000829244 0.000828834 4.1e-07
328 Cora_A.txt 0.000831628 0.000831158 4.7e-07
329 Cora_A.txt 0.000827802 0.000827377 4.25e-07
330 Cora_A.txt 0.000836792 0.000836118 6.74e-07
331 Cora_A.txt 0.000830823 0.00083028 5.43e-07
332 Cora_A.txt 0.000833911 0.000833379 5.32e-07
333 Cora_A.txt 0.000830746 0.000830159 5.87e-07
334 Cora_A.txt 0.000833684 0.000833233 4.51e-07
335 Cora_A.txt 0.000828671 0.000828225 4.46e-07
336 Cora_A.txt 0.000885919 0.000885234 6.85e-07
337 Cora_A.txt 0.000881724 0.000881063 6.61e-07
338 Cora_A.txt 0.000891292 0.000890885 4.07e-07
339 Cora_A.txt 0.000884747 0.000884216 5.31e-07
340 Cora_A.txt 0.000891548 0.000890921 6.27e-07
341 Cora_A.txt 0.000887241 0.000886576 6.65e-07
342 Cora_A.txt 0.000894263 0.000893767 4.96e-07
343 Cora_A.txt 0.000886548 0.000885876 6.72e-07
344 Cora_A.txt 0.000889398 0.000888834 5.64e-07
345 Cora_A.txt 0.000886156 0.000885527 6.29e-07
346 Cora_A.txt 0.000892934 0.000892346 5.88e-07
347 Cora_A.txt 0.000887864 0.000887216 6.48e-07
348 Cora_A.txt 0.00088699 0.000886103 8.87e-07
349 Cora_A.txt 0.000881272 0.000880758 5.14e-07
350 Cora_A.txt 0.000891226 0.000890725 5.01e-07
351 Cora_A.txt 0.000885435 0.000884763 6.72e-07
352 Cora_A.txt 0.000917862 0.000917235 6.27e-07
353 Cora_A.txt 0.000913052 0.000912522 5.3e-07
354 Cora_A.txt 0.000922585 0.000921775 8.1e-07
355 Cora_A.txt 0.000916048 0.000915284 7.64e-07
356 Cora_A.txt 0.000917695 0.000917193 5.02e-07
357 Cora_A.txt 0.000912596 0.000912045 5.51e-07
358 Cora_A.txt 0.000921576 0.000920814 7.62e-07
359 Cora_A.txt 0.000910667 0.000910213 4.54e-07
360 Cora_A.txt 0.000900914 0.000900281 6.33e-07
361 Cora_A.txt 0.000896727 0.00089625 4.77e-07
362 Cora_A.txt 0.000902985 0.000902586 3.99e-07
363 Cora_A.txt 0.000897346 0.000896635 7.11e-07
364 Cora_A.txt 0.000902386 0.000901896 4.9e-07
365 Cora_A.txt 0.000897912 0.000897399 5.13e-07
366 Cora_A.txt 0.00090408 0.000903386 6.94e-07
367 Cora_A.txt 0.000897737 0.000897119 6.18e-07
368 Cora_A.txt 0.000836474 0.000835937 5.37e-07
369 Cora_A.txt 0.000831682 0.000831196 4.86e-07
370 Cora_A.txt 0.000838505 0.000838056 4.49e-07
371 Cora_A.txt 0.000833008 0.000832504 5.04e-07
372 Cora_A.txt 0.000836747 0.000836188 5.59e-07
373 Cora_A.txt 0.000832617 0.000832055 5.62e-07
374 Cora_A.txt 0.000844032 0.000843481 5.51e-07
375 Cora_A.txt 0.000838334 0.000837776 5.58e-07
376 Cora_A.txt 0.000840929 0.000840085 8.44e-07
377 Cora_A.txt 0.00083626 0.00083547 7.9e-07
378 Cora_A.txt 0.000835098 0.000834415 6.83e-07
379 Cora_A.txt 0.000828149 0.000827555 5.94e-07
380 Cora_A.txt 0.000831251 0.000830738 5.13e-07
381 Cora_A.txt 0.000826917 0.000826431 4.86e-07
382 Cora_A.txt 0.000835082 0.000834573 5.09e-07
383 Cora_A.txt 0.000829219 0.000828737 4.82e-07
384 Cora_A.txt 0.000864344 0.000863902 4.42e-07
385 Cora_A.txt 0.000859633 0.000859126 5.07e-07
386 Cora_A.txt 0.000867343 0.000866751 5.92e-07
387 Cora_A.txt 0.000861135 0.000860429 7.06e-07
388 Cora_A.txt 0.00086759 0.000867007 5.83e-07
389 Cora_A.txt 0.00086316 0.000862319 8.41e-07
390 Cora_A.txt 0.000867255 0.000866579 6.76e-07
391 Cora_A.txt 0.000861413 0.000860788 6.25e-07
392 Cora_A.txt 0.000859978 0.000859504 4.74e-07
393 Cora_A.txt 0.000856671 0.000856009 6.62e-07
394 Cora_A.txt 0.000865026 0.000864549 4.77e-07
395 Cora_A.txt 0.000858912 0.000858352 5.6e-07
396 Cora_A.txt 0.000861597 0.000861009 5.88e-07
397 Cora_A.txt 0.000857522 0.000856781 7.41e-07
398 Cora_A.txt 0.000864696 0.000864044 6.52e-07
399 Cora_A.txt 0.000859435 0.000858945 4.9e-07
400 Cora_A.txt 0.000902846 0.000902149 6.97e-07
401 Cora_A.txt 0.000891675 0.000890816 8.59e-07
402 Cora_A.txt 0.000902582 0.000902068 5.14e-07
403 Cora_A.txt 0.000889373 0.000888969 4.04e-07
404 Cora_A.txt 0.00090657 0.000905959 6.11e-07
405 Cora_A.txt 0.000889697 0.000888886 8.11e-07
406 Cora_A.txt 0.00090378 0.000903047 7.33e-07
407 Cora_A.txt 0.000890007 0.000889525 4.82e-07
408 Cora_A.txt 0.000877583 0.000877037 5.46e-07
409 Cora_A.txt 0.000872989 0.000872276 7.13e-07
410 Cora_A.txt 0.000880627 0.000880107 5.2e-07
411 Cora_A.txt 0.000873433 0.00087289 5.43e-07
412 Cora_A.txt 0.000876955 0.000876489 4.66e-07
413 Cora_A.txt 0.000873267 0.000872243 1.024e-06
414 Cora_A.txt 0.000880366 0.000879877 4.89e-07
415 Cora_A.txt 0.000873962 0.000873178 7.84e-07
416 Cora_A.txt 0.000801093 0.000800518 5.75e-07
417 Cora_A.txt 0.000796448 0.000795775 6.73e-07
418 Cora_A.txt 0.000803847 0.000803269 5.78e-07
419 Cora_A.txt 0.000797624 0.000796918 7.06e-07
420 Cora_A.txt 0.000813811 0.000813265 5.46e-07
421 Cora_A.txt 0.000809979 0.00080939 5.89e-07
422 Cora_A.txt 0.000809222 0.000808634 5.88e-07
423 Cora_A.txt 0.000802079 0.000801322 7.57e-07
424 Cora_A.txt 0.000807615 0.000807004 6.11e-07
425 Cora_A.txt 0.000803552 0.000802877 6.75e-07
426 Cora_A.txt 0.00080514 0.000804526 6.14e-07
427 Cora_A.txt 0.000798941 0.000798364 5.77e-07
428 Cora_A.txt 0.000807653 0.000806919 7.34e-07
429 Cora_A.txt 0.000803268 0.000802666 6.02e-07
430 Cora_A.txt 0.000807703 0.00080703 6.73e-07
431 Cora_A.txt 0.000801221 0.000800753 4.68e-07
432 Cora_A.txt 0.00086347 0.000862928 5.42e-07
433 Cora_A.txt 0.000859763 0.000859186 5.77e-07
434 Cora_A.txt 0.000866087 0.000865369 7.18e-07
435 Cora_A.txt 0.000860384 0.000859755 6.29e-07
436 Cora_A.txt 0.000866118 0.000865379 7.39e-07
437 Cora_A.txt 0.000862133 0.000861503 6.3e-07
438 Cora_A.txt 0.000868711 0.000867949 7.62e-07
439 Cora_A.txt 0.000861658 0.000861051 6.07e-07
440 Cora_A.txt 0.000862938 0.000862018 9.2e-07
441 Cora_A.txt 0.000859318 0.000858474 8.44e-07
442 Cora_A.txt 0.000864448 0.000863697 7.51e-07
443 Cora_A.txt 0.000857777 0.000856967 8.1e-07
444 Cora_A.txt 0.00086156 0.000860644 9.16e-07
445 Cora_A.txt 0.000857284 0.000856592 6.92e-07
446 Cora_A.txt 0.00086265 0.000861869 7.81e-07
447 Cora_A.txt 0.0008561 0.000855326 7.74e-07
448 Cora_A.txt 0.000891712 0.000891184 5.28e-07
449 Cora_A.txt 0.000887975 0.00088723 7.45e-07
450 Cora_A.txt 0.000893256 0.000892741 5.15e-07
451 Cora_A.txt 0.000887202 0.000886475 7.27e-07
452 Cora_A.txt 0.00088726 0.000886783 4.77e-07
453 Cora_A.txt 0.000882833 0.000882397 4.36e-07
454 Cora_A.txt 0.00088885 0.000888213 6.37e-07
455 Cora_A.txt 0.000882603 0.00088197 6.33e-07
456 Cora_A.txt 0.000881012 0.000880394 6.18e-07
457 Cora_A.txt 0.000876682 0.000875985 6.97e-07
458 Cora_A.txt 0.000883277 0.000882748 5.29e-07
459 Cora_A.txt 0.000876726 0.000876059 6.67e-07
460 Cora_A.txt 0.000879431 0.000878842 5.89e-07
461 Cora_A.txt 0.000875069 0.000874464 6.05e-07
462 Cora_A.txt 0.000881314 0.000880717 5.97e-07
463 Cora_A.txt 0.000874426 0.000873722 7.04e-07
464 Cora_A.txt 0.000809148 0.000808526 6.22e-07
465 Cora_A.txt 0.000805232 0.000804089 1.143e-06
466 Cora_A.txt 0.000804112 0.000803581 5.31e-07
467 Cora_A.txt 0.000798918 0.000797715 1.203e-06
468 Cora_A.txt 0.000816011 0.000814867 1.144e-06
469 Cora_A.txt 0.000812434 0.000811272 1.162e-06
470 Cora_A.txt 0.00081032 0.000809459 8.61e-07
471 Cora_A.txt 0.000804505 0.000803581 9.24e-07
472 Cora_A.txt 0.00080585 0.000805031 8.19e-07
473 Cora_A.txt 0.00080139 0.00080058 8.1e-07
474 Cora_A.txt 0.000808772 0.000807961 8.11e-07
475 Cora_A.txt 0.000802294 0.000801467 8.27e-07
476 Cora_A.txt 0.000814718 0.000814052 6.66e-07
477 Cora_A.txt 0.000811198 0.000810415 7.83e-07
478 Cora_A.txt 0.000812554 0.000811847 7.07e-07
479 Cora_A.txt 0.000806772 0.000806047 7.25e-07
480 Cora_A.txt 0.000868874 0.000868177 6.97e-07
481 Cora_A.txt 0.000864975 0.000864473 5.02e-07
482 Cora_A.txt 0.00085639 0.000855789 6.01e-07
483 Cora_A.txt 0.00085043 0.000849952 4.78e-07
484 Cora_A.txt 0.00087051 0.00086999 5.2e-07
485 Cora_A.txt 0.00086672 0.000866086 6.34e-07
486 Cora_A.txt 0.000857939 0.000857351 5.88e-07
487 Cora_A.txt 0.000850631 0.000850092 5.39e-07
488 Cora_A.txt 0.000860542 0.00086005 4.92e-07
489 Cora_A.txt 0.000856624 0.000856057 5.67e-07
490 Cora_A.txt 0.000859826 0.00085931 5.16e-07
491 Cora_A.txt 0.000853535 0.000852914 6.21e-07
492 Cora_A.txt 0.000860151 0.000859654 4.97e-07
493 Cora_A.txt 0.000856175 0.000855549 6.26e-07
494 Cora_A.txt 0.000863924 0.00086335 5.74e-07
495 Cora_A.txt 0.000857413 0.000856934 4.79e-07
496 Cora_A.txt 0.000884185 0.000883735 4.5e-07
497 Cora_A.txt 0.000880712 0.000879748 9.64e-07
498 Cora_A.txt 0.000887715 0.000887029 6.86e-07
499 Cora_A.txt 0.000881745 0.000880939 8.06e-07
500 Cora_A.txt 0.000879554 0.000878995 5.59e-07
501 Cora_A.txt 0.000875495 0.000874839 6.56e-07
502 Cora_A.txt 0.000880603 0.000880151 4.52e-07
503 Cora_A.txt 0.000874423 0.000873946 4.77e-07
504 Cora_A.txt 0.000868571 0.000868098 4.73e-07
505 Cora_A.txt 0.00086446 0.000864033 4.27e-07
506 Cora_A.txt 0.000870485 0.000870035 4.5e-07
507 Cora_A.txt 0.000864406 0.000863937 4.69e-07
508 Cora_A.txt 0.00086276 0.000862238 5.22e-07
509 Cora_A.txt 0.000859117 0.000858692 4.25e-07
510 Cora_A.txt 0.000861674 0.000861094 5.8e-07
511 Cora_A.txt 0.000854763 0.000854217 5.46e-07
512 Cora_A.txt 0.000794737 0.000794213 5.24e-07
513 Cora_A.txt 0.000790322 0.00078983 4.92e-07
514 Cora_A.txt 0.0007969 0.000796478 4.22e-07
515 Cora_A.txt 0.000790825 0.000790308 5.17e-07
516 Cora_A.txt 0.000799502 0.00079885 6.52e-07
517 Cora_A.txt 0.000795021 0.000794381 6.4e-07
518 Cora_A.txt 0.000803789 0.000803408 3.81e-07
519 Cora_A.txt 0.000797391 0.000796892 4.99e-07
520 Cora_A.txt 0.000800637 0.000799991 6.46e-07
521 Cora_A.txt 0.000796318 0.000795695 6.23e-07
522 Cora_A.txt 0.000801542 0.000800829 7.13e-07
523 Cora_A.txt 0.000795031 0.000794342 6.89e-07
524 Cora_A.txt 0.000795632 0.000795033 5.99e-07
525 Cora_A.txt 0.0007916 0.000790991 6.09e-07
526 Cora_A.txt 0.000797798 0.000797279 5.19e-07
527 Cora_A.txt 0.000791953 0.00079138 5.73e-07
528 Cora_A.txt 0.00086594 0.00086521 7.3e-07
529 Cora_A.txt 0.000862043 0.000861355 6.88e-07
530 Cora_A.txt 0.000863103 0.000862447 6.56e-07
531 Cora_A.txt 0.000857264 0.000856638 6.26e-07
532 Cora_A.txt 0.00086514 0.000864508 6.32e-07
533 Cora_A.txt 0.000860815 0.000860068 7.47e-07
534 Cora_A.txt 0.000862348 0.000861749 5.99e-07
535 Cora_A.txt 0.000855829 0.000855012 8.17e-07
536 Cora_A.txt 0.00087166 0.000871079 5.81e-07
537 Cora_A.txt 0.000867882 0.000867116 7.66e-07
538 Cora_A.txt 0.000865897 0.00086517 7.27e-07
539 Cora_A.txt 0.000858806 0.000858171 6.35e-07
540 Cora_A.txt 0.000872627 0.000871953 6.74e-07
541 Cora_A.txt 0.000868334 0.000867631 7.03e-07
542 Cora_A.txt 0.000876191 0.000875564 6.27e-07
543 Cora_A.txt 0.000869934 0.000869213 7.21e-07
544 Cora_A.txt 0.000896557 0.000896019 5.38e-07
545 Cora_A.txt 0.000893276 0.000892808 4.68e-07
546 Cora_A.txt 0.000899096 0.000898389 7.07e-07
547 Cora_A.txt 0.000892482 0.000891827 6.55e-07
548 Cora_A.txt 0.000884799 0.000884122 6.77e-07
549 Cora_A.txt 0.000880451 0.000879903 5.48e-07
550 Cora_A.txt 0.000887056 0.000886605 4.51e-07
551 Cora_A.txt 0.000880772 0.000880342 4.3e-07
552 Cora_A.txt 0.000866945 0.000866429 5.16e-07
553 Cora_A.txt 0.000862809 0.000862073 7.36e-07
554 Cora_A.txt 0.000865224 0.000864783 4.41e-07
555 Cora_A.txt 0.000860395 0.000859737 6.58e-07
556 Cora_A.txt 0.000863781 0.000863114 6.67e-07
557 Cora_A.txt 0.000860008 0.000859471 5.37e-07
558 Cora_A.txt 0.00086978 0.000869028 7.52e-07
559 Cora_A.txt 0.000862929 0.0008622 7.29e-07
560 Cora_A.txt 0.000791027 0.000790496 5.31e-07
561 Cora_A.txt 0.000787305 0.000786781 5.24e-07
562 Cora_A.txt 0.000794675 0.000794212 4.63e-07
563 Cora_A.txt 0.000788965 0.000788302 6.63e-07
564 Cora_A.txt 0.000796565 0.000796054 5.11e-07
565 Cora_A.txt 0.000792619 0.000792053 5.66e-07
566 Cora_A.txt 0.000801755 0.000801081 6.74e-07
567 Cora_A.txt 0.000790609 0.000790005 6.04e-07
568 Cora_A.txt 0.000790021 0.000789505 5.16e-07
569 Cora_A.txt 0.000785869 0.000785334 5.35e-07
570 Cora_A.txt 0.000792199 0.000791661 5.38e-07
571 Cora_A.txt 0.000784946 0.000784351 5.95e-07
572 Cora_A.txt 0.000794988 0.000794452 5.36e-07
573 Cora_A.txt 0.000791429 0.000790775 6.54e-07
574 Cora_A.txt 0.000793493 0.000793024 4.69e-07
575 Cora_A.txt 0.000786434 0.000785971 4.63e-07
576 Cora_A.txt 0.000861398 0.000860916 4.82e-07
577 Cora_A.txt 0.000856552 0.000856137 4.15e-07
578 Cora_A.txt 0.000863121 0.00086254 5.81e-07
579 Cora_A.txt 0.000856998 0.000856357 6.41e-07
580 Cora_A.txt 0.000864496 0.000863962 5.34e-07
581 Cora_A.txt 0.000860169 0.000859467 7.02e-07
582 Cora_A.txt 0.000866726 0.000866255 4.71e-07
583 Cora_A.txt 0.000860912 0.000859991 9.21e-07
584 Cora_A.txt 0.000854174 0.000853648 5.26e-07
585 Cora_A.txt 0.000850431 0.000849833 5.98e-07
586 Cora_A.txt 0.000854513 0.000853623 8.9e-07
587 Cora_A.txt 0.00084742 0.000846693 7.27e-07
588 Cora_A.txt 0.000852385 0.000851843 5.42e-07
589 Cora_A.txt 0.000847803 0.000847289 5.14e-07
590 Cora_A.txt 0.000853061 0.000852369 6.92e-07
591 Cora_A.txt 0.000846276 0.000845646 6.3e-07
592 Cora_A.txt 0.00088952 0.000888531 9.89e-07
593 Cora_A.txt 0.000885088 0.000884383 7.05e-07
594 Cora_A.txt 0.000892895 0.000892219 6.76e-07
595 Cora_A.txt 0.000885712 0.000885145 5.67e-07
596 Cora_A.txt 0.000880201 0.000879668 5.33e-07
597 Cora_A.txt 0.000876908 0.000876086 8.22e-07
598 Cora_A.txt 0.000882603 0.000881923 6.8e-07
599 Cora_A.txt 0.000875922 0.000875262 6.6e-07
600 Cora_A.txt 0.000869076 0.000868403 6.73e-07
601 Cora_A.txt 0.000864145 0.000863476 6.69e-07
602 Cora_A.txt 0.000870279 0.000869809 4.7e-07
603 Cora_A.txt 0.000864197 0.000863661 5.36e-07
604 Cora_A.txt 0.000872834 0.00087221 6.24e-07
605 Cora_A.txt 0.000869388 0.000868851 5.37e-07
606 Cora_A.txt 0.000868827 0.000868062 7.65e-07
607 Cora_A.txt 0.000862338 0.000861724 6.14e-07
608 Cora_A.txt 0.00079606 0.000795447 6.13e-07
609 Cora_A.txt 0.000792016 0.000791144 8.72e-07
610 Cora_A.txt 0.000796441 0.000796002 4.39e-07
611 Cora_A.txt 0.000790603 0.000790041 5.62e-07
612 Cora_A.txt 0.000804637 0.000803935 7.02e-07
613 Cora_A.txt 0.00080073 0.000800078 6.52e-07
614 Cora_A.txt 0.000802342 0.000801762 5.8e-07
615 Cora_A.txt 0.000791941 0.000791368 5.73e-07
616 Cora_A.txt 0.000809331 0.000808781 5.5e-07
617 Cora_A.txt 0.000805339 0.000804665 6.74e-07
618 Cora_A.txt 0.000805987 0.000805411 5.76e-07
619 Cora_A.txt 0.000799477 0.000799014 4.63e-07
620 Cora_A.txt 0.000812462 0.000811946 5.16e-07
621 Cora_A.txt 0.00080625 0.000805597 6.53e-07
622 Cora_A.txt 0.000802007 0.000801445 5.62e-07
623 Cora_A.txt 0.000795861 0.000795271 5.9e-07
624 Cora_A.txt 0.000856032 0.00085542 6.12e-07
625 Cora_A.txt 0.000852193 0.000851561 6.32e-07
626 Cora_A.txt 0.000860441 0.000859625 8.16e-07
627 Cora_A.txt 0.00085361 0.000852826 7.84e-07
628 Cora_A.txt 0.000855326 0.000854806 5.2e-07
629 Cora_A.txt 0.000851206 0.000850468 7.38e-07
630 Cora_A.txt 0.000859499 0.000858972 5.27e-07
631 Cora_A.txt 0.000853204 0.000852521 6.83e-07
632 Cora_A.txt 0.000855682 0.000855165 5.17e-07
633 Cora_A.txt 0.000851354 0.000850695 6.59e-07
634 Cora_A.txt 0.000849525 0.0008488 7.25e-07
635 Cora_A.txt 0.00084331 0.000842719 5.91e-07
636 Cora_A.txt 0.000855531 0.000854803 7.28e-07
637 Cora_A.txt 0.000851118 0.000850581 5.37e-07
638 Cora_A.txt 0.000865826 0.000865302 5.24e-07
639 Cora_A.txt 0.000859496 0.000858684 8.12e-07
640 Cora_A.txt 0.000879258 0.000878483 7.75e-07
641 Cora_A.txt 0.000874791 0.000874129 6.62e-07
642 Cora_A.txt 0.00087696 0.000875976 9.84e-07
643 Cora_A.txt 0.000870781 0.000869837 9.44e-07
644 Cora_A.txt 0.000871737 0.000871231 5.06e-07
645 Cora_A.txt 0.000867932 0.000867131 8.01e-07
646 Cora_A.txt 0.000872989 0.0008721 8.89e-07
647 Cora_A.txt 0.0008665 0.00086587 6.3e-07
648 Cora_A.txt 0.000858703 0.000858103 6e-07
649 Cora_A.txt 0.000854584 0.000853912 6.72e-07
650 Cora_A.txt 0.000865316 0.000864614 7.02e-07
651 Cora_A.txt 0.000858702 0.000858187 5.15e-07
652 Cora_A.txt 0.000858846 0.000858178 6.68e-07
653 Cora_A.txt 0.000854483 0.000853796 6.87e-07
654 Cora_A.txt 0.000858796 0.000858046 7.5e-07
655 Cora_A.txt 0.000851516 0.000850856 6.6e-07
656 Cora_A.txt 0.000792955 0.000792395 5.6e-07
657 Cora_A.txt 0.000788649 0.000787828 8.21e-07
658 Cora_A.txt 0.000787027 0.000786359 6.68e-07
659 Cora_A.txt 0.000780882 0.000780204 6.78e-07
660 Cora_A.txt 0.00079024 0.000789623 6.17e-07
661 Cora_A.txt 0.000786321 0.000785297 1.024e-06
662 Cora_A.txt 0.000797003 0.00079611 8.93e-07
663 Cora_A.txt 0.00079019 0.000789248 9.42e-07
664 Cora_A.txt 0.000789504 0.000788982 5.22e-07
665 Cora_A.txt 0.000785384 0.00078481 5.74e-07
666 Cora_A.txt 0.000788622 0.0007876 1.022e-06
667 Cora_A.txt 0.000781321 0.000780636 6.85e-07
668 Cora_A.txt 0.000792918 0.000791892 1.026e-06
669 Cora_A.txt 0.000789172 0.000788242 9.3e-07
670 Cora_A.txt 0.000789464 0.00078873 7.34e-07
671 Cora_A.txt 0.000783835 0.00078288 9.55e-07
672 Cora_A.txt 0.000879189 0.00087804 1.149e-06
673 Cora_A.txt 0.000874902 0.000874309 5.93e-07
674 Cora_A.txt 0.000880501 0.000879533 9.68e-07
675 Cora_A.txt 0.000873488 0.000872791 6.97e-07
676 Cora_A.txt 0.000884422 0.000883765 6.57e-07
677 Cora_A.txt 0.000880142 0.000879416 7.26e-07
678 Cora_A.txt 0.000886512 0.000885936 5.76e-07
679 Cora_A.txt 0.000879985 0.000879312 6.73e-07
680 Cora_A.txt 0.000884382 0.000883876 5.06e-07
681 Cora_A.txt 0.000880376 0.000879668 7.08e-07
682 Cora_A.txt 0.000879515 0.000878854 6.61e-07
683 Cora_A.txt 0.000872974 0.00087248 4.94e-07
684 Cora_A.txt 0.000879645 0.000879132 5.13e-07
685 Cora_A.txt 0.000875809 0.000875202 6.07e-07
686 Cora_A.txt 0.000887581 0.000886925 6.56e-07
687 Cora_A.txt 0.000881513 0.000880824 6.89e-07
688 Cora_A.txt 0.000899247 0.000897666 1.581e-06
689 Cora_A.txt 0.000894186 0.00089355 6.36e-07
690 Cora_A.txt 0.000900053 0.000899356 6.97e-07
691 Cora_A.txt 0.00089312 0.000892541 5.79e-07
692 Cora_A.txt 0.000899182 0.000898341 8.41e-07
693 Cora_A.txt 0.000894968 0.000894238 7.3e-07
694 Cora_A.txt 0.00089357 0.0008928 7.7e-07
695 Cora_A.txt 0.0008871 0.000886112 9.88e-07
696 Cora_A.txt 0.000862939 0.000862264 6.75e-07
697 Cora_A.txt 0.000858442 0.000857692 7.5e-07
698 Cora_A.txt 0.000863143 0.00086239 7.53e-07
699 Cora_A.txt 0.000855651 0.000855147 5.04e-07
700 Cora_A.txt 0.000861716 0.000860901 8.15e-07
701 Cora_A.txt 0.000859495 0.000856788 2.707e-06
702 Cora_A.txt 0.000861929 0.000861344 5.85e-07
703 Cora_A.txt 0.00085554 0.000854462 1.078e-06
704 Cora_A.txt 0.000824982 0.000824284 6.98e-07
705 Cora_A.txt 0.000821321 0.000820624 6.97e-07
706 Cora_A.txt 0.000826478 0.000825973 5.05e-07
707 Cora_A.txt 0.000821465 0.000820834 6.31e-07
708 Cora_A.txt 0.000814251 0.000813344 9.07e-07
709 Cora_A.txt 0.000808926 0.000808238 6.88e-07
710 Cora_A.txt 0.000806999 0.000806325 6.74e-07
711 Cora_A.txt 0.000802691 0.000802217 4.74e-07
712 Cora_A.txt 0.00082152 0.000821025 4.95e-07
713 Cora_A.txt 0.000818752 0.000817624 1.128e-06
714 Cora_A.txt 0.000828685 0.0008278 8.85e-07
715 Cora_A.txt 0.000821929 0.000821203 7.26e-07
716 Cora_A.txt 0.000808526 0.000807802 7.24e-07
717 Cora_A.txt 0.00080474 0.000804014 7.26e-07
718 Cora_A.txt 0.000801762 0.00080097 7.92e-07
719 Cora_A.txt 0.000785314 0.000784762 5.52e-07
720 Cora_A.txt 0.000856836 0.000856201 6.35e-07
721 Cora_A.txt 0.000851894 0.000851207 6.87e-07
722 Cora_A.txt 0.000855983 0.000855493 4.9e-07
723 Cora_A.txt 0.000848826 0.000848226 6e-07
724 Cora_A.txt 0.000854265 0.000853674 5.91e-07
725 Cora_A.txt 0.00085059 0.000850002 5.88e-07
726 Cora_A.txt 0.000853315 0.000852773 5.42e-07
727 Cora_A.txt 0.000847199 0.000846512 6.87e-07
728 Cora_A.txt 0.000852775 0.000851944 8.31e-07
729 Cora_A.txt 0.000848878 0.000848147 7.31e-07
730 Cora_A.txt 0.000851942 0.000851235 7.07e-07
731 Cora_A.txt 0.000846629 0.000845835 7.94e-07
732 Cora_A.txt 0.000855818 0.000855309 5.09e-07
733 Cora_A.txt 0.000851918 0.000851229 6.89e-07
734 Cora_A.txt 0.000850849 0.000850411 4.38e-07
735 Cora_A.txt 0.000844555 0.000843889 6.66e-07
736 Cora_A.txt 0.00087606 0.000875636 4.24e-07
737 Cora_A.txt 0.000873569 0.000872951 6.18e-07
738 Cora_A.txt 0.000880978 0.000880383 5.95e-07
739 Cora_A.txt 0.000874083 0.000873508 5.75e-07
740 Cora_A.txt 0.000872668 0.000872087 5.81e-07
741 Cora_A.txt 0.000868865 0.000867837 1.028e-06
742 Cora_A.txt 0.000875647 0.000875117 5.3e-07
743 Cora_A.txt 0.000869706 0.000868451 1.255e-06
744 Cora_A.txt 0.00086191 0.00086113 7.8e-07
745 Cora_A.txt 0.000856941 0.000856141 8e-07
746 Cora_A.txt 0.000863274 0.000862593 6.81e-07
747 Cora_A.txt 0.000855709 0.000855191 5.18e-07
748 Cora_A.txt 0.000859191 0.000858697 4.94e-07
749 Cora_A.txt 0.000855151 0.000854509 6.42e-07
750 Cora_A.txt 0.000859936 0.000859131 8.05e-07
751 Cora_A.txt 0.000854256 0.000853641 6.15e-07
752 Cora_A.txt 0.000791657 0.00079122 4.37e-07
753 Cora_A.txt 0.000787381 0.000786835 5.46e-07
754 Cora_A.txt 0.000792624 0.000791926 6.98e-07
755 Cora_A.txt 0.000786745 0.000785961 7.84e-07
756 Cora_A.txt 0.000797828 0.000797244 5.84e-07
757 Cora_A.txt 0.000794025 0.00079329 7.35e-07
758 Cora_A.txt 0.000798655 0.000798053 6.02e-07
759 Cora_A.txt 0.000792558 0.000791991 5.67e-07
760 Cora_A.txt 0.000787541 0.000787091 4.5e-07
761 Cora_A.txt 0.000783498 0.000782987 5.11e-07
762 Cora_A.txt 0.000789487 0.000788977 5.1e-07
763 Cora_A.txt 0.000781816 0.000781269 5.47e-07
764 Cora_A.txt 0.000800267 0.000799721 5.46e-07
765 Cora_A.txt 0.000796474 0.000795763 7.11e-07
766 Cora_A.txt 0.000788048 0.000787601 4.47e-07
767 Cora_A.txt 0.000814039 0.000782799 3.124e-05
TACC:  Shutdown complete. Exiting. 
