TACC:  Starting up job 10024616 
TACC:  Starting parallel tasks... 
0 Pubmed_feat_L2.txt 0.00101707 0.00101427 2.806e-06
1 Pubmed_feat_L2.txt 0.000988215 0.000985716 2.499e-06
2 Pubmed_feat_L2.txt 0.00103054 0.00102806 2.475e-06
3 Pubmed_feat_L2.txt 0.00104872 0.00104624 2.483e-06
4 Pubmed_feat_L2.txt 0.00109824 0.00109578 2.46e-06
5 Pubmed_feat_L2.txt 0.0010783 0.00107584 2.455e-06
6 Pubmed_feat_L2.txt 0.00111215 0.00110974 2.41e-06
7 Pubmed_feat_L2.txt 0.00110788 0.00110543 2.452e-06
8 Pubmed_feat_L2.txt 0.000983285 0.000980884 2.401e-06
9 Pubmed_feat_L2.txt 0.00115189 0.00114948 2.405e-06
10 Pubmed_feat_L2.txt 0.00107105 0.00106857 2.477e-06
11 Pubmed_feat_L2.txt 0.00117513 0.00117265 2.484e-06
12 Pubmed_feat_L2.txt 0.00106626 0.00106379 2.471e-06
13 Pubmed_feat_L2.txt 0.00109956 0.00109712 2.435e-06
14 Pubmed_feat_L2.txt 0.00107708 0.00107456 2.519e-06
15 Pubmed_feat_L2.txt 0.00110338 0.00110091 2.473e-06
16 Pubmed_feat_L2.txt 0.000989768 0.000987299 2.469e-06
17 Pubmed_feat_L2.txt 0.00110962 0.0011072 2.416e-06
18 Pubmed_feat_L2.txt 0.0010595 0.0010571 2.4e-06
19 Pubmed_feat_L2.txt 0.00109814 0.00109577 2.367e-06
20 Pubmed_feat_L2.txt 0.00111184 0.00110945 2.392e-06
21 Pubmed_feat_L2.txt 0.00113406 0.0011316 2.464e-06
22 Pubmed_feat_L2.txt 0.00112356 0.00112106 2.509e-06
23 Pubmed_feat_L2.txt 0.00106888 0.00106618 2.694e-06
24 Pubmed_feat_L2.txt 0.00116707 0.00116448 2.593e-06
25 Pubmed_feat_L2.txt 0.00109225 0.00108951 2.736e-06
26 Pubmed_feat_L2.txt 0.0011804 0.0011779 2.503e-06
27 Pubmed_feat_L2.txt 0.00117568 0.00117318 2.496e-06
28 Pubmed_feat_L2.txt 0.00115716 0.00115432 2.844e-06
29 Pubmed_feat_L2.txt 0.00109459 0.00109215 2.445e-06
30 Pubmed_feat_L2.txt 0.00115747 0.00115501 2.462e-06
31 Pubmed_feat_L2.txt 0.00117554 0.00117307 2.464e-06
32 Pubmed_feat_L2.txt 0.00111666 0.00111421 2.442e-06
33 Pubmed_feat_L2.txt 0.00109478 0.00109231 2.47e-06
34 Pubmed_feat_L2.txt 0.00113825 0.00113575 2.5e-06
35 Pubmed_feat_L2.txt 0.00111586 0.00111337 2.492e-06
36 Pubmed_feat_L2.txt 0.00106817 0.00106574 2.436e-06
37 Pubmed_feat_L2.txt 0.00110088 0.00109843 2.458e-06
38 Pubmed_feat_L2.txt 0.00112094 0.00111852 2.427e-06
39 Pubmed_feat_L2.txt 0.00111248 0.00111003 2.446e-06
40 Pubmed_feat_L2.txt 0.00110962 0.00110708 2.539e-06
41 Pubmed_feat_L2.txt 0.00109907 0.00109662 2.452e-06
42 Pubmed_feat_L2.txt 0.00114109 0.00113862 2.466e-06
43 Pubmed_feat_L2.txt 0.00112777 0.00112524 2.527e-06
44 Pubmed_feat_L2.txt 0.00109261 0.00109012 2.489e-06
45 Pubmed_feat_L2.txt 0.00112093 0.00111853 2.401e-06
46 Pubmed_feat_L2.txt 0.00114105 0.00113857 2.483e-06
47 Pubmed_feat_L2.txt 0.00118313 0.00118062 2.516e-06
48 Pubmed_feat_L2.txt 0.0010224 0.00101921 3.185e-06
49 Pubmed_feat_L2.txt 0.00111985 0.00111728 2.574e-06
50 Pubmed_feat_L2.txt 0.00117236 0.00116329 9.069e-06
51 Pubmed_feat_L2.txt 0.00111698 0.00111437 2.612e-06
52 Pubmed_feat_L2.txt 0.00117284 0.00117026 2.572e-06
53 Pubmed_feat_L2.txt 0.00113176 0.00112917 2.586e-06
54 Pubmed_feat_L2.txt 0.00107291 0.00107035 2.567e-06
55 Pubmed_feat_L2.txt 0.0011778 0.00117514 2.658e-06
56 Pubmed_feat_L2.txt 0.00100153 0.000998746 2.787e-06
57 Pubmed_feat_L2.txt 0.00112572 0.00112305 2.669e-06
58 Pubmed_feat_L2.txt 0.00108383 0.00108089 2.938e-06
59 Pubmed_feat_L2.txt 0.00116119 0.0011586 2.594e-06
60 Pubmed_feat_L2.txt 0.00121612 0.00121351 2.62e-06
61 Pubmed_feat_L2.txt 0.00111863 0.00111588 2.75e-06
62 Pubmed_feat_L2.txt 0.00111342 0.00111081 2.612e-06
63 Pubmed_feat_L2.txt 0.00113648 0.0011339 2.572e-06
64 Pubmed_feat_L2.txt 0.00112897 0.0011263 2.663e-06
65 Pubmed_feat_L2.txt 0.00110494 0.00110233 2.616e-06
66 Pubmed_feat_L2.txt 0.00111384 0.0011111 2.74e-06
67 Pubmed_feat_L2.txt 0.00118118 0.0011786 2.579e-06
68 Pubmed_feat_L2.txt 0.00113335 0.00113071 2.637e-06
69 Pubmed_feat_L2.txt 0.00118028 0.00117767 2.61e-06
70 Pubmed_feat_L2.txt 0.00117012 0.00116752 2.602e-06
71 Pubmed_feat_L2.txt 0.00125119 0.00124865 2.536e-06
72 Pubmed_feat_L2.txt 0.00115855 0.00115575 2.803e-06
73 Pubmed_feat_L2.txt 0.00114492 0.00114219 2.728e-06
74 Pubmed_feat_L2.txt 0.00114373 0.00114112 2.604e-06
75 Pubmed_feat_L2.txt 0.00114515 0.00114243 2.724e-06
76 Pubmed_feat_L2.txt 0.00111244 0.00110985 2.593e-06
77 Pubmed_feat_L2.txt 0.00123161 0.00122768 3.928e-06
78 Pubmed_feat_L2.txt 0.00107543 0.00107285 2.573e-06
79 Pubmed_feat_L2.txt 0.00111067 0.00110807 2.609e-06
80 Pubmed_feat_L2.txt 0.000988103 0.000985158 2.945e-06
81 Pubmed_feat_L2.txt 0.00108324 0.00108057 2.669e-06
82 Pubmed_feat_L2.txt 0.00111575 0.00111301 2.74e-06
83 Pubmed_feat_L2.txt 0.00110782 0.0011052 2.62e-06
84 Pubmed_feat_L2.txt 0.00113198 0.00112928 2.704e-06
85 Pubmed_feat_L2.txt 0.00112829 0.00112554 2.754e-06
86 Pubmed_feat_L2.txt 0.00107091 0.00106833 2.58e-06
87 Pubmed_feat_L2.txt 0.00110669 0.00110367 3.026e-06
88 Pubmed_feat_L2.txt 0.00107004 0.00106726 2.779e-06
89 Pubmed_feat_L2.txt 0.00109014 0.00108749 2.645e-06
90 Pubmed_feat_L2.txt 0.00113986 0.00113724 2.621e-06
91 Pubmed_feat_L2.txt 0.00116689 0.00116424 2.654e-06
92 Pubmed_feat_L2.txt 0.00117731 0.00117425 3.066e-06
93 Pubmed_feat_L2.txt 0.00114703 0.0011442 2.838e-06
94 Pubmed_feat_L2.txt 0.00123246 0.00122981 2.657e-06
95 Pubmed_feat_L2.txt 0.00112347 0.00112086 2.607e-06
96 Pubmed_feat_L2.txt 0.000958511 0.000955427 3.084e-06
97 Pubmed_feat_L2.txt 0.000975295 0.000972772 2.523e-06
98 Pubmed_feat_L2.txt 0.00100724 0.00100479 2.453e-06
99 Pubmed_feat_L2.txt 0.00101043 0.00100798 2.448e-06
100 Pubmed_feat_L2.txt 0.00100541 0.0010027 2.707e-06
101 Pubmed_feat_L2.txt 0.00101837 0.00101593 2.434e-06
102 Pubmed_feat_L2.txt 0.00112012 0.0011176 2.515e-06
103 Pubmed_feat_L2.txt 0.00115476 0.00115218 2.585e-06
104 Pubmed_feat_L2.txt 0.00100376 0.00100124 2.522e-06
105 Pubmed_feat_L2.txt 0.00113414 0.00113171 2.434e-06
106 Pubmed_feat_L2.txt 0.00113451 0.00113173 2.78e-06
107 Pubmed_feat_L2.txt 0.00111212 0.00110937 2.754e-06
108 Pubmed_feat_L2.txt 0.00100358 0.00100105 2.529e-06
109 Pubmed_feat_L2.txt 0.00114693 0.00114447 2.461e-06
110 Pubmed_feat_L2.txt 0.00105469 0.00105204 2.654e-06
111 Pubmed_feat_L2.txt 0.00111394 0.00111145 2.482e-06
112 Pubmed_feat_L2.txt 0.00100956 0.00100709 2.467e-06
113 Pubmed_feat_L2.txt 0.00114626 0.00114383 2.436e-06
114 Pubmed_feat_L2.txt 0.00115154 0.00114903 2.511e-06
115 Pubmed_feat_L2.txt 0.00115746 0.00115491 2.549e-06
116 Pubmed_feat_L2.txt 0.00127508 0.00127262 2.461e-06
117 Pubmed_feat_L2.txt 0.00116782 0.0011653 2.521e-06
118 Pubmed_feat_L2.txt 0.00112316 0.00112071 2.452e-06
119 Pubmed_feat_L2.txt 0.00116944 0.00116698 2.463e-06
120 Pubmed_feat_L2.txt 0.00103757 0.00103485 2.722e-06
121 Pubmed_feat_L2.txt 0.00107624 0.00107379 2.451e-06
122 Pubmed_feat_L2.txt 0.00115051 0.00114792 2.59e-06
123 Pubmed_feat_L2.txt 0.00112177 0.00111928 2.489e-06
124 Pubmed_feat_L2.txt 0.00112642 0.00112399 2.427e-06
125 Pubmed_feat_L2.txt 0.00120491 0.00120242 2.486e-06
126 Pubmed_feat_L2.txt 0.00109347 0.00109098 2.492e-06
127 Pubmed_feat_L2.txt 0.00117089 0.00116829 2.602e-06
128 Pubmed_feat_L2.txt 0.00104923 0.00104651 2.719e-06
129 Pubmed_feat_L2.txt 0.00123299 0.00123028 2.704e-06
130 Pubmed_feat_L2.txt 0.00114884 0.00114635 2.488e-06
131 Pubmed_feat_L2.txt 0.00117834 0.00117586 2.478e-06
132 Pubmed_feat_L2.txt 0.00111912 0.00111666 2.455e-06
133 Pubmed_feat_L2.txt 0.00113519 0.00113276 2.431e-06
134 Pubmed_feat_L2.txt 0.00115356 0.00115103 2.527e-06
135 Pubmed_feat_L2.txt 0.00117626 0.00117386 2.402e-06
136 Pubmed_feat_L2.txt 0.00115718 0.00115423 2.953e-06
137 Pubmed_feat_L2.txt 0.00113527 0.00113282 2.447e-06
138 Pubmed_feat_L2.txt 0.00110492 0.00110248 2.438e-06
139 Pubmed_feat_L2.txt 0.00107781 0.00107526 2.552e-06
140 Pubmed_feat_L2.txt 0.00104804 0.00104561 2.426e-06
141 Pubmed_feat_L2.txt 0.00106551 0.00106292 2.598e-06
142 Pubmed_feat_L2.txt 0.00112888 0.00112643 2.454e-06
143 Pubmed_feat_L2.txt 0.00111469 0.00111225 2.437e-06
144 Pubmed_feat_L2.txt 0.00102175 0.00101872 3.032e-06
145 Pubmed_feat_L2.txt 0.0010107 0.00100814 2.557e-06
146 Pubmed_feat_L2.txt 0.00116798 0.00116554 2.443e-06
147 Pubmed_feat_L2.txt 0.00120647 0.00120402 2.453e-06
148 Pubmed_feat_L2.txt 0.00108098 0.00107852 2.459e-06
149 Pubmed_feat_L2.txt 0.00120264 0.00120018 2.461e-06
150 Pubmed_feat_L2.txt 0.00115944 0.0011566 2.842e-06
151 Pubmed_feat_L2.txt 0.00124102 0.00123819 2.822e-06
152 Pubmed_feat_L2.txt 0.00112815 0.00112567 2.473e-06
153 Pubmed_feat_L2.txt 0.00121159 0.00120874 2.845e-06
154 Pubmed_feat_L2.txt 0.00122209 0.00121966 2.432e-06
155 Pubmed_feat_L2.txt 0.00127687 0.00127428 2.599e-06
156 Pubmed_feat_L2.txt 0.00118207 0.0011796 2.476e-06
157 Pubmed_feat_L2.txt 0.00112449 0.00112202 2.478e-06
158 Pubmed_feat_L2.txt 0.00124106 0.00123863 2.426e-06
159 Pubmed_feat_L2.txt 0.00106271 0.00106029 2.419e-06
160 Pubmed_feat_L2.txt 0.00112495 0.00112242 2.53e-06
161 Pubmed_feat_L2.txt 0.00125183 0.00124927 2.567e-06
162 Pubmed_feat_L2.txt 0.00118977 0.00118729 2.476e-06
163 Pubmed_feat_L2.txt 0.00111221 0.00110981 2.402e-06
164 Pubmed_feat_L2.txt 0.00125284 0.00125024 2.601e-06
165 Pubmed_feat_L2.txt 0.0012885 0.0012857 2.804e-06
166 Pubmed_feat_L2.txt 0.00110067 0.00109827 2.399e-06
167 Pubmed_feat_L2.txt 0.0012076 0.00120501 2.585e-06
168 Pubmed_feat_L2.txt 0.00111721 0.00111443 2.783e-06
169 Pubmed_feat_L2.txt 0.0012176 0.00121507 2.532e-06
170 Pubmed_feat_L2.txt 0.00105792 0.0010554 2.524e-06
171 Pubmed_feat_L2.txt 0.00114404 0.00114146 2.581e-06
172 Pubmed_feat_L2.txt 0.00126674 0.00126429 2.446e-06
173 Pubmed_feat_L2.txt 0.00114527 0.00114278 2.492e-06
174 Pubmed_feat_L2.txt 0.00117957 0.00117712 2.452e-06
175 Pubmed_feat_L2.txt 0.00118322 0.00118071 2.509e-06
176 Pubmed_feat_L2.txt 0.000998003 0.000995526 2.477e-06
177 Pubmed_feat_L2.txt 0.00106886 0.00106637 2.489e-06
178 Pubmed_feat_L2.txt 0.00106347 0.00106095 2.518e-06
179 Pubmed_feat_L2.txt 0.00116822 0.00116566 2.565e-06
180 Pubmed_feat_L2.txt 0.0011035 0.00110093 2.57e-06
181 Pubmed_feat_L2.txt 0.00105274 0.00105027 2.472e-06
182 Pubmed_feat_L2.txt 0.00119355 0.00119071 2.838e-06
183 Pubmed_feat_L2.txt 0.00115727 0.00115449 2.775e-06
184 Pubmed_feat_L2.txt 0.00106953 0.00106704 2.493e-06
185 Pubmed_feat_L2.txt 0.0010655 0.001063 2.492e-06
186 Pubmed_feat_L2.txt 0.00113097 0.00112817 2.802e-06
187 Pubmed_feat_L2.txt 0.00117312 0.00117063 2.489e-06
188 Pubmed_feat_L2.txt 0.00102086 0.00101808 2.786e-06
189 Pubmed_feat_L2.txt 0.0010946 0.00109202 2.573e-06
190 Pubmed_feat_L2.txt 0.00125245 0.00124986 2.591e-06
191 Pubmed_feat_L2.txt 0.00117698 0.00117447 2.509e-06
192 Pubmed_feat_L2.txt 0.00100613 0.00100317 2.969e-06
193 Pubmed_feat_L2.txt 0.00103291 0.00103042 2.491e-06
194 Pubmed_feat_L2.txt 0.00100433 0.00100183 2.5e-06
195 Pubmed_feat_L2.txt 0.000964912 0.000962088 2.824e-06
196 Pubmed_feat_L2.txt 0.00103952 0.00103709 2.434e-06
197 Pubmed_feat_L2.txt 0.00112988 0.00112741 2.468e-06
198 Pubmed_feat_L2.txt 0.00120353 0.00120105 2.477e-06
199 Pubmed_feat_L2.txt 0.00116359 0.0011611 2.489e-06
200 Pubmed_feat_L2.txt 0.00108726 0.00108479 2.466e-06
201 Pubmed_feat_L2.txt 0.00111438 0.00111194 2.442e-06
202 Pubmed_feat_L2.txt 0.00119554 0.00119305 2.491e-06
203 Pubmed_feat_L2.txt 0.00106129 0.00105874 2.549e-06
204 Pubmed_feat_L2.txt 0.00118861 0.00118617 2.434e-06
205 Pubmed_feat_L2.txt 0.00116259 0.00116012 2.47e-06
206 Pubmed_feat_L2.txt 0.00112192 0.00111945 2.464e-06
207 Pubmed_feat_L2.txt 0.00116205 0.00115958 2.473e-06
208 Pubmed_feat_L2.txt 0.00108202 0.0010796 2.429e-06
209 Pubmed_feat_L2.txt 0.00109356 0.00109106 2.503e-06
210 Pubmed_feat_L2.txt 0.00109431 0.00109163 2.678e-06
211 Pubmed_feat_L2.txt 0.00120775 0.00120488 2.87e-06
212 Pubmed_feat_L2.txt 0.00120535 0.00120285 2.498e-06
213 Pubmed_feat_L2.txt 0.00117011 0.00116731 2.795e-06
214 Pubmed_feat_L2.txt 0.00111459 0.00111213 2.459e-06
215 Pubmed_feat_L2.txt 0.00120998 0.00120752 2.467e-06
216 Pubmed_feat_L2.txt 0.00102609 0.00102348 2.612e-06
217 Pubmed_feat_L2.txt 0.0011808 0.00117833 2.472e-06
218 Pubmed_feat_L2.txt 0.00126496 0.00126246 2.497e-06
219 Pubmed_feat_L2.txt 0.00109763 0.00109519 2.439e-06
220 Pubmed_feat_L2.txt 0.00119686 0.00119413 2.735e-06
221 Pubmed_feat_L2.txt 0.00117901 0.00117651 2.502e-06
222 Pubmed_feat_L2.txt 0.00113539 0.00113244 2.949e-06
223 Pubmed_feat_L2.txt 0.00119355 0.00119116 2.39e-06
224 Pubmed_feat_L2.txt 0.00108914 0.00108666 2.481e-06
225 Pubmed_feat_L2.txt 0.00103763 0.00103516 2.472e-06
226 Pubmed_feat_L2.txt 0.00113309 0.00113061 2.486e-06
227 Pubmed_feat_L2.txt 0.00104444 0.001042 2.439e-06
228 Pubmed_feat_L2.txt 0.00110513 0.0011023 2.828e-06
229 Pubmed_feat_L2.txt 0.00114051 0.00113795 2.56e-06
230 Pubmed_feat_L2.txt 0.00116452 0.00116208 2.441e-06
231 Pubmed_feat_L2.txt 0.00117841 0.00117595 2.454e-06
232 Pubmed_feat_L2.txt 0.00108712 0.0010847 2.421e-06
233 Pubmed_feat_L2.txt 0.0011961 0.00119339 2.708e-06
234 Pubmed_feat_L2.txt 0.00109611 0.0010932 2.904e-06
235 Pubmed_feat_L2.txt 0.00109562 0.00109306 2.56e-06
236 Pubmed_feat_L2.txt 0.00109271 0.00109027 2.435e-06
237 Pubmed_feat_L2.txt 0.00114005 0.00113763 2.414e-06
238 Pubmed_feat_L2.txt 0.00109358 0.00109112 2.456e-06
239 Pubmed_feat_L2.txt 0.0011498 0.00114734 2.459e-06
240 Pubmed_feat_L2.txt 0.000991404 0.000988446 2.958e-06
241 Pubmed_feat_L2.txt 0.000909427 0.000906983 2.444e-06
242 Pubmed_feat_L2.txt 0.000992414 0.000989841 2.573e-06
243 Pubmed_feat_L2.txt 0.00114445 0.00114177 2.672e-06
244 Pubmed_feat_L2.txt 0.0010179 0.00101528 2.626e-06
245 Pubmed_feat_L2.txt 0.000951004 0.000948497 2.507e-06
246 Pubmed_feat_L2.txt 0.000956581 0.000954155 2.426e-06
247 Pubmed_feat_L2.txt 0.00108061 0.00107813 2.477e-06
248 Pubmed_feat_L2.txt 0.000928799 0.000926257 2.542e-06
249 Pubmed_feat_L2.txt 0.0011994 0.00119676 2.641e-06
250 Pubmed_feat_L2.txt 0.00100774 0.00100529 2.45e-06
251 Pubmed_feat_L2.txt 0.00114411 0.00114159 2.524e-06
252 Pubmed_feat_L2.txt 0.00108063 0.00107798 2.654e-06
253 Pubmed_feat_L2.txt 0.00098483 0.000982364 2.466e-06
254 Pubmed_feat_L2.txt 0.00114184 0.00113937 2.472e-06
255 Pubmed_feat_L2.txt 0.00115107 0.00114861 2.454e-06
256 Pubmed_feat_L2.txt 0.000953113 0.000950589 2.524e-06
257 Pubmed_feat_L2.txt 0.00107285 0.00107049 2.36e-06
258 Pubmed_feat_L2.txt 0.00105346 0.00105093 2.535e-06
259 Pubmed_feat_L2.txt 0.00112208 0.00111955 2.531e-06
260 Pubmed_feat_L2.txt 0.00113501 0.00113258 2.435e-06
261 Pubmed_feat_L2.txt 0.00116994 0.00116745 2.487e-06
262 Pubmed_feat_L2.txt 0.00100608 0.0010036 2.478e-06
263 Pubmed_feat_L2.txt 0.00111093 0.00110843 2.501e-06
264 Pubmed_feat_L2.txt 0.00120766 0.00120507 2.595e-06
265 Pubmed_feat_L2.txt 0.0011176 0.00111514 2.462e-06
266 Pubmed_feat_L2.txt 0.00110449 0.00110191 2.576e-06
267 Pubmed_feat_L2.txt 0.0011125 0.00110993 2.574e-06
268 Pubmed_feat_L2.txt 0.00108591 0.00108346 2.445e-06
269 Pubmed_feat_L2.txt 0.00111316 0.00111072 2.437e-06
270 Pubmed_feat_L2.txt 0.00108365 0.00108107 2.579e-06
271 Pubmed_feat_L2.txt 0.00110479 0.00110213 2.665e-06
272 Pubmed_feat_L2.txt 0.00098578 0.000983319 2.461e-06
273 Pubmed_feat_L2.txt 0.00112109 0.00111859 2.5e-06
274 Pubmed_feat_L2.txt 0.0010628 0.00106025 2.546e-06
275 Pubmed_feat_L2.txt 0.00115317 0.00115056 2.613e-06
276 Pubmed_feat_L2.txt 0.00109206 0.00108962 2.44e-06
277 Pubmed_feat_L2.txt 0.00112641 0.00112396 2.451e-06
278 Pubmed_feat_L2.txt 0.00105033 0.00104741 2.921e-06
279 Pubmed_feat_L2.txt 0.00112302 0.00112011 2.913e-06
280 Pubmed_feat_L2.txt 0.00110524 0.00110263 2.603e-06
281 Pubmed_feat_L2.txt 0.0012031 0.00120057 2.532e-06
282 Pubmed_feat_L2.txt 0.0011383 0.00113578 2.519e-06
283 Pubmed_feat_L2.txt 0.00104575 0.0010432 2.546e-06
284 Pubmed_feat_L2.txt 0.00111263 0.00111018 2.447e-06
285 Pubmed_feat_L2.txt 0.00111333 0.00111085 2.488e-06
286 Pubmed_feat_L2.txt 0.00111328 0.00111078 2.495e-06
287 Pubmed_feat_L2.txt 0.0011277 0.00112483 2.864e-06
288 Pubmed_feat_L2.txt 0.000895526 0.000892633 2.893e-06
289 Pubmed_feat_L2.txt 0.000919466 0.000917078 2.388e-06
290 Pubmed_feat_L2.txt 0.00105274 0.00105018 2.561e-06
291 Pubmed_feat_L2.txt 0.00109403 0.00109136 2.671e-06
292 Pubmed_feat_L2.txt 0.000957463 0.00095498 2.483e-06
293 Pubmed_feat_L2.txt 0.00119107 0.00118824 2.824e-06
294 Pubmed_feat_L2.txt 0.00113212 0.00112964 2.477e-06
295 Pubmed_feat_L2.txt 0.00115204 0.00114953 2.516e-06
296 Pubmed_feat_L2.txt 0.000995154 0.000992521 2.633e-06
297 Pubmed_feat_L2.txt 0.00126307 0.00126055 2.521e-06
298 Pubmed_feat_L2.txt 0.00109439 0.00109192 2.475e-06
299 Pubmed_feat_L2.txt 0.00121665 0.00121407 2.572e-06
300 Pubmed_feat_L2.txt 0.00130503 0.00130249 2.538e-06
301 Pubmed_feat_L2.txt 0.00108073 0.00107827 2.466e-06
302 Pubmed_feat_L2.txt 0.00113394 0.00113142 2.514e-06
303 Pubmed_feat_L2.txt 0.00122496 0.00122212 2.841e-06
304 Pubmed_feat_L2.txt 0.0010139 0.00101112 2.778e-06
305 Pubmed_feat_L2.txt 0.00112316 0.00111338 9.774e-06
306 Pubmed_feat_L2.txt 0.00108786 0.00108531 2.551e-06
307 Pubmed_feat_L2.txt 0.00113267 0.00113015 2.513e-06
308 Pubmed_feat_L2.txt 0.0010543 0.0010518 2.503e-06
309 Pubmed_feat_L2.txt 0.00122502 0.00122256 2.466e-06
310 Pubmed_feat_L2.txt 0.00105701 0.00105444 2.571e-06
311 Pubmed_feat_L2.txt 0.000991387 0.00098889 2.497e-06
312 Pubmed_feat_L2.txt 0.00102845 0.00102578 2.667e-06
313 Pubmed_feat_L2.txt 0.0010278 0.00102529 2.514e-06
314 Pubmed_feat_L2.txt 0.00121052 0.00120791 2.615e-06
315 Pubmed_feat_L2.txt 0.00102565 0.00102314 2.512e-06
316 Pubmed_feat_L2.txt 0.00110715 0.00110464 2.504e-06
317 Pubmed_feat_L2.txt 0.00100645 0.0010039 2.548e-06
318 Pubmed_feat_L2.txt 0.00103525 0.00103269 2.559e-06
319 Pubmed_feat_L2.txt 0.000991168 0.000988715 2.453e-06
320 Pubmed_feat_L2.txt 0.00119087 0.00118836 2.511e-06
321 Pubmed_feat_L2.txt 0.00122311 0.00122054 2.571e-06
322 Pubmed_feat_L2.txt 0.00113858 0.0011362 2.382e-06
323 Pubmed_feat_L2.txt 0.00116867 0.00116621 2.463e-06
324 Pubmed_feat_L2.txt 0.00107526 0.00107257 2.693e-06
325 Pubmed_feat_L2.txt 0.00108713 0.00108458 2.55e-06
326 Pubmed_feat_L2.txt 0.00109157 0.00108866 2.903e-06
327 Pubmed_feat_L2.txt 0.0011489 0.00114644 2.453e-06
328 Pubmed_feat_L2.txt 0.00117906 0.00117653 2.538e-06
329 Pubmed_feat_L2.txt 0.00114653 0.00114401 2.522e-06
330 Pubmed_feat_L2.txt 0.00108507 0.00108249 2.581e-06
331 Pubmed_feat_L2.txt 0.00103953 0.00103707 2.466e-06
332 Pubmed_feat_L2.txt 0.00105804 0.00105555 2.494e-06
333 Pubmed_feat_L2.txt 0.00113394 0.00113142 2.526e-06
334 Pubmed_feat_L2.txt 0.00118411 0.00118128 2.828e-06
335 Pubmed_feat_L2.txt 0.00110582 0.00110315 2.675e-06
336 Pubmed_feat_L2.txt 0.000960207 0.000957045 3.162e-06
337 Pubmed_feat_L2.txt 0.000999874 0.000997354 2.52e-06
338 Pubmed_feat_L2.txt 0.000961223 0.000958555 2.668e-06
339 Pubmed_feat_L2.txt 0.00102948 0.00102665 2.825e-06
340 Pubmed_feat_L2.txt 0.00108694 0.00108442 2.523e-06
341 Pubmed_feat_L2.txt 0.000994259 0.000991687 2.572e-06
342 Pubmed_feat_L2.txt 0.000970447 0.000967836 2.611e-06
343 Pubmed_feat_L2.txt 0.0011845 0.00118204 2.464e-06
344 Pubmed_feat_L2.txt 0.000967006 0.000964427 2.579e-06
345 Pubmed_feat_L2.txt 0.00109587 0.00109337 2.502e-06
346 Pubmed_feat_L2.txt 0.00110502 0.00110254 2.479e-06
347 Pubmed_feat_L2.txt 0.0011651 0.00116255 2.55e-06
348 Pubmed_feat_L2.txt 0.0011385 0.00113596 2.544e-06
349 Pubmed_feat_L2.txt 0.00108812 0.00108567 2.45e-06
350 Pubmed_feat_L2.txt 0.00115753 0.0011551 2.432e-06
351 Pubmed_feat_L2.txt 0.00115632 0.00115378 2.545e-06
352 Pubmed_feat_L2.txt 0.00103916 0.00103665 2.513e-06
353 Pubmed_feat_L2.txt 0.00111879 0.001116 2.793e-06
354 Pubmed_feat_L2.txt 0.00113464 0.00113202 2.62e-06
355 Pubmed_feat_L2.txt 0.00108545 0.0010829 2.549e-06
356 Pubmed_feat_L2.txt 0.00124823 0.00124576 2.469e-06
357 Pubmed_feat_L2.txt 0.00114364 0.0011412 2.435e-06
358 Pubmed_feat_L2.txt 0.00103119 0.00102865 2.545e-06
359 Pubmed_feat_L2.txt 0.00117805 0.00117547 2.586e-06
360 Pubmed_feat_L2.txt 0.00108853 0.00108595 2.576e-06
361 Pubmed_feat_L2.txt 0.00106256 0.00105972 2.838e-06
362 Pubmed_feat_L2.txt 0.0011245 0.00112203 2.469e-06
363 Pubmed_feat_L2.txt 0.00111228 0.00110974 2.54e-06
364 Pubmed_feat_L2.txt 0.00117477 0.00117234 2.428e-06
365 Pubmed_feat_L2.txt 0.00117787 0.00117536 2.511e-06
366 Pubmed_feat_L2.txt 0.0011267 0.00112394 2.764e-06
367 Pubmed_feat_L2.txt 0.00111005 0.0011076 2.452e-06
368 Pubmed_feat_L2.txt 0.00107087 0.00106828 2.592e-06
369 Pubmed_feat_L2.txt 0.00105684 0.00105403 2.808e-06
370 Pubmed_feat_L2.txt 0.00110718 0.00110469 2.49e-06
371 Pubmed_feat_L2.txt 0.001225 0.00122249 2.508e-06
372 Pubmed_feat_L2.txt 0.00104368 0.00104106 2.616e-06
373 Pubmed_feat_L2.txt 0.00115605 0.00115341 2.64e-06
374 Pubmed_feat_L2.txt 0.00115753 0.00115478 2.742e-06
375 Pubmed_feat_L2.txt 0.00110229 0.00109972 2.57e-06
376 Pubmed_feat_L2.txt 0.00105383 0.00105119 2.64e-06
377 Pubmed_feat_L2.txt 0.00111564 0.00111306 2.579e-06
378 Pubmed_feat_L2.txt 0.00106241 0.00105983 2.575e-06
379 Pubmed_feat_L2.txt 0.00114583 0.00114328 2.55e-06
380 Pubmed_feat_L2.txt 0.0012025 0.00119969 2.804e-06
381 Pubmed_feat_L2.txt 0.00106962 0.00106713 2.488e-06
382 Pubmed_feat_L2.txt 0.00111427 0.00111176 2.509e-06
383 Pubmed_feat_L2.txt 0.00124506 0.00124225 2.808e-06
384 Pubmed_feat_L2.txt 0.000942662 0.000939487 3.175e-06
385 Pubmed_feat_L2.txt 0.000970779 0.000968351 2.428e-06
386 Pubmed_feat_L2.txt 0.00113658 0.00113406 2.513e-06
387 Pubmed_feat_L2.txt 0.00109657 0.00109399 2.579e-06
388 Pubmed_feat_L2.txt 0.00119989 0.00119735 2.542e-06
389 Pubmed_feat_L2.txt 0.00114235 0.00113984 2.512e-06
390 Pubmed_feat_L2.txt 0.00108064 0.00107807 2.571e-06
391 Pubmed_feat_L2.txt 0.00109859 0.00109599 2.598e-06
392 Pubmed_feat_L2.txt 0.0010972 0.00109468 2.518e-06
393 Pubmed_feat_L2.txt 0.0010353 0.00103294 2.363e-06
394 Pubmed_feat_L2.txt 0.00110308 0.00110056 2.517e-06
395 Pubmed_feat_L2.txt 0.00111121 0.00110871 2.502e-06
396 Pubmed_feat_L2.txt 0.00112798 0.00112561 2.378e-06
397 Pubmed_feat_L2.txt 0.0011339 0.00113141 2.492e-06
398 Pubmed_feat_L2.txt 0.00116676 0.00116427 2.488e-06
399 Pubmed_feat_L2.txt 0.00113572 0.00113292 2.801e-06
400 Pubmed_feat_L2.txt 0.00101223 0.00100971 2.515e-06
401 Pubmed_feat_L2.txt 0.00110218 0.00109966 2.523e-06
402 Pubmed_feat_L2.txt 0.000982179 0.000979717 2.462e-06
403 Pubmed_feat_L2.txt 0.00107139 0.00106882 2.578e-06
404 Pubmed_feat_L2.txt 0.00110395 0.00110134 2.605e-06
405 Pubmed_feat_L2.txt 0.00110174 0.00109927 2.471e-06
406 Pubmed_feat_L2.txt 0.00125879 0.00125629 2.503e-06
407 Pubmed_feat_L2.txt 0.00111507 0.00111252 2.553e-06
408 Pubmed_feat_L2.txt 0.00108788 0.00108525 2.636e-06
409 Pubmed_feat_L2.txt 0.00118611 0.00118303 3.079e-06
410 Pubmed_feat_L2.txt 0.00100108 0.000998585 2.497e-06
411 Pubmed_feat_L2.txt 0.00120973 0.0012069 2.832e-06
412 Pubmed_feat_L2.txt 0.00109131 0.0010888 2.502e-06
413 Pubmed_feat_L2.txt 0.00106732 0.00106484 2.479e-06
414 Pubmed_feat_L2.txt 0.00111172 0.00110904 2.674e-06
415 Pubmed_feat_L2.txt 0.00114941 0.00114691 2.501e-06
416 Pubmed_feat_L2.txt 0.00109271 0.00109016 2.547e-06
417 Pubmed_feat_L2.txt 0.00113564 0.00113318 2.46e-06
418 Pubmed_feat_L2.txt 0.00112712 0.00112457 2.546e-06
419 Pubmed_feat_L2.txt 0.00125027 0.0012478 2.468e-06
420 Pubmed_feat_L2.txt 0.00116328 0.00116046 2.823e-06
421 Pubmed_feat_L2.txt 0.00108427 0.00108179 2.484e-06
422 Pubmed_feat_L2.txt 0.00106428 0.00106161 2.667e-06
423 Pubmed_feat_L2.txt 0.00108681 0.00108402 2.786e-06
424 Pubmed_feat_L2.txt 0.00102902 0.00102642 2.591e-06
425 Pubmed_feat_L2.txt 0.00115734 0.00115479 2.55e-06
426 Pubmed_feat_L2.txt 0.000989093 0.000986535 2.558e-06
427 Pubmed_feat_L2.txt 0.00122179 0.00121921 2.582e-06
428 Pubmed_feat_L2.txt 0.00113628 0.00113381 2.464e-06
429 Pubmed_feat_L2.txt 0.00116972 0.00116718 2.54e-06
430 Pubmed_feat_L2.txt 0.00117482 0.00117223 2.593e-06
431 Pubmed_feat_L2.txt 0.00121061 0.00120783 2.78e-06
432 Pubmed_feat_L2.txt 0.00100237 0.000999475 2.892e-06
433 Pubmed_feat_L2.txt 0.00120214 0.00119935 2.793e-06
434 Pubmed_feat_L2.txt 0.000975537 0.00097301 2.527e-06
435 Pubmed_feat_L2.txt 0.0010754 0.00107269 2.717e-06
436 Pubmed_feat_L2.txt 0.0012134 0.00121086 2.545e-06
437 Pubmed_feat_L2.txt 0.000992208 0.000989437 2.771e-06
438 Pubmed_feat_L2.txt 0.00118199 0.00117928 2.704e-06
439 Pubmed_feat_L2.txt 0.00103316 0.00103074 2.419e-06
440 Pubmed_feat_L2.txt 0.00124388 0.00124132 2.566e-06
441 Pubmed_feat_L2.txt 0.00118017 0.00117774 2.438e-06
442 Pubmed_feat_L2.txt 0.001076 0.00107345 2.546e-06
443 Pubmed_feat_L2.txt 0.00127705 0.00127436 2.691e-06
444 Pubmed_feat_L2.txt 0.00107641 0.00107395 2.462e-06
445 Pubmed_feat_L2.txt 0.00120399 0.00120147 2.524e-06
446 Pubmed_feat_L2.txt 0.0011492 0.00114644 2.759e-06
447 Pubmed_feat_L2.txt 0.00111739 0.00111485 2.546e-06
448 Pubmed_feat_L2.txt 0.00102525 0.00102252 2.726e-06
449 Pubmed_feat_L2.txt 0.00122156 0.0012191 2.455e-06
450 Pubmed_feat_L2.txt 0.00112566 0.00112326 2.402e-06
451 Pubmed_feat_L2.txt 0.00106328 0.00106081 2.474e-06
452 Pubmed_feat_L2.txt 0.00112695 0.00112452 2.434e-06
453 Pubmed_feat_L2.txt 0.00107877 0.00107638 2.396e-06
454 Pubmed_feat_L2.txt 0.00107581 0.0010734 2.409e-06
455 Pubmed_feat_L2.txt 0.00126097 0.00125845 2.511e-06
456 Pubmed_feat_L2.txt 0.00116354 0.00116091 2.638e-06
457 Pubmed_feat_L2.txt 0.00128317 0.00128059 2.575e-06
458 Pubmed_feat_L2.txt 0.00121904 0.00121626 2.78e-06
459 Pubmed_feat_L2.txt 0.000992703 0.000990251 2.452e-06
460 Pubmed_feat_L2.txt 0.00107314 0.00107067 2.473e-06
461 Pubmed_feat_L2.txt 0.0010778 0.00107535 2.447e-06
462 Pubmed_feat_L2.txt 0.0011507 0.00114823 2.475e-06
463 Pubmed_feat_L2.txt 0.0011478 0.00114519 2.613e-06
464 Pubmed_feat_L2.txt 0.00114937 0.00114692 2.449e-06
465 Pubmed_feat_L2.txt 0.00112887 0.00112634 2.531e-06
466 Pubmed_feat_L2.txt 0.00108387 0.00108144 2.436e-06
467 Pubmed_feat_L2.txt 0.00114759 0.00114512 2.472e-06
468 Pubmed_feat_L2.txt 0.00113854 0.00113609 2.448e-06
469 Pubmed_feat_L2.txt 0.00119121 0.0011887 2.504e-06
470 Pubmed_feat_L2.txt 0.00116936 0.00116692 2.435e-06
471 Pubmed_feat_L2.txt 0.00118035 0.00117792 2.425e-06
472 Pubmed_feat_L2.txt 0.00104456 0.001042 2.563e-06
473 Pubmed_feat_L2.txt 0.00126174 0.00125887 2.866e-06
474 Pubmed_feat_L2.txt 0.00108139 0.00107884 2.555e-06
475 Pubmed_feat_L2.txt 0.00106009 0.00105763 2.467e-06
476 Pubmed_feat_L2.txt 0.00106293 0.00106043 2.494e-06
477 Pubmed_feat_L2.txt 0.00104181 0.00103936 2.457e-06
478 Pubmed_feat_L2.txt 0.00120398 0.00120142 2.558e-06
479 Pubmed_feat_L2.txt 0.00114813 0.00114568 2.444e-06
480 Pubmed_feat_L2.txt 0.00101275 0.00100983 2.925e-06
481 Pubmed_feat_L2.txt 0.00102331 0.00102076 2.543e-06
482 Pubmed_feat_L2.txt 0.00113685 0.00113417 2.689e-06
483 Pubmed_feat_L2.txt 0.00113912 0.0011366 2.524e-06
484 Pubmed_feat_L2.txt 0.00102682 0.00102432 2.503e-06
485 Pubmed_feat_L2.txt 0.00109274 0.00109031 2.437e-06
486 Pubmed_feat_L2.txt 0.00111524 0.0011128 2.434e-06
487 Pubmed_feat_L2.txt 0.00111554 0.00111282 2.72e-06
488 Pubmed_feat_L2.txt 0.00107478 0.00107222 2.561e-06
489 Pubmed_feat_L2.txt 0.00111148 0.0011088 2.687e-06
490 Pubmed_feat_L2.txt 0.00110935 0.00110684 2.51e-06
491 Pubmed_feat_L2.txt 0.00109624 0.00109374 2.497e-06
492 Pubmed_feat_L2.txt 0.00110616 0.00110367 2.495e-06
493 Pubmed_feat_L2.txt 0.00113185 0.00112907 2.789e-06
494 Pubmed_feat_L2.txt 0.00110054 0.00109813 2.415e-06
495 Pubmed_feat_L2.txt 0.00116038 0.00115795 2.43e-06
496 Pubmed_feat_L2.txt 0.00113653 0.00113402 2.511e-06
497 Pubmed_feat_L2.txt 0.00108047 0.00107794 2.53e-06
498 Pubmed_feat_L2.txt 0.00109818 0.00109569 2.491e-06
499 Pubmed_feat_L2.txt 0.00111132 0.0011089 2.421e-06
500 Pubmed_feat_L2.txt 0.00111213 0.00110972 2.409e-06
501 Pubmed_feat_L2.txt 0.00116443 0.00116163 2.797e-06
502 Pubmed_feat_L2.txt 0.00116585 0.00116338 2.468e-06
503 Pubmed_feat_L2.txt 0.00110292 0.00110007 2.853e-06
504 Pubmed_feat_L2.txt 0.000990286 0.000987762 2.524e-06
505 Pubmed_feat_L2.txt 0.00108721 0.00108472 2.485e-06
506 Pubmed_feat_L2.txt 0.00108664 0.0010842 2.444e-06
507 Pubmed_feat_L2.txt 0.00108522 0.00108279 2.431e-06
508 Pubmed_feat_L2.txt 0.00104359 0.00104108 2.503e-06
509 Pubmed_feat_L2.txt 0.00105785 0.00105544 2.413e-06
510 Pubmed_feat_L2.txt 0.0011811 0.00117868 2.413e-06
511 Pubmed_feat_L2.txt 0.00107439 0.00107165 2.745e-06
512 Pubmed_feat_L2.txt 0.00106122 0.00105875 2.473e-06
513 Pubmed_feat_L2.txt 0.00102488 0.00102245 2.432e-06
514 Pubmed_feat_L2.txt 0.00109551 0.00109305 2.465e-06
515 Pubmed_feat_L2.txt 0.00109711 0.00109471 2.398e-06
516 Pubmed_feat_L2.txt 0.00116574 0.00116325 2.487e-06
517 Pubmed_feat_L2.txt 0.00106386 0.00106131 2.546e-06
518 Pubmed_feat_L2.txt 0.00114955 0.00114664 2.91e-06
519 Pubmed_feat_L2.txt 0.00109297 0.00109048 2.497e-06
520 Pubmed_feat_L2.txt 0.00114384 0.00114134 2.505e-06
521 Pubmed_feat_L2.txt 0.00108381 0.00108099 2.821e-06
522 Pubmed_feat_L2.txt 0.00110424 0.00110175 2.491e-06
523 Pubmed_feat_L2.txt 0.00112267 0.00112011 2.558e-06
524 Pubmed_feat_L2.txt 0.0010459 0.00104337 2.53e-06
525 Pubmed_feat_L2.txt 0.00113554 0.00113312 2.416e-06
526 Pubmed_feat_L2.txt 0.00115492 0.00115244 2.486e-06
527 Pubmed_feat_L2.txt 0.00115448 0.00115196 2.519e-06
528 Pubmed_feat_L2.txt 0.00101971 0.00101682 2.893e-06
529 Pubmed_feat_L2.txt 0.000961258 0.000958278 2.98e-06
530 Pubmed_feat_L2.txt 0.00111792 0.00111545 2.468e-06
531 Pubmed_feat_L2.txt 0.00109373 0.00109118 2.541e-06
532 Pubmed_feat_L2.txt 0.00119673 0.00119435 2.377e-06
533 Pubmed_feat_L2.txt 0.00118097 0.00117841 2.56e-06
534 Pubmed_feat_L2.txt 0.00103627 0.00103379 2.477e-06
535 Pubmed_feat_L2.txt 0.00113763 0.00113483 2.802e-06
536 Pubmed_feat_L2.txt 0.00104952 0.00104705 2.469e-06
537 Pubmed_feat_L2.txt 0.00102009 0.00101768 2.41e-06
538 Pubmed_feat_L2.txt 0.00110674 0.0011042 2.544e-06
539 Pubmed_feat_L2.txt 0.00116036 0.00115801 2.351e-06
540 Pubmed_feat_L2.txt 0.00113371 0.00113129 2.425e-06
541 Pubmed_feat_L2.txt 0.00107967 0.00107722 2.45e-06
542 Pubmed_feat_L2.txt 0.00107099 0.00106859 2.397e-06
543 Pubmed_feat_L2.txt 0.00106795 0.00106557 2.385e-06
544 Pubmed_feat_L2.txt 0.00111612 0.0011133 2.815e-06
545 Pubmed_feat_L2.txt 0.00104139 0.00103891 2.477e-06
546 Pubmed_feat_L2.txt 0.00107608 0.00107358 2.494e-06
547 Pubmed_feat_L2.txt 0.00112042 0.00111799 2.429e-06
548 Pubmed_feat_L2.txt 0.00118254 0.00118001 2.532e-06
549 Pubmed_feat_L2.txt 0.00106671 0.00106419 2.511e-06
550 Pubmed_feat_L2.txt 0.00120356 0.00120104 2.527e-06
551 Pubmed_feat_L2.txt 0.00113507 0.00113263 2.438e-06
552 Pubmed_feat_L2.txt 0.0011195 0.00111698 2.515e-06
553 Pubmed_feat_L2.txt 0.00117899 0.00117644 2.556e-06
554 Pubmed_feat_L2.txt 0.00105288 0.00105044 2.443e-06
555 Pubmed_feat_L2.txt 0.00116412 0.00116156 2.555e-06
556 Pubmed_feat_L2.txt 0.00115442 0.00115186 2.552e-06
557 Pubmed_feat_L2.txt 0.0011908 0.00118835 2.451e-06
558 Pubmed_feat_L2.txt 0.00119017 0.00118768 2.493e-06
559 Pubmed_feat_L2.txt 0.00105342 0.001051 2.423e-06
560 Pubmed_feat_L2.txt 0.00110387 0.0011014 2.473e-06
561 Pubmed_feat_L2.txt 0.00110206 0.0010996 2.46e-06
562 Pubmed_feat_L2.txt 0.00118931 0.00118682 2.489e-06
563 Pubmed_feat_L2.txt 0.00117084 0.00116838 2.451e-06
564 Pubmed_feat_L2.txt 0.00125781 0.0012554 2.407e-06
565 Pubmed_feat_L2.txt 0.00125792 0.00125522 2.702e-06
566 Pubmed_feat_L2.txt 0.00116133 0.00115894 2.393e-06
567 Pubmed_feat_L2.txt 0.00104974 0.00104728 2.458e-06
568 Pubmed_feat_L2.txt 0.00108628 0.00108387 2.411e-06
569 Pubmed_feat_L2.txt 0.0011416 0.00113875 2.847e-06
570 Pubmed_feat_L2.txt 0.00119777 0.00119527 2.506e-06
571 Pubmed_feat_L2.txt 0.00125459 0.00125207 2.519e-06
572 Pubmed_feat_L2.txt 0.00106741 0.00106478 2.63e-06
573 Pubmed_feat_L2.txt 0.00117599 0.00117351 2.487e-06
574 Pubmed_feat_L2.txt 0.00111835 0.00111588 2.467e-06
575 Pubmed_feat_L2.txt 0.0010632 0.00106065 2.552e-06
576 Pubmed_feat_L2.txt 0.000974043 0.000971045 2.998e-06
577 Pubmed_feat_L2.txt 0.000990047 0.000987161 2.886e-06
578 Pubmed_feat_L2.txt 0.00107724 0.00107468 2.556e-06
579 Pubmed_feat_L2.txt 0.00112421 0.00112184 2.374e-06
580 Pubmed_feat_L2.txt 0.000996388 0.000993931 2.457e-06
581 Pubmed_feat_L2.txt 0.00114782 0.00114536 2.464e-06
582 Pubmed_feat_L2.txt 0.000980035 0.000977534 2.501e-06
583 Pubmed_feat_L2.txt 0.00107687 0.00107428 2.589e-06
584 Pubmed_feat_L2.txt 0.00106837 0.00106592 2.451e-06
585 Pubmed_feat_L2.txt 0.00101606 0.00101353 2.527e-06
586 Pubmed_feat_L2.txt 0.0011186 0.00111614 2.459e-06
587 Pubmed_feat_L2.txt 0.00118528 0.00118283 2.449e-06
588 Pubmed_feat_L2.txt 0.00105277 0.00105036 2.404e-06
589 Pubmed_feat_L2.txt 0.00108274 0.00107993 2.811e-06
590 Pubmed_feat_L2.txt 0.00107997 0.00107752 2.45e-06
591 Pubmed_feat_L2.txt 0.00112285 0.0011203 2.548e-06
592 Pubmed_feat_L2.txt 0.00106424 0.00106176 2.482e-06
593 Pubmed_feat_L2.txt 0.00109779 0.00109532 2.475e-06
594 Pubmed_feat_L2.txt 0.0010874 0.00108478 2.616e-06
595 Pubmed_feat_L2.txt 0.00109668 0.00109421 2.471e-06
596 Pubmed_feat_L2.txt 0.0011082 0.00110582 2.378e-06
597 Pubmed_feat_L2.txt 0.00109356 0.0010911 2.462e-06
598 Pubmed_feat_L2.txt 0.00110525 0.00110274 2.512e-06
599 Pubmed_feat_L2.txt 0.0011957 0.00119324 2.462e-06
600 Pubmed_feat_L2.txt 0.00109363 0.00109111 2.516e-06
601 Pubmed_feat_L2.txt 0.00109581 0.00109334 2.469e-06
602 Pubmed_feat_L2.txt 0.00116725 0.00116473 2.519e-06
603 Pubmed_feat_L2.txt 0.00114179 0.00113933 2.458e-06
604 Pubmed_feat_L2.txt 0.001044 0.0010416 2.396e-06
605 Pubmed_feat_L2.txt 0.00114462 0.00114218 2.437e-06
606 Pubmed_feat_L2.txt 0.00110272 0.00110033 2.388e-06
607 Pubmed_feat_L2.txt 0.00117084 0.00116821 2.625e-06
608 Pubmed_feat_L2.txt 0.00111846 0.00111592 2.543e-06
609 Pubmed_feat_L2.txt 0.00114649 0.00114395 2.549e-06
610 Pubmed_feat_L2.txt 0.00108237 0.00107956 2.804e-06
611 Pubmed_feat_L2.txt 0.00122678 0.00122424 2.549e-06
612 Pubmed_feat_L2.txt 0.00115232 0.00114976 2.569e-06
613 Pubmed_feat_L2.txt 0.00108138 0.00107854 2.841e-06
614 Pubmed_feat_L2.txt 0.00102199 0.00101941 2.583e-06
615 Pubmed_feat_L2.txt 0.00117778 0.00117518 2.6e-06
616 Pubmed_feat_L2.txt 0.00110959 0.00110721 2.381e-06
617 Pubmed_feat_L2.txt 0.00109663 0.00109412 2.504e-06
618 Pubmed_feat_L2.txt 0.00110143 0.0010988 2.63e-06
619 Pubmed_feat_L2.txt 0.00112818 0.00112563 2.558e-06
620 Pubmed_feat_L2.txt 0.00107028 0.00106778 2.5e-06
621 Pubmed_feat_L2.txt 0.00110766 0.00110514 2.525e-06
622 Pubmed_feat_L2.txt 0.00111073 0.00110819 2.531e-06
623 Pubmed_feat_L2.txt 0.00114888 0.0011464 2.481e-06
624 Pubmed_feat_L2.txt 0.000994392 0.00099179 2.602e-06
625 Pubmed_feat_L2.txt 0.00102563 0.00102286 2.772e-06
626 Pubmed_feat_L2.txt 0.000977111 0.000974647 2.464e-06
627 Pubmed_feat_L2.txt 0.00104328 0.00104081 2.466e-06
628 Pubmed_feat_L2.txt 0.00110472 0.00110229 2.432e-06
629 Pubmed_feat_L2.txt 0.00121312 0.00121042 2.699e-06
630 Pubmed_feat_L2.txt 0.00105493 0.00105247 2.461e-06
631 Pubmed_feat_L2.txt 0.00117269 0.00117025 2.438e-06
632 Pubmed_feat_L2.txt 0.00111696 0.00111447 2.489e-06
633 Pubmed_feat_L2.txt 0.00114624 0.00114377 2.465e-06
634 Pubmed_feat_L2.txt 0.00111453 0.00111206 2.469e-06
635 Pubmed_feat_L2.txt 0.00121331 0.00121088 2.437e-06
636 Pubmed_feat_L2.txt 0.00116439 0.00116185 2.535e-06
637 Pubmed_feat_L2.txt 0.00109091 0.00108799 2.929e-06
638 Pubmed_feat_L2.txt 0.00115406 0.00115162 2.442e-06
639 Pubmed_feat_L2.txt 0.00119637 0.00119392 2.448e-06
640 Pubmed_feat_L2.txt 0.00098905 0.000986592 2.458e-06
641 Pubmed_feat_L2.txt 0.00104182 0.00103939 2.436e-06
642 Pubmed_feat_L2.txt 0.00119577 0.00119334 2.426e-06
643 Pubmed_feat_L2.txt 0.00114244 0.00114006 2.376e-06
644 Pubmed_feat_L2.txt 0.00111303 0.00111061 2.417e-06
645 Pubmed_feat_L2.txt 0.00105826 0.00105576 2.499e-06
646 Pubmed_feat_L2.txt 0.00112231 0.00111979 2.519e-06
647 Pubmed_feat_L2.txt 0.00103584 0.00103329 2.547e-06
648 Pubmed_feat_L2.txt 0.00112843 0.00112586 2.576e-06
649 Pubmed_feat_L2.txt 0.00114324 0.00114078 2.454e-06
650 Pubmed_feat_L2.txt 0.00114626 0.00114367 2.592e-06
651 Pubmed_feat_L2.txt 0.00121337 0.00121099 2.38e-06
652 Pubmed_feat_L2.txt 0.00112737 0.0011249 2.473e-06
653 Pubmed_feat_L2.txt 0.00101343 0.00101093 2.495e-06
654 Pubmed_feat_L2.txt 0.00121922 0.00121678 2.444e-06
655 Pubmed_feat_L2.txt 0.00110602 0.00110355 2.476e-06
656 Pubmed_feat_L2.txt 0.00103209 0.00102959 2.497e-06
657 Pubmed_feat_L2.txt 0.00113287 0.00113014 2.731e-06
658 Pubmed_feat_L2.txt 0.00101756 0.00101526 2.3e-06
659 Pubmed_feat_L2.txt 0.00103745 0.00103469 2.766e-06
660 Pubmed_feat_L2.txt 0.00109238 0.00109003 2.35e-06
661 Pubmed_feat_L2.txt 0.00114049 0.00113805 2.449e-06
662 Pubmed_feat_L2.txt 0.00114628 0.00114383 2.444e-06
663 Pubmed_feat_L2.txt 0.00113897 0.00113662 2.348e-06
664 Pubmed_feat_L2.txt 0.00112881 0.00112643 2.379e-06
665 Pubmed_feat_L2.txt 0.00113411 0.00113172 2.386e-06
666 Pubmed_feat_L2.txt 0.00107673 0.00107423 2.494e-06
667 Pubmed_feat_L2.txt 0.00112611 0.00112379 2.319e-06
668 Pubmed_feat_L2.txt 0.00111632 0.00111378 2.535e-06
669 Pubmed_feat_L2.txt 0.00114183 0.00113902 2.812e-06
670 Pubmed_feat_L2.txt 0.00122929 0.00122689 2.4e-06
671 Pubmed_feat_L2.txt 0.00106173 0.00105936 2.372e-06
672 Pubmed_feat_L2.txt 0.000995019 0.000992305 2.714e-06
673 Pubmed_feat_L2.txt 0.00101652 0.00101394 2.576e-06
674 Pubmed_feat_L2.txt 0.00100571 0.00100299 2.715e-06
675 Pubmed_feat_L2.txt 0.00114059 0.0011381 2.483e-06
676 Pubmed_feat_L2.txt 0.00108535 0.00108286 2.484e-06
677 Pubmed_feat_L2.txt 0.00106046 0.00105804 2.423e-06
678 Pubmed_feat_L2.txt 0.00104665 0.00104428 2.375e-06
679 Pubmed_feat_L2.txt 0.00121236 0.00120987 2.486e-06
680 Pubmed_feat_L2.txt 0.00108383 0.00108128 2.546e-06
681 Pubmed_feat_L2.txt 0.00112237 0.00111982 2.544e-06
682 Pubmed_feat_L2.txt 0.00122063 0.00121819 2.44e-06
683 Pubmed_feat_L2.txt 0.00119084 0.00118807 2.767e-06
684 Pubmed_feat_L2.txt 0.00122123 0.00121876 2.472e-06
685 Pubmed_feat_L2.txt 0.00121858 0.0012161 2.48e-06
686 Pubmed_feat_L2.txt 0.00120661 0.00120408 2.527e-06
687 Pubmed_feat_L2.txt 0.00126776 0.00126527 2.494e-06
688 Pubmed_feat_L2.txt 0.00100135 0.000998826 2.529e-06
689 Pubmed_feat_L2.txt 0.00114092 0.00113854 2.382e-06
690 Pubmed_feat_L2.txt 0.00120791 0.00120539 2.518e-06
691 Pubmed_feat_L2.txt 0.00121756 0.00121504 2.514e-06
692 Pubmed_feat_L2.txt 0.00122167 0.00121919 2.487e-06
693 Pubmed_feat_L2.txt 0.00122894 0.00122621 2.724e-06
694 Pubmed_feat_L2.txt 0.00107863 0.00107636 2.268e-06
695 Pubmed_feat_L2.txt 0.00113811 0.00113566 2.448e-06
696 Pubmed_feat_L2.txt 0.00109434 0.00109174 2.6e-06
697 Pubmed_feat_L2.txt 0.00119742 0.00119484 2.579e-06
698 Pubmed_feat_L2.txt 0.00114576 0.00114346 2.292e-06
699 Pubmed_feat_L2.txt 0.001266 0.00126353 2.474e-06
700 Pubmed_feat_L2.txt 0.00127154 0.00126873 2.809e-06
701 Pubmed_feat_L2.txt 0.00128237 0.00128008 2.293e-06
702 Pubmed_feat_L2.txt 0.00119923 0.00119681 2.423e-06
703 Pubmed_feat_L2.txt 0.00119748 0.00119468 2.798e-06
704 Pubmed_feat_L2.txt 0.00111706 0.00111422 2.839e-06
705 Pubmed_feat_L2.txt 0.00111874 0.0011162 2.542e-06
706 Pubmed_feat_L2.txt 0.00115114 0.00114867 2.465e-06
707 Pubmed_feat_L2.txt 0.00103201 0.00102947 2.541e-06
708 Pubmed_feat_L2.txt 0.0011451 0.00114263 2.464e-06
709 Pubmed_feat_L2.txt 0.001182 0.00117952 2.471e-06
710 Pubmed_feat_L2.txt 0.00113884 0.0011364 2.44e-06
711 Pubmed_feat_L2.txt 0.0011995 0.00119695 2.547e-06
712 Pubmed_feat_L2.txt 0.00115356 0.00115094 2.623e-06
713 Pubmed_feat_L2.txt 0.00122105 0.00121859 2.463e-06
714 Pubmed_feat_L2.txt 0.00125777 0.00125527 2.494e-06
715 Pubmed_feat_L2.txt 0.00113713 0.00113469 2.445e-06
716 Pubmed_feat_L2.txt 0.0011801 0.00117734 2.76e-06
717 Pubmed_feat_L2.txt 0.00111799 0.00111553 2.459e-06
718 Pubmed_feat_L2.txt 0.00115072 0.00114819 2.533e-06
719 Pubmed_feat_L2.txt 0.00126397 0.00126156 2.417e-06
720 Pubmed_feat_L2.txt 0.00105999 0.00105705 2.934e-06
721 Pubmed_feat_L2.txt 0.00109972 0.00109724 2.485e-06
722 Pubmed_feat_L2.txt 0.000981545 0.000979059 2.486e-06
723 Pubmed_feat_L2.txt 0.00113844 0.00113592 2.52e-06
724 Pubmed_feat_L2.txt 0.00110985 0.00110733 2.523e-06
725 Pubmed_feat_L2.txt 0.00103868 0.00103597 2.713e-06
726 Pubmed_feat_L2.txt 0.00112619 0.00112368 2.504e-06
727 Pubmed_feat_L2.txt 0.00110103 0.00109854 2.481e-06
728 Pubmed_feat_L2.txt 0.00100064 0.000998196 2.44e-06
729 Pubmed_feat_L2.txt 0.00106172 0.0010592 2.52e-06
730 Pubmed_feat_L2.txt 0.00105448 0.00105196 2.518e-06
731 Pubmed_feat_L2.txt 0.0011299 0.00112744 2.46e-06
732 Pubmed_feat_L2.txt 0.00111152 0.00110863 2.89e-06
733 Pubmed_feat_L2.txt 0.00109799 0.00109554 2.455e-06
734 Pubmed_feat_L2.txt 0.00120624 0.00120378 2.468e-06
735 Pubmed_feat_L2.txt 0.00109663 0.00109381 2.827e-06
736 Pubmed_feat_L2.txt 0.000974046 0.000971618 2.428e-06
737 Pubmed_feat_L2.txt 0.00104234 0.00103988 2.456e-06
738 Pubmed_feat_L2.txt 0.00107938 0.00107704 2.34e-06
739 Pubmed_feat_L2.txt 0.00108941 0.00108692 2.486e-06
740 Pubmed_feat_L2.txt 0.00106494 0.00106249 2.451e-06
741 Pubmed_feat_L2.txt 0.00106888 0.00106608 2.806e-06
742 Pubmed_feat_L2.txt 0.0011098 0.00110731 2.483e-06
743 Pubmed_feat_L2.txt 0.00110192 0.00109944 2.485e-06
744 Pubmed_feat_L2.txt 0.0010346 0.0010321 2.49e-06
745 Pubmed_feat_L2.txt 0.00109639 0.00109393 2.467e-06
746 Pubmed_feat_L2.txt 0.00113014 0.00112773 2.405e-06
747 Pubmed_feat_L2.txt 0.0010947 0.0010922 2.5e-06
748 Pubmed_feat_L2.txt 0.00110548 0.00110326 2.227e-06
749 Pubmed_feat_L2.txt 0.00114081 0.00113842 2.393e-06
750 Pubmed_feat_L2.txt 0.00118453 0.00118204 2.493e-06
751 Pubmed_feat_L2.txt 0.0011324 0.00112991 2.484e-06
752 Pubmed_feat_L2.txt 0.00109826 0.00109589 2.362e-06
753 Pubmed_feat_L2.txt 0.00108864 0.00108634 2.3e-06
754 Pubmed_feat_L2.txt 0.00109446 0.00109196 2.499e-06
755 Pubmed_feat_L2.txt 0.00106805 0.00106556 2.492e-06
756 Pubmed_feat_L2.txt 0.0012262 0.00122371 2.491e-06
757 Pubmed_feat_L2.txt 0.0010751 0.00107261 2.492e-06
758 Pubmed_feat_L2.txt 0.00110963 0.00110662 3.009e-06
759 Pubmed_feat_L2.txt 0.00114102 0.00113849 2.536e-06
760 Pubmed_feat_L2.txt 0.00107197 0.0010694 2.568e-06
761 Pubmed_feat_L2.txt 0.00100487 0.00100244 2.429e-06
762 Pubmed_feat_L2.txt 0.0011624 0.00115995 2.453e-06
763 Pubmed_feat_L2.txt 0.00112535 0.00112258 2.771e-06
764 Pubmed_feat_L2.txt 0.00118444 0.00118192 2.516e-06
765 Pubmed_feat_L2.txt 0.00111445 0.0011119 2.55e-06
766 Pubmed_feat_L2.txt 0.00112662 0.0011238 2.817e-06
767 Pubmed_feat_L2.txt 0.00110012 0.00105834 4.1785e-05
0 Pubmed_A.txt 0.00087934 0.000878166 1.174e-06
1 Pubmed_A.txt 0.000875431 0.000874553 8.78e-07
2 Pubmed_A.txt 0.000884286 0.000883059 1.227e-06
3 Pubmed_A.txt 0.000880013 0.00087875 1.263e-06
4 Pubmed_A.txt 0.000892643 0.000891264 1.379e-06
5 Pubmed_A.txt 0.000887554 0.000886667 8.87e-07
6 Pubmed_A.txt 0.000891535 0.000890433 1.102e-06
7 Pubmed_A.txt 0.000886625 0.000885286 1.339e-06
8 Pubmed_A.txt 0.000884521 0.000883622 8.99e-07
9 Pubmed_A.txt 0.000880479 0.000879405 1.074e-06
10 Pubmed_A.txt 0.000896093 0.00089503 1.063e-06
11 Pubmed_A.txt 0.000890436 0.00088926 1.176e-06
12 Pubmed_A.txt 0.000886519 0.000885326 1.193e-06
13 Pubmed_A.txt 0.000883178 0.00088207 1.108e-06
14 Pubmed_A.txt 0.000892339 0.000891175 1.164e-06
15 Pubmed_A.txt 0.00088516 0.000884108 1.052e-06
16 Pubmed_A.txt 0.000956012 0.000955211 8.01e-07
17 Pubmed_A.txt 0.000951324 0.000950474 8.5e-07
18 Pubmed_A.txt 0.00097096 0.000970066 8.94e-07
19 Pubmed_A.txt 0.000964711 0.000963449 1.262e-06
20 Pubmed_A.txt 0.000958802 0.00095771 1.092e-06
21 Pubmed_A.txt 0.000954346 0.000953479 8.67e-07
22 Pubmed_A.txt 0.000969117 0.000968007 1.11e-06
23 Pubmed_A.txt 0.000961282 0.000960262 1.02e-06
24 Pubmed_A.txt 0.000906749 0.000905808 9.41e-07
25 Pubmed_A.txt 0.000902408 0.000901451 9.57e-07
26 Pubmed_A.txt 0.000907119 0.000906319 8e-07
27 Pubmed_A.txt 0.000901228 0.000900133 1.095e-06
28 Pubmed_A.txt 0.00090989 0.000908634 1.256e-06
29 Pubmed_A.txt 0.000905965 0.000904745 1.22e-06
30 Pubmed_A.txt 0.000913997 0.000912578 1.419e-06
31 Pubmed_A.txt 0.000906219 0.000905048 1.171e-06
32 Pubmed_A.txt 0.00078377 0.000782841 9.29e-07
33 Pubmed_A.txt 0.000780728 0.000779543 1.185e-06
34 Pubmed_A.txt 0.000795092 0.000793411 1.681e-06
35 Pubmed_A.txt 0.0007914 0.00078974 1.66e-06
36 Pubmed_A.txt 0.000797646 0.000796058 1.588e-06
37 Pubmed_A.txt 0.00079226 0.000791031 1.229e-06
38 Pubmed_A.txt 0.000791449 0.000789783 1.666e-06
39 Pubmed_A.txt 0.000787387 0.000785956 1.431e-06
40 Pubmed_A.txt 0.000794631 0.000793616 1.015e-06
41 Pubmed_A.txt 0.000791278 0.000789696 1.582e-06
42 Pubmed_A.txt 0.00080031 0.000799172 1.138e-06
43 Pubmed_A.txt 0.000794929 0.000793534 1.395e-06
44 Pubmed_A.txt 0.00079336 0.000792226 1.134e-06
45 Pubmed_A.txt 0.000789603 0.000788644 9.59e-07
46 Pubmed_A.txt 0.000795421 0.000794409 1.012e-06
47 Pubmed_A.txt 0.000789551 0.000788345 1.206e-06
48 Pubmed_A.txt 0.000869298 0.000868342 9.56e-07
49 Pubmed_A.txt 0.000865101 0.000863689 1.412e-06
50 Pubmed_A.txt 0.000873394 0.000871837 1.557e-06
51 Pubmed_A.txt 0.000867379 0.00086587 1.509e-06
52 Pubmed_A.txt 0.000875207 0.000874121 1.086e-06
53 Pubmed_A.txt 0.000871015 0.000869487 1.528e-06
54 Pubmed_A.txt 0.000879405 0.00087801 1.395e-06
55 Pubmed_A.txt 0.000873203 0.000872084 1.119e-06
56 Pubmed_A.txt 0.000868228 0.000867153 1.075e-06
57 Pubmed_A.txt 0.000865172 0.000863902 1.27e-06
58 Pubmed_A.txt 0.000884268 0.00088281 1.458e-06
59 Pubmed_A.txt 0.000877203 0.000875973 1.23e-06
60 Pubmed_A.txt 0.000874289 0.000873033 1.256e-06
61 Pubmed_A.txt 0.000870707 0.000869531 1.176e-06
62 Pubmed_A.txt 0.000878711 0.000877715 9.96e-07
63 Pubmed_A.txt 0.000872142 0.000870962 1.18e-06
64 Pubmed_A.txt 0.000950316 0.000948766 1.55e-06
65 Pubmed_A.txt 0.000942645 0.000941419 1.226e-06
66 Pubmed_A.txt 0.000950982 0.00094915 1.832e-06
67 Pubmed_A.txt 0.000943062 0.000941864 1.198e-06
68 Pubmed_A.txt 0.000936185 0.000934396 1.789e-06
69 Pubmed_A.txt 0.000931276 0.000929853 1.423e-06
70 Pubmed_A.txt 0.00094511 0.000943794 1.316e-06
71 Pubmed_A.txt 0.000940018 0.000938697 1.321e-06
72 Pubmed_A.txt 0.000895159 0.000893858 1.301e-06
73 Pubmed_A.txt 0.000891132 0.000889486 1.646e-06
74 Pubmed_A.txt 0.000896089 0.00089507 1.019e-06
75 Pubmed_A.txt 0.000891362 0.000889776 1.586e-06
76 Pubmed_A.txt 0.000897391 0.000896302 1.089e-06
77 Pubmed_A.txt 0.000893503 0.000892024 1.479e-06
78 Pubmed_A.txt 0.000896877 0.0008958 1.077e-06
79 Pubmed_A.txt 0.000891066 0.000890069 9.97e-07
80 Pubmed_A.txt 0.000782707 0.000781587 1.12e-06
81 Pubmed_A.txt 0.000778597 0.000777382 1.215e-06
82 Pubmed_A.txt 0.000786893 0.000785794 1.099e-06
83 Pubmed_A.txt 0.000782299 0.000781082 1.217e-06
84 Pubmed_A.txt 0.000780973 0.000780029 9.44e-07
85 Pubmed_A.txt 0.000776434 0.000775367 1.067e-06
86 Pubmed_A.txt 0.000793037 0.000791708 1.329e-06
87 Pubmed_A.txt 0.000786693 0.000785299 1.394e-06
88 Pubmed_A.txt 0.00078309 0.000781962 1.128e-06
89 Pubmed_A.txt 0.00078002 0.00077858 1.44e-06
90 Pubmed_A.txt 0.000786794 0.000785711 1.083e-06
91 Pubmed_A.txt 0.000781899 0.000780408 1.491e-06
92 Pubmed_A.txt 0.00078107 0.000779717 1.353e-06
93 Pubmed_A.txt 0.00077694 0.000775982 9.58e-07
94 Pubmed_A.txt 0.000786389 0.000785412 9.77e-07
95 Pubmed_A.txt 0.000781044 0.000779889 1.155e-06
96 Pubmed_A.txt 0.000898167 0.000897056 1.111e-06
97 Pubmed_A.txt 0.000893674 0.000892637 1.037e-06
98 Pubmed_A.txt 0.00090666 0.000905633 1.027e-06
99 Pubmed_A.txt 0.000899518 0.000898333 1.185e-06
100 Pubmed_A.txt 0.000906066 0.000904985 1.081e-06
101 Pubmed_A.txt 0.000903078 0.000902078 1e-06
102 Pubmed_A.txt 0.00090706 0.000906076 9.84e-07
103 Pubmed_A.txt 0.00089972 0.000898291 1.429e-06
104 Pubmed_A.txt 0.000904721 0.000903264 1.457e-06
105 Pubmed_A.txt 0.000900516 0.000898843 1.673e-06
106 Pubmed_A.txt 0.000907358 0.000906085 1.273e-06
107 Pubmed_A.txt 0.000900173 0.000898778 1.395e-06
108 Pubmed_A.txt 0.000902788 0.000901261 1.527e-06
109 Pubmed_A.txt 0.000897353 0.000896303 1.05e-06
110 Pubmed_A.txt 0.000904846 0.000903889 9.57e-07
111 Pubmed_A.txt 0.000899893 0.000898833 1.06e-06
112 Pubmed_A.txt 0.000975966 0.000975192 7.74e-07
113 Pubmed_A.txt 0.000971858 0.00097084 1.018e-06
114 Pubmed_A.txt 0.00098217 0.000981018 1.152e-06
115 Pubmed_A.txt 0.000974765 0.000973482 1.283e-06
116 Pubmed_A.txt 0.000968935 0.000968058 8.77e-07
117 Pubmed_A.txt 0.000963547 0.000962421 1.126e-06
118 Pubmed_A.txt 0.000971788 0.000970773 1.015e-06
119 Pubmed_A.txt 0.000963471 0.0009625 9.71e-07
120 Pubmed_A.txt 0.000911876 0.000910722 1.154e-06
121 Pubmed_A.txt 0.000907432 0.000906285 1.147e-06
122 Pubmed_A.txt 0.000913703 0.000912909 7.94e-07
123 Pubmed_A.txt 0.000910094 0.00090902 1.074e-06
124 Pubmed_A.txt 0.000912455 0.000911222 1.233e-06
125 Pubmed_A.txt 0.000908472 0.000907465 1.007e-06
126 Pubmed_A.txt 0.000914315 0.000912925 1.39e-06
127 Pubmed_A.txt 0.000907457 0.000906292 1.165e-06
128 Pubmed_A.txt 0.00077633 0.000775145 1.185e-06
129 Pubmed_A.txt 0.000773285 0.000771852 1.433e-06
130 Pubmed_A.txt 0.00079602 0.00079511 9.1e-07
131 Pubmed_A.txt 0.000790746 0.000789668 1.078e-06
132 Pubmed_A.txt 0.000797697 0.000796687 1.01e-06
133 Pubmed_A.txt 0.000793972 0.000792967 1.005e-06
134 Pubmed_A.txt 0.000792007 0.000791072 9.35e-07
135 Pubmed_A.txt 0.000786703 0.000785682 1.021e-06
136 Pubmed_A.txt 0.000785085 0.000784236 8.49e-07
137 Pubmed_A.txt 0.000782078 0.000780742 1.336e-06
138 Pubmed_A.txt 0.000790399 0.000789314 1.085e-06
139 Pubmed_A.txt 0.000783462 0.00078248 9.82e-07
140 Pubmed_A.txt 0.000790153 0.000789026 1.127e-06
141 Pubmed_A.txt 0.000785941 0.000784734 1.207e-06
142 Pubmed_A.txt 0.000797662 0.000796263 1.399e-06
143 Pubmed_A.txt 0.000791162 0.000789905 1.257e-06
144 Pubmed_A.txt 0.0008632 0.000862209 9.91e-07
145 Pubmed_A.txt 0.000860303 0.000859196 1.107e-06
146 Pubmed_A.txt 0.000866486 0.000865499 9.87e-07
147 Pubmed_A.txt 0.000861419 0.000860176 1.243e-06
148 Pubmed_A.txt 0.000875573 0.000874318 1.255e-06
149 Pubmed_A.txt 0.000871872 0.000870749 1.123e-06
150 Pubmed_A.txt 0.000877809 0.00087637 1.439e-06
151 Pubmed_A.txt 0.000871473 0.000870123 1.35e-06
152 Pubmed_A.txt 0.000866398 0.000865488 9.1e-07
153 Pubmed_A.txt 0.00086199 0.00086072 1.27e-06
154 Pubmed_A.txt 0.000876698 0.000875114 1.584e-06
155 Pubmed_A.txt 0.000870483 0.000869499 9.84e-07
156 Pubmed_A.txt 0.000868748 0.000867892 8.56e-07
157 Pubmed_A.txt 0.000865737 0.000864463 1.274e-06
158 Pubmed_A.txt 0.000870598 0.00086947 1.128e-06
159 Pubmed_A.txt 0.000863555 0.000862353 1.202e-06
160 Pubmed_A.txt 0.000939207 0.000937511 1.696e-06
161 Pubmed_A.txt 0.000935137 0.000933173 1.964e-06
162 Pubmed_A.txt 0.00094922 0.000946901 2.319e-06
163 Pubmed_A.txt 0.000941155 0.000939482 1.673e-06
164 Pubmed_A.txt 0.0009388 0.000937579 1.221e-06
165 Pubmed_A.txt 0.000934319 0.000933009 1.31e-06
166 Pubmed_A.txt 0.000939504 0.000938192 1.312e-06
167 Pubmed_A.txt 0.000933851 0.00093247 1.381e-06
168 Pubmed_A.txt 0.000898931 0.00089744 1.491e-06
169 Pubmed_A.txt 0.000894324 0.00089284 1.484e-06
170 Pubmed_A.txt 0.000897304 0.000895428 1.876e-06
171 Pubmed_A.txt 0.000891538 0.000889825 1.713e-06
172 Pubmed_A.txt 0.000894963 0.000893925 1.038e-06
173 Pubmed_A.txt 0.000891955 0.000890625 1.33e-06
174 Pubmed_A.txt 0.000897673 0.000896225 1.448e-06
175 Pubmed_A.txt 0.000892486 0.000891244 1.242e-06
176 Pubmed_A.txt 0.000773087 0.00077201 1.077e-06
177 Pubmed_A.txt 0.000769475 0.000768009 1.466e-06
178 Pubmed_A.txt 0.000779017 0.000777434 1.583e-06
179 Pubmed_A.txt 0.00077256 0.000771292 1.268e-06
180 Pubmed_A.txt 0.000781036 0.000779747 1.289e-06
181 Pubmed_A.txt 0.000777295 0.000775867 1.428e-06
182 Pubmed_A.txt 0.000783757 0.000782536 1.221e-06
183 Pubmed_A.txt 0.000779224 0.000777848 1.376e-06
184 Pubmed_A.txt 0.000774761 0.000773567 1.194e-06
185 Pubmed_A.txt 0.000771177 0.000770096 1.081e-06
186 Pubmed_A.txt 0.000781311 0.000780259 1.052e-06
187 Pubmed_A.txt 0.000774831 0.000773797 1.034e-06
188 Pubmed_A.txt 0.000773482 0.000772521 9.61e-07
189 Pubmed_A.txt 0.000770685 0.000769161 1.524e-06
190 Pubmed_A.txt 0.000779248 0.000778184 1.064e-06
191 Pubmed_A.txt 0.000775034 0.000773226 1.808e-06
192 Pubmed_A.txt 0.000897646 0.000896426 1.22e-06
193 Pubmed_A.txt 0.000894488 0.000893427 1.061e-06
194 Pubmed_A.txt 0.000902285 0.00090088 1.405e-06
195 Pubmed_A.txt 0.000896024 0.000894883 1.141e-06
196 Pubmed_A.txt 0.000900088 0.000898245 1.843e-06
197 Pubmed_A.txt 0.000895729 0.000894409 1.32e-06
198 Pubmed_A.txt 0.000901153 0.000899611 1.542e-06
199 Pubmed_A.txt 0.00089544 0.000894077 1.363e-06
200 Pubmed_A.txt 0.000896357 0.000894869 1.488e-06
201 Pubmed_A.txt 0.000893338 0.000891963 1.375e-06
202 Pubmed_A.txt 0.000904288 0.000902963 1.325e-06
203 Pubmed_A.txt 0.000898376 0.000897155 1.221e-06
204 Pubmed_A.txt 0.000900072 0.000898908 1.164e-06
205 Pubmed_A.txt 0.000896692 0.000895634 1.058e-06
206 Pubmed_A.txt 0.000901296 0.000899262 2.034e-06
207 Pubmed_A.txt 0.000894796 0.000893228 1.568e-06
208 Pubmed_A.txt 0.000962634 0.000961643 9.91e-07
209 Pubmed_A.txt 0.000958245 0.000957215 1.03e-06
210 Pubmed_A.txt 0.000962902 0.000961685 1.217e-06
211 Pubmed_A.txt 0.000956824 0.000955639 1.185e-06
212 Pubmed_A.txt 0.000959637 0.000958498 1.139e-06
213 Pubmed_A.txt 0.00095531 0.000953923 1.387e-06
214 Pubmed_A.txt 0.000966843 0.000965372 1.471e-06
215 Pubmed_A.txt 0.000959271 0.000957899 1.372e-06
216 Pubmed_A.txt 0.000912972 0.000911904 1.068e-06
217 Pubmed_A.txt 0.000908668 0.000907193 1.475e-06
218 Pubmed_A.txt 0.000908972 0.000907998 9.74e-07
219 Pubmed_A.txt 0.000902944 0.000901931 1.013e-06
220 Pubmed_A.txt 0.000912897 0.000911874 1.023e-06
221 Pubmed_A.txt 0.000908768 0.000907493 1.275e-06
222 Pubmed_A.txt 0.000916162 0.000914892 1.27e-06
223 Pubmed_A.txt 0.000909641 0.000908214 1.427e-06
224 Pubmed_A.txt 0.000783441 0.000782168 1.273e-06
225 Pubmed_A.txt 0.000779616 0.000778472 1.144e-06
226 Pubmed_A.txt 0.00079659 0.000794876 1.714e-06
227 Pubmed_A.txt 0.000791726 0.000790272 1.454e-06
228 Pubmed_A.txt 0.000799273 0.000797977 1.296e-06
229 Pubmed_A.txt 0.000794509 0.000792942 1.567e-06
230 Pubmed_A.txt 0.000791981 0.000790499 1.482e-06
231 Pubmed_A.txt 0.000786116 0.000784731 1.385e-06
232 Pubmed_A.txt 0.000787526 0.000786342 1.184e-06
233 Pubmed_A.txt 0.000783902 0.000782663 1.239e-06
234 Pubmed_A.txt 0.000797226 0.000796027 1.199e-06
235 Pubmed_A.txt 0.000791515 0.000790408 1.107e-06
236 Pubmed_A.txt 0.000791957 0.000790997 9.6e-07
237 Pubmed_A.txt 0.000788135 0.000787035 1.1e-06
238 Pubmed_A.txt 0.000799539 0.000797739 1.8e-06
239 Pubmed_A.txt 0.000792848 0.000791477 1.371e-06
240 Pubmed_A.txt 0.000847293 0.000846306 9.87e-07
241 Pubmed_A.txt 0.000842472 0.000841395 1.077e-06
242 Pubmed_A.txt 0.000860809 0.000859413 1.396e-06
243 Pubmed_A.txt 0.000854063 0.000852785 1.278e-06
244 Pubmed_A.txt 0.000857941 0.000856653 1.288e-06
245 Pubmed_A.txt 0.00085319 0.000851992 1.198e-06
246 Pubmed_A.txt 0.000858004 0.000856404 1.6e-06
247 Pubmed_A.txt 0.000852034 0.000850865 1.169e-06
248 Pubmed_A.txt 0.000859959 0.000858853 1.106e-06
249 Pubmed_A.txt 0.000856499 0.000855175 1.324e-06
250 Pubmed_A.txt 0.000867806 0.000866052 1.754e-06
251 Pubmed_A.txt 0.00086015 0.000859001 1.149e-06
252 Pubmed_A.txt 0.000865997 0.000864956 1.041e-06
253 Pubmed_A.txt 0.000862579 0.000860848 1.731e-06
254 Pubmed_A.txt 0.000869166 0.000867967 1.199e-06
255 Pubmed_A.txt 0.000863253 0.000861597 1.656e-06
256 Pubmed_A.txt 0.000925322 0.000923613 1.709e-06
257 Pubmed_A.txt 0.00092118 0.000919695 1.485e-06
258 Pubmed_A.txt 0.00093596 0.000932062 3.898e-06
259 Pubmed_A.txt 0.000927684 0.000925588 2.096e-06
260 Pubmed_A.txt 0.000924302 0.000922407 1.895e-06
261 Pubmed_A.txt 0.000919918 0.000918519 1.399e-06
262 Pubmed_A.txt 0.000928423 0.000927198 1.225e-06
263 Pubmed_A.txt 0.000921276 0.000919753 1.523e-06
264 Pubmed_A.txt 0.000874695 0.000873173 1.522e-06
265 Pubmed_A.txt 0.000869357 0.000867742 1.615e-06
266 Pubmed_A.txt 0.000880761 0.000878642 2.119e-06
267 Pubmed_A.txt 0.000874828 0.000873507 1.321e-06
268 Pubmed_A.txt 0.000871754 0.000870536 1.218e-06
269 Pubmed_A.txt 0.000868126 0.000866579 1.547e-06
270 Pubmed_A.txt 0.000873633 0.000872509 1.124e-06
271 Pubmed_A.txt 0.000868285 0.000867473 8.12e-07
272 Pubmed_A.txt 0.000759183 0.000757806 1.377e-06
273 Pubmed_A.txt 0.000755719 0.00075372 1.999e-06
274 Pubmed_A.txt 0.000764184 0.000762279 1.905e-06
275 Pubmed_A.txt 0.000759006 0.000757628 1.378e-06
276 Pubmed_A.txt 0.000765403 0.000763816 1.587e-06
277 Pubmed_A.txt 0.000760389 0.000759057 1.332e-06
278 Pubmed_A.txt 0.000763399 0.000762181 1.218e-06
279 Pubmed_A.txt 0.000759641 0.000758229 1.412e-06
280 Pubmed_A.txt 0.000762874 0.000761904 9.7e-07
281 Pubmed_A.txt 0.000758419 0.000756627 1.792e-06
282 Pubmed_A.txt 0.000766919 0.000765456 1.463e-06
283 Pubmed_A.txt 0.000761158 0.000760022 1.136e-06
284 Pubmed_A.txt 0.000760203 0.000758628 1.575e-06
285 Pubmed_A.txt 0.000755484 0.000754562 9.22e-07
286 Pubmed_A.txt 0.000766676 0.000764689 1.987e-06
287 Pubmed_A.txt 0.000757834 0.000756527 1.307e-06
288 Pubmed_A.txt 0.000881542 0.000880156 1.386e-06
289 Pubmed_A.txt 0.000877375 0.000876037 1.338e-06
290 Pubmed_A.txt 0.000887716 0.000886641 1.075e-06
291 Pubmed_A.txt 0.000882212 0.000881161 1.051e-06
292 Pubmed_A.txt 0.000887503 0.000886502 1.001e-06
293 Pubmed_A.txt 0.00088364 0.000882411 1.229e-06
294 Pubmed_A.txt 0.000888346 0.00088729 1.056e-06
295 Pubmed_A.txt 0.000881864 0.000880536 1.328e-06
296 Pubmed_A.txt 0.000881823 0.000880692 1.131e-06
297 Pubmed_A.txt 0.0008776 0.000876037 1.563e-06
298 Pubmed_A.txt 0.000893644 0.000891855 1.789e-06
299 Pubmed_A.txt 0.000886354 0.000885135 1.219e-06
300 Pubmed_A.txt 0.000889261 0.000887734 1.527e-06
301 Pubmed_A.txt 0.000881573 0.000880049 1.524e-06
302 Pubmed_A.txt 0.000890633 0.00088897 1.663e-06
303 Pubmed_A.txt 0.000883002 0.00088185 1.152e-06
304 Pubmed_A.txt 0.000959164 0.000957502 1.662e-06
305 Pubmed_A.txt 0.000956613 0.000954788 1.825e-06
306 Pubmed_A.txt 0.000965891 0.000964135 1.756e-06
307 Pubmed_A.txt 0.000957815 0.00095656 1.255e-06
308 Pubmed_A.txt 0.000955308 0.000953925 1.383e-06
309 Pubmed_A.txt 0.000951366 0.000949854 1.512e-06
310 Pubmed_A.txt 0.000958 0.000956708 1.292e-06
311 Pubmed_A.txt 0.000951641 0.000950353 1.288e-06
312 Pubmed_A.txt 0.000902829 0.000901109 1.72e-06
313 Pubmed_A.txt 0.00089657 0.000895268 1.302e-06
314 Pubmed_A.txt 0.000904776 0.000903783 9.93e-07
315 Pubmed_A.txt 0.000899493 0.000898509 9.84e-07
316 Pubmed_A.txt 0.000912018 0.000910347 1.671e-06
317 Pubmed_A.txt 0.000906888 0.000905411 1.477e-06
318 Pubmed_A.txt 0.000915347 0.000913668 1.679e-06
319 Pubmed_A.txt 0.000906276 0.000905062 1.214e-06
320 Pubmed_A.txt 0.000778761 0.000777107 1.654e-06
321 Pubmed_A.txt 0.000775999 0.0007731 2.899e-06
322 Pubmed_A.txt 0.000789206 0.000787734 1.472e-06
323 Pubmed_A.txt 0.000784408 0.000783106 1.302e-06
324 Pubmed_A.txt 0.0007846 0.00078322 1.38e-06
325 Pubmed_A.txt 0.000781181 0.000779696 1.485e-06
326 Pubmed_A.txt 0.000783725 0.000782038 1.687e-06
327 Pubmed_A.txt 0.000778094 0.000776571 1.523e-06
328 Pubmed_A.txt 0.000788027 0.00078685 1.177e-06
329 Pubmed_A.txt 0.000784344 0.000782999 1.345e-06
330 Pubmed_A.txt 0.00079539 0.000793709 1.681e-06
331 Pubmed_A.txt 0.000789607 0.000788208 1.399e-06
332 Pubmed_A.txt 0.000788609 0.000787455 1.154e-06
333 Pubmed_A.txt 0.000785544 0.000783791 1.753e-06
334 Pubmed_A.txt 0.000791923 0.000789926 1.997e-06
335 Pubmed_A.txt 0.00078501 0.000783224 1.786e-06
336 Pubmed_A.txt 0.000877404 0.000874932 2.472e-06
337 Pubmed_A.txt 0.000874476 0.000872068 2.408e-06
338 Pubmed_A.txt 0.000884832 0.000882946 1.886e-06
339 Pubmed_A.txt 0.000878803 0.000876418 2.385e-06
340 Pubmed_A.txt 0.000889114 0.000887195 1.919e-06
341 Pubmed_A.txt 0.000885745 0.000883569 2.176e-06
342 Pubmed_A.txt 0.00088927 0.000886871 2.399e-06
343 Pubmed_A.txt 0.00088308 0.000882127 9.53e-07
344 Pubmed_A.txt 0.0008859 0.000884463 1.437e-06
345 Pubmed_A.txt 0.000881765 0.000880442 1.323e-06
346 Pubmed_A.txt 0.000895851 0.000894163 1.688e-06
347 Pubmed_A.txt 0.000889686 0.000888489 1.197e-06
348 Pubmed_A.txt 0.000883087 0.000881676 1.411e-06
349 Pubmed_A.txt 0.000877541 0.000876311 1.23e-06
350 Pubmed_A.txt 0.000889088 0.000887558 1.53e-06
351 Pubmed_A.txt 0.000883715 0.000881757 1.958e-06
352 Pubmed_A.txt 0.000972061 0.000969682 2.379e-06
353 Pubmed_A.txt 0.000967079 0.000964879 2.2e-06
354 Pubmed_A.txt 0.000977365 0.000974785 2.58e-06
355 Pubmed_A.txt 0.00097131 0.000969219 2.091e-06
356 Pubmed_A.txt 0.000960655 0.00095937 1.285e-06
357 Pubmed_A.txt 0.000956678 0.000954654 2.024e-06
358 Pubmed_A.txt 0.000965843 0.000963699 2.144e-06
359 Pubmed_A.txt 0.000958625 0.000956399 2.226e-06
360 Pubmed_A.txt 0.000914346 0.00091292 1.426e-06
361 Pubmed_A.txt 0.000911847 0.000908855 2.992e-06
362 Pubmed_A.txt 0.000920578 0.000919389 1.189e-06
363 Pubmed_A.txt 0.000915044 0.000913536 1.508e-06
364 Pubmed_A.txt 0.000916188 0.000913914 2.274e-06
365 Pubmed_A.txt 0.000912465 0.000909716 2.749e-06
366 Pubmed_A.txt 0.00091724 0.000914964 2.276e-06
367 Pubmed_A.txt 0.000908815 0.000907117 1.698e-06
368 Pubmed_A.txt 0.000800987 0.000799602 1.385e-06
369 Pubmed_A.txt 0.000797003 0.000795664 1.339e-06
370 Pubmed_A.txt 0.000804209 0.000801492 2.717e-06
371 Pubmed_A.txt 0.000796594 0.000794599 1.995e-06
372 Pubmed_A.txt 0.000813741 0.000811545 2.196e-06
373 Pubmed_A.txt 0.000808132 0.000806362 1.77e-06
374 Pubmed_A.txt 0.000815528 0.000813533 1.995e-06
375 Pubmed_A.txt 0.000810758 0.000808836 1.922e-06
376 Pubmed_A.txt 0.000795603 0.000793554 2.049e-06
377 Pubmed_A.txt 0.000791707 0.000789996 1.711e-06
378 Pubmed_A.txt 0.000801661 0.000799447 2.214e-06
379 Pubmed_A.txt 0.000795296 0.000793186 2.11e-06
380 Pubmed_A.txt 0.000801918 0.000799738 2.18e-06
381 Pubmed_A.txt 0.000797816 0.000795478 2.338e-06
382 Pubmed_A.txt 0.000801698 0.00079929 2.408e-06
383 Pubmed_A.txt 0.000795483 0.000793242 2.241e-06
384 Pubmed_A.txt 0.000841337 0.000839657 1.68e-06
385 Pubmed_A.txt 0.000838269 0.000836611 1.658e-06
386 Pubmed_A.txt 0.000851255 0.000847516 3.739e-06
387 Pubmed_A.txt 0.000843799 0.000841701 2.098e-06
388 Pubmed_A.txt 0.000855131 0.00085305 2.081e-06
389 Pubmed_A.txt 0.000851 0.000848474 2.526e-06
390 Pubmed_A.txt 0.000854647 0.000852856 1.791e-06
391 Pubmed_A.txt 0.000849053 0.000847401 1.652e-06
392 Pubmed_A.txt 0.000858553 0.000856975 1.578e-06
393 Pubmed_A.txt 0.000856679 0.000853827 2.852e-06
394 Pubmed_A.txt 0.000866195 0.000864289 1.906e-06
395 Pubmed_A.txt 0.000860276 0.000858878 1.398e-06
396 Pubmed_A.txt 0.000860881 0.000858987 1.894e-06
397 Pubmed_A.txt 0.000857198 0.00085559 1.608e-06
398 Pubmed_A.txt 0.000861321 0.000859432 1.889e-06
399 Pubmed_A.txt 0.000855916 0.000854173 1.743e-06
400 Pubmed_A.txt 0.000938256 0.000936634 1.622e-06
401 Pubmed_A.txt 0.000934318 0.000932937 1.381e-06
402 Pubmed_A.txt 0.000943556 0.000941211 2.345e-06
403 Pubmed_A.txt 0.000938099 0.000936407 1.692e-06
404 Pubmed_A.txt 0.000927491 0.000925711 1.78e-06
405 Pubmed_A.txt 0.000922516 0.000920966 1.55e-06
406 Pubmed_A.txt 0.000946928 0.000944413 2.515e-06
407 Pubmed_A.txt 0.000939002 0.000936562 2.44e-06
408 Pubmed_A.txt 0.000880488 0.000878685 1.803e-06
409 Pubmed_A.txt 0.000876561 0.000874762 1.799e-06
410 Pubmed_A.txt 0.00088919 0.000885652 3.538e-06
411 Pubmed_A.txt 0.000882752 0.000880836 1.916e-06
412 Pubmed_A.txt 0.000885324 0.000883765 1.559e-06
413 Pubmed_A.txt 0.000882357 0.000879693 2.664e-06
414 Pubmed_A.txt 0.000886423 0.000883719 2.704e-06
415 Pubmed_A.txt 0.00088026 0.000878694 1.566e-06
416 Pubmed_A.txt 0.000765506 0.000763616 1.89e-06
417 Pubmed_A.txt 0.000762156 0.000759847 2.309e-06
418 Pubmed_A.txt 0.000770435 0.000767861 2.574e-06
419 Pubmed_A.txt 0.000765782 0.000762874 2.908e-06
420 Pubmed_A.txt 0.000771658 0.000768622 3.036e-06
421 Pubmed_A.txt 0.000766388 0.000764447 1.941e-06
422 Pubmed_A.txt 0.000773605 0.000771361 2.244e-06
423 Pubmed_A.txt 0.000768598 0.000766467 2.131e-06
424 Pubmed_A.txt 0.000762301 0.000760224 2.077e-06
425 Pubmed_A.txt 0.000759476 0.00075656 2.916e-06
426 Pubmed_A.txt 0.000771851 0.000768343 3.508e-06
427 Pubmed_A.txt 0.000764292 0.000761649 2.643e-06
428 Pubmed_A.txt 0.000773035 0.000769561 3.474e-06
429 Pubmed_A.txt 0.000768484 0.000764823 3.661e-06
430 Pubmed_A.txt 0.000775515 0.00077234 3.175e-06
431 Pubmed_A.txt 0.000768017 0.000766241 1.776e-06
432 Pubmed_A.txt 0.000854528 0.000853609 9.19e-07
433 Pubmed_A.txt 0.000850974 0.000849174 1.8e-06
434 Pubmed_A.txt 0.00086449 0.0008621 2.39e-06
435 Pubmed_A.txt 0.00085827 0.000856262 2.008e-06
436 Pubmed_A.txt 0.000869523 0.000866939 2.584e-06
437 Pubmed_A.txt 0.000865951 0.000862767 3.184e-06
438 Pubmed_A.txt 0.000870096 0.000865105 4.991e-06
439 Pubmed_A.txt 0.00086266 0.000859403 3.257e-06
440 Pubmed_A.txt 0.000876803 0.000874393 2.41e-06
441 Pubmed_A.txt 0.000871569 0.000869104 2.465e-06
442 Pubmed_A.txt 0.000886143 0.000883438 2.705e-06
443 Pubmed_A.txt 0.000878164 0.000874772 3.392e-06
444 Pubmed_A.txt 0.000872393 0.000869425 2.968e-06
445 Pubmed_A.txt 0.00086901 0.000865946 3.064e-06
446 Pubmed_A.txt 0.000881214 0.000878193 3.021e-06
447 Pubmed_A.txt 0.000873542 0.000870071 3.471e-06
448 Pubmed_A.txt 0.00094618 0.000943452 2.728e-06
449 Pubmed_A.txt 0.000942684 0.000939776 2.908e-06
450 Pubmed_A.txt 0.00094895 0.000947017 1.933e-06
451 Pubmed_A.txt 0.000942577 0.000940359 2.218e-06
452 Pubmed_A.txt 0.000943985 0.000940977 3.008e-06
453 Pubmed_A.txt 0.000940103 0.000935953 4.15e-06
454 Pubmed_A.txt 0.000946288 0.000943952 2.336e-06
455 Pubmed_A.txt 0.000938568 0.000937119 1.449e-06
456 Pubmed_A.txt 0.000887448 0.000886081 1.367e-06
457 Pubmed_A.txt 0.000882578 0.000881163 1.415e-06
458 Pubmed_A.txt 0.000897508 0.000896319 1.189e-06
459 Pubmed_A.txt 0.000892528 0.000890567 1.961e-06
460 Pubmed_A.txt 0.000894619 0.000893257 1.362e-06
461 Pubmed_A.txt 0.000890917 0.00088966 1.257e-06
462 Pubmed_A.txt 0.00089567 0.000893824 1.846e-06
463 Pubmed_A.txt 0.000890452 0.000888706 1.746e-06
464 Pubmed_A.txt 0.00077642 0.000775141 1.279e-06
465 Pubmed_A.txt 0.000772368 0.000770675 1.693e-06
466 Pubmed_A.txt 0.000774694 0.000773037 1.657e-06
467 Pubmed_A.txt 0.000768476 0.0007669 1.576e-06
468 Pubmed_A.txt 0.000778022 0.00077671 1.312e-06
469 Pubmed_A.txt 0.000774745 0.000773344 1.401e-06
470 Pubmed_A.txt 0.000791069 0.000789408 1.661e-06
471 Pubmed_A.txt 0.000785084 0.000783933 1.151e-06
472 Pubmed_A.txt 0.000778965 0.000777783 1.182e-06
473 Pubmed_A.txt 0.000776805 0.000774082 2.723e-06
474 Pubmed_A.txt 0.000787394 0.000784369 3.025e-06
475 Pubmed_A.txt 0.000780103 0.000778481 1.622e-06
476 Pubmed_A.txt 0.000778188 0.000776008 2.18e-06
477 Pubmed_A.txt 0.000775283 0.000772876 2.407e-06
478 Pubmed_A.txt 0.00077787 0.000773237 4.633e-06
479 Pubmed_A.txt 0.000771055 0.000767117 3.938e-06
480 Pubmed_A.txt 0.000860698 0.000858455 2.243e-06
481 Pubmed_A.txt 0.000855078 0.000853527 1.551e-06
482 Pubmed_A.txt 0.000865904 0.000863636 2.268e-06
483 Pubmed_A.txt 0.000860796 0.000858287 2.509e-06
484 Pubmed_A.txt 0.000869313 0.000866718 2.595e-06
485 Pubmed_A.txt 0.000862555 0.000860838 1.717e-06
486 Pubmed_A.txt 0.000872627 0.000871126 1.501e-06
487 Pubmed_A.txt 0.000866065 0.000862926 3.139e-06
488 Pubmed_A.txt 0.000868079 0.000864422 3.657e-06
489 Pubmed_A.txt 0.000862525 0.000860147 2.378e-06
490 Pubmed_A.txt 0.000879248 0.000875822 3.426e-06
491 Pubmed_A.txt 0.000871818 0.000870008 1.81e-06
492 Pubmed_A.txt 0.000872323 0.000868895 3.428e-06
493 Pubmed_A.txt 0.000868307 0.000865349 2.958e-06
494 Pubmed_A.txt 0.000876675 0.00087248 4.195e-06
495 Pubmed_A.txt 0.000870043 0.000866799 3.244e-06
496 Pubmed_A.txt 0.000954521 0.000951024 3.497e-06
497 Pubmed_A.txt 0.000948851 0.000946681 2.17e-06
498 Pubmed_A.txt 0.000956983 0.000954439 2.544e-06
499 Pubmed_A.txt 0.000950466 0.000947768 2.698e-06
500 Pubmed_A.txt 0.000950844 0.000948539 2.305e-06
501 Pubmed_A.txt 0.000946087 0.000944083 2.004e-06
502 Pubmed_A.txt 0.000950552 0.000948565 1.987e-06
503 Pubmed_A.txt 0.000942237 0.00094082 1.417e-06
504 Pubmed_A.txt 0.000901285 0.000898336 2.949e-06
505 Pubmed_A.txt 0.000896624 0.000894381 2.243e-06
506 Pubmed_A.txt 0.000901778 0.000899637 2.141e-06
507 Pubmed_A.txt 0.000895987 0.000894124 1.863e-06
508 Pubmed_A.txt 0.000903252 0.000900885 2.367e-06
509 Pubmed_A.txt 0.000899977 0.000896484 3.493e-06
510 Pubmed_A.txt 0.000906108 0.000903139 2.969e-06
511 Pubmed_A.txt 0.000898065 0.000893938 4.127e-06
512 Pubmed_A.txt 0.00078491 0.000782302 2.608e-06
513 Pubmed_A.txt 0.000777846 0.000776777 1.069e-06
514 Pubmed_A.txt 0.000784494 0.000782795 1.699e-06
515 Pubmed_A.txt 0.000777783 0.000776419 1.364e-06
516 Pubmed_A.txt 0.000787343 0.000785796 1.547e-06
517 Pubmed_A.txt 0.000783076 0.00078194 1.136e-06
518 Pubmed_A.txt 0.000793721 0.000791857 1.864e-06
519 Pubmed_A.txt 0.000789181 0.000787335 1.846e-06
520 Pubmed_A.txt 0.000782491 0.000781375 1.116e-06
521 Pubmed_A.txt 0.000779014 0.000776849 2.165e-06
522 Pubmed_A.txt 0.000795727 0.000792083 3.644e-06
523 Pubmed_A.txt 0.000789342 0.000786932 2.41e-06
524 Pubmed_A.txt 0.000783099 0.000781483 1.616e-06
525 Pubmed_A.txt 0.000782556 0.000779137 3.419e-06
526 Pubmed_A.txt 0.000794197 0.000791414 2.783e-06
527 Pubmed_A.txt 0.000788652 0.000785104 3.548e-06
528 Pubmed_A.txt 0.000869557 0.000868303 1.254e-06
529 Pubmed_A.txt 0.000867013 0.000864629 2.384e-06
530 Pubmed_A.txt 0.000879402 0.000874636 4.766e-06
531 Pubmed_A.txt 0.000869912 0.000866845 3.067e-06
532 Pubmed_A.txt 0.000873503 0.00087233 1.173e-06
533 Pubmed_A.txt 0.000870229 0.000868264 1.965e-06
534 Pubmed_A.txt 0.000880026 0.000878384 1.642e-06
535 Pubmed_A.txt 0.00087558 0.000873797 1.783e-06
536 Pubmed_A.txt 0.000885634 0.000882553 3.081e-06
537 Pubmed_A.txt 0.000881018 0.000877996 3.022e-06
538 Pubmed_A.txt 0.00088834 0.000884745 3.595e-06
539 Pubmed_A.txt 0.000881166 0.000877959 3.207e-06
540 Pubmed_A.txt 0.000887874 0.000885902 1.972e-06
541 Pubmed_A.txt 0.000884167 0.000881086 3.081e-06
542 Pubmed_A.txt 0.000884267 0.000882536 1.731e-06
543 Pubmed_A.txt 0.000878566 0.000875793 2.773e-06
544 Pubmed_A.txt 0.00096122 0.000958225 2.995e-06
545 Pubmed_A.txt 0.000955678 0.000953572 2.106e-06
546 Pubmed_A.txt 0.000967727 0.000965742 1.985e-06
547 Pubmed_A.txt 0.000959794 0.000957784 2.01e-06
548 Pubmed_A.txt 0.000961108 0.000958865 2.243e-06
549 Pubmed_A.txt 0.000956674 0.000954425 2.249e-06
550 Pubmed_A.txt 0.000964322 0.000962934 1.388e-06
551 Pubmed_A.txt 0.000957815 0.000956104 1.711e-06
552 Pubmed_A.txt 0.000908547 0.000904789 3.758e-06
553 Pubmed_A.txt 0.000903512 0.000900293 3.219e-06
554 Pubmed_A.txt 0.000910372 0.000907157 3.215e-06
555 Pubmed_A.txt 0.000903389 0.000900955 2.434e-06
556 Pubmed_A.txt 0.000898691 0.000897741 9.5e-07
557 Pubmed_A.txt 0.000894446 0.000893589 8.57e-07
558 Pubmed_A.txt 0.000908365 0.00090631 2.055e-06
559 Pubmed_A.txt 0.00089979 0.000898105 1.685e-06
560 Pubmed_A.txt 0.000792699 0.000787721 4.978e-06
561 Pubmed_A.txt 0.000785101 0.000783476 1.625e-06
562 Pubmed_A.txt 0.000798199 0.000795528 2.671e-06
563 Pubmed_A.txt 0.000793469 0.00079158 1.889e-06
564 Pubmed_A.txt 0.000796197 0.000794857 1.34e-06
565 Pubmed_A.txt 0.00079278 0.000791448 1.332e-06
566 Pubmed_A.txt 0.000798779 0.0007975 1.279e-06
567 Pubmed_A.txt 0.000794957 0.000793048 1.909e-06
568 Pubmed_A.txt 0.000798171 0.000796486 1.685e-06
569 Pubmed_A.txt 0.000793051 0.000791556 1.495e-06
570 Pubmed_A.txt 0.000799624 0.000798021 1.603e-06
571 Pubmed_A.txt 0.000793919 0.000792418 1.501e-06
572 Pubmed_A.txt 0.000790696 0.000788768 1.928e-06
573 Pubmed_A.txt 0.000786064 0.000784487 1.577e-06
574 Pubmed_A.txt 0.000798695 0.000796502 2.193e-06
575 Pubmed_A.txt 0.000791864 0.000790038 1.826e-06
576 Pubmed_A.txt 0.000898539 0.000896786 1.753e-06
577 Pubmed_A.txt 0.00089442 0.000892588 1.832e-06
578 Pubmed_A.txt 0.000905356 0.00090367 1.686e-06
579 Pubmed_A.txt 0.000897357 0.000896161 1.196e-06
580 Pubmed_A.txt 0.000887646 0.000886481 1.165e-06
581 Pubmed_A.txt 0.000883885 0.000882577 1.308e-06
582 Pubmed_A.txt 0.00089918 0.000897207 1.973e-06
583 Pubmed_A.txt 0.000892645 0.0008911 1.545e-06
584 Pubmed_A.txt 0.000893051 0.000892114 9.37e-07
585 Pubmed_A.txt 0.000889583 0.000888317 1.266e-06
586 Pubmed_A.txt 0.000904534 0.000903536 9.98e-07
587 Pubmed_A.txt 0.000899037 0.000897634 1.403e-06
588 Pubmed_A.txt 0.000895511 0.000894162 1.349e-06
589 Pubmed_A.txt 0.000892043 0.000890634 1.409e-06
590 Pubmed_A.txt 0.000902469 0.000900751 1.718e-06
591 Pubmed_A.txt 0.00089663 0.000894549 2.081e-06
592 Pubmed_A.txt 0.000963111 0.00096189 1.221e-06
593 Pubmed_A.txt 0.000960147 0.000958647 1.5e-06
594 Pubmed_A.txt 0.00097466 0.000971825 2.835e-06
595 Pubmed_A.txt 0.000968336 0.000965667 2.669e-06
596 Pubmed_A.txt 0.000962894 0.000961473 1.421e-06
597 Pubmed_A.txt 0.000959191 0.000957605 1.586e-06
598 Pubmed_A.txt 0.000970617 0.000968442 2.175e-06
599 Pubmed_A.txt 0.000961977 0.000960672 1.305e-06
600 Pubmed_A.txt 0.000924282 0.000922692 1.59e-06
601 Pubmed_A.txt 0.000919436 0.000917798 1.638e-06
602 Pubmed_A.txt 0.000927467 0.00092432 3.147e-06
603 Pubmed_A.txt 0.000920018 0.000918351 1.667e-06
604 Pubmed_A.txt 0.000923793 0.000922448 1.345e-06
605 Pubmed_A.txt 0.000920697 0.000918695 2.002e-06
606 Pubmed_A.txt 0.000922838 0.000920755 2.083e-06
607 Pubmed_A.txt 0.00091666 0.000915125 1.535e-06
608 Pubmed_A.txt 0.000778455 0.000777011 1.444e-06
609 Pubmed_A.txt 0.000775011 0.000773445 1.566e-06
610 Pubmed_A.txt 0.00078668 0.000785091 1.589e-06
611 Pubmed_A.txt 0.000782267 0.000780956 1.311e-06
612 Pubmed_A.txt 0.000787978 0.000786464 1.514e-06
613 Pubmed_A.txt 0.000781739 0.00078023 1.509e-06
614 Pubmed_A.txt 0.000794916 0.000793104 1.812e-06
615 Pubmed_A.txt 0.000789904 0.000787958 1.946e-06
616 Pubmed_A.txt 0.000780422 0.000779625 7.97e-07
617 Pubmed_A.txt 0.000775979 0.000774489 1.49e-06
618 Pubmed_A.txt 0.000781721 0.000779634 2.087e-06
619 Pubmed_A.txt 0.000776188 0.000774874 1.314e-06
620 Pubmed_A.txt 0.000782118 0.000781018 1.1e-06
621 Pubmed_A.txt 0.000779103 0.000777072 2.031e-06
622 Pubmed_A.txt 0.000793233 0.000791178 2.055e-06
623 Pubmed_A.txt 0.000784248 0.000782649 1.599e-06
624 Pubmed_A.txt 0.000865633 0.000863739 1.894e-06
625 Pubmed_A.txt 0.000862633 0.000860048 2.585e-06
626 Pubmed_A.txt 0.000870238 0.000867921 2.317e-06
627 Pubmed_A.txt 0.000862391 0.000860615 1.776e-06
628 Pubmed_A.txt 0.000871322 0.000869676 1.646e-06
629 Pubmed_A.txt 0.000866678 0.000864957 1.721e-06
630 Pubmed_A.txt 0.00087438 0.000872552 1.828e-06
631 Pubmed_A.txt 0.000868347 0.000866213 2.134e-06
632 Pubmed_A.txt 0.000878872 0.000877631 1.241e-06
633 Pubmed_A.txt 0.000875628 0.000874267 1.361e-06
634 Pubmed_A.txt 0.000885372 0.000882634 2.738e-06
635 Pubmed_A.txt 0.000878163 0.000876052 2.111e-06
636 Pubmed_A.txt 0.000877384 0.000876087 1.297e-06
637 Pubmed_A.txt 0.000873536 0.000872165 1.371e-06
638 Pubmed_A.txt 0.00088019 0.000878684 1.506e-06
639 Pubmed_A.txt 0.00087245 0.000871059 1.391e-06
640 Pubmed_A.txt 0.000944132 0.000942835 1.297e-06
641 Pubmed_A.txt 0.000939741 0.000938202 1.539e-06
642 Pubmed_A.txt 0.000953569 0.000951283 2.286e-06
643 Pubmed_A.txt 0.000947333 0.000946148 1.185e-06
644 Pubmed_A.txt 0.000940232 0.000939214 1.018e-06
645 Pubmed_A.txt 0.000934965 0.000933176 1.789e-06
646 Pubmed_A.txt 0.000944339 0.000943118 1.221e-06
647 Pubmed_A.txt 0.000936083 0.000934976 1.107e-06
648 Pubmed_A.txt 0.000896027 0.000894842 1.185e-06
649 Pubmed_A.txt 0.000890972 0.000889629 1.343e-06
650 Pubmed_A.txt 0.000905571 0.000904065 1.506e-06
651 Pubmed_A.txt 0.000895747 0.000893514 2.233e-06
652 Pubmed_A.txt 0.000894748 0.00089211 2.638e-06
653 Pubmed_A.txt 0.000888683 0.000887439 1.244e-06
654 Pubmed_A.txt 0.000895419 0.000893414 2.005e-06
655 Pubmed_A.txt 0.00088982 0.00088735 2.47e-06
656 Pubmed_A.txt 0.000786733 0.000785384 1.349e-06
657 Pubmed_A.txt 0.000784346 0.000781377 2.969e-06
658 Pubmed_A.txt 0.000798257 0.00079398 4.277e-06
659 Pubmed_A.txt 0.00079189 0.000787526 4.364e-06
660 Pubmed_A.txt 0.000782442 0.000779025 3.417e-06
661 Pubmed_A.txt 0.000776285 0.00077375 2.535e-06
662 Pubmed_A.txt 0.000794545 0.000790736 3.809e-06
663 Pubmed_A.txt 0.000788175 0.000786433 1.742e-06
664 Pubmed_A.txt 0.000781413 0.000777718 3.695e-06
665 Pubmed_A.txt 0.000776477 0.000773433 3.044e-06
666 Pubmed_A.txt 0.000791718 0.000787356 4.362e-06
667 Pubmed_A.txt 0.000785899 0.000782586 3.313e-06
668 Pubmed_A.txt 0.000798941 0.000794776 4.165e-06
669 Pubmed_A.txt 0.000792909 0.000789628 3.281e-06
670 Pubmed_A.txt 0.000791268 0.000787789 3.479e-06
671 Pubmed_A.txt 0.000784147 0.000781096 3.051e-06
672 Pubmed_A.txt 0.000873729 0.00087241 1.319e-06
673 Pubmed_A.txt 0.000871067 0.000869046 2.021e-06
674 Pubmed_A.txt 0.000884397 0.000882842 1.555e-06
675 Pubmed_A.txt 0.000877353 0.000875795 1.558e-06
676 Pubmed_A.txt 0.000878898 0.000877808 1.09e-06
677 Pubmed_A.txt 0.000874879 0.000873276 1.603e-06
678 Pubmed_A.txt 0.00088462 0.000882873 1.747e-06
679 Pubmed_A.txt 0.000881691 0.000877696 3.995e-06
680 Pubmed_A.txt 0.000891003 0.000888364 2.639e-06
681 Pubmed_A.txt 0.000885863 0.0008844 1.463e-06
682 Pubmed_A.txt 0.000890151 0.00088903 1.121e-06
683 Pubmed_A.txt 0.000884294 0.000883436 8.58e-07
684 Pubmed_A.txt 0.000893852 0.000888178 5.674e-06
685 Pubmed_A.txt 0.000887967 0.000884673 3.294e-06
686 Pubmed_A.txt 0.000894879 0.000891566 3.313e-06
687 Pubmed_A.txt 0.000887378 0.000884986 2.392e-06
688 Pubmed_A.txt 0.000964567 0.000962562 2.005e-06
689 Pubmed_A.txt 0.000960924 0.000958255 2.669e-06
690 Pubmed_A.txt 0.000974536 0.000968764 5.772e-06
691 Pubmed_A.txt 0.000963181 0.000961326 1.855e-06
692 Pubmed_A.txt 0.000957752 0.000956611 1.141e-06
693 Pubmed_A.txt 0.000954931 0.000953201 1.73e-06
694 Pubmed_A.txt 0.000957639 0.000956096 1.543e-06
695 Pubmed_A.txt 0.000950207 0.000948372 1.835e-06
696 Pubmed_A.txt 0.000918087 0.000913505 4.582e-06
697 Pubmed_A.txt 0.000911858 0.000907902 3.956e-06
698 Pubmed_A.txt 0.000917768 0.000915713 2.055e-06
699 Pubmed_A.txt 0.000909726 0.000908596 1.13e-06
700 Pubmed_A.txt 0.000917795 0.00091566 2.135e-06
701 Pubmed_A.txt 0.000915033 0.00091196 3.073e-06
702 Pubmed_A.txt 0.000914008 0.00091102 2.988e-06
703 Pubmed_A.txt 0.000908299 0.000904611 3.688e-06
704 Pubmed_A.txt 0.00078695 0.000783942 3.008e-06
705 Pubmed_A.txt 0.000784226 0.000779707 4.519e-06
706 Pubmed_A.txt 0.000797819 0.00079308 4.739e-06
707 Pubmed_A.txt 0.000787817 0.000786302 1.515e-06
708 Pubmed_A.txt 0.000797438 0.000793849 3.589e-06
709 Pubmed_A.txt 0.000790933 0.00078936 1.573e-06
710 Pubmed_A.txt 0.000796428 0.000794829 1.599e-06
711 Pubmed_A.txt 0.000790496 0.000788564 1.932e-06
712 Pubmed_A.txt 0.000788049 0.00078639 1.659e-06
713 Pubmed_A.txt 0.000783063 0.000781414 1.649e-06
714 Pubmed_A.txt 0.000789751 0.000787976 1.775e-06
715 Pubmed_A.txt 0.000783835 0.000782111 1.724e-06
716 Pubmed_A.txt 0.000793495 0.0007906 2.895e-06
717 Pubmed_A.txt 0.000789056 0.00078758 1.476e-06
718 Pubmed_A.txt 0.000801081 0.000797375 3.706e-06
719 Pubmed_A.txt 0.0007912 0.000789292 1.908e-06
720 Pubmed_A.txt 0.00089716 0.000895338 1.822e-06
721 Pubmed_A.txt 0.000894353 0.000892078 2.275e-06
722 Pubmed_A.txt 0.000901143 0.00089893 2.213e-06
723 Pubmed_A.txt 0.000894169 0.000892391 1.778e-06
724 Pubmed_A.txt 0.000898642 0.000896914 1.728e-06
725 Pubmed_A.txt 0.00089548 0.000893769 1.711e-06
726 Pubmed_A.txt 0.000903863 0.000901122 2.741e-06
727 Pubmed_A.txt 0.000896712 0.000894402 2.31e-06
728 Pubmed_A.txt 0.000903921 0.000901252 2.669e-06
729 Pubmed_A.txt 0.000897204 0.000896293 9.11e-07
730 Pubmed_A.txt 0.00091213 0.000909514 2.616e-06
731 Pubmed_A.txt 0.000902572 0.000901382 1.19e-06
732 Pubmed_A.txt 0.00090595 0.000901967 3.983e-06
733 Pubmed_A.txt 0.000899531 0.000897045 2.486e-06
734 Pubmed_A.txt 0.000907338 0.000905427 1.911e-06
735 Pubmed_A.txt 0.000902563 0.000900574 1.989e-06
736 Pubmed_A.txt 0.000971483 0.000969771 1.712e-06
737 Pubmed_A.txt 0.000967164 0.000965466 1.698e-06
738 Pubmed_A.txt 0.000978271 0.000976552 1.719e-06
739 Pubmed_A.txt 0.000972656 0.000970574 2.082e-06
740 Pubmed_A.txt 0.000970794 0.000968236 2.558e-06
741 Pubmed_A.txt 0.000965942 0.000964642 1.3e-06
742 Pubmed_A.txt 0.000976948 0.000975308 1.64e-06
743 Pubmed_A.txt 0.000971097 0.00096905 2.047e-06
744 Pubmed_A.txt 0.000928643 0.000926908 1.735e-06
745 Pubmed_A.txt 0.000922689 0.000921296 1.393e-06
746 Pubmed_A.txt 0.000926057 0.000924575 1.482e-06
747 Pubmed_A.txt 0.000920649 0.000919146 1.503e-06
748 Pubmed_A.txt 0.000917999 0.000916383 1.616e-06
749 Pubmed_A.txt 0.000916123 0.000913569 2.554e-06
750 Pubmed_A.txt 0.000931773 0.000929697 2.076e-06
751 Pubmed_A.txt 0.000924388 0.000921789 2.599e-06
752 Pubmed_A.txt 0.000794971 0.000791488 3.483e-06
753 Pubmed_A.txt 0.000790428 0.000788374 2.054e-06
754 Pubmed_A.txt 0.000795494 0.000794123 1.371e-06
755 Pubmed_A.txt 0.000791266 0.00078896 2.306e-06
756 Pubmed_A.txt 0.000805662 0.000798575 7.087e-06
757 Pubmed_A.txt 0.000798357 0.000794615 3.742e-06
758 Pubmed_A.txt 0.000801723 0.000798768 2.955e-06
759 Pubmed_A.txt 0.000797807 0.000793535 4.272e-06
760 Pubmed_A.txt 0.000803844 0.000799722 4.122e-06
761 Pubmed_A.txt 0.000798723 0.000795783 2.94e-06
762 Pubmed_A.txt 0.000806725 0.000803996 2.729e-06
763 Pubmed_A.txt 0.000801613 0.000798901 2.712e-06
764 Pubmed_A.txt 0.000804958 0.000799995 4.963e-06
765 Pubmed_A.txt 0.000797427 0.000794213 3.214e-06
766 Pubmed_A.txt 0.000803681 0.000798444 5.237e-06
767 Pubmed_A.txt 0.000838073 0.000791914 4.6159e-05
TACC:  Shutdown complete. Exiting. 
