TACC:  Starting up job 10024616 
TACC:  Starting parallel tasks... 
0 Pubmed_feat_L1.txt 0.00223539 0.00221403 2.1362e-05
1 Pubmed_feat_L1.txt 0.00147603 0.00144751 2.8518e-05
2 Pubmed_feat_L1.txt 0.00236678 0.00233948 2.7295e-05
3 Pubmed_feat_L1.txt 0.00137768 0.00135341 2.4275e-05
4 Pubmed_feat_L1.txt 0.00232958 0.00230118 2.8404e-05
5 Pubmed_feat_L1.txt 0.00135389 0.00132452 2.9367e-05
6 Pubmed_feat_L1.txt 0.00224134 0.00221038 3.0959e-05
7 Pubmed_feat_L1.txt 0.00135287 0.00132341 2.9464e-05
8 Pubmed_feat_L1.txt 0.00225392 0.00222416 2.9761e-05
9 Pubmed_feat_L1.txt 0.00140782 0.00138253 2.5299e-05
10 Pubmed_feat_L1.txt 0.00220833 0.00218158 2.6748e-05
11 Pubmed_feat_L1.txt 0.00134173 0.00131563 2.6105e-05
12 Pubmed_feat_L1.txt 0.00239912 0.00237 2.9117e-05
13 Pubmed_feat_L1.txt 0.00135487 0.00132795 2.6919e-05
14 Pubmed_feat_L1.txt 0.00217966 0.00215387 2.5787e-05
15 Pubmed_feat_L1.txt 0.00134582 0.0013209 2.492e-05
16 Pubmed_feat_L1.txt 0.002246 0.00221862 2.7375e-05
17 Pubmed_feat_L1.txt 0.00154756 0.00151835 2.9214e-05
18 Pubmed_feat_L1.txt 0.00218787 0.00215954 2.8334e-05
19 Pubmed_feat_L1.txt 0.0013939 0.0013693 2.4601e-05
20 Pubmed_feat_L1.txt 0.00193046 0.00190205 2.8409e-05
21 Pubmed_feat_L1.txt 0.00141133 0.00137645 3.4885e-05
22 Pubmed_feat_L1.txt 0.00223044 0.00220176 2.8681e-05
23 Pubmed_feat_L1.txt 0.00143057 0.00139859 3.1985e-05
24 Pubmed_feat_L1.txt 0.00221599 0.00218814 2.7851e-05
25 Pubmed_feat_L1.txt 0.00148037 0.00145667 2.3705e-05
26 Pubmed_feat_L1.txt 0.00229781 0.00226998 2.7839e-05
27 Pubmed_feat_L1.txt 0.00135844 0.00133175 2.6688e-05
28 Pubmed_feat_L1.txt 0.00235863 0.00232836 3.0272e-05
29 Pubmed_feat_L1.txt 0.00138493 0.00135244 3.2495e-05
30 Pubmed_feat_L1.txt 0.00224729 0.00222084 2.6454e-05
31 Pubmed_feat_L1.txt 0.00132438 0.00129805 2.6333e-05
32 Pubmed_feat_L1.txt 0.00229363 0.00226666 2.6974e-05
33 Pubmed_feat_L1.txt 0.00157816 0.00154905 2.9114e-05
34 Pubmed_feat_L1.txt 0.00213703 0.00210708 2.9956e-05
35 Pubmed_feat_L1.txt 0.00133987 0.00131119 2.8687e-05
36 Pubmed_feat_L1.txt 0.00230912 0.00228257 2.6543e-05
37 Pubmed_feat_L1.txt 0.00152148 0.00149523 2.625e-05
38 Pubmed_feat_L1.txt 0.00214834 0.00212209 2.6254e-05
39 Pubmed_feat_L1.txt 0.00134275 0.00131616 2.6586e-05
40 Pubmed_feat_L1.txt 0.0023001 0.00227112 2.8977e-05
41 Pubmed_feat_L1.txt 0.00137226 0.0013415 3.0761e-05
42 Pubmed_feat_L1.txt 0.00218801 0.00216176 2.6243e-05
43 Pubmed_feat_L1.txt 0.00134291 0.00131956 2.3349e-05
44 Pubmed_feat_L1.txt 0.00238323 0.00235575 2.7474e-05
45 Pubmed_feat_L1.txt 0.00134227 0.00131335 2.8916e-05
46 Pubmed_feat_L1.txt 0.00219538 0.00216291 3.2473e-05
47 Pubmed_feat_L1.txt 0.00127192 0.00124297 2.8952e-05
48 Pubmed_feat_L1.txt 0.00210844 0.00207899 2.9448e-05
49 Pubmed_feat_L1.txt 0.00144259 0.00141054 3.2051e-05
50 Pubmed_feat_L1.txt 0.00192609 0.00189312 3.2971e-05
51 Pubmed_feat_L1.txt 0.00133623 0.00130496 3.1277e-05
52 Pubmed_feat_L1.txt 0.00194876 0.00191669 3.2067e-05
53 Pubmed_feat_L1.txt 0.00138034 0.00135614 2.4196e-05
54 Pubmed_feat_L1.txt 0.00193037 0.00189779 3.258e-05
55 Pubmed_feat_L1.txt 0.00127722 0.00125116 2.6055e-05
56 Pubmed_feat_L1.txt 0.0018546 0.00182631 2.8292e-05
57 Pubmed_feat_L1.txt 0.00138712 0.00136109 2.6021e-05
58 Pubmed_feat_L1.txt 0.00204634 0.00201972 2.6613e-05
59 Pubmed_feat_L1.txt 0.00125137 0.00121892 3.2447e-05
60 Pubmed_feat_L1.txt 0.0019455 0.00191517 3.033e-05
61 Pubmed_feat_L1.txt 0.00143333 0.00139887 3.4461e-05
62 Pubmed_feat_L1.txt 0.00225277 0.00222288 2.989e-05
63 Pubmed_feat_L1.txt 0.00131755 0.00128015 3.7398e-05
64 Pubmed_feat_L1.txt 0.0023938 0.00235916 3.464e-05
65 Pubmed_feat_L1.txt 0.00157058 0.00153738 3.3206e-05
66 Pubmed_feat_L1.txt 0.00209171 0.00206657 2.5139e-05
67 Pubmed_feat_L1.txt 0.00134118 0.00131372 2.7462e-05
68 Pubmed_feat_L1.txt 0.00214073 0.0021125 2.8227e-05
69 Pubmed_feat_L1.txt 0.00142075 0.00139265 2.8095e-05
70 Pubmed_feat_L1.txt 0.00220019 0.00217031 2.988e-05
71 Pubmed_feat_L1.txt 0.00144787 0.00142187 2.5992e-05
72 Pubmed_feat_L1.txt 0.00218623 0.0021574 2.8828e-05
73 Pubmed_feat_L1.txt 0.00143106 0.00140299 2.8072e-05
74 Pubmed_feat_L1.txt 0.00203089 0.00199457 3.6311e-05
75 Pubmed_feat_L1.txt 0.0013195 0.00129288 2.6615e-05
76 Pubmed_feat_L1.txt 0.00233443 0.00230412 3.0307e-05
77 Pubmed_feat_L1.txt 0.00147271 0.00144212 3.0595e-05
78 Pubmed_feat_L1.txt 0.00209862 0.0020686 3.0016e-05
79 Pubmed_feat_L1.txt 0.00128799 0.00125861 2.9383e-05
80 Pubmed_feat_L1.txt 0.0022106 0.00217877 3.1832e-05
81 Pubmed_feat_L1.txt 0.00156822 0.00152902 3.92e-05
82 Pubmed_feat_L1.txt 0.00223707 0.00220376 3.3318e-05
83 Pubmed_feat_L1.txt 0.00141583 0.00138938 2.6449e-05
84 Pubmed_feat_L1.txt 0.00198183 0.00195536 2.6475e-05
85 Pubmed_feat_L1.txt 0.0014222 0.00139244 2.9758e-05
86 Pubmed_feat_L1.txt 0.0021921 0.0021658 2.6302e-05
87 Pubmed_feat_L1.txt 0.00141018 0.00137883 3.1349e-05
88 Pubmed_feat_L1.txt 0.00215339 0.00212707 2.6323e-05
89 Pubmed_feat_L1.txt 0.00152814 0.0015021 2.6038e-05
90 Pubmed_feat_L1.txt 0.00221524 0.00218291 3.2327e-05
91 Pubmed_feat_L1.txt 0.00144404 0.00141169 3.2349e-05
92 Pubmed_feat_L1.txt 0.00214486 0.00211538 2.9484e-05
93 Pubmed_feat_L1.txt 0.00139706 0.00136245 3.4616e-05
94 Pubmed_feat_L1.txt 0.00222745 0.00219921 2.8237e-05
95 Pubmed_feat_L1.txt 0.00133708 0.00130712 2.9956e-05
96 Pubmed_feat_L1.txt 0.0024697 0.00243429 3.5412e-05
97 Pubmed_feat_L1.txt 0.00160842 0.00157365 3.4777e-05
98 Pubmed_feat_L1.txt 0.00209914 0.00207279 2.6349e-05
99 Pubmed_feat_L1.txt 0.0013762 0.00135176 2.4439e-05
100 Pubmed_feat_L1.txt 0.00230342 0.0022759 2.7519e-05
101 Pubmed_feat_L1.txt 0.00136838 0.00133776 3.0617e-05
102 Pubmed_feat_L1.txt 0.00216223 0.00213246 2.9771e-05
103 Pubmed_feat_L1.txt 0.00137098 0.00134307 2.7908e-05
104 Pubmed_feat_L1.txt 0.00228806 0.00226112 2.6938e-05
105 Pubmed_feat_L1.txt 0.00141467 0.00138932 2.535e-05
106 Pubmed_feat_L1.txt 0.00209952 0.00207262 2.6898e-05
107 Pubmed_feat_L1.txt 0.00143386 0.00140614 2.772e-05
108 Pubmed_feat_L1.txt 0.00228584 0.00225804 2.7804e-05
109 Pubmed_feat_L1.txt 0.00132904 0.00129179 3.7248e-05
110 Pubmed_feat_L1.txt 0.00227419 0.00223533 3.8865e-05
111 Pubmed_feat_L1.txt 0.00131459 0.00128349 3.1101e-05
112 Pubmed_feat_L1.txt 0.00213544 0.00210392 3.1516e-05
113 Pubmed_feat_L1.txt 0.00140259 0.00136931 3.3279e-05
114 Pubmed_feat_L1.txt 0.00201707 0.00198675 3.0318e-05
115 Pubmed_feat_L1.txt 0.00134676 0.0013096 3.716e-05
116 Pubmed_feat_L1.txt 0.00205144 0.00201866 3.2777e-05
117 Pubmed_feat_L1.txt 0.00134346 0.00131463 2.883e-05
118 Pubmed_feat_L1.txt 0.00206521 0.0020254 3.9807e-05
119 Pubmed_feat_L1.txt 0.00133687 0.00130465 3.2224e-05
120 Pubmed_feat_L1.txt 0.00192676 0.00189235 3.4411e-05
121 Pubmed_feat_L1.txt 0.0014916 0.00146194 2.9667e-05
122 Pubmed_feat_L1.txt 0.0020353 0.00199773 3.7565e-05
123 Pubmed_feat_L1.txt 0.00141094 0.00138 3.0938e-05
124 Pubmed_feat_L1.txt 0.00211676 0.00208454 3.2215e-05
125 Pubmed_feat_L1.txt 0.00132708 0.00129835 2.8721e-05
126 Pubmed_feat_L1.txt 0.0021396 0.00211234 2.7262e-05
127 Pubmed_feat_L1.txt 0.00133566 0.0013049 3.076e-05
128 Pubmed_feat_L1.txt 0.00229909 0.00226748 3.1602e-05
129 Pubmed_feat_L1.txt 0.00150403 0.0014674 3.663e-05
130 Pubmed_feat_L1.txt 0.00237964 0.00234273 3.6916e-05
131 Pubmed_feat_L1.txt 0.00140652 0.00136955 3.6965e-05
132 Pubmed_feat_L1.txt 0.00237083 0.00233623 3.4593e-05
133 Pubmed_feat_L1.txt 0.00139794 0.0013651 3.2842e-05
134 Pubmed_feat_L1.txt 0.00224105 0.00219855 4.2504e-05
135 Pubmed_feat_L1.txt 0.00130663 0.0012727 3.3932e-05
136 Pubmed_feat_L1.txt 0.00229176 0.00226208 2.9681e-05
137 Pubmed_feat_L1.txt 0.00145027 0.00142181 2.8457e-05
138 Pubmed_feat_L1.txt 0.00220572 0.00217444 3.1278e-05
139 Pubmed_feat_L1.txt 0.00127896 0.00124715 3.1813e-05
140 Pubmed_feat_L1.txt 0.00235722 0.00233065 2.6571e-05
141 Pubmed_feat_L1.txt 0.00134644 0.00131565 3.0797e-05
142 Pubmed_feat_L1.txt 0.00222836 0.00220224 2.6111e-05
143 Pubmed_feat_L1.txt 0.00132442 0.00129079 3.3624e-05
144 Pubmed_feat_L1.txt 0.00232594 0.00228179 4.4145e-05
145 Pubmed_feat_L1.txt 0.00147084 0.0014339 3.6939e-05
146 Pubmed_feat_L1.txt 0.00225771 0.00222257 3.5134e-05
147 Pubmed_feat_L1.txt 0.00150445 0.00147209 3.2356e-05
148 Pubmed_feat_L1.txt 0.00191857 0.00189055 2.8011e-05
149 Pubmed_feat_L1.txt 0.00144135 0.00141253 2.8812e-05
150 Pubmed_feat_L1.txt 0.00227972 0.00224546 3.4263e-05
151 Pubmed_feat_L1.txt 0.00138431 0.00135512 2.9192e-05
152 Pubmed_feat_L1.txt 0.00227031 0.00223093 3.9382e-05
153 Pubmed_feat_L1.txt 0.00151352 0.00148555 2.7967e-05
154 Pubmed_feat_L1.txt 0.00228174 0.00224526 3.6479e-05
155 Pubmed_feat_L1.txt 0.00144282 0.00141144 3.1379e-05
156 Pubmed_feat_L1.txt 0.00227033 0.00223371 3.6624e-05
157 Pubmed_feat_L1.txt 0.00132616 0.00129683 2.9335e-05
158 Pubmed_feat_L1.txt 0.00233183 0.00229418 3.7641e-05
159 Pubmed_feat_L1.txt 0.00133775 0.00130934 2.8412e-05
160 Pubmed_feat_L1.txt 0.0023496 0.00231835 3.1248e-05
161 Pubmed_feat_L1.txt 0.00154841 0.00151664 3.1766e-05
162 Pubmed_feat_L1.txt 0.00212255 0.00209598 2.6571e-05
163 Pubmed_feat_L1.txt 0.00145383 0.0014283 2.5537e-05
164 Pubmed_feat_L1.txt 0.00232297 0.00229289 3.0076e-05
165 Pubmed_feat_L1.txt 0.00146629 0.00143666 2.9628e-05
166 Pubmed_feat_L1.txt 0.00222691 0.00220085 2.6066e-05
167 Pubmed_feat_L1.txt 0.00140537 0.00137557 2.9796e-05
168 Pubmed_feat_L1.txt 0.00228131 0.00224952 3.1792e-05
169 Pubmed_feat_L1.txt 0.0013908 0.001365 2.5809e-05
170 Pubmed_feat_L1.txt 0.00223582 0.00220771 2.8111e-05
171 Pubmed_feat_L1.txt 0.00133802 0.00130622 3.1797e-05
172 Pubmed_feat_L1.txt 0.00238354 0.00235256 3.0978e-05
173 Pubmed_feat_L1.txt 0.00135697 0.00132531 3.1663e-05
174 Pubmed_feat_L1.txt 0.0021994 0.0021705 2.8899e-05
175 Pubmed_feat_L1.txt 0.00130274 0.00127213 3.0606e-05
176 Pubmed_feat_L1.txt 0.00217407 0.00214313 3.094e-05
177 Pubmed_feat_L1.txt 0.0014249 0.00139929 2.5614e-05
178 Pubmed_feat_L1.txt 0.00190571 0.00187547 3.0241e-05
179 Pubmed_feat_L1.txt 0.00128856 0.00126374 2.4815e-05
180 Pubmed_feat_L1.txt 0.00188672 0.00186104 2.5681e-05
181 Pubmed_feat_L1.txt 0.00137053 0.00133924 3.1287e-05
182 Pubmed_feat_L1.txt 0.00193546 0.00190921 2.6251e-05
183 Pubmed_feat_L1.txt 0.00125996 0.00123093 2.903e-05
184 Pubmed_feat_L1.txt 0.00182579 0.00179761 2.8179e-05
185 Pubmed_feat_L1.txt 0.00134596 0.00131744 2.852e-05
186 Pubmed_feat_L1.txt 0.00198138 0.00194709 3.4293e-05
187 Pubmed_feat_L1.txt 0.00123833 0.00121155 2.6776e-05
188 Pubmed_feat_L1.txt 0.00200843 0.00197699 3.1438e-05
189 Pubmed_feat_L1.txt 0.00125679 0.00123214 2.4648e-05
190 Pubmed_feat_L1.txt 0.0021697 0.00214026 2.9448e-05
191 Pubmed_feat_L1.txt 0.00123823 0.00120977 2.8457e-05
192 Pubmed_feat_L1.txt 0.00222473 0.00219286 3.1862e-05
193 Pubmed_feat_L1.txt 0.00144166 0.00141005 3.1613e-05
194 Pubmed_feat_L1.txt 0.00202259 0.0019891 3.3491e-05
195 Pubmed_feat_L1.txt 0.00133654 0.00130597 3.0568e-05
196 Pubmed_feat_L1.txt 0.00216284 0.0021329 2.9942e-05
197 Pubmed_feat_L1.txt 0.00142399 0.00139061 3.3378e-05
198 Pubmed_feat_L1.txt 0.00207637 0.00204049 3.5884e-05
199 Pubmed_feat_L1.txt 0.00137992 0.00134549 3.4433e-05
200 Pubmed_feat_L1.txt 0.00221852 0.00218614 3.2371e-05
201 Pubmed_feat_L1.txt 0.00149621 0.00146405 3.216e-05
202 Pubmed_feat_L1.txt 0.00204064 0.00201214 2.8495e-05
203 Pubmed_feat_L1.txt 0.00128366 0.00125745 2.6213e-05
204 Pubmed_feat_L1.txt 0.00227643 0.0022479 2.8528e-05
205 Pubmed_feat_L1.txt 0.00139684 0.00136498 3.1854e-05
206 Pubmed_feat_L1.txt 0.00214248 0.0021114 3.1076e-05
207 Pubmed_feat_L1.txt 0.00138848 0.0013557 3.2776e-05
208 Pubmed_feat_L1.txt 0.00215478 0.00212083 3.3942e-05
209 Pubmed_feat_L1.txt 0.00151587 0.00147845 3.7415e-05
210 Pubmed_feat_L1.txt 0.0022966 0.00226089 3.5704e-05
211 Pubmed_feat_L1.txt 0.0014277 0.00139258 3.5115e-05
212 Pubmed_feat_L1.txt 0.0018918 0.00185709 3.4713e-05
213 Pubmed_feat_L1.txt 0.00150982 0.00147731 3.2502e-05
214 Pubmed_feat_L1.txt 0.00219512 0.00215935 3.5766e-05
215 Pubmed_feat_L1.txt 0.00135752 0.00132486 3.2661e-05
216 Pubmed_feat_L1.txt 0.0021925 0.00216377 2.8728e-05
217 Pubmed_feat_L1.txt 0.00147765 0.00144483 3.2817e-05
218 Pubmed_feat_L1.txt 0.00220597 0.00217403 3.194e-05
219 Pubmed_feat_L1.txt 0.00143873 0.00140508 3.3649e-05
220 Pubmed_feat_L1.txt 0.00214125 0.00210808 3.317e-05
221 Pubmed_feat_L1.txt 0.00134227 0.00130483 3.7441e-05
222 Pubmed_feat_L1.txt 0.00220004 0.00216754 3.25e-05
223 Pubmed_feat_L1.txt 0.00131551 0.00128499 3.0512e-05
224 Pubmed_feat_L1.txt 0.00230538 0.00227426 3.1119e-05
225 Pubmed_feat_L1.txt 0.00150128 0.00146792 3.3362e-05
226 Pubmed_feat_L1.txt 0.00204562 0.00201288 3.2739e-05
227 Pubmed_feat_L1.txt 0.00142886 0.00139659 3.227e-05
228 Pubmed_feat_L1.txt 0.00230609 0.00227528 3.0812e-05
229 Pubmed_feat_L1.txt 0.00143997 0.00140877 3.1199e-05
230 Pubmed_feat_L1.txt 0.00211668 0.0020879 2.8787e-05
231 Pubmed_feat_L1.txt 0.00138509 0.00135819 2.6899e-05
232 Pubmed_feat_L1.txt 0.00227699 0.00224537 3.1622e-05
233 Pubmed_feat_L1.txt 0.00145792 0.00142832 2.9596e-05
234 Pubmed_feat_L1.txt 0.00211611 0.00208023 3.5883e-05
235 Pubmed_feat_L1.txt 0.00133891 0.00130414 3.4771e-05
236 Pubmed_feat_L1.txt 0.00226061 0.00222605 3.4559e-05
237 Pubmed_feat_L1.txt 0.00132577 0.00129824 2.7527e-05
238 Pubmed_feat_L1.txt 0.00219627 0.002167 2.9271e-05
239 Pubmed_feat_L1.txt 0.00141763 0.00138497 3.2661e-05
240 Pubmed_feat_L1.txt 0.00213418 0.00209654 3.7637e-05
241 Pubmed_feat_L1.txt 0.00153693 0.00150279 3.4134e-05
242 Pubmed_feat_L1.txt 0.00194145 0.00191008 3.1375e-05
243 Pubmed_feat_L1.txt 0.00144091 0.0014075 3.3402e-05
244 Pubmed_feat_L1.txt 0.00192569 0.00189321 3.2476e-05
245 Pubmed_feat_L1.txt 0.00138441 0.0013509 3.3506e-05
246 Pubmed_feat_L1.txt 0.00204496 0.00201535 2.9613e-05
247 Pubmed_feat_L1.txt 0.00142927 0.00140375 2.5518e-05
248 Pubmed_feat_L1.txt 0.00190106 0.0018655 3.5563e-05
249 Pubmed_feat_L1.txt 0.00145192 0.00141691 3.5014e-05
250 Pubmed_feat_L1.txt 0.00206817 0.00203545 3.2717e-05
251 Pubmed_feat_L1.txt 0.00135516 0.00132114 3.4013e-05
252 Pubmed_feat_L1.txt 0.00206384 0.00202564 3.8195e-05
253 Pubmed_feat_L1.txt 0.00133811 0.00129541 4.2691e-05
254 Pubmed_feat_L1.txt 0.00221116 0.0021774 3.3762e-05
255 Pubmed_feat_L1.txt 0.00133675 0.00130721 2.9534e-05
256 Pubmed_feat_L1.txt 0.00226973 0.0022412 2.8534e-05
257 Pubmed_feat_L1.txt 0.00147538 0.00144451 3.0875e-05
258 Pubmed_feat_L1.txt 0.00246045 0.00243227 2.8179e-05
259 Pubmed_feat_L1.txt 0.00144873 0.00141828 3.0445e-05
260 Pubmed_feat_L1.txt 0.002266 0.00223191 3.4083e-05
261 Pubmed_feat_L1.txt 0.00141367 0.00137377 3.9897e-05
262 Pubmed_feat_L1.txt 0.00223227 0.00219984 3.2434e-05
263 Pubmed_feat_L1.txt 0.00135936 0.00132967 2.9681e-05
264 Pubmed_feat_L1.txt 0.00228243 0.00224766 3.4773e-05
265 Pubmed_feat_L1.txt 0.00139562 0.00136237 3.3251e-05
266 Pubmed_feat_L1.txt 0.00225714 0.00222363 3.351e-05
267 Pubmed_feat_L1.txt 0.00129287 0.00126198 3.0895e-05
268 Pubmed_feat_L1.txt 0.00238753 0.00235166 3.5865e-05
269 Pubmed_feat_L1.txt 0.00130249 0.00126768 3.4808e-05
270 Pubmed_feat_L1.txt 0.00224795 0.00221657 3.1375e-05
271 Pubmed_feat_L1.txt 0.00135617 0.00132662 2.9545e-05
272 Pubmed_feat_L1.txt 0.00227354 0.00224228 3.1263e-05
273 Pubmed_feat_L1.txt 0.00148285 0.00144883 3.4025e-05
274 Pubmed_feat_L1.txt 0.00227001 0.00223405 3.5957e-05
275 Pubmed_feat_L1.txt 0.00143262 0.00139183 4.0788e-05
276 Pubmed_feat_L1.txt 0.00199262 0.00195602 3.6604e-05
277 Pubmed_feat_L1.txt 0.00138775 0.00134732 4.0431e-05
278 Pubmed_feat_L1.txt 0.00238254 0.00234054 4.2001e-05
279 Pubmed_feat_L1.txt 0.00138393 0.00134619 3.7748e-05
280 Pubmed_feat_L1.txt 0.00231261 0.00227836 3.4249e-05
281 Pubmed_feat_L1.txt 0.00143353 0.00140256 3.0968e-05
282 Pubmed_feat_L1.txt 0.00230479 0.00227161 3.3172e-05
283 Pubmed_feat_L1.txt 0.00135659 0.00132023 3.6367e-05
284 Pubmed_feat_L1.txt 0.00222798 0.00219309 3.4885e-05
285 Pubmed_feat_L1.txt 0.00142124 0.00138141 3.9823e-05
286 Pubmed_feat_L1.txt 0.0022811 0.00225656 2.4544e-05
287 Pubmed_feat_L1.txt 0.00133227 0.00130729 2.4973e-05
288 Pubmed_feat_L1.txt 0.00232734 0.00229911 2.8231e-05
289 Pubmed_feat_L1.txt 0.00138018 0.00134401 3.6174e-05
290 Pubmed_feat_L1.txt 0.00226751 0.00223308 3.4431e-05
291 Pubmed_feat_L1.txt 0.00134604 0.00131448 3.1561e-05
292 Pubmed_feat_L1.txt 0.00218987 0.00216116 2.8716e-05
293 Pubmed_feat_L1.txt 0.0013806 0.00135101 2.9597e-05
294 Pubmed_feat_L1.txt 0.00205781 0.00202987 2.7935e-05
295 Pubmed_feat_L1.txt 0.00138596 0.00135683 2.9134e-05
296 Pubmed_feat_L1.txt 0.00219857 0.00216851 3.006e-05
297 Pubmed_feat_L1.txt 0.00127705 0.00124808 2.8973e-05
298 Pubmed_feat_L1.txt 0.00225717 0.00222896 2.8212e-05
299 Pubmed_feat_L1.txt 0.00135759 0.0013272 3.0389e-05
300 Pubmed_feat_L1.txt 0.0021588 0.00213106 2.7734e-05
301 Pubmed_feat_L1.txt 0.00116117 0.00112997 3.1199e-05
302 Pubmed_feat_L1.txt 0.00225506 0.00222789 2.7178e-05
303 Pubmed_feat_L1.txt 0.00118538 0.00115664 2.8737e-05
304 Pubmed_feat_L1.txt 0.002182 0.00215696 2.5038e-05
305 Pubmed_feat_L1.txt 0.00136418 0.00133621 2.797e-05
306 Pubmed_feat_L1.txt 0.00184748 0.00181794 2.9532e-05
307 Pubmed_feat_L1.txt 0.00119733 0.00116319 3.4134e-05
308 Pubmed_feat_L1.txt 0.00179531 0.00175914 3.6168e-05
309 Pubmed_feat_L1.txt 0.00126278 0.00123168 3.11e-05
310 Pubmed_feat_L1.txt 0.00182319 0.00179728 2.5909e-05
311 Pubmed_feat_L1.txt 0.00121019 0.0011823 2.7896e-05
312 Pubmed_feat_L1.txt 0.00179873 0.00177441 2.4314e-05
313 Pubmed_feat_L1.txt 0.00139514 0.00136545 2.9688e-05
314 Pubmed_feat_L1.txt 0.00203035 0.00199932 3.1025e-05
315 Pubmed_feat_L1.txt 0.00127741 0.00125294 2.4476e-05
316 Pubmed_feat_L1.txt 0.00202871 0.00200265 2.6062e-05
317 Pubmed_feat_L1.txt 0.00124792 0.00121579 3.2132e-05
318 Pubmed_feat_L1.txt 0.00205135 0.00202173 2.9624e-05
319 Pubmed_feat_L1.txt 0.00129041 0.00125862 3.1788e-05
320 Pubmed_feat_L1.txt 0.00233083 0.00229795 3.2882e-05
321 Pubmed_feat_L1.txt 0.00139018 0.0013596 3.0578e-05
322 Pubmed_feat_L1.txt 0.00199154 0.00195949 3.2052e-05
323 Pubmed_feat_L1.txt 0.00128851 0.00125243 3.6079e-05
324 Pubmed_feat_L1.txt 0.00222225 0.00218846 3.3792e-05
325 Pubmed_feat_L1.txt 0.00143629 0.00140047 3.5818e-05
326 Pubmed_feat_L1.txt 0.00194686 0.00191022 3.6639e-05
327 Pubmed_feat_L1.txt 0.001334 0.00129645 3.7557e-05
328 Pubmed_feat_L1.txt 0.00215318 0.00212045 3.2721e-05
329 Pubmed_feat_L1.txt 0.00135505 0.00131728 3.7769e-05
330 Pubmed_feat_L1.txt 0.00206414 0.00202837 3.5762e-05
331 Pubmed_feat_L1.txt 0.00121927 0.00118279 3.6483e-05
332 Pubmed_feat_L1.txt 0.00220562 0.00217507 3.0547e-05
333 Pubmed_feat_L1.txt 0.00135202 0.00131272 3.9301e-05
334 Pubmed_feat_L1.txt 0.00204292 0.00200625 3.6668e-05
335 Pubmed_feat_L1.txt 0.0013579 0.00132533 3.2568e-05
336 Pubmed_feat_L1.txt 0.00214601 0.00211597 3.0042e-05
337 Pubmed_feat_L1.txt 0.00152892 0.0014918 3.712e-05
338 Pubmed_feat_L1.txt 0.00230871 0.00227604 3.2672e-05
339 Pubmed_feat_L1.txt 0.00133466 0.00129785 3.6817e-05
340 Pubmed_feat_L1.txt 0.00190527 0.00187377 3.1497e-05
341 Pubmed_feat_L1.txt 0.00141048 0.00137567 3.4802e-05
342 Pubmed_feat_L1.txt 0.00226436 0.002227 3.7363e-05
343 Pubmed_feat_L1.txt 0.0013439 0.00130805 3.5847e-05
344 Pubmed_feat_L1.txt 0.00234385 0.00231074 3.3113e-05
345 Pubmed_feat_L1.txt 0.00155645 0.00152001 3.6444e-05
346 Pubmed_feat_L1.txt 0.00226153 0.00222366 3.7869e-05
347 Pubmed_feat_L1.txt 0.00136165 0.00132499 3.6659e-05
348 Pubmed_feat_L1.txt 0.00220866 0.00217212 3.6545e-05
349 Pubmed_feat_L1.txt 0.00127976 0.00124867 3.109e-05
350 Pubmed_feat_L1.txt 0.00218381 0.00214737 3.6435e-05
351 Pubmed_feat_L1.txt 0.00123777 0.0012071 3.0668e-05
352 Pubmed_feat_L1.txt 0.00239607 0.00236361 3.2465e-05
353 Pubmed_feat_L1.txt 0.00152638 0.00149274 3.364e-05
354 Pubmed_feat_L1.txt 0.00209635 0.00207088 2.5476e-05
355 Pubmed_feat_L1.txt 0.00132867 0.00129485 3.3822e-05
356 Pubmed_feat_L1.txt 0.00239209 0.00235819 3.3891e-05
357 Pubmed_feat_L1.txt 0.00138698 0.00135763 2.9353e-05
358 Pubmed_feat_L1.txt 0.00213788 0.0020996 3.8285e-05
359 Pubmed_feat_L1.txt 0.00143689 0.00139894 3.7945e-05
360 Pubmed_feat_L1.txt 0.00238344 0.00235185 3.1588e-05
361 Pubmed_feat_L1.txt 0.00142238 0.00138962 3.2755e-05
362 Pubmed_feat_L1.txt 0.002232 0.00219491 3.7081e-05
363 Pubmed_feat_L1.txt 0.00131784 0.00129208 2.5764e-05
364 Pubmed_feat_L1.txt 0.00237583 0.00234406 3.1771e-05
365 Pubmed_feat_L1.txt 0.00134389 0.0013169 2.6986e-05
366 Pubmed_feat_L1.txt 0.00228453 0.00225272 3.1816e-05
367 Pubmed_feat_L1.txt 0.00134877 0.00131717 3.16e-05
368 Pubmed_feat_L1.txt 0.00217965 0.00214395 3.5699e-05
369 Pubmed_feat_L1.txt 0.00146422 0.00143204 3.2185e-05
370 Pubmed_feat_L1.txt 0.00213681 0.00210351 3.3298e-05
371 Pubmed_feat_L1.txt 0.00135231 0.00132381 2.8506e-05
372 Pubmed_feat_L1.txt 0.00215736 0.00212155 3.5808e-05
373 Pubmed_feat_L1.txt 0.00135409 0.00132255 3.1537e-05
374 Pubmed_feat_L1.txt 0.00212661 0.00209474 3.1869e-05
375 Pubmed_feat_L1.txt 0.00128362 0.00125453 2.9088e-05
376 Pubmed_feat_L1.txt 0.00207363 0.0020394 3.4233e-05
377 Pubmed_feat_L1.txt 0.00137476 0.00133926 3.5504e-05
378 Pubmed_feat_L1.txt 0.00214966 0.00211574 3.3927e-05
379 Pubmed_feat_L1.txt 0.00126241 0.00122682 3.5587e-05
380 Pubmed_feat_L1.txt 0.00205438 0.00202242 3.1967e-05
381 Pubmed_feat_L1.txt 0.00133257 0.00130462 2.7945e-05
382 Pubmed_feat_L1.txt 0.00218032 0.00215059 2.9732e-05
383 Pubmed_feat_L1.txt 0.00132388 0.00129187 3.2017e-05
384 Pubmed_feat_L1.txt 0.00224071 0.00220996 3.0748e-05
385 Pubmed_feat_L1.txt 0.00137193 0.00133665 3.5277e-05
386 Pubmed_feat_L1.txt 0.00235156 0.00231638 3.5186e-05
387 Pubmed_feat_L1.txt 0.00129848 0.00126237 3.6108e-05
388 Pubmed_feat_L1.txt 0.00231297 0.00227434 3.863e-05
389 Pubmed_feat_L1.txt 0.00139442 0.0013618 3.2621e-05
390 Pubmed_feat_L1.txt 0.00219112 0.00216338 2.7747e-05
391 Pubmed_feat_L1.txt 0.00137798 0.00134767 3.0312e-05
392 Pubmed_feat_L1.txt 0.00231169 0.00228352 2.8174e-05
393 Pubmed_feat_L1.txt 0.0014127 0.00137692 3.578e-05
394 Pubmed_feat_L1.txt 0.00225805 0.00222783 3.0219e-05
395 Pubmed_feat_L1.txt 0.00122626 0.00119145 3.4805e-05
396 Pubmed_feat_L1.txt 0.00241279 0.00238125 3.1543e-05
397 Pubmed_feat_L1.txt 0.0013392 0.00130716 3.2036e-05
398 Pubmed_feat_L1.txt 0.00214876 0.00211765 3.1106e-05
399 Pubmed_feat_L1.txt 0.00124299 0.00121103 3.1956e-05
400 Pubmed_feat_L1.txt 0.00221206 0.00218581 2.6248e-05
401 Pubmed_feat_L1.txt 0.00135563 0.00132213 3.3492e-05
402 Pubmed_feat_L1.txt 0.00229611 0.00226576 3.0347e-05
403 Pubmed_feat_L1.txt 0.00126903 0.00123931 2.9722e-05
404 Pubmed_feat_L1.txt 0.00186876 0.00183833 3.0427e-05
405 Pubmed_feat_L1.txt 0.00129619 0.00126826 2.7935e-05
406 Pubmed_feat_L1.txt 0.00220156 0.00216988 3.1688e-05
407 Pubmed_feat_L1.txt 0.00134102 0.00131374 2.7284e-05
408 Pubmed_feat_L1.txt 0.00220343 0.00217306 3.0375e-05
409 Pubmed_feat_L1.txt 0.00145457 0.00142871 2.5855e-05
410 Pubmed_feat_L1.txt 0.00220337 0.00217077 3.2602e-05
411 Pubmed_feat_L1.txt 0.00137696 0.00134232 3.4638e-05
412 Pubmed_feat_L1.txt 0.00222768 0.00219035 3.7335e-05
413 Pubmed_feat_L1.txt 0.00131112 0.00128032 3.0806e-05
414 Pubmed_feat_L1.txt 0.00224807 0.00221777 3.0299e-05
415 Pubmed_feat_L1.txt 0.00124796 0.00121764 3.0327e-05
416 Pubmed_feat_L1.txt 0.00227601 0.00224737 2.864e-05
417 Pubmed_feat_L1.txt 0.00142048 0.00139281 2.7673e-05
418 Pubmed_feat_L1.txt 0.00213823 0.00210999 2.8241e-05
419 Pubmed_feat_L1.txt 0.00132472 0.00129813 2.6586e-05
420 Pubmed_feat_L1.txt 0.00228624 0.00225575 3.0482e-05
421 Pubmed_feat_L1.txt 0.00134931 0.00132025 2.9066e-05
422 Pubmed_feat_L1.txt 0.00212458 0.00209668 2.7899e-05
423 Pubmed_feat_L1.txt 0.0013163 0.00128894 2.7364e-05
424 Pubmed_feat_L1.txt 0.00225605 0.00222554 3.0507e-05
425 Pubmed_feat_L1.txt 0.00131703 0.00128633 3.0699e-05
426 Pubmed_feat_L1.txt 0.00209707 0.00206984 2.7226e-05
427 Pubmed_feat_L1.txt 0.00124745 0.00121886 2.8593e-05
428 Pubmed_feat_L1.txt 0.00229831 0.00226488 3.3433e-05
429 Pubmed_feat_L1.txt 0.00135005 0.00132348 2.6567e-05
430 Pubmed_feat_L1.txt 0.0021789 0.00214978 2.912e-05
431 Pubmed_feat_L1.txt 0.00127252 0.00124509 2.7432e-05
432 Pubmed_feat_L1.txt 0.00214388 0.0021151 2.8778e-05
433 Pubmed_feat_L1.txt 0.00142234 0.00139335 2.8991e-05
434 Pubmed_feat_L1.txt 0.00197686 0.00194549 3.1363e-05
435 Pubmed_feat_L1.txt 0.00132407 0.00129128 3.2788e-05
436 Pubmed_feat_L1.txt 0.00188244 0.00184999 3.2455e-05
437 Pubmed_feat_L1.txt 0.0013576 0.00132636 3.1239e-05
438 Pubmed_feat_L1.txt 0.00195034 0.00192365 2.6685e-05
439 Pubmed_feat_L1.txt 0.00128766 0.00125739 3.0273e-05
440 Pubmed_feat_L1.txt 0.00186012 0.00183289 2.7226e-05
441 Pubmed_feat_L1.txt 0.00144398 0.00141703 2.6951e-05
442 Pubmed_feat_L1.txt 0.00202341 0.00199875 2.4668e-05
443 Pubmed_feat_L1.txt 0.00133207 0.00130603 2.6043e-05
444 Pubmed_feat_L1.txt 0.0020481 0.00201948 2.862e-05
445 Pubmed_feat_L1.txt 0.00126933 0.00123791 3.1414e-05
446 Pubmed_feat_L1.txt 0.00219326 0.00216842 2.4839e-05
447 Pubmed_feat_L1.txt 0.00121527 0.00118576 2.9514e-05
448 Pubmed_feat_L1.txt 0.00232253 0.00229497 2.7556e-05
449 Pubmed_feat_L1.txt 0.00149393 0.00146696 2.697e-05
450 Pubmed_feat_L1.txt 0.00213032 0.00209169 3.8626e-05
451 Pubmed_feat_L1.txt 0.00137142 0.00134313 2.8288e-05
452 Pubmed_feat_L1.txt 0.00221194 0.00218213 2.9804e-05
453 Pubmed_feat_L1.txt 0.00136799 0.00133898 2.9014e-05
454 Pubmed_feat_L1.txt 0.00211919 0.00208904 3.0156e-05
455 Pubmed_feat_L1.txt 0.00138241 0.00134887 3.3535e-05
456 Pubmed_feat_L1.txt 0.00225536 0.00222574 2.9623e-05
457 Pubmed_feat_L1.txt 0.00145777 0.00142556 3.2207e-05
458 Pubmed_feat_L1.txt 0.00213612 0.00210864 2.7473e-05
459 Pubmed_feat_L1.txt 0.001341 0.00130662 3.4375e-05
460 Pubmed_feat_L1.txt 0.00230837 0.00227198 3.6383e-05
461 Pubmed_feat_L1.txt 0.00136832 0.00132521 4.3106e-05
462 Pubmed_feat_L1.txt 0.00216968 0.00213069 3.8989e-05
463 Pubmed_feat_L1.txt 0.00132322 0.00128752 3.57e-05
464 Pubmed_feat_L1.txt 0.00226221 0.0022288 3.3402e-05
465 Pubmed_feat_L1.txt 0.00159015 0.00155635 3.3801e-05
466 Pubmed_feat_L1.txt 0.00232114 0.00228711 3.4029e-05
467 Pubmed_feat_L1.txt 0.0015228 0.00148596 3.6839e-05
468 Pubmed_feat_L1.txt 0.0020032 0.00196656 3.6633e-05
469 Pubmed_feat_L1.txt 0.00152179 0.00148659 3.5195e-05
470 Pubmed_feat_L1.txt 0.00229796 0.00225919 3.8772e-05
471 Pubmed_feat_L1.txt 0.00141959 0.00138061 3.8981e-05
472 Pubmed_feat_L1.txt 0.00227944 0.00224657 3.2865e-05
473 Pubmed_feat_L1.txt 0.00153468 0.00150466 3.0019e-05
474 Pubmed_feat_L1.txt 0.00227897 0.0022508 2.8168e-05
475 Pubmed_feat_L1.txt 0.00139168 0.00136388 2.7804e-05
476 Pubmed_feat_L1.txt 0.00224609 0.00221475 3.134e-05
477 Pubmed_feat_L1.txt 0.00137798 0.00134987 2.8116e-05
478 Pubmed_feat_L1.txt 0.00226535 0.00223938 2.5961e-05
479 Pubmed_feat_L1.txt 0.00129519 0.00126149 3.3694e-05
480 Pubmed_feat_L1.txt 0.0023466 0.00230657 4.0037e-05
481 Pubmed_feat_L1.txt 0.00152982 0.00149293 3.6896e-05
482 Pubmed_feat_L1.txt 0.00201346 0.001976 3.7462e-05
483 Pubmed_feat_L1.txt 0.00143502 0.00139472 4.0305e-05
484 Pubmed_feat_L1.txt 0.00225827 0.00222456 3.371e-05
485 Pubmed_feat_L1.txt 0.00142574 0.00139076 3.4979e-05
486 Pubmed_feat_L1.txt 0.00205916 0.00202405 3.5106e-05
487 Pubmed_feat_L1.txt 0.00132769 0.00128942 3.8271e-05
488 Pubmed_feat_L1.txt 0.00225644 0.00221995 3.6493e-05
489 Pubmed_feat_L1.txt 0.00142878 0.001391 3.7783e-05
490 Pubmed_feat_L1.txt 0.00203753 0.00200051 3.7022e-05
491 Pubmed_feat_L1.txt 0.00136119 0.00132214 3.9054e-05
492 Pubmed_feat_L1.txt 0.00221739 0.00218624 3.1144e-05
493 Pubmed_feat_L1.txt 0.00128547 0.00125413 3.1338e-05
494 Pubmed_feat_L1.txt 0.00215931 0.00212447 3.4845e-05
495 Pubmed_feat_L1.txt 0.00128576 0.00125122 3.4541e-05
496 Pubmed_feat_L1.txt 0.00201009 0.00197542 3.467e-05
497 Pubmed_feat_L1.txt 0.00149025 0.00145605 3.4196e-05
498 Pubmed_feat_L1.txt 0.00188537 0.00185022 3.5149e-05
499 Pubmed_feat_L1.txt 0.00129825 0.00126493 3.3321e-05
500 Pubmed_feat_L1.txt 0.00192808 0.00189843 2.9643e-05
501 Pubmed_feat_L1.txt 0.00138456 0.00134766 3.6894e-05
502 Pubmed_feat_L1.txt 0.00186181 0.00182891 3.2899e-05
503 Pubmed_feat_L1.txt 0.00130903 0.00127728 3.1741e-05
504 Pubmed_feat_L1.txt 0.00190116 0.00186911 3.2046e-05
505 Pubmed_feat_L1.txt 0.00137235 0.00134032 3.2029e-05
506 Pubmed_feat_L1.txt 0.00214778 0.00211374 3.4035e-05
507 Pubmed_feat_L1.txt 0.00124894 0.00121833 3.0607e-05
508 Pubmed_feat_L1.txt 0.00210014 0.00206898 3.1167e-05
509 Pubmed_feat_L1.txt 0.00123898 0.00120366 3.5316e-05
510 Pubmed_feat_L1.txt 0.00211267 0.00208087 3.18e-05
511 Pubmed_feat_L1.txt 0.0011988 0.00116373 3.5072e-05
512 Pubmed_feat_L1.txt 0.00215404 0.00212191 3.2132e-05
513 Pubmed_feat_L1.txt 0.0015164 0.00148277 3.3633e-05
514 Pubmed_feat_L1.txt 0.00235087 0.00231989 3.0981e-05
515 Pubmed_feat_L1.txt 0.00138957 0.00135076 3.8816e-05
516 Pubmed_feat_L1.txt 0.00219763 0.00216089 3.6738e-05
517 Pubmed_feat_L1.txt 0.0014192 0.0013805 3.8699e-05
518 Pubmed_feat_L1.txt 0.00231145 0.00227923 3.2228e-05
519 Pubmed_feat_L1.txt 0.00137433 0.00134292 3.1412e-05
520 Pubmed_feat_L1.txt 0.00219686 0.00216588 3.0987e-05
521 Pubmed_feat_L1.txt 0.00142229 0.00138745 3.484e-05
522 Pubmed_feat_L1.txt 0.00217542 0.0021401 3.532e-05
523 Pubmed_feat_L1.txt 0.00136741 0.00132899 3.8417e-05
524 Pubmed_feat_L1.txt 0.00247229 0.00244058 3.1716e-05
525 Pubmed_feat_L1.txt 0.00137542 0.00135083 2.4592e-05
526 Pubmed_feat_L1.txt 0.00221742 0.00219521 2.2207e-05
527 Pubmed_feat_L1.txt 0.00135552 0.00132445 3.1066e-05
528 Pubmed_feat_L1.txt 0.00214868 0.00211506 3.3621e-05
529 Pubmed_feat_L1.txt 0.00154631 0.00151373 3.2587e-05
530 Pubmed_feat_L1.txt 0.00228329 0.00225228 3.1007e-05
531 Pubmed_feat_L1.txt 0.00139944 0.00136224 3.7198e-05
532 Pubmed_feat_L1.txt 0.00196809 0.00193799 3.0098e-05
533 Pubmed_feat_L1.txt 0.00143996 0.00140485 3.511e-05
534 Pubmed_feat_L1.txt 0.00235807 0.00232953 2.8545e-05
535 Pubmed_feat_L1.txt 0.00141024 0.00137736 3.288e-05
536 Pubmed_feat_L1.txt 0.00220628 0.00217798 2.8294e-05
537 Pubmed_feat_L1.txt 0.00156327 0.00152917 3.4102e-05
538 Pubmed_feat_L1.txt 0.00221839 0.00218864 2.9749e-05
539 Pubmed_feat_L1.txt 0.00141131 0.00137836 3.2954e-05
540 Pubmed_feat_L1.txt 0.00225428 0.00223007 2.421e-05
541 Pubmed_feat_L1.txt 0.00144703 0.00142129 2.5745e-05
542 Pubmed_feat_L1.txt 0.00227269 0.00224299 2.9695e-05
543 Pubmed_feat_L1.txt 0.00137805 0.00135186 2.6193e-05
544 Pubmed_feat_L1.txt 0.00237898 0.00235095 2.8031e-05
545 Pubmed_feat_L1.txt 0.00142083 0.00139013 3.0702e-05
546 Pubmed_feat_L1.txt 0.00215521 0.00212752 2.769e-05
547 Pubmed_feat_L1.txt 0.00144941 0.00141808 3.1324e-05
548 Pubmed_feat_L1.txt 0.00237409 0.00234547 2.8624e-05
549 Pubmed_feat_L1.txt 0.00138026 0.00135013 3.0123e-05
550 Pubmed_feat_L1.txt 0.00221797 0.00218846 2.9512e-05
551 Pubmed_feat_L1.txt 0.00136708 0.00133499 3.2098e-05
552 Pubmed_feat_L1.txt 0.00223722 0.00220818 2.904e-05
553 Pubmed_feat_L1.txt 0.00138904 0.00135359 3.5449e-05
554 Pubmed_feat_L1.txt 0.00219402 0.00215798 3.6035e-05
555 Pubmed_feat_L1.txt 0.00136373 0.00132396 3.9767e-05
556 Pubmed_feat_L1.txt 0.00231971 0.00228218 3.7524e-05
557 Pubmed_feat_L1.txt 0.00140996 0.00137136 3.8603e-05
558 Pubmed_feat_L1.txt 0.0022495 0.00221084 3.8661e-05
559 Pubmed_feat_L1.txt 0.00125131 0.00121424 3.7066e-05
560 Pubmed_feat_L1.txt 0.00208703 0.00205622 3.0803e-05
561 Pubmed_feat_L1.txt 0.00152177 0.00149151 3.0254e-05
562 Pubmed_feat_L1.txt 0.00202167 0.00198247 3.9201e-05
563 Pubmed_feat_L1.txt 0.00132833 0.00128805 4.028e-05
564 Pubmed_feat_L1.txt 0.001938 0.00190425 3.3749e-05
565 Pubmed_feat_L1.txt 0.00133172 0.00129532 3.6392e-05
566 Pubmed_feat_L1.txt 0.00193479 0.00190011 3.4684e-05
567 Pubmed_feat_L1.txt 0.00133309 0.00129921 3.3885e-05
568 Pubmed_feat_L1.txt 0.00188301 0.00184664 3.6374e-05
569 Pubmed_feat_L1.txt 0.0013521 0.00131586 3.6235e-05
570 Pubmed_feat_L1.txt 0.00202017 0.00198425 3.5926e-05
571 Pubmed_feat_L1.txt 0.00131801 0.00128295 3.5058e-05
572 Pubmed_feat_L1.txt 0.00200167 0.00196605 3.5621e-05
573 Pubmed_feat_L1.txt 0.00136498 0.00133638 2.86e-05
574 Pubmed_feat_L1.txt 0.00211478 0.00208167 3.3106e-05
575 Pubmed_feat_L1.txt 0.00134507 0.0013124 3.2666e-05
576 Pubmed_feat_L1.txt 0.00219826 0.00215931 3.8949e-05
577 Pubmed_feat_L1.txt 0.0014829 0.00144739 3.5512e-05
578 Pubmed_feat_L1.txt 0.00199232 0.00196135 3.0964e-05
579 Pubmed_feat_L1.txt 0.00126888 0.00123534 3.3534e-05
580 Pubmed_feat_L1.txt 0.00208227 0.00205077 3.1501e-05
581 Pubmed_feat_L1.txt 0.00139877 0.00136701 3.1756e-05
582 Pubmed_feat_L1.txt 0.0020695 0.00204066 2.8833e-05
583 Pubmed_feat_L1.txt 0.00142839 0.001394 3.4394e-05
584 Pubmed_feat_L1.txt 0.00220813 0.00217358 3.4558e-05
585 Pubmed_feat_L1.txt 0.00145923 0.0014152 4.4029e-05
586 Pubmed_feat_L1.txt 0.00205872 0.00201517 4.3544e-05
587 Pubmed_feat_L1.txt 0.00127881 0.00124581 3.3006e-05
588 Pubmed_feat_L1.txt 0.00231496 0.00228663 2.834e-05
589 Pubmed_feat_L1.txt 0.00139315 0.00135817 3.4981e-05
590 Pubmed_feat_L1.txt 0.00211404 0.00207482 3.9217e-05
591 Pubmed_feat_L1.txt 0.00131012 0.00126886 4.1266e-05
592 Pubmed_feat_L1.txt 0.00220839 0.00217713 3.1254e-05
593 Pubmed_feat_L1.txt 0.00154316 0.00150781 3.5343e-05
594 Pubmed_feat_L1.txt 0.00230377 0.00227199 3.1775e-05
595 Pubmed_feat_L1.txt 0.00139863 0.00136547 3.3162e-05
596 Pubmed_feat_L1.txt 0.00190724 0.00187298 3.4267e-05
597 Pubmed_feat_L1.txt 0.00142656 0.00139367 3.2889e-05
598 Pubmed_feat_L1.txt 0.00219218 0.00216334 2.8838e-05
599 Pubmed_feat_L1.txt 0.00134023 0.00130682 3.3403e-05
600 Pubmed_feat_L1.txt 0.00218652 0.0021548 3.1726e-05
601 Pubmed_feat_L1.txt 0.00151516 0.00148573 2.9425e-05
602 Pubmed_feat_L1.txt 0.00226255 0.00222797 3.4579e-05
603 Pubmed_feat_L1.txt 0.0013558 0.0013212 3.4601e-05
604 Pubmed_feat_L1.txt 0.00223155 0.00219589 3.5662e-05
605 Pubmed_feat_L1.txt 0.0013119 0.00127735 3.4551e-05
606 Pubmed_feat_L1.txt 0.00219439 0.00216139 3.3003e-05
607 Pubmed_feat_L1.txt 0.00136504 0.00133517 2.9873e-05
608 Pubmed_feat_L1.txt 0.00236778 0.00233347 3.4316e-05
609 Pubmed_feat_L1.txt 0.0015795 0.00154524 3.4256e-05
610 Pubmed_feat_L1.txt 0.0021648 0.00213376 3.1039e-05
611 Pubmed_feat_L1.txt 0.00143483 0.00140106 3.3774e-05
612 Pubmed_feat_L1.txt 0.00236548 0.00233482 3.0659e-05
613 Pubmed_feat_L1.txt 0.00139667 0.00135785 3.8824e-05
614 Pubmed_feat_L1.txt 0.00214471 0.00211106 3.3652e-05
615 Pubmed_feat_L1.txt 0.00140545 0.00137102 3.4422e-05
616 Pubmed_feat_L1.txt 0.00237904 0.00233927 3.9771e-05
617 Pubmed_feat_L1.txt 0.00152362 0.00148469 3.8928e-05
618 Pubmed_feat_L1.txt 0.00212362 0.00208587 3.7742e-05
619 Pubmed_feat_L1.txt 0.00135522 0.00131626 3.8959e-05
620 Pubmed_feat_L1.txt 0.00224615 0.00220704 3.9107e-05
621 Pubmed_feat_L1.txt 0.00126707 0.00122782 3.9255e-05
622 Pubmed_feat_L1.txt 0.00214533 0.00210644 3.8891e-05
623 Pubmed_feat_L1.txt 0.00131061 0.0012789 3.1705e-05
624 Pubmed_feat_L1.txt 0.00223044 0.0021912 3.9232e-05
625 Pubmed_feat_L1.txt 0.00153314 0.00148709 4.6056e-05
626 Pubmed_feat_L1.txt 0.00214422 0.00211334 3.0883e-05
627 Pubmed_feat_L1.txt 0.00144803 0.00140935 3.8683e-05
628 Pubmed_feat_L1.txt 0.00216649 0.00212473 4.1765e-05
629 Pubmed_feat_L1.txt 0.00144255 0.00140425 3.8305e-05
630 Pubmed_feat_L1.txt 0.00213225 0.0020965 3.5745e-05
631 Pubmed_feat_L1.txt 0.00135365 0.00131003 4.3623e-05
632 Pubmed_feat_L1.txt 0.00201514 0.00197543 3.9711e-05
633 Pubmed_feat_L1.txt 0.00149441 0.00145231 4.2106e-05
634 Pubmed_feat_L1.txt 0.0021088 0.00207033 3.8473e-05
635 Pubmed_feat_L1.txt 0.00140261 0.00136349 3.9118e-05
636 Pubmed_feat_L1.txt 0.0021241 0.00208939 3.4713e-05
637 Pubmed_feat_L1.txt 0.00140451 0.00137019 3.4321e-05
638 Pubmed_feat_L1.txt 0.00220092 0.00215876 4.2164e-05
639 Pubmed_feat_L1.txt 0.00133531 0.00129302 4.2287e-05
640 Pubmed_feat_L1.txt 0.00237348 0.00233029 4.3185e-05
641 Pubmed_feat_L1.txt 0.0015465 0.00151254 3.3956e-05
642 Pubmed_feat_L1.txt 0.0025299 0.00248683 4.3072e-05
643 Pubmed_feat_L1.txt 0.00142353 0.00138063 4.2893e-05
644 Pubmed_feat_L1.txt 0.0022651 0.0022205 4.4595e-05
645 Pubmed_feat_L1.txt 0.00147406 0.00143818 3.5878e-05
646 Pubmed_feat_L1.txt 0.00221796 0.00218028 3.7679e-05
647 Pubmed_feat_L1.txt 0.00136925 0.00132876 4.0487e-05
648 Pubmed_feat_L1.txt 0.00225601 0.00221728 3.8726e-05
649 Pubmed_feat_L1.txt 0.00144102 0.00140071 4.0309e-05
650 Pubmed_feat_L1.txt 0.00221911 0.00218161 3.7499e-05
651 Pubmed_feat_L1.txt 0.00134325 0.0013156 2.7655e-05
652 Pubmed_feat_L1.txt 0.00237085 0.00234198 2.8873e-05
653 Pubmed_feat_L1.txt 0.0013785 0.00134771 3.0793e-05
654 Pubmed_feat_L1.txt 0.00217394 0.00214549 2.8451e-05
655 Pubmed_feat_L1.txt 0.00134812 0.00132308 2.5043e-05
656 Pubmed_feat_L1.txt 0.00221482 0.00218656 2.8256e-05
657 Pubmed_feat_L1.txt 0.00144198 0.00141314 2.8833e-05
658 Pubmed_feat_L1.txt 0.00229693 0.00226634 3.0594e-05
659 Pubmed_feat_L1.txt 0.00139197 0.00136455 2.7421e-05
660 Pubmed_feat_L1.txt 0.00192252 0.0018959 2.6625e-05
661 Pubmed_feat_L1.txt 0.0014241 0.00139367 3.0424e-05
662 Pubmed_feat_L1.txt 0.00221698 0.00218906 2.7928e-05
663 Pubmed_feat_L1.txt 0.001341 0.00130949 3.1504e-05
664 Pubmed_feat_L1.txt 0.00220621 0.00218128 2.4925e-05
665 Pubmed_feat_L1.txt 0.00154813 0.00151965 2.8476e-05
666 Pubmed_feat_L1.txt 0.00223492 0.00220643 2.8485e-05
667 Pubmed_feat_L1.txt 0.00132872 0.00130383 2.4894e-05
668 Pubmed_feat_L1.txt 0.00221203 0.0021833 2.873e-05
669 Pubmed_feat_L1.txt 0.00144049 0.00141185 2.864e-05
670 Pubmed_feat_L1.txt 0.00226424 0.00223622 2.8022e-05
671 Pubmed_feat_L1.txt 0.00131198 0.00128367 2.8306e-05
672 Pubmed_feat_L1.txt 0.00232314 0.00228749 3.5652e-05
673 Pubmed_feat_L1.txt 0.00152789 0.0014943 3.3598e-05
674 Pubmed_feat_L1.txt 0.00210485 0.00207317 3.1683e-05
675 Pubmed_feat_L1.txt 0.00148531 0.0014545 3.0812e-05
676 Pubmed_feat_L1.txt 0.00230625 0.00227502 3.1234e-05
677 Pubmed_feat_L1.txt 0.00137964 0.00134822 3.1417e-05
678 Pubmed_feat_L1.txt 0.00216414 0.00213361 3.0531e-05
679 Pubmed_feat_L1.txt 0.00143027 0.00140084 2.9427e-05
680 Pubmed_feat_L1.txt 0.00232243 0.00229386 2.8572e-05
681 Pubmed_feat_L1.txt 0.00145639 0.00142947 2.6912e-05
682 Pubmed_feat_L1.txt 0.00211449 0.00208501 2.9475e-05
683 Pubmed_feat_L1.txt 0.001408 0.00136813 3.9873e-05
684 Pubmed_feat_L1.txt 0.00231543 0.00228675 2.8677e-05
685 Pubmed_feat_L1.txt 0.00140311 0.00137377 2.934e-05
686 Pubmed_feat_L1.txt 0.00224364 0.00221281 3.0835e-05
687 Pubmed_feat_L1.txt 0.00140474 0.00137126 3.3479e-05
688 Pubmed_feat_L1.txt 0.00221964 0.00218797 3.1667e-05
689 Pubmed_feat_L1.txt 0.00146324 0.0014333 2.9949e-05
690 Pubmed_feat_L1.txt 0.0019311 0.00189959 3.1519e-05
691 Pubmed_feat_L1.txt 0.00135996 0.00133131 2.8654e-05
692 Pubmed_feat_L1.txt 0.0019524 0.00192188 3.0517e-05
693 Pubmed_feat_L1.txt 0.00141217 0.0013794 3.2765e-05
694 Pubmed_feat_L1.txt 0.00193 0.00189764 3.2359e-05
695 Pubmed_feat_L1.txt 0.00132629 0.00129631 2.9976e-05
696 Pubmed_feat_L1.txt 0.00182702 0.00180143 2.5584e-05
697 Pubmed_feat_L1.txt 0.00142962 0.00140002 2.9603e-05
698 Pubmed_feat_L1.txt 0.00206759 0.00203886 2.8723e-05
699 Pubmed_feat_L1.txt 0.00130795 0.00127757 3.0374e-05
700 Pubmed_feat_L1.txt 0.00198753 0.00195724 3.0286e-05
701 Pubmed_feat_L1.txt 0.00135631 0.00132666 2.9653e-05
702 Pubmed_feat_L1.txt 0.00220295 0.00217488 2.8075e-05
703 Pubmed_feat_L1.txt 0.0012214 0.00118887 3.2525e-05
704 Pubmed_feat_L1.txt 0.00231031 0.0022748 3.5516e-05
705 Pubmed_feat_L1.txt 0.00152335 0.00149167 3.1676e-05
706 Pubmed_feat_L1.txt 0.00197482 0.00194324 3.1584e-05
707 Pubmed_feat_L1.txt 0.00131223 0.00127505 3.7176e-05
708 Pubmed_feat_L1.txt 0.00221585 0.00217485 4.0994e-05
709 Pubmed_feat_L1.txt 0.0014225 0.00138741 3.5086e-05
710 Pubmed_feat_L1.txt 0.00206394 0.00202787 3.6072e-05
711 Pubmed_feat_L1.txt 0.00139636 0.00135502 4.1336e-05
712 Pubmed_feat_L1.txt 0.00223416 0.00219254 4.1618e-05
713 Pubmed_feat_L1.txt 0.00151342 0.00147339 4.0033e-05
714 Pubmed_feat_L1.txt 0.00211247 0.00207396 3.8516e-05
715 Pubmed_feat_L1.txt 0.00137454 0.00134182 3.2725e-05
716 Pubmed_feat_L1.txt 0.00230482 0.00226845 3.6372e-05
717 Pubmed_feat_L1.txt 0.00129639 0.0012589 3.7489e-05
718 Pubmed_feat_L1.txt 0.00207037 0.00203555 3.482e-05
719 Pubmed_feat_L1.txt 0.00135068 0.00131944 3.124e-05
720 Pubmed_feat_L1.txt 0.00224188 0.00220328 3.8598e-05
721 Pubmed_feat_L1.txt 0.00152619 0.00148862 3.7569e-05
722 Pubmed_feat_L1.txt 0.0023523 0.00231451 3.7794e-05
723 Pubmed_feat_L1.txt 0.00152775 0.00149474 3.301e-05
724 Pubmed_feat_L1.txt 0.00190814 0.00186876 3.9372e-05
725 Pubmed_feat_L1.txt 0.00151213 0.00147495 3.7174e-05
726 Pubmed_feat_L1.txt 0.00222218 0.00218083 4.1349e-05
727 Pubmed_feat_L1.txt 0.0014003 0.00136473 3.5574e-05
728 Pubmed_feat_L1.txt 0.0022374 0.00220527 3.2124e-05
729 Pubmed_feat_L1.txt 0.00151739 0.00147616 4.1233e-05
730 Pubmed_feat_L1.txt 0.00222794 0.00218961 3.8329e-05
731 Pubmed_feat_L1.txt 0.00142694 0.00138938 3.7567e-05
732 Pubmed_feat_L1.txt 0.00218921 0.00215528 3.3926e-05
733 Pubmed_feat_L1.txt 0.0014699 0.00142552 4.4374e-05
734 Pubmed_feat_L1.txt 0.0022506 0.00221238 3.8227e-05
735 Pubmed_feat_L1.txt 0.00138559 0.00134815 3.744e-05
736 Pubmed_feat_L1.txt 0.00234815 0.00230989 3.8261e-05
737 Pubmed_feat_L1.txt 0.00154788 0.00151239 3.549e-05
738 Pubmed_feat_L1.txt 0.00208787 0.00205718 3.0692e-05
739 Pubmed_feat_L1.txt 0.00142925 0.00139946 2.9793e-05
740 Pubmed_feat_L1.txt 0.00231292 0.00228145 3.147e-05
741 Pubmed_feat_L1.txt 0.00146983 0.00143438 3.545e-05
742 Pubmed_feat_L1.txt 0.00214331 0.00211033 3.2982e-05
743 Pubmed_feat_L1.txt 0.00147273 0.00143219 4.054e-05
744 Pubmed_feat_L1.txt 0.00236252 0.00232889 3.3627e-05
745 Pubmed_feat_L1.txt 0.0014508 0.00142146 2.9349e-05
746 Pubmed_feat_L1.txt 0.00223499 0.00220759 2.7409e-05
747 Pubmed_feat_L1.txt 0.00138571 0.00134912 3.659e-05
748 Pubmed_feat_L1.txt 0.00225835 0.00223307 2.5285e-05
749 Pubmed_feat_L1.txt 0.001355 0.00132208 3.2927e-05
750 Pubmed_feat_L1.txt 0.00218626 0.00215886 2.7404e-05
751 Pubmed_feat_L1.txt 0.00136945 0.00134552 2.393e-05
752 Pubmed_feat_L1.txt 0.00207335 0.00204043 3.2926e-05
753 Pubmed_feat_L1.txt 0.00150198 0.00147144 3.0543e-05
754 Pubmed_feat_L1.txt 0.0020148 0.00198963 2.5174e-05
755 Pubmed_feat_L1.txt 0.00136618 0.0013339 3.2289e-05
756 Pubmed_feat_L1.txt 0.00194598 0.00191218 3.3793e-05
757 Pubmed_feat_L1.txt 0.00151272 0.00147463 3.8088e-05
758 Pubmed_feat_L1.txt 0.00193149 0.00189272 3.8767e-05
759 Pubmed_feat_L1.txt 0.00130832 0.00127688 3.1435e-05
760 Pubmed_feat_L1.txt 0.00190314 0.00186618 3.6961e-05
761 Pubmed_feat_L1.txt 0.00146811 0.00142785 4.0265e-05
762 Pubmed_feat_L1.txt 0.00206563 0.00202599 3.9636e-05
763 Pubmed_feat_L1.txt 0.00132055 0.0012883 3.2253e-05
764 Pubmed_feat_L1.txt 0.0020313 0.00199085 4.0453e-05
765 Pubmed_feat_L1.txt 0.00140072 0.00137184 2.8881e-05
766 Pubmed_feat_L1.txt 0.00228534 0.00224431 4.1035e-05
767 Pubmed_feat_L1.txt 0.00193382 0.00125155 0.000682266
0 Pubmed_A.txt 0.00299345 0.00299073 2.723e-06
1 Pubmed_A.txt 0.00299285 0.00299087 1.985e-06
2 Pubmed_A.txt 0.00302242 0.00302 2.417e-06
3 Pubmed_A.txt 0.00301948 0.00301714 2.349e-06
4 Pubmed_A.txt 0.00305023 0.00304713 3.097e-06
5 Pubmed_A.txt 0.00304643 0.00304428 2.158e-06
6 Pubmed_A.txt 0.00304474 0.00304205 2.691e-06
7 Pubmed_A.txt 0.00304163 0.00303861 3.021e-06
8 Pubmed_A.txt 0.00306894 0.00306707 1.872e-06
9 Pubmed_A.txt 0.00306791 0.00306554 2.369e-06
10 Pubmed_A.txt 0.00307698 0.00307437 2.614e-06
11 Pubmed_A.txt 0.00307139 0.00306901 2.38e-06
12 Pubmed_A.txt 0.0030551 0.00305249 2.612e-06
13 Pubmed_A.txt 0.00305405 0.00305132 2.726e-06
14 Pubmed_A.txt 0.00305108 0.00304873 2.347e-06
15 Pubmed_A.txt 0.00304733 0.00304451 2.825e-06
16 Pubmed_A.txt 0.00342855 0.0034266 1.951e-06
17 Pubmed_A.txt 0.00342612 0.00342417 1.954e-06
18 Pubmed_A.txt 0.00343548 0.00343303 2.446e-06
19 Pubmed_A.txt 0.00343095 0.00342768 3.271e-06
20 Pubmed_A.txt 0.00341606 0.00341318 2.879e-06
21 Pubmed_A.txt 0.0034133 0.00341112 2.188e-06
22 Pubmed_A.txt 0.0034173 0.00341411 3.191e-06
23 Pubmed_A.txt 0.00341365 0.00341142 2.224e-06
24 Pubmed_A.txt 0.00324043 0.00323825 2.179e-06
25 Pubmed_A.txt 0.003238 0.00323565 2.342e-06
26 Pubmed_A.txt 0.00323913 0.00323708 2.046e-06
27 Pubmed_A.txt 0.00323652 0.0032334 3.121e-06
28 Pubmed_A.txt 0.00320915 0.00320586 3.292e-06
29 Pubmed_A.txt 0.0032073 0.00320454 2.766e-06
30 Pubmed_A.txt 0.00323438 0.00323088 3.494e-06
31 Pubmed_A.txt 0.0032292 0.00322651 2.692e-06
32 Pubmed_A.txt 0.00265644 0.00265413 2.306e-06
33 Pubmed_A.txt 0.00265369 0.00265128 2.414e-06
34 Pubmed_A.txt 0.002672 0.00266822 3.788e-06
35 Pubmed_A.txt 0.00266965 0.00266513 4.523e-06
36 Pubmed_A.txt 0.00269066 0.00268664 4.016e-06
37 Pubmed_A.txt 0.00268588 0.00268327 2.602e-06
38 Pubmed_A.txt 0.00268166 0.00267759 4.069e-06
39 Pubmed_A.txt 0.00267821 0.0026748 3.413e-06
40 Pubmed_A.txt 0.00269228 0.00269006 2.219e-06
41 Pubmed_A.txt 0.00269324 0.00268914 4.1e-06
42 Pubmed_A.txt 0.00268239 0.00268016 2.229e-06
43 Pubmed_A.txt 0.00267981 0.00267684 2.978e-06
44 Pubmed_A.txt 0.00268794 0.00268533 2.616e-06
45 Pubmed_A.txt 0.00268511 0.00268297 2.132e-06
46 Pubmed_A.txt 0.00270778 0.00270579 1.991e-06
47 Pubmed_A.txt 0.00270618 0.00270368 2.497e-06
48 Pubmed_A.txt 0.00309714 0.00309484 2.296e-06
49 Pubmed_A.txt 0.00310033 0.00309659 3.734e-06
50 Pubmed_A.txt 0.00313193 0.00312797 3.963e-06
51 Pubmed_A.txt 0.00312933 0.00312459 4.733e-06
52 Pubmed_A.txt 0.00310597 0.00310355 2.412e-06
53 Pubmed_A.txt 0.00310453 0.00310115 3.382e-06
54 Pubmed_A.txt 0.00310733 0.00310407 3.26e-06
55 Pubmed_A.txt 0.00310036 0.00309794 2.42e-06
56 Pubmed_A.txt 0.00307907 0.00307646 2.605e-06
57 Pubmed_A.txt 0.0030778 0.00307506 2.744e-06
58 Pubmed_A.txt 0.00312996 0.00312677 3.197e-06
59 Pubmed_A.txt 0.00312779 0.0031251 2.698e-06
60 Pubmed_A.txt 0.00312475 0.0031219 2.852e-06
61 Pubmed_A.txt 0.00312296 0.00312096 1.996e-06
62 Pubmed_A.txt 0.00312505 0.00312287 2.185e-06
63 Pubmed_A.txt 0.00312022 0.00311792 2.3e-06
64 Pubmed_A.txt 0.00347615 0.00347229 3.853e-06
65 Pubmed_A.txt 0.00347326 0.00347016 3.099e-06
66 Pubmed_A.txt 0.00347212 0.00346792 4.197e-06
67 Pubmed_A.txt 0.0034675 0.00346438 3.12e-06
68 Pubmed_A.txt 0.00351466 0.00350929 5.37e-06
69 Pubmed_A.txt 0.00350963 0.00350558 4.049e-06
70 Pubmed_A.txt 0.00350276 0.00349964 3.117e-06
71 Pubmed_A.txt 0.00349891 0.00349583 3.088e-06
72 Pubmed_A.txt 0.00329574 0.00329172 4.019e-06
73 Pubmed_A.txt 0.00329147 0.00328758 3.883e-06
74 Pubmed_A.txt 0.00330565 0.00330365 2.006e-06
75 Pubmed_A.txt 0.00330322 0.00329849 4.729e-06
76 Pubmed_A.txt 0.00330971 0.00330673 2.986e-06
77 Pubmed_A.txt 0.00330649 0.00330326 3.238e-06
78 Pubmed_A.txt 0.00331082 0.00330843 2.385e-06
79 Pubmed_A.txt 0.00330713 0.00330462 2.516e-06
80 Pubmed_A.txt 0.00266665 0.00266407 2.58e-06
81 Pubmed_A.txt 0.00266579 0.00266308 2.717e-06
82 Pubmed_A.txt 0.00270886 0.00270585 3.016e-06
83 Pubmed_A.txt 0.00270637 0.00270388 2.491e-06
84 Pubmed_A.txt 0.00272573 0.00272384 1.885e-06
85 Pubmed_A.txt 0.00272393 0.00272195 1.986e-06
86 Pubmed_A.txt 0.00272331 0.00272075 2.565e-06
87 Pubmed_A.txt 0.00272048 0.0027177 2.778e-06
88 Pubmed_A.txt 0.00269317 0.00269102 2.143e-06
89 Pubmed_A.txt 0.0026928 0.00268923 3.574e-06
90 Pubmed_A.txt 0.00272326 0.00272117 2.094e-06
91 Pubmed_A.txt 0.00272001 0.00271748 2.535e-06
92 Pubmed_A.txt 0.00271736 0.00271411 3.25e-06
93 Pubmed_A.txt 0.00271487 0.00271263 2.243e-06
94 Pubmed_A.txt 0.0027298 0.00272771 2.084e-06
95 Pubmed_A.txt 0.00272741 0.002725 2.403e-06
96 Pubmed_A.txt 0.00326995 0.00326739 2.56e-06
97 Pubmed_A.txt 0.00326889 0.00326651 2.375e-06
98 Pubmed_A.txt 0.0032865 0.00328408 2.423e-06
99 Pubmed_A.txt 0.00328375 0.00328078 2.973e-06
100 Pubmed_A.txt 0.00330271 0.00330028 2.437e-06
101 Pubmed_A.txt 0.00330162 0.00329894 2.681e-06
102 Pubmed_A.txt 0.00328926 0.00328708 2.181e-06
103 Pubmed_A.txt 0.00328615 0.00328289 3.256e-06
104 Pubmed_A.txt 0.0032434 0.00324006 3.332e-06
105 Pubmed_A.txt 0.00324195 0.00323787 4.081e-06
106 Pubmed_A.txt 0.00328302 0.0032802 2.821e-06
107 Pubmed_A.txt 0.00328035 0.00327663 3.726e-06
108 Pubmed_A.txt 0.00329969 0.00329614 3.544e-06
109 Pubmed_A.txt 0.00329465 0.00329227 2.383e-06
110 Pubmed_A.txt 0.00329983 0.00329757 2.256e-06
111 Pubmed_A.txt 0.00329499 0.00329271 2.281e-06
112 Pubmed_A.txt 0.00359944 0.00359758 1.863e-06
113 Pubmed_A.txt 0.00359834 0.00359529 3.043e-06
114 Pubmed_A.txt 0.00360525 0.00360241 2.839e-06
115 Pubmed_A.txt 0.00360408 0.00360025 3.829e-06
116 Pubmed_A.txt 0.00360656 0.00360428 2.284e-06
117 Pubmed_A.txt 0.00360474 0.00360198 2.759e-06
118 Pubmed_A.txt 0.00361543 0.00361327 2.165e-06
119 Pubmed_A.txt 0.00361334 0.00361082 2.517e-06
120 Pubmed_A.txt 0.00337938 0.00337647 2.911e-06
121 Pubmed_A.txt 0.00337727 0.00337441 2.858e-06
122 Pubmed_A.txt 0.00339151 0.0033895 2.008e-06
123 Pubmed_A.txt 0.00338826 0.00338552 2.738e-06
124 Pubmed_A.txt 0.00338927 0.00338668 2.594e-06
125 Pubmed_A.txt 0.00338647 0.0033833 3.17e-06
126 Pubmed_A.txt 0.00339474 0.00339074 3.996e-06
127 Pubmed_A.txt 0.00338777 0.00338509 2.679e-06
128 Pubmed_A.txt 0.00281586 0.00281367 2.194e-06
129 Pubmed_A.txt 0.00281496 0.00281188 3.071e-06
130 Pubmed_A.txt 0.00283287 0.00283088 1.987e-06
131 Pubmed_A.txt 0.00283017 0.00282763 2.537e-06
132 Pubmed_A.txt 0.00283527 0.00283303 2.235e-06
133 Pubmed_A.txt 0.00283273 0.00283027 2.458e-06
134 Pubmed_A.txt 0.00284014 0.00283811 2.029e-06
135 Pubmed_A.txt 0.00283707 0.00283492 2.148e-06
136 Pubmed_A.txt 0.0028253 0.0028235 1.803e-06
137 Pubmed_A.txt 0.00282329 0.00282056 2.724e-06
138 Pubmed_A.txt 0.00283749 0.00283558 1.914e-06
139 Pubmed_A.txt 0.00283539 0.00283311 2.277e-06
140 Pubmed_A.txt 0.00282107 0.00281858 2.485e-06
141 Pubmed_A.txt 0.00281822 0.00281535 2.876e-06
142 Pubmed_A.txt 0.00284029 0.00283716 3.128e-06
143 Pubmed_A.txt 0.00283648 0.00283437 2.108e-06
144 Pubmed_A.txt 0.00320877 0.00320635 2.421e-06
145 Pubmed_A.txt 0.00320967 0.00320705 2.625e-06
146 Pubmed_A.txt 0.00322484 0.00322251 2.329e-06
147 Pubmed_A.txt 0.00322089 0.00321789 2.992e-06
148 Pubmed_A.txt 0.00323898 0.00323564 3.344e-06
149 Pubmed_A.txt 0.003236 0.00323304 2.965e-06
150 Pubmed_A.txt 0.0032358 0.00323333 2.471e-06
151 Pubmed_A.txt 0.0032322 0.00322916 3.041e-06
152 Pubmed_A.txt 0.00323395 0.00323184 2.109e-06
153 Pubmed_A.txt 0.00323513 0.00323187 3.262e-06
154 Pubmed_A.txt 0.00323687 0.00323335 3.52e-06
155 Pubmed_A.txt 0.0032322 0.00322971 2.488e-06
156 Pubmed_A.txt 0.00323152 0.00322956 1.961e-06
157 Pubmed_A.txt 0.00323166 0.00322871 2.946e-06
158 Pubmed_A.txt 0.00322593 0.0032235 2.432e-06
159 Pubmed_A.txt 0.0032223 0.00321972 2.578e-06
160 Pubmed_A.txt 0.00360569 0.00360171 3.98e-06
161 Pubmed_A.txt 0.00360538 0.00359994 5.444e-06
162 Pubmed_A.txt 0.00358934 0.00358323 6.109e-06
163 Pubmed_A.txt 0.00358345 0.00357877 4.679e-06
164 Pubmed_A.txt 0.00357414 0.00356998 4.166e-06
165 Pubmed_A.txt 0.00356988 0.00356679 3.09e-06
166 Pubmed_A.txt 0.00355638 0.00355299 3.391e-06
167 Pubmed_A.txt 0.00355213 0.0035488 3.332e-06
168 Pubmed_A.txt 0.00336518 0.0033614 3.777e-06
169 Pubmed_A.txt 0.00336205 0.00335838 3.672e-06
170 Pubmed_A.txt 0.00340184 0.00339695 4.886e-06
171 Pubmed_A.txt 0.00339712 0.00339291 4.213e-06
172 Pubmed_A.txt 0.00336448 0.00336191 2.574e-06
173 Pubmed_A.txt 0.00336324 0.00336032 2.923e-06
174 Pubmed_A.txt 0.0033769 0.00337339 3.502e-06
175 Pubmed_A.txt 0.00337168 0.00336896 2.721e-06
176 Pubmed_A.txt 0.00278281 0.00278052 2.288e-06
177 Pubmed_A.txt 0.00278157 0.00277791 3.652e-06
178 Pubmed_A.txt 0.00280417 0.00280064 3.527e-06
179 Pubmed_A.txt 0.00280115 0.00279792 3.23e-06
180 Pubmed_A.txt 0.00279019 0.00278785 2.344e-06
181 Pubmed_A.txt 0.00278941 0.00278634 3.077e-06
182 Pubmed_A.txt 0.0027841 0.00278171 2.399e-06
183 Pubmed_A.txt 0.00278174 0.00277864 3.109e-06
184 Pubmed_A.txt 0.00280791 0.00280513 2.775e-06
185 Pubmed_A.txt 0.00280657 0.00280407 2.497e-06
186 Pubmed_A.txt 0.00282293 0.00282067 2.258e-06
187 Pubmed_A.txt 0.00281994 0.00281756 2.372e-06
188 Pubmed_A.txt 0.00279607 0.00279391 2.152e-06
189 Pubmed_A.txt 0.00279572 0.00279149 4.23e-06
190 Pubmed_A.txt 0.00281917 0.00281625 2.915e-06
191 Pubmed_A.txt 0.00281668 0.00281334 3.339e-06
192 Pubmed_A.txt 0.00299834 0.00299571 2.631e-06
193 Pubmed_A.txt 0.00300035 0.00299771 2.642e-06
194 Pubmed_A.txt 0.003021 0.00301816 2.839e-06
195 Pubmed_A.txt 0.00301731 0.00301372 3.589e-06
196 Pubmed_A.txt 0.0030546 0.00304862 5.986e-06
197 Pubmed_A.txt 0.00304981 0.00304694 2.874e-06
198 Pubmed_A.txt 0.00305325 0.00304981 3.443e-06
199 Pubmed_A.txt 0.00305192 0.00304744 4.489e-06
200 Pubmed_A.txt 0.00302769 0.00302361 4.079e-06
201 Pubmed_A.txt 0.00302608 0.00302224 3.842e-06
202 Pubmed_A.txt 0.0030699 0.00306678 3.114e-06
203 Pubmed_A.txt 0.00306598 0.00306296 3.026e-06
204 Pubmed_A.txt 0.0030448 0.003042 2.803e-06
205 Pubmed_A.txt 0.00304267 0.00304029 2.387e-06
206 Pubmed_A.txt 0.00305068 0.00304668 4.005e-06
207 Pubmed_A.txt 0.00304696 0.00304323 3.729e-06
208 Pubmed_A.txt 0.00341335 0.00340962 3.724e-06
209 Pubmed_A.txt 0.00340963 0.00340686 2.769e-06
210 Pubmed_A.txt 0.00344475 0.00344124 3.514e-06
211 Pubmed_A.txt 0.00344079 0.00343843 2.363e-06
212 Pubmed_A.txt 0.00338216 0.00337923 2.926e-06
213 Pubmed_A.txt 0.00338173 0.00337845 3.286e-06
214 Pubmed_A.txt 0.00342027 0.00341638 3.889e-06
215 Pubmed_A.txt 0.00341583 0.00341262 3.204e-06
216 Pubmed_A.txt 0.00320059 0.00319758 3.013e-06
217 Pubmed_A.txt 0.00319792 0.00319484 3.086e-06
218 Pubmed_A.txt 0.00321444 0.00321189 2.557e-06
219 Pubmed_A.txt 0.00321128 0.00320872 2.555e-06
220 Pubmed_A.txt 0.00320966 0.00320711 2.547e-06
221 Pubmed_A.txt 0.00320808 0.00320496 3.116e-06
222 Pubmed_A.txt 0.0032063 0.00320306 3.24e-06
223 Pubmed_A.txt 0.00320221 0.00319899 3.214e-06
224 Pubmed_A.txt 0.00266112 0.00265883 2.286e-06
225 Pubmed_A.txt 0.00266008 0.00265707 3.013e-06
226 Pubmed_A.txt 0.00268085 0.00267725 3.603e-06
227 Pubmed_A.txt 0.00267683 0.00267361 3.22e-06
228 Pubmed_A.txt 0.00267078 0.00266798 2.797e-06
229 Pubmed_A.txt 0.00266781 0.00266437 3.44e-06
230 Pubmed_A.txt 0.00266942 0.00266603 3.388e-06
231 Pubmed_A.txt 0.00266682 0.00266272 4.099e-06
232 Pubmed_A.txt 0.00265956 0.00265713 2.433e-06
233 Pubmed_A.txt 0.00265865 0.00265576 2.89e-06
234 Pubmed_A.txt 0.00266873 0.00266638 2.348e-06
235 Pubmed_A.txt 0.00266636 0.00266368 2.684e-06
236 Pubmed_A.txt 0.00268488 0.00268258 2.298e-06
237 Pubmed_A.txt 0.00268344 0.00268083 2.607e-06
238 Pubmed_A.txt 0.00269742 0.00269339 4.03e-06
239 Pubmed_A.txt 0.00269356 0.00269021 3.35e-06
240 Pubmed_A.txt 0.00308155 0.00307955 2.001e-06
241 Pubmed_A.txt 0.00308485 0.00308144 3.401e-06
242 Pubmed_A.txt 0.00309898 0.00309578 3.194e-06
243 Pubmed_A.txt 0.00309489 0.00309207 2.812e-06
244 Pubmed_A.txt 0.00314801 0.00314481 3.198e-06
245 Pubmed_A.txt 0.00314399 0.00314181 2.184e-06
246 Pubmed_A.txt 0.00311346 0.00310927 4.186e-06
247 Pubmed_A.txt 0.00310858 0.0031001 8.482e-06
248 Pubmed_A.txt 0.00309351 0.00309115 2.362e-06
249 Pubmed_A.txt 0.00309299 0.00309011 2.876e-06
250 Pubmed_A.txt 0.00313675 0.00313239 4.365e-06
251 Pubmed_A.txt 0.00313237 0.00312986 2.507e-06
252 Pubmed_A.txt 0.00314902 0.00314676 2.261e-06
253 Pubmed_A.txt 0.00314644 0.00314296 3.48e-06
254 Pubmed_A.txt 0.00312801 0.00312536 2.653e-06
255 Pubmed_A.txt 0.00312523 0.00312163 3.596e-06
256 Pubmed_A.txt 0.00345117 0.00344738 3.796e-06
257 Pubmed_A.txt 0.00344909 0.00344525 3.843e-06
258 Pubmed_A.txt 0.00346669 0.00345457 1.2125e-05
259 Pubmed_A.txt 0.00345638 0.00345089 5.489e-06
260 Pubmed_A.txt 0.00346086 0.00345623 4.624e-06
261 Pubmed_A.txt 0.00345726 0.0034539 3.36e-06
262 Pubmed_A.txt 0.00346381 0.00346074 3.076e-06
263 Pubmed_A.txt 0.00346157 0.00345777 3.805e-06
264 Pubmed_A.txt 0.00325948 0.00325556 3.922e-06
265 Pubmed_A.txt 0.00325691 0.00325301 3.901e-06
266 Pubmed_A.txt 0.00327458 0.00326936 5.221e-06
267 Pubmed_A.txt 0.00326913 0.00326647 2.664e-06
268 Pubmed_A.txt 0.00327595 0.00327272 3.231e-06
269 Pubmed_A.txt 0.0032746 0.00327083 3.77e-06
270 Pubmed_A.txt 0.00327282 0.00327022 2.6e-06
271 Pubmed_A.txt 0.00326863 0.00326637 2.259e-06
272 Pubmed_A.txt 0.00270545 0.00270252 2.93e-06
273 Pubmed_A.txt 0.00270556 0.00269972 5.839e-06
274 Pubmed_A.txt 0.00272095 0.00271612 4.838e-06
275 Pubmed_A.txt 0.00271612 0.00271241 3.705e-06
276 Pubmed_A.txt 0.00272222 0.00271792 4.292e-06
277 Pubmed_A.txt 0.00271768 0.00271499 2.691e-06
278 Pubmed_A.txt 0.00272313 0.00272036 2.772e-06
279 Pubmed_A.txt 0.00271977 0.00271721 2.555e-06
280 Pubmed_A.txt 0.00270262 0.00270053 2.099e-06
281 Pubmed_A.txt 0.00270279 0.00269924 3.552e-06
282 Pubmed_A.txt 0.00271058 0.00270736 3.221e-06
283 Pubmed_A.txt 0.00270537 0.00270294 2.432e-06
284 Pubmed_A.txt 0.00268803 0.00268381 4.222e-06
285 Pubmed_A.txt 0.00268295 0.00268059 2.366e-06
286 Pubmed_A.txt 0.00269336 0.00268974 3.624e-06
287 Pubmed_A.txt 0.0026873 0.00268471 2.587e-06
288 Pubmed_A.txt 0.00308938 0.00308585 3.534e-06
289 Pubmed_A.txt 0.00308882 0.00308569 3.13e-06
290 Pubmed_A.txt 0.00308826 0.00308569 2.573e-06
291 Pubmed_A.txt 0.00308347 0.0030809 2.567e-06
292 Pubmed_A.txt 0.00310872 0.00310644 2.28e-06
293 Pubmed_A.txt 0.00310552 0.00310241 3.108e-06
294 Pubmed_A.txt 0.00311229 0.00310987 2.42e-06
295 Pubmed_A.txt 0.00310877 0.00310583 2.944e-06
296 Pubmed_A.txt 0.0031031 0.00310063 2.472e-06
297 Pubmed_A.txt 0.00310437 0.00309905 5.316e-06
298 Pubmed_A.txt 0.00311374 0.0031099 3.842e-06
299 Pubmed_A.txt 0.0031089 0.00310607 2.83e-06
300 Pubmed_A.txt 0.00312507 0.00312174 3.326e-06
301 Pubmed_A.txt 0.00311868 0.00311492 3.76e-06
302 Pubmed_A.txt 0.00310856 0.00310443 4.123e-06
303 Pubmed_A.txt 0.00310331 0.00310088 2.431e-06
304 Pubmed_A.txt 0.00343583 0.00342703 8.801e-06
305 Pubmed_A.txt 0.00343622 0.00342497 1.125e-05
306 Pubmed_A.txt 0.00344347 0.00343909 4.372e-06
307 Pubmed_A.txt 0.00343857 0.00343563 2.942e-06
308 Pubmed_A.txt 0.00344853 0.0034447 3.832e-06
309 Pubmed_A.txt 0.00344771 0.00344396 3.743e-06
310 Pubmed_A.txt 0.0034357 0.0034267 9.006e-06
311 Pubmed_A.txt 0.00343202 0.00342267 9.354e-06
312 Pubmed_A.txt 0.00323465 0.00323084 3.818e-06
313 Pubmed_A.txt 0.00323295 0.00322963 3.314e-06
314 Pubmed_A.txt 0.00323726 0.00323499 2.264e-06
315 Pubmed_A.txt 0.00323563 0.00323307 2.559e-06
316 Pubmed_A.txt 0.00324751 0.0032431 4.412e-06
317 Pubmed_A.txt 0.00324614 0.00324198 4.154e-06
318 Pubmed_A.txt 0.00326751 0.00326334 4.173e-06
319 Pubmed_A.txt 0.00326109 0.00325858 2.515e-06
320 Pubmed_A.txt 0.00266542 0.00266108 4.336e-06
321 Pubmed_A.txt 0.00266931 0.00266033 8.982e-06
322 Pubmed_A.txt 0.0026986 0.0026956 3e-06
323 Pubmed_A.txt 0.00269495 0.00269236 2.597e-06
324 Pubmed_A.txt 0.00270749 0.00270393 3.565e-06
325 Pubmed_A.txt 0.00270591 0.00270271 3.2e-06
326 Pubmed_A.txt 0.00270768 0.00270335 4.33e-06
327 Pubmed_A.txt 0.00270303 0.00269889 4.143e-06
328 Pubmed_A.txt 0.00267325 0.00267091 2.338e-06
329 Pubmed_A.txt 0.00267082 0.00266821 2.607e-06
330 Pubmed_A.txt 0.00269338 0.00268992 3.466e-06
331 Pubmed_A.txt 0.00269063 0.00268682 3.812e-06
332 Pubmed_A.txt 0.00269706 0.00269414 2.917e-06
333 Pubmed_A.txt 0.00269618 0.00269104 5.144e-06
334 Pubmed_A.txt 0.00268212 0.00267638 5.748e-06
335 Pubmed_A.txt 0.00267742 0.00267209 5.337e-06
336 Pubmed_A.txt 0.00310638 0.00310009 6.296e-06
337 Pubmed_A.txt 0.00310771 0.00310101 6.699e-06
338 Pubmed_A.txt 0.00311274 0.00310784 4.902e-06
339 Pubmed_A.txt 0.00311199 0.00310545 6.541e-06
340 Pubmed_A.txt 0.00312153 0.00311673 4.796e-06
341 Pubmed_A.txt 0.0031223 0.00311541 6.886e-06
342 Pubmed_A.txt 0.00314383 0.00313752 6.304e-06
343 Pubmed_A.txt 0.00313629 0.00313406 2.232e-06
344 Pubmed_A.txt 0.00310806 0.00310465 3.414e-06
345 Pubmed_A.txt 0.00310467 0.00310218 2.487e-06
346 Pubmed_A.txt 0.0031298 0.00312604 3.756e-06
347 Pubmed_A.txt 0.00312726 0.00312371 3.547e-06
348 Pubmed_A.txt 0.00312664 0.00312282 3.82e-06
349 Pubmed_A.txt 0.00312348 0.00312012 3.36e-06
350 Pubmed_A.txt 0.00311885 0.00311538 3.471e-06
351 Pubmed_A.txt 0.00311755 0.00311135 6.199e-06
352 Pubmed_A.txt 0.00345325 0.00344665 6.595e-06
353 Pubmed_A.txt 0.00345121 0.00344415 7.06e-06
354 Pubmed_A.txt 0.00345925 0.00345291 6.334e-06
355 Pubmed_A.txt 0.00345644 0.00344997 6.471e-06
356 Pubmed_A.txt 0.00346402 0.00346051 3.502e-06
357 Pubmed_A.txt 0.00346401 0.00345834 5.673e-06
358 Pubmed_A.txt 0.00347194 0.00346624 5.693e-06
359 Pubmed_A.txt 0.00346883 0.00346202 6.81e-06
360 Pubmed_A.txt 0.00326417 0.00326104 3.125e-06
361 Pubmed_A.txt 0.00326701 0.00325806 8.955e-06
362 Pubmed_A.txt 0.00327066 0.003267 3.669e-06
363 Pubmed_A.txt 0.00326739 0.00326388 3.514e-06
364 Pubmed_A.txt 0.00324662 0.00324033 6.297e-06
365 Pubmed_A.txt 0.00324533 0.00323717 8.156e-06
366 Pubmed_A.txt 0.00326029 0.00325441 5.888e-06
367 Pubmed_A.txt 0.00325621 0.0032512 5.013e-06
368 Pubmed_A.txt 0.00262793 0.00262512 2.815e-06
369 Pubmed_A.txt 0.00262727 0.00262375 3.524e-06
370 Pubmed_A.txt 0.00264856 0.002641 7.558e-06
371 Pubmed_A.txt 0.0026434 0.00263764 5.76e-06
372 Pubmed_A.txt 0.00266892 0.00266248 6.445e-06
373 Pubmed_A.txt 0.00266402 0.00265967 4.358e-06
374 Pubmed_A.txt 0.00265524 0.0026509 4.34e-06
375 Pubmed_A.txt 0.00265329 0.00264779 5.505e-06
376 Pubmed_A.txt 0.00266566 0.00266016 5.499e-06
377 Pubmed_A.txt 0.00266332 0.0026589 4.428e-06
378 Pubmed_A.txt 0.00267865 0.00267322 5.424e-06
379 Pubmed_A.txt 0.00267573 0.00267087 4.857e-06
380 Pubmed_A.txt 0.00267537 0.00266754 7.828e-06
381 Pubmed_A.txt 0.00267208 0.00266489 7.188e-06
382 Pubmed_A.txt 0.00267824 0.00267241 5.838e-06
383 Pubmed_A.txt 0.0026748 0.00266931 5.487e-06
384 Pubmed_A.txt 0.00311847 0.00311405 4.423e-06
385 Pubmed_A.txt 0.00312008 0.00311516 4.919e-06
386 Pubmed_A.txt 0.00313511 0.00312332 1.1782e-05
387 Pubmed_A.txt 0.00312659 0.00311984 6.746e-06
388 Pubmed_A.txt 0.00312177 0.00311582 5.955e-06
389 Pubmed_A.txt 0.00312146 0.00311439 7.074e-06
390 Pubmed_A.txt 0.00313864 0.00313465 3.999e-06
391 Pubmed_A.txt 0.00313346 0.00312939 4.066e-06
392 Pubmed_A.txt 0.00309938 0.00309538 3.998e-06
393 Pubmed_A.txt 0.00310238 0.00309334 9.036e-06
394 Pubmed_A.txt 0.00312452 0.00311957 4.948e-06
395 Pubmed_A.txt 0.00312086 0.00311669 4.165e-06
396 Pubmed_A.txt 0.00309512 0.0030898 5.323e-06
397 Pubmed_A.txt 0.00309209 0.00308837 3.72e-06
398 Pubmed_A.txt 0.0031182 0.0031133 4.896e-06
399 Pubmed_A.txt 0.00311312 0.00310803 5.093e-06
400 Pubmed_A.txt 0.00341877 0.00341447 4.297e-06
401 Pubmed_A.txt 0.0034166 0.00341298 3.617e-06
402 Pubmed_A.txt 0.00342043 0.00341441 6.022e-06
403 Pubmed_A.txt 0.00341584 0.0034108 5.043e-06
404 Pubmed_A.txt 0.00341706 0.00341208 4.977e-06
405 Pubmed_A.txt 0.00341566 0.0034114 4.253e-06
406 Pubmed_A.txt 0.00342498 0.00341764 7.345e-06
407 Pubmed_A.txt 0.00341983 0.0034129 6.936e-06
408 Pubmed_A.txt 0.0032386 0.00323446 4.137e-06
409 Pubmed_A.txt 0.00323707 0.00323224 4.826e-06
410 Pubmed_A.txt 0.00325854 0.00324864 9.898e-06
411 Pubmed_A.txt 0.00325064 0.00324537 5.263e-06
412 Pubmed_A.txt 0.0032404 0.00323714 3.26e-06
413 Pubmed_A.txt 0.00324392 0.00323618 7.74e-06
414 Pubmed_A.txt 0.00324898 0.00324176 7.218e-06
415 Pubmed_A.txt 0.00324333 0.00323848 4.849e-06
416 Pubmed_A.txt 0.00266914 0.00266409 5.048e-06
417 Pubmed_A.txt 0.00266918 0.00266275 6.427e-06
418 Pubmed_A.txt 0.0026823 0.00267424 8.059e-06
419 Pubmed_A.txt 0.00267937 0.00266982 9.555e-06
420 Pubmed_A.txt 0.00272047 0.00271021 1.0266e-05
421 Pubmed_A.txt 0.00271338 0.00270802 5.362e-06
422 Pubmed_A.txt 0.00271885 0.00271282 6.026e-06
423 Pubmed_A.txt 0.00271618 0.00271047 5.712e-06
424 Pubmed_A.txt 0.00267124 0.00266552 5.717e-06
425 Pubmed_A.txt 0.0026741 0.00266485 9.253e-06
426 Pubmed_A.txt 0.00267436 0.00266407 1.029e-05
427 Pubmed_A.txt 0.00266852 0.00265993 8.586e-06
428 Pubmed_A.txt 0.00270147 0.00269014 1.1331e-05
429 Pubmed_A.txt 0.00269925 0.00268797 1.1284e-05
430 Pubmed_A.txt 0.00270106 0.00269187 9.194e-06
431 Pubmed_A.txt 0.00269341 0.00268923 4.177e-06
432 Pubmed_A.txt 0.00312702 0.00312471 2.314e-06
433 Pubmed_A.txt 0.00312961 0.00312413 5.48e-06
434 Pubmed_A.txt 0.00313481 0.00312857 6.241e-06
435 Pubmed_A.txt 0.00313137 0.0031253 6.067e-06
436 Pubmed_A.txt 0.00312611 0.0031176 8.517e-06
437 Pubmed_A.txt 0.00312486 0.00311545 9.41e-06
438 Pubmed_A.txt 0.00312581 0.00311141 1.4403e-05
439 Pubmed_A.txt 0.00311701 0.00310632 1.0693e-05
440 Pubmed_A.txt 0.00310092 0.00309345 7.467e-06
441 Pubmed_A.txt 0.00309753 0.00309113 6.405e-06
442 Pubmed_A.txt 0.00312112 0.00311349 7.631e-06
443 Pubmed_A.txt 0.00311808 0.00310784 1.0231e-05
444 Pubmed_A.txt 0.00309612 0.00308717 8.947e-06
445 Pubmed_A.txt 0.00309384 0.00308483 9.018e-06
446 Pubmed_A.txt 0.00307852 0.00306963 8.895e-06
447 Pubmed_A.txt 0.00307681 0.00306587 1.0937e-05
448 Pubmed_A.txt 0.0034783 0.00346956 8.743e-06
449 Pubmed_A.txt 0.00347679 0.00346795 8.836e-06
450 Pubmed_A.txt 0.00349242 0.00348712 5.303e-06
451 Pubmed_A.txt 0.00349052 0.00348398 6.541e-06
452 Pubmed_A.txt 0.00345048 0.0034409 9.588e-06
453 Pubmed_A.txt 0.00345352 0.00343965 1.3872e-05
454 Pubmed_A.txt 0.0034691 0.00346314 5.961e-06
455 Pubmed_A.txt 0.00346229 0.00345834 3.956e-06
456 Pubmed_A.txt 0.00324747 0.00324417 3.304e-06
457 Pubmed_A.txt 0.00324504 0.00324192 3.122e-06
458 Pubmed_A.txt 0.00326116 0.00325849 2.674e-06
459 Pubmed_A.txt 0.00326061 0.00325533 5.281e-06
460 Pubmed_A.txt 0.00329361 0.00329051 3.105e-06
461 Pubmed_A.txt 0.00329151 0.00328893 2.575e-06
462 Pubmed_A.txt 0.00328793 0.00328318 4.75e-06
463 Pubmed_A.txt 0.00328389 0.00327987 4.014e-06
464 Pubmed_A.txt 0.0026631 0.00266028 2.82e-06
465 Pubmed_A.txt 0.00266225 0.00265819 4.061e-06
466 Pubmed_A.txt 0.00269384 0.00268998 3.857e-06
467 Pubmed_A.txt 0.00269089 0.00268616 4.731e-06
468 Pubmed_A.txt 0.00270553 0.00270266 2.871e-06
469 Pubmed_A.txt 0.00270357 0.0027007 2.868e-06
470 Pubmed_A.txt 0.00269852 0.00269542 3.093e-06
471 Pubmed_A.txt 0.00269436 0.00269228 2.085e-06
472 Pubmed_A.txt 0.00269392 0.00269044 3.473e-06
473 Pubmed_A.txt 0.0026968 0.00268822 8.577e-06
474 Pubmed_A.txt 0.00270208 0.00269379 8.292e-06
475 Pubmed_A.txt 0.00269656 0.00269228 4.277e-06
476 Pubmed_A.txt 0.0026731 0.00266694 6.167e-06
477 Pubmed_A.txt 0.00267096 0.00266459 6.372e-06
478 Pubmed_A.txt 0.00266937 0.00265508 1.4285e-05
479 Pubmed_A.txt 0.00266409 0.00265189 1.2193e-05
480 Pubmed_A.txt 0.00313128 0.00312534 5.943e-06
481 Pubmed_A.txt 0.00313049 0.00312635 4.14e-06
482 Pubmed_A.txt 0.00315417 0.00314782 6.354e-06
483 Pubmed_A.txt 0.00315179 0.003144 7.797e-06
484 Pubmed_A.txt 0.00318142 0.0031733 8.119e-06
485 Pubmed_A.txt 0.00317568 0.00317126 4.421e-06
486 Pubmed_A.txt 0.00316921 0.00316631 2.903e-06
487 Pubmed_A.txt 0.00317254 0.00316259 9.958e-06
488 Pubmed_A.txt 0.00314363 0.003132 1.163e-05
489 Pubmed_A.txt 0.00313819 0.00313039 7.8e-06
490 Pubmed_A.txt 0.00314798 0.00313737 1.061e-05
491 Pubmed_A.txt 0.00313987 0.00313446 5.413e-06
492 Pubmed_A.txt 0.00315235 0.00314147 1.0879e-05
493 Pubmed_A.txt 0.0031497 0.00313974 9.964e-06
494 Pubmed_A.txt 0.00314351 0.00313039 1.3124e-05
495 Pubmed_A.txt 0.00313719 0.00312571 1.1486e-05
496 Pubmed_A.txt 0.0034888 0.00347748 1.132e-05
497 Pubmed_A.txt 0.00348442 0.00347791 6.51e-06
498 Pubmed_A.txt 0.00349349 0.00348698 6.512e-06
499 Pubmed_A.txt 0.00349162 0.0034835 8.117e-06
500 Pubmed_A.txt 0.00348036 0.0034723 8.056e-06
501 Pubmed_A.txt 0.00347454 0.00346967 4.874e-06
502 Pubmed_A.txt 0.00345847 0.00345328 5.187e-06
503 Pubmed_A.txt 0.00345319 0.00345013 3.069e-06
504 Pubmed_A.txt 0.00328924 0.00327988 9.363e-06
505 Pubmed_A.txt 0.0032838 0.00327765 6.149e-06
506 Pubmed_A.txt 0.00329073 0.00328522 5.509e-06
507 Pubmed_A.txt 0.00328756 0.00328234 5.221e-06
508 Pubmed_A.txt 0.0033224 0.00331489 7.503e-06
509 Pubmed_A.txt 0.00332426 0.00331293 1.1328e-05
510 Pubmed_A.txt 0.00329639 0.00328741 8.981e-06
511 Pubmed_A.txt 0.0032974 0.00328428 1.3116e-05
512 Pubmed_A.txt 0.00271019 0.00270161 8.585e-06
513 Pubmed_A.txt 0.00270083 0.00269839 2.435e-06
514 Pubmed_A.txt 0.00273845 0.00273414 4.304e-06
515 Pubmed_A.txt 0.00273429 0.00273116 3.134e-06
516 Pubmed_A.txt 0.00271944 0.00271563 3.804e-06
517 Pubmed_A.txt 0.00271664 0.00271364 3e-06
518 Pubmed_A.txt 0.00271059 0.002706 4.592e-06
519 Pubmed_A.txt 0.00270719 0.00270243 4.759e-06
520 Pubmed_A.txt 0.00271229 0.00270955 2.743e-06
521 Pubmed_A.txt 0.00271502 0.0027088 6.221e-06
522 Pubmed_A.txt 0.00274482 0.00273486 9.969e-06
523 Pubmed_A.txt 0.00273864 0.00273121 7.426e-06
524 Pubmed_A.txt 0.00266158 0.00265771 3.87e-06
525 Pubmed_A.txt 0.00266755 0.00265568 1.1874e-05
526 Pubmed_A.txt 0.00267663 0.00266849 8.139e-06
527 Pubmed_A.txt 0.00267759 0.00266524 1.2344e-05
528 Pubmed_A.txt 0.0030813 0.00307832 2.989e-06
529 Pubmed_A.txt 0.00308617 0.00307894 7.227e-06
530 Pubmed_A.txt 0.00312124 0.00310619 1.5056e-05
531 Pubmed_A.txt 0.00311158 0.00310126 1.0314e-05
532 Pubmed_A.txt 0.00310021 0.00309726 2.955e-06
533 Pubmed_A.txt 0.00310094 0.00309554 5.404e-06
534 Pubmed_A.txt 0.00309753 0.00309392 3.615e-06
535 Pubmed_A.txt 0.00309489 0.00309021 4.682e-06
536 Pubmed_A.txt 0.00310508 0.00309579 9.289e-06
537 Pubmed_A.txt 0.00310253 0.00309308 9.451e-06
538 Pubmed_A.txt 0.00311167 0.00310066 1.1009e-05
539 Pubmed_A.txt 0.00310732 0.00309761 9.706e-06
540 Pubmed_A.txt 0.00308893 0.00308339 5.537e-06
541 Pubmed_A.txt 0.00308818 0.00307962 8.556e-06
542 Pubmed_A.txt 0.00310914 0.00310462 4.525e-06
543 Pubmed_A.txt 0.00310986 0.0031014 8.452e-06
544 Pubmed_A.txt 0.00348845 0.00347899 9.459e-06
545 Pubmed_A.txt 0.00348118 0.0034758 5.382e-06
546 Pubmed_A.txt 0.00348671 0.0034814 5.315e-06
547 Pubmed_A.txt 0.00348516 0.0034793 5.865e-06
548 Pubmed_A.txt 0.00345733 0.00345091 6.425e-06
549 Pubmed_A.txt 0.00345576 0.00344936 6.392e-06
550 Pubmed_A.txt 0.00345728 0.00345317 4.108e-06
551 Pubmed_A.txt 0.00345335 0.00344878 4.568e-06
552 Pubmed_A.txt 0.00325053 0.00323908 1.1444e-05
553 Pubmed_A.txt 0.00324768 0.00323697 1.0707e-05
554 Pubmed_A.txt 0.00325008 0.00324123 8.844e-06
555 Pubmed_A.txt 0.00324464 0.00323692 7.727e-06
556 Pubmed_A.txt 0.00326928 0.00326636 2.92e-06
557 Pubmed_A.txt 0.00326592 0.00326389 2.03e-06
558 Pubmed_A.txt 0.00327186 0.00326653 5.326e-06
559 Pubmed_A.txt 0.00326876 0.00326281 5.952e-06
560 Pubmed_A.txt 0.00260975 0.00259393 1.5815e-05
561 Pubmed_A.txt 0.00259822 0.00259416 4.059e-06
562 Pubmed_A.txt 0.00263595 0.00262928 6.665e-06
563 Pubmed_A.txt 0.00263132 0.00262601 5.308e-06
564 Pubmed_A.txt 0.00263569 0.00263221 3.473e-06
565 Pubmed_A.txt 0.00263296 0.00262987 3.091e-06
566 Pubmed_A.txt 0.00264924 0.00264586 3.373e-06
567 Pubmed_A.txt 0.00264696 0.00264203 4.938e-06
568 Pubmed_A.txt 0.0026442 0.00263984 4.358e-06
569 Pubmed_A.txt 0.00264159 0.00263808 3.51e-06
570 Pubmed_A.txt 0.00265355 0.00264905 4.502e-06
571 Pubmed_A.txt 0.00265089 0.00264695 3.946e-06
572 Pubmed_A.txt 0.00265134 0.00264624 5.093e-06
573 Pubmed_A.txt 0.0026482 0.00264415 4.049e-06
574 Pubmed_A.txt 0.00266452 0.00265892 5.603e-06
575 Pubmed_A.txt 0.00265914 0.00265462 4.528e-06
576 Pubmed_A.txt 0.00303281 0.00302889 3.918e-06
577 Pubmed_A.txt 0.00303514 0.00303034 4.795e-06
578 Pubmed_A.txt 0.00306971 0.00306518 4.525e-06
579 Pubmed_A.txt 0.00306497 0.00306178 3.198e-06
580 Pubmed_A.txt 0.00306118 0.0030577 3.483e-06
581 Pubmed_A.txt 0.00306042 0.00305646 3.955e-06
582 Pubmed_A.txt 0.00306861 0.00306272 5.895e-06
583 Pubmed_A.txt 0.00306065 0.0030571 3.552e-06
584 Pubmed_A.txt 0.00304524 0.00304275 2.489e-06
585 Pubmed_A.txt 0.00304511 0.00304099 4.122e-06
586 Pubmed_A.txt 0.00306576 0.00306324 2.528e-06
587 Pubmed_A.txt 0.00306342 0.00305907 4.351e-06
588 Pubmed_A.txt 0.00308506 0.00308134 3.722e-06
589 Pubmed_A.txt 0.003084 0.00308017 3.822e-06
590 Pubmed_A.txt 0.00308724 0.00308257 4.666e-06
591 Pubmed_A.txt 0.0030853 0.00307907 6.228e-06
592 Pubmed_A.txt 0.00336914 0.00336643 2.709e-06
593 Pubmed_A.txt 0.00336963 0.00336559 4.038e-06
594 Pubmed_A.txt 0.00341016 0.00340224 7.92e-06
595 Pubmed_A.txt 0.00340981 0.00340129 8.524e-06
596 Pubmed_A.txt 0.00344459 0.00344052 4.076e-06
597 Pubmed_A.txt 0.00344293 0.00343891 4.018e-06
598 Pubmed_A.txt 0.00343343 0.0034278 5.629e-06
599 Pubmed_A.txt 0.0034271 0.00342418 2.922e-06
600 Pubmed_A.txt 0.003206 0.00320155 4.444e-06
601 Pubmed_A.txt 0.00320316 0.00319959 3.573e-06
602 Pubmed_A.txt 0.00322254 0.00321334 9.201e-06
603 Pubmed_A.txt 0.00321478 0.00321075 4.028e-06
604 Pubmed_A.txt 0.00322465 0.00322067 3.98e-06
605 Pubmed_A.txt 0.00322491 0.003219 5.91e-06
606 Pubmed_A.txt 0.00319906 0.00319285 6.217e-06
607 Pubmed_A.txt 0.00319462 0.00319048 4.148e-06
608 Pubmed_A.txt 0.00257487 0.002571 3.869e-06
609 Pubmed_A.txt 0.00257346 0.00256904 4.416e-06
610 Pubmed_A.txt 0.00260356 0.00259923 4.332e-06
611 Pubmed_A.txt 0.00259882 0.00259549 3.325e-06
612 Pubmed_A.txt 0.00261852 0.00261502 3.495e-06
613 Pubmed_A.txt 0.00261794 0.00261429 3.655e-06
614 Pubmed_A.txt 0.00264162 0.00263692 4.697e-06
615 Pubmed_A.txt 0.00263853 0.00263355 4.985e-06
616 Pubmed_A.txt 0.00260957 0.00260756 2.007e-06
617 Pubmed_A.txt 0.00260893 0.00260572 3.202e-06
618 Pubmed_A.txt 0.0026366 0.00263113 5.466e-06
619 Pubmed_A.txt 0.00263192 0.00262828 3.632e-06
620 Pubmed_A.txt 0.00264496 0.00264215 2.807e-06
621 Pubmed_A.txt 0.00264593 0.00264058 5.354e-06
622 Pubmed_A.txt 0.00266066 0.00265506 5.592e-06
623 Pubmed_A.txt 0.00265557 0.00265203 3.539e-06
624 Pubmed_A.txt 0.00302327 0.00301786 5.408e-06
625 Pubmed_A.txt 0.00302716 0.0030194 7.758e-06
626 Pubmed_A.txt 0.00304038 0.00303426 6.122e-06
627 Pubmed_A.txt 0.00303452 0.00303038 4.147e-06
628 Pubmed_A.txt 0.00309154 0.00308723 4.314e-06
629 Pubmed_A.txt 0.00309013 0.00308564 4.489e-06
630 Pubmed_A.txt 0.0030794 0.00307427 5.125e-06
631 Pubmed_A.txt 0.00307513 0.00306957 5.569e-06
632 Pubmed_A.txt 0.00304176 0.00303886 2.905e-06
633 Pubmed_A.txt 0.00304041 0.00303668 3.731e-06
634 Pubmed_A.txt 0.00306089 0.00305291 7.985e-06
635 Pubmed_A.txt 0.00305502 0.00304929 5.727e-06
636 Pubmed_A.txt 0.00307608 0.00307381 2.271e-06
637 Pubmed_A.txt 0.00307451 0.00307142 3.094e-06
638 Pubmed_A.txt 0.00305047 0.00304706 3.407e-06
639 Pubmed_A.txt 0.00304599 0.00304263 3.366e-06
640 Pubmed_A.txt 0.00342369 0.00342019 3.492e-06
641 Pubmed_A.txt 0.00342417 0.00341963 4.54e-06
642 Pubmed_A.txt 0.00343745 0.00343187 5.578e-06
643 Pubmed_A.txt 0.00343123 0.00342804 3.191e-06
644 Pubmed_A.txt 0.00344343 0.00344082 2.609e-06
645 Pubmed_A.txt 0.00344479 0.003439 5.784e-06
646 Pubmed_A.txt 0.00345637 0.00345281 3.561e-06
647 Pubmed_A.txt 0.00345003 0.00344742 2.609e-06
648 Pubmed_A.txt 0.00323136 0.00322824 3.116e-06
649 Pubmed_A.txt 0.00322894 0.00322554 3.406e-06
650 Pubmed_A.txt 0.00326502 0.00326083 4.182e-06
651 Pubmed_A.txt 0.003263 0.00325574 7.26e-06
652 Pubmed_A.txt 0.00325837 0.00324934 9.031e-06
653 Pubmed_A.txt 0.00325041 0.0032467 3.716e-06
654 Pubmed_A.txt 0.00322302 0.00321749 5.534e-06
655 Pubmed_A.txt 0.00322135 0.00321403 7.32e-06
656 Pubmed_A.txt 0.00263988 0.0026361 3.784e-06
657 Pubmed_A.txt 0.00264186 0.00263303 8.828e-06
658 Pubmed_A.txt 0.00266281 0.00264965 1.3165e-05
659 Pubmed_A.txt 0.002661 0.00264682 1.4178e-05
660 Pubmed_A.txt 0.0026661 0.00265547 1.0624e-05
661 Pubmed_A.txt 0.00266138 0.0026543 7.079e-06
662 Pubmed_A.txt 0.00266296 0.00265158 1.1372e-05
663 Pubmed_A.txt 0.00265271 0.00264801 4.704e-06
664 Pubmed_A.txt 0.00262626 0.00261377 1.2493e-05
665 Pubmed_A.txt 0.00262105 0.00261129 9.759e-06
666 Pubmed_A.txt 0.00263465 0.00262138 1.3264e-05
667 Pubmed_A.txt 0.00262866 0.00261845 1.0202e-05
668 Pubmed_A.txt 0.00266693 0.00265283 1.4102e-05
669 Pubmed_A.txt 0.0026601 0.00265021 9.89e-06
670 Pubmed_A.txt 0.00266454 0.00265269 1.1848e-05
671 Pubmed_A.txt 0.00265914 0.00265052 8.622e-06
672 Pubmed_A.txt 0.00304126 0.00303822 3.042e-06
673 Pubmed_A.txt 0.00304566 0.00303973 5.928e-06
674 Pubmed_A.txt 0.00306489 0.00306039 4.497e-06
675 Pubmed_A.txt 0.00306132 0.00305721 4.115e-06
676 Pubmed_A.txt 0.0031127 0.00311018 2.52e-06
677 Pubmed_A.txt 0.00311023 0.00310633 3.895e-06
678 Pubmed_A.txt 0.00309345 0.00308891 4.531e-06
679 Pubmed_A.txt 0.00309719 0.00308462 1.2569e-05
680 Pubmed_A.txt 0.00310909 0.00310047 8.617e-06
681 Pubmed_A.txt 0.00310211 0.0030983 3.806e-06
682 Pubmed_A.txt 0.00311979 0.00311686 2.938e-06
683 Pubmed_A.txt 0.00311678 0.00311456 2.217e-06
684 Pubmed_A.txt 0.00311912 0.00309749 2.163e-05
685 Pubmed_A.txt 0.00310651 0.00309636 1.0148e-05
686 Pubmed_A.txt 0.00309406 0.00308412 9.935e-06
687 Pubmed_A.txt 0.00308685 0.00308039 6.458e-06
688 Pubmed_A.txt 0.00349995 0.00349479 5.161e-06
689 Pubmed_A.txt 0.00350144 0.00349322 8.223e-06
690 Pubmed_A.txt 0.00350726 0.00348828 1.8983e-05
691 Pubmed_A.txt 0.00349177 0.00348616 5.613e-06
692 Pubmed_A.txt 0.00350863 0.00350547 3.159e-06
693 Pubmed_A.txt 0.00350808 0.00350344 4.644e-06
694 Pubmed_A.txt 0.00349079 0.00348702 3.774e-06
695 Pubmed_A.txt 0.00348835 0.00348274 5.603e-06
696 Pubmed_A.txt 0.00321027 0.00319475 1.5525e-05
697 Pubmed_A.txt 0.00320582 0.00319292 1.2899e-05
698 Pubmed_A.txt 0.00322401 0.00321831 5.701e-06
699 Pubmed_A.txt 0.00321761 0.00321526 2.347e-06
700 Pubmed_A.txt 0.00326789 0.00326161 6.286e-06
701 Pubmed_A.txt 0.00326933 0.00325999 9.34e-06
702 Pubmed_A.txt 0.00323635 0.00322709 9.262e-06
703 Pubmed_A.txt 0.00323483 0.0032236 1.1234e-05
704 Pubmed_A.txt 0.00269939 0.00268995 9.44e-06
705 Pubmed_A.txt 0.00270222 0.00268649 1.573e-05
706 Pubmed_A.txt 0.00270953 0.00269453 1.5e-05
707 Pubmed_A.txt 0.00269376 0.00268946 4.306e-06
708 Pubmed_A.txt 0.0027151 0.00270294 1.2152e-05
709 Pubmed_A.txt 0.00270562 0.00270182 3.801e-06
710 Pubmed_A.txt 0.00267065 0.00266573 4.927e-06
711 Pubmed_A.txt 0.00266938 0.00266376 5.618e-06
712 Pubmed_A.txt 0.00268746 0.00268331 4.143e-06
713 Pubmed_A.txt 0.00268542 0.00268065 4.77e-06
714 Pubmed_A.txt 0.00271168 0.00270698 4.698e-06
715 Pubmed_A.txt 0.00270753 0.00270279 4.738e-06
716 Pubmed_A.txt 0.00271299 0.00270394 9.055e-06
717 Pubmed_A.txt 0.00270584 0.00270231 3.524e-06
718 Pubmed_A.txt 0.00270195 0.00268989 1.2062e-05
719 Pubmed_A.txt 0.00269262 0.00268664 5.98e-06
720 Pubmed_A.txt 0.0030159 0.00301179 4.109e-06
721 Pubmed_A.txt 0.00302014 0.00301429 5.842e-06
722 Pubmed_A.txt 0.00305 0.00304441 5.588e-06
723 Pubmed_A.txt 0.00304279 0.0030388 3.993e-06
724 Pubmed_A.txt 0.0030842 0.00308039 3.805e-06
725 Pubmed_A.txt 0.00308111 0.00307648 4.629e-06
726 Pubmed_A.txt 0.00310444 0.00309652 7.921e-06
727 Pubmed_A.txt 0.00309885 0.00309211 6.737e-06
728 Pubmed_A.txt 0.00302713 0.00301909 8.044e-06
729 Pubmed_A.txt 0.00301822 0.00301596 2.253e-06
730 Pubmed_A.txt 0.00307508 0.00306742 7.658e-06
731 Pubmed_A.txt 0.00306582 0.00306287 2.945e-06
732 Pubmed_A.txt 0.00309516 0.00308261 1.2546e-05
733 Pubmed_A.txt 0.00308863 0.00308112 7.504e-06
734 Pubmed_A.txt 0.003083 0.00307852 4.482e-06
735 Pubmed_A.txt 0.00308147 0.00307534 6.13e-06
736 Pubmed_A.txt 0.0034923 0.00348809 4.208e-06
737 Pubmed_A.txt 0.00348951 0.0034855 4.003e-06
738 Pubmed_A.txt 0.00348848 0.00348403 4.451e-06
739 Pubmed_A.txt 0.00348565 0.00348143 4.222e-06
740 Pubmed_A.txt 0.00345419 0.00344708 7.112e-06
741 Pubmed_A.txt 0.00344743 0.00344422 3.207e-06
742 Pubmed_A.txt 0.00347475 0.0034705 4.247e-06
743 Pubmed_A.txt 0.00347139 0.00346653 4.863e-06
744 Pubmed_A.txt 0.00326525 0.00326169 3.556e-06
745 Pubmed_A.txt 0.00326228 0.0032591 3.178e-06
746 Pubmed_A.txt 0.00324369 0.00323995 3.746e-06
747 Pubmed_A.txt 0.00324058 0.00323657 4.005e-06
748 Pubmed_A.txt 0.00324563 0.00324129 4.336e-06
749 Pubmed_A.txt 0.00324725 0.00323899 8.264e-06
750 Pubmed_A.txt 0.00323264 0.0032262 6.446e-06
751 Pubmed_A.txt 0.00322972 0.00322287 6.851e-06
752 Pubmed_A.txt 0.00263677 0.0026253 1.1474e-05
753 Pubmed_A.txt 0.00262905 0.00262436 4.691e-06
754 Pubmed_A.txt 0.00264648 0.00264367 2.806e-06
755 Pubmed_A.txt 0.00264722 0.00263984 7.376e-06
756 Pubmed_A.txt 0.00268108 0.00265537 2.5708e-05
757 Pubmed_A.txt 0.00266543 0.00265284 1.259e-05
758 Pubmed_A.txt 0.00268067 0.00267072 9.947e-06
759 Pubmed_A.txt 0.00268296 0.00266777 1.5194e-05
760 Pubmed_A.txt 0.00263763 0.00262313 1.4495e-05
761 Pubmed_A.txt 0.00263209 0.00262145 1.0645e-05
762 Pubmed_A.txt 0.00267242 0.00266385 8.576e-06
763 Pubmed_A.txt 0.00266884 0.00266111 7.731e-06
764 Pubmed_A.txt 0.00268543 0.00266873 1.6706e-05
765 Pubmed_A.txt 0.00267685 0.00266653 1.0312e-05
766 Pubmed_A.txt 0.00268196 0.00266468 1.7281e-05
767 Pubmed_A.txt 0.00282832 0.00265982 0.000168508
TACC:  Shutdown complete. Exiting. 
