TACC:  Starting up job 10024616 
TACC:  Starting parallel tasks... 
0 Citeseer_feat_L1.txt 0.00225755 0.00225388 3.668e-06
1 Citeseer_feat_L1.txt 0.00221042 0.00220478 5.635e-06
2 Citeseer_feat_L1.txt 0.00225695 0.00225182 5.122e-06
3 Citeseer_feat_L1.txt 0.00224695 0.00224302 3.922e-06
4 Citeseer_feat_L1.txt 0.00226683 0.00226296 3.867e-06
5 Citeseer_feat_L1.txt 0.00225286 0.00224879 4.063e-06
6 Citeseer_feat_L1.txt 0.0022303 0.0022258 4.508e-06
7 Citeseer_feat_L1.txt 0.00224385 0.00223969 4.168e-06
8 Citeseer_feat_L1.txt 0.00230511 0.00230103 4.072e-06
9 Citeseer_feat_L1.txt 0.00223734 0.0022341 3.232e-06
10 Citeseer_feat_L1.txt 0.00230335 0.00229936 3.988e-06
11 Citeseer_feat_L1.txt 0.00224792 0.00224375 4.161e-06
12 Citeseer_feat_L1.txt 0.00227512 0.00227103 4.09e-06
13 Citeseer_feat_L1.txt 0.00225546 0.00225096 4.499e-06
14 Citeseer_feat_L1.txt 0.00227412 0.00226954 4.583e-06
15 Citeseer_feat_L1.txt 0.00226032 0.00225682 3.5e-06
16 Citeseer_feat_L1.txt 0.00234503 0.00234065 4.386e-06
17 Citeseer_feat_L1.txt 0.0023373 0.00233397 3.333e-06
18 Citeseer_feat_L1.txt 0.00231588 0.00231178 4.109e-06
19 Citeseer_feat_L1.txt 0.00232806 0.00232356 4.497e-06
20 Citeseer_feat_L1.txt 0.00233178 0.00232805 3.735e-06
21 Citeseer_feat_L1.txt 0.00229185 0.00228773 4.122e-06
22 Citeseer_feat_L1.txt 0.00231897 0.00231506 3.907e-06
23 Citeseer_feat_L1.txt 0.00228408 0.00227959 4.487e-06
24 Citeseer_feat_L1.txt 0.00225964 0.00225533 4.31e-06
25 Citeseer_feat_L1.txt 0.00221577 0.0022119 3.872e-06
26 Citeseer_feat_L1.txt 0.00265519 0.00264949 5.692e-06
27 Citeseer_feat_L1.txt 0.0023011 0.00229692 4.187e-06
28 Citeseer_feat_L1.txt 0.00264808 0.00264393 4.15e-06
29 Citeseer_feat_L1.txt 0.00263446 0.00263063 3.831e-06
30 Citeseer_feat_L1.txt 0.00227168 0.00226717 4.509e-06
31 Citeseer_feat_L1.txt 0.00222716 0.00222348 3.676e-06
32 Citeseer_feat_L1.txt 0.00213891 0.00213467 4.238e-06
33 Citeseer_feat_L1.txt 0.00209106 0.00208643 4.625e-06
34 Citeseer_feat_L1.txt 0.00215565 0.0021512 4.45e-06
35 Citeseer_feat_L1.txt 0.00215372 0.00214995 3.77e-06
36 Citeseer_feat_L1.txt 0.00215502 0.00215124 3.784e-06
37 Citeseer_feat_L1.txt 0.00216916 0.00216474 4.422e-06
38 Citeseer_feat_L1.txt 0.00217067 0.00216594 4.729e-06
39 Citeseer_feat_L1.txt 0.00212756 0.00212352 4.048e-06
40 Citeseer_feat_L1.txt 0.00211195 0.00210805 3.904e-06
41 Citeseer_feat_L1.txt 0.00214096 0.00213731 3.652e-06
42 Citeseer_feat_L1.txt 0.00212492 0.00211995 4.966e-06
43 Citeseer_feat_L1.txt 0.00214828 0.00214412 4.156e-06
44 Citeseer_feat_L1.txt 0.00210397 0.00209991 4.058e-06
45 Citeseer_feat_L1.txt 0.00213807 0.00213453 3.539e-06
46 Citeseer_feat_L1.txt 0.00217608 0.00217203 4.053e-06
47 Citeseer_feat_L1.txt 0.00213482 0.00213092 3.91e-06
48 Citeseer_feat_L1.txt 0.0022992 0.00229482 4.377e-06
49 Citeseer_feat_L1.txt 0.00223937 0.00223506 4.311e-06
50 Citeseer_feat_L1.txt 0.00223067 0.00222597 4.696e-06
51 Citeseer_feat_L1.txt 0.00223016 0.00222587 4.292e-06
52 Citeseer_feat_L1.txt 0.00209204 0.00208777 4.27e-06
53 Citeseer_feat_L1.txt 0.0022212 0.00221651 4.686e-06
54 Citeseer_feat_L1.txt 0.00221683 0.00221227 4.561e-06
55 Citeseer_feat_L1.txt 0.00221898 0.00221472 4.255e-06
56 Citeseer_feat_L1.txt 0.00216389 0.00216003 3.86e-06
57 Citeseer_feat_L1.txt 0.0022285 0.0022241 4.391e-06
58 Citeseer_feat_L1.txt 0.00220507 0.0022003 4.768e-06
59 Citeseer_feat_L1.txt 0.00223083 0.00222617 4.669e-06
60 Citeseer_feat_L1.txt 0.00223992 0.00223623 3.693e-06
61 Citeseer_feat_L1.txt 0.00223243 0.00222839 4.04e-06
62 Citeseer_feat_L1.txt 0.00220397 0.00220039 3.576e-06
63 Citeseer_feat_L1.txt 0.00227893 0.00227497 3.954e-06
64 Citeseer_feat_L1.txt 0.00280334 0.00279884 4.498e-06
65 Citeseer_feat_L1.txt 0.00285145 0.0028465 4.945e-06
66 Citeseer_feat_L1.txt 0.00284505 0.00284003 5.016e-06
67 Citeseer_feat_L1.txt 0.00274121 0.00273674 4.472e-06
68 Citeseer_feat_L1.txt 0.00228198 0.00227847 3.513e-06
69 Citeseer_feat_L1.txt 0.00219063 0.00218656 4.067e-06
70 Citeseer_feat_L1.txt 0.00218377 0.00217938 4.39e-06
71 Citeseer_feat_L1.txt 0.0021595 0.00215544 4.062e-06
72 Citeseer_feat_L1.txt 0.00233251 0.002329 3.517e-06
73 Citeseer_feat_L1.txt 0.00230093 0.00229676 4.177e-06
74 Citeseer_feat_L1.txt 0.002609 0.00260272 6.279e-06
75 Citeseer_feat_L1.txt 0.00216632 0.00216158 4.741e-06
76 Citeseer_feat_L1.txt 0.00271834 0.00271419 4.153e-06
77 Citeseer_feat_L1.txt 0.00265662 0.00265336 3.258e-06
78 Citeseer_feat_L1.txt 0.00256554 0.00256162 3.916e-06
79 Citeseer_feat_L1.txt 0.00257749 0.00257329 4.203e-06
80 Citeseer_feat_L1.txt 0.00199352 0.00198856 4.957e-06
81 Citeseer_feat_L1.txt 0.00205667 0.00205184 4.834e-06
82 Citeseer_feat_L1.txt 0.00216961 0.00216569 3.922e-06
83 Citeseer_feat_L1.txt 0.00211905 0.00211519 3.86e-06
84 Citeseer_feat_L1.txt 0.00205015 0.0020465 3.652e-06
85 Citeseer_feat_L1.txt 0.00217161 0.00216691 4.698e-06
86 Citeseer_feat_L1.txt 0.00217991 0.00217596 3.958e-06
87 Citeseer_feat_L1.txt 0.00198464 0.00198053 4.112e-06
88 Citeseer_feat_L1.txt 0.00216693 0.00216308 3.846e-06
89 Citeseer_feat_L1.txt 0.00200238 0.00199762 4.757e-06
90 Citeseer_feat_L1.txt 0.00205085 0.00204725 3.596e-06
91 Citeseer_feat_L1.txt 0.001983 0.00197772 5.282e-06
92 Citeseer_feat_L1.txt 0.00213432 0.00213005 4.27e-06
93 Citeseer_feat_L1.txt 0.00204737 0.0020435 3.879e-06
94 Citeseer_feat_L1.txt 0.00210399 0.00209983 4.155e-06
95 Citeseer_feat_L1.txt 0.00203302 0.00202841 4.603e-06
96 Citeseer_feat_L1.txt 0.00222886 0.00222375 5.115e-06
97 Citeseer_feat_L1.txt 0.00223895 0.00223535 3.596e-06
98 Citeseer_feat_L1.txt 0.00226096 0.00225667 4.286e-06
99 Citeseer_feat_L1.txt 0.00226053 0.00225597 4.557e-06
100 Citeseer_feat_L1.txt 0.00222415 0.00222019 3.959e-06
101 Citeseer_feat_L1.txt 0.00221484 0.00221067 4.166e-06
102 Citeseer_feat_L1.txt 0.00225881 0.00225483 3.974e-06
103 Citeseer_feat_L1.txt 0.00221451 0.00221035 4.159e-06
104 Citeseer_feat_L1.txt 0.00226481 0.00226109 3.721e-06
105 Citeseer_feat_L1.txt 0.00224547 0.00224145 4.014e-06
106 Citeseer_feat_L1.txt 0.00224996 0.00224653 3.426e-06
107 Citeseer_feat_L1.txt 0.00223424 0.00223072 3.527e-06
108 Citeseer_feat_L1.txt 0.00236479 0.00236034 4.449e-06
109 Citeseer_feat_L1.txt 0.00232941 0.00232569 3.719e-06
110 Citeseer_feat_L1.txt 0.00226606 0.00226183 4.224e-06
111 Citeseer_feat_L1.txt 0.00227217 0.00226853 3.645e-06
112 Citeseer_feat_L1.txt 0.00229294 0.0022891 3.844e-06
113 Citeseer_feat_L1.txt 0.00238374 0.00237985 3.887e-06
114 Citeseer_feat_L1.txt 0.00238204 0.00237834 3.703e-06
115 Citeseer_feat_L1.txt 0.00231248 0.00230809 4.387e-06
116 Citeseer_feat_L1.txt 0.00276274 0.00275806 4.672e-06
117 Citeseer_feat_L1.txt 0.00234668 0.00234262 4.057e-06
118 Citeseer_feat_L1.txt 0.00229627 0.00229318 3.092e-06
119 Citeseer_feat_L1.txt 0.00235117 0.00234643 4.748e-06
120 Citeseer_feat_L1.txt 0.00225996 0.00225551 4.446e-06
121 Citeseer_feat_L1.txt 0.00222232 0.00221789 4.427e-06
122 Citeseer_feat_L1.txt 0.00226441 0.00226069 3.722e-06
123 Citeseer_feat_L1.txt 0.00227295 0.00226901 3.941e-06
124 Citeseer_feat_L1.txt 0.00268047 0.00267751 2.957e-06
125 Citeseer_feat_L1.txt 0.00266112 0.00265697 4.152e-06
126 Citeseer_feat_L1.txt 0.00265857 0.00265442 4.149e-06
127 Citeseer_feat_L1.txt 0.00263847 0.0026342 4.269e-06
128 Citeseer_feat_L1.txt 0.00211433 0.00211038 3.952e-06
129 Citeseer_feat_L1.txt 0.00207159 0.00206737 4.22e-06
130 Citeseer_feat_L1.txt 0.00217267 0.00216983 2.838e-06
131 Citeseer_feat_L1.txt 0.00212689 0.00212272 4.17e-06
132 Citeseer_feat_L1.txt 0.00213386 0.00212938 4.488e-06
133 Citeseer_feat_L1.txt 0.00217752 0.00217345 4.07e-06
134 Citeseer_feat_L1.txt 0.0021378 0.00213398 3.811e-06
135 Citeseer_feat_L1.txt 0.0020835 0.00207984 3.658e-06
136 Citeseer_feat_L1.txt 0.00209643 0.002093 3.431e-06
137 Citeseer_feat_L1.txt 0.0020905 0.00208668 3.816e-06
138 Citeseer_feat_L1.txt 0.00210224 0.00209802 4.22e-06
139 Citeseer_feat_L1.txt 0.00212766 0.0021234 4.258e-06
140 Citeseer_feat_L1.txt 0.00210271 0.00209868 4.034e-06
141 Citeseer_feat_L1.txt 0.00211313 0.00210978 3.347e-06
142 Citeseer_feat_L1.txt 0.00209712 0.00209341 3.713e-06
143 Citeseer_feat_L1.txt 0.00209068 0.0020872 3.479e-06
144 Citeseer_feat_L1.txt 0.00221607 0.00221141 4.661e-06
145 Citeseer_feat_L1.txt 0.00222005 0.00221528 4.765e-06
146 Citeseer_feat_L1.txt 0.00222614 0.00222191 4.232e-06
147 Citeseer_feat_L1.txt 0.00228666 0.00228315 3.515e-06
148 Citeseer_feat_L1.txt 0.00226063 0.00225656 4.071e-06
149 Citeseer_feat_L1.txt 0.00221128 0.00220721 4.072e-06
150 Citeseer_feat_L1.txt 0.00223572 0.00223156 4.161e-06
151 Citeseer_feat_L1.txt 0.00224886 0.0022451 3.768e-06
152 Citeseer_feat_L1.txt 0.00220368 0.00219973 3.941e-06
153 Citeseer_feat_L1.txt 0.00226462 0.0022607 3.921e-06
154 Citeseer_feat_L1.txt 0.00222635 0.00222211 4.237e-06
155 Citeseer_feat_L1.txt 0.00227024 0.0022661 4.142e-06
156 Citeseer_feat_L1.txt 0.00223798 0.00223342 4.562e-06
157 Citeseer_feat_L1.txt 0.00224135 0.00223685 4.499e-06
158 Citeseer_feat_L1.txt 0.00225867 0.00225379 4.874e-06
159 Citeseer_feat_L1.txt 0.002267 0.00226299 4.011e-06
160 Citeseer_feat_L1.txt 0.00293107 0.00292649 4.576e-06
161 Citeseer_feat_L1.txt 0.0029275 0.00292317 4.329e-06
162 Citeseer_feat_L1.txt 0.0029163 0.00291116 5.148e-06
163 Citeseer_feat_L1.txt 0.00287736 0.00287318 4.184e-06
164 Citeseer_feat_L1.txt 0.00231889 0.00231506 3.828e-06
165 Citeseer_feat_L1.txt 0.00233936 0.00233493 4.43e-06
166 Citeseer_feat_L1.txt 0.00230023 0.00229654 3.682e-06
167 Citeseer_feat_L1.txt 0.00232362 0.00231984 3.779e-06
168 Citeseer_feat_L1.txt 0.00267295 0.0026694 3.544e-06
169 Citeseer_feat_L1.txt 0.00262714 0.00262368 3.455e-06
170 Citeseer_feat_L1.txt 0.00229296 0.00228875 4.205e-06
171 Citeseer_feat_L1.txt 0.00227335 0.0022696 3.754e-06
172 Citeseer_feat_L1.txt 0.00269964 0.00269586 3.783e-06
173 Citeseer_feat_L1.txt 0.00268847 0.00268453 3.938e-06
174 Citeseer_feat_L1.txt 0.00268803 0.00268369 4.34e-06
175 Citeseer_feat_L1.txt 0.00268996 0.00268598 3.985e-06
176 Citeseer_feat_L1.txt 0.00211797 0.0021141 3.87e-06
177 Citeseer_feat_L1.txt 0.00212375 0.00211941 4.339e-06
178 Citeseer_feat_L1.txt 0.00214361 0.00213928 4.333e-06
179 Citeseer_feat_L1.txt 0.00210541 0.00210159 3.819e-06
180 Citeseer_feat_L1.txt 0.00212435 0.00212052 3.833e-06
181 Citeseer_feat_L1.txt 0.00207843 0.0020744 4.033e-06
182 Citeseer_feat_L1.txt 0.00213856 0.00213383 4.724e-06
183 Citeseer_feat_L1.txt 0.00212496 0.00212043 4.529e-06
184 Citeseer_feat_L1.txt 0.00210694 0.0021035 3.444e-06
185 Citeseer_feat_L1.txt 0.00214236 0.00213825 4.105e-06
186 Citeseer_feat_L1.txt 0.00212924 0.00212517 4.064e-06
187 Citeseer_feat_L1.txt 0.00211036 0.00210687 3.489e-06
188 Citeseer_feat_L1.txt 0.00213079 0.00212718 3.617e-06
189 Citeseer_feat_L1.txt 0.00210583 0.00210185 3.985e-06
190 Citeseer_feat_L1.txt 0.00211896 0.00211509 3.877e-06
191 Citeseer_feat_L1.txt 0.00213584 0.00213162 4.219e-06
192 Citeseer_feat_L1.txt 0.00229556 0.00229154 4.023e-06
193 Citeseer_feat_L1.txt 0.00228918 0.00228611 3.069e-06
194 Citeseer_feat_L1.txt 0.0022305 0.00222639 4.109e-06
195 Citeseer_feat_L1.txt 0.00220799 0.00220424 3.743e-06
196 Citeseer_feat_L1.txt 0.0021394 0.00213533 4.068e-06
197 Citeseer_feat_L1.txt 0.00228364 0.00227951 4.132e-06
198 Citeseer_feat_L1.txt 0.00231069 0.00230708 3.606e-06
199 Citeseer_feat_L1.txt 0.0022197 0.00221547 4.223e-06
200 Citeseer_feat_L1.txt 0.00229383 0.00229024 3.587e-06
201 Citeseer_feat_L1.txt 0.00220719 0.00220295 4.246e-06
202 Citeseer_feat_L1.txt 0.00223983 0.00223441 5.422e-06
203 Citeseer_feat_L1.txt 0.0022085 0.00220446 4.039e-06
204 Citeseer_feat_L1.txt 0.00234128 0.00233753 3.748e-06
205 Citeseer_feat_L1.txt 0.00216244 0.00215748 4.963e-06
206 Citeseer_feat_L1.txt 0.00221286 0.00220866 4.196e-06
207 Citeseer_feat_L1.txt 0.00223586 0.00223105 4.814e-06
208 Citeseer_feat_L1.txt 0.00228394 0.0022795 4.443e-06
209 Citeseer_feat_L1.txt 0.00225556 0.0022519 3.661e-06
210 Citeseer_feat_L1.txt 0.00229871 0.00229542 3.287e-06
211 Citeseer_feat_L1.txt 0.00230605 0.00230172 4.337e-06
212 Citeseer_feat_L1.txt 0.00229036 0.00228662 3.74e-06
213 Citeseer_feat_L1.txt 0.00223312 0.00222918 3.933e-06
214 Citeseer_feat_L1.txt 0.00268526 0.00267937 5.891e-06
215 Citeseer_feat_L1.txt 0.00228363 0.00228034 3.296e-06
216 Citeseer_feat_L1.txt 0.00233515 0.00233156 3.592e-06
217 Citeseer_feat_L1.txt 0.00219801 0.0021938 4.204e-06
218 Citeseer_feat_L1.txt 0.00230448 0.0023001 4.382e-06
219 Citeseer_feat_L1.txt 0.00222034 0.00221711 3.226e-06
220 Citeseer_feat_L1.txt 0.00270242 0.00269851 3.911e-06
221 Citeseer_feat_L1.txt 0.0026614 0.00265772 3.679e-06
222 Citeseer_feat_L1.txt 0.0026158 0.00261183 3.97e-06
223 Citeseer_feat_L1.txt 0.00260232 0.00259833 3.99e-06
224 Citeseer_feat_L1.txt 0.00204964 0.00204608 3.566e-06
225 Citeseer_feat_L1.txt 0.00200842 0.00200461 3.817e-06
226 Citeseer_feat_L1.txt 0.00215544 0.00215088 4.558e-06
227 Citeseer_feat_L1.txt 0.0021143 0.00210997 4.335e-06
228 Citeseer_feat_L1.txt 0.00209108 0.00208742 3.655e-06
229 Citeseer_feat_L1.txt 0.00203177 0.00202765 4.116e-06
230 Citeseer_feat_L1.txt 0.00209407 0.0020898 4.264e-06
231 Citeseer_feat_L1.txt 0.00208206 0.00207855 3.503e-06
232 Citeseer_feat_L1.txt 0.00202663 0.00202224 4.393e-06
233 Citeseer_feat_L1.txt 0.00212543 0.00212113 4.299e-06
234 Citeseer_feat_L1.txt 0.00210968 0.00210535 4.329e-06
235 Citeseer_feat_L1.txt 0.00217167 0.00216747 4.198e-06
236 Citeseer_feat_L1.txt 0.00210181 0.00209854 3.263e-06
237 Citeseer_feat_L1.txt 0.00209008 0.0020861 3.981e-06
238 Citeseer_feat_L1.txt 0.00215618 0.00215248 3.695e-06
239 Citeseer_feat_L1.txt 0.00206852 0.00206406 4.456e-06
240 Citeseer_feat_L1.txt 0.00223218 0.00222824 3.94e-06
241 Citeseer_feat_L1.txt 0.0021853 0.00218212 3.182e-06
242 Citeseer_feat_L1.txt 0.00221821 0.00221418 4.029e-06
243 Citeseer_feat_L1.txt 0.0022138 0.00220976 4.038e-06
244 Citeseer_feat_L1.txt 0.00226476 0.00226029 4.473e-06
245 Citeseer_feat_L1.txt 0.00224785 0.00224401 3.838e-06
246 Citeseer_feat_L1.txt 0.00224251 0.00223815 4.365e-06
247 Citeseer_feat_L1.txt 0.00224093 0.00223648 4.444e-06
248 Citeseer_feat_L1.txt 0.00219513 0.00219209 3.043e-06
249 Citeseer_feat_L1.txt 0.00221982 0.00221609 3.729e-06
250 Citeseer_feat_L1.txt 0.00230258 0.00229843 4.146e-06
251 Citeseer_feat_L1.txt 0.00218281 0.00217908 3.729e-06
252 Citeseer_feat_L1.txt 0.00220519 0.00220147 3.718e-06
253 Citeseer_feat_L1.txt 0.00230986 0.00230609 3.767e-06
254 Citeseer_feat_L1.txt 0.0022629 0.00225857 4.325e-06
255 Citeseer_feat_L1.txt 0.00224602 0.00224133 4.69e-06
256 Citeseer_feat_L1.txt 0.00230527 0.00230134 3.929e-06
257 Citeseer_feat_L1.txt 0.00227474 0.00227094 3.797e-06
258 Citeseer_feat_L1.txt 0.00232389 0.00231972 4.166e-06
259 Citeseer_feat_L1.txt 0.00229458 0.00229035 4.236e-06
260 Citeseer_feat_L1.txt 0.002321 0.00231675 4.25e-06
261 Citeseer_feat_L1.txt 0.00231555 0.00231134 4.211e-06
262 Citeseer_feat_L1.txt 0.00273872 0.00273449 4.227e-06
263 Citeseer_feat_L1.txt 0.00236817 0.00236368 4.484e-06
264 Citeseer_feat_L1.txt 0.00226857 0.00226481 3.765e-06
265 Citeseer_feat_L1.txt 0.00227746 0.00227281 4.655e-06
266 Citeseer_feat_L1.txt 0.00226479 0.00226053 4.254e-06
267 Citeseer_feat_L1.txt 0.00227679 0.00227352 3.275e-06
268 Citeseer_feat_L1.txt 0.00270653 0.00270187 4.661e-06
269 Citeseer_feat_L1.txt 0.00263424 0.00263004 4.201e-06
270 Citeseer_feat_L1.txt 0.00269299 0.00268898 4.011e-06
271 Citeseer_feat_L1.txt 0.00267966 0.0026752 4.458e-06
272 Citeseer_feat_L1.txt 0.00211908 0.00211506 4.017e-06
273 Citeseer_feat_L1.txt 0.00211456 0.00211079 3.77e-06
274 Citeseer_feat_L1.txt 0.00216032 0.00215578 4.536e-06
275 Citeseer_feat_L1.txt 0.00214781 0.00214399 3.818e-06
276 Citeseer_feat_L1.txt 0.0021476 0.00214421 3.397e-06
277 Citeseer_feat_L1.txt 0.00223757 0.00223302 4.548e-06
278 Citeseer_feat_L1.txt 0.00216502 0.00216126 3.764e-06
279 Citeseer_feat_L1.txt 0.00215833 0.00215411 4.224e-06
280 Citeseer_feat_L1.txt 0.00214688 0.00214333 3.55e-06
281 Citeseer_feat_L1.txt 0.00208412 0.00208058 3.548e-06
282 Citeseer_feat_L1.txt 0.00215113 0.00214732 3.803e-06
283 Citeseer_feat_L1.txt 0.00212984 0.00212565 4.196e-06
284 Citeseer_feat_L1.txt 0.00214542 0.00214142 4.003e-06
285 Citeseer_feat_L1.txt 0.00213905 0.00213505 3.996e-06
286 Citeseer_feat_L1.txt 0.00212422 0.00212131 2.9e-06
287 Citeseer_feat_L1.txt 0.00213873 0.00213435 4.376e-06
288 Citeseer_feat_L1.txt 0.0022027 0.00219811 4.59e-06
289 Citeseer_feat_L1.txt 0.00215564 0.00215194 3.696e-06
290 Citeseer_feat_L1.txt 0.00218079 0.00217684 3.944e-06
291 Citeseer_feat_L1.txt 0.00228152 0.00227773 3.788e-06
292 Citeseer_feat_L1.txt 0.00227321 0.00226911 4.103e-06
293 Citeseer_feat_L1.txt 0.00222401 0.00222021 3.797e-06
294 Citeseer_feat_L1.txt 0.00218714 0.00218348 3.66e-06
295 Citeseer_feat_L1.txt 0.00215413 0.00215015 3.978e-06
296 Citeseer_feat_L1.txt 0.00220897 0.00220533 3.644e-06
297 Citeseer_feat_L1.txt 0.00219147 0.00218717 4.301e-06
298 Citeseer_feat_L1.txt 0.00217275 0.00216847 4.277e-06
299 Citeseer_feat_L1.txt 0.00225467 0.00225113 3.54e-06
300 Citeseer_feat_L1.txt 0.00215889 0.00215536 3.53e-06
301 Citeseer_feat_L1.txt 0.00223287 0.00222985 3.025e-06
302 Citeseer_feat_L1.txt 0.00216911 0.00216519 3.916e-06
303 Citeseer_feat_L1.txt 0.00221124 0.00220708 4.158e-06
304 Citeseer_feat_L1.txt 0.00295315 0.00294912 4.029e-06
305 Citeseer_feat_L1.txt 0.00283243 0.00282884 3.583e-06
306 Citeseer_feat_L1.txt 0.00282568 0.00282197 3.714e-06
307 Citeseer_feat_L1.txt 0.00287426 0.00286939 4.864e-06
308 Citeseer_feat_L1.txt 0.00235826 0.00235509 3.173e-06
309 Citeseer_feat_L1.txt 0.00226273 0.00225791 4.823e-06
310 Citeseer_feat_L1.txt 0.00271024 0.00270387 6.365e-06
311 Citeseer_feat_L1.txt 0.00230862 0.00230385 4.77e-06
312 Citeseer_feat_L1.txt 0.00271563 0.00271135 4.278e-06
313 Citeseer_feat_L1.txt 0.00270715 0.00270325 3.903e-06
314 Citeseer_feat_L1.txt 0.00238434 0.00238037 3.977e-06
315 Citeseer_feat_L1.txt 0.00221779 0.00221306 4.726e-06
316 Citeseer_feat_L1.txt 0.00232279 0.00231884 3.948e-06
317 Citeseer_feat_L1.txt 0.00230813 0.00230463 3.507e-06
318 Citeseer_feat_L1.txt 0.00255844 0.00255406 4.377e-06
319 Citeseer_feat_L1.txt 0.00258753 0.00258342 4.114e-06
320 Citeseer_feat_L1.txt 0.00203131 0.00202694 4.366e-06
321 Citeseer_feat_L1.txt 0.00206308 0.00206009 2.985e-06
322 Citeseer_feat_L1.txt 0.00221617 0.00221166 4.514e-06
323 Citeseer_feat_L1.txt 0.00205314 0.00204984 3.3e-06
324 Citeseer_feat_L1.txt 0.00208759 0.00208351 4.078e-06
325 Citeseer_feat_L1.txt 0.00212606 0.00212166 4.402e-06
326 Citeseer_feat_L1.txt 0.00219585 0.00219186 3.991e-06
327 Citeseer_feat_L1.txt 0.00216512 0.00216081 4.307e-06
328 Citeseer_feat_L1.txt 0.00212247 0.0021186 3.868e-06
329 Citeseer_feat_L1.txt 0.00209859 0.00209437 4.228e-06
330 Citeseer_feat_L1.txt 0.00211465 0.00210972 4.925e-06
331 Citeseer_feat_L1.txt 0.00210403 0.00209976 4.265e-06
332 Citeseer_feat_L1.txt 0.00206265 0.00205819 4.458e-06
333 Citeseer_feat_L1.txt 0.00206086 0.00205678 4.08e-06
334 Citeseer_feat_L1.txt 0.00212551 0.00212167 3.84e-06
335 Citeseer_feat_L1.txt 0.00208782 0.00208363 4.19e-06
336 Citeseer_feat_L1.txt 0.00222107 0.00221628 4.793e-06
337 Citeseer_feat_L1.txt 0.00217994 0.00217563 4.305e-06
338 Citeseer_feat_L1.txt 0.00230138 0.00229776 3.617e-06
339 Citeseer_feat_L1.txt 0.00223543 0.00223126 4.176e-06
340 Citeseer_feat_L1.txt 0.00218952 0.00218541 4.116e-06
341 Citeseer_feat_L1.txt 0.00223374 0.00222963 4.111e-06
342 Citeseer_feat_L1.txt 0.00218091 0.0021771 3.804e-06
343 Citeseer_feat_L1.txt 0.00223256 0.00222889 3.674e-06
344 Citeseer_feat_L1.txt 0.00219814 0.00219357 4.567e-06
345 Citeseer_feat_L1.txt 0.00218977 0.00218526 4.503e-06
346 Citeseer_feat_L1.txt 0.00220399 0.00219956 4.431e-06
347 Citeseer_feat_L1.txt 0.00225209 0.00224849 3.61e-06
348 Citeseer_feat_L1.txt 0.00222045 0.00221567 4.778e-06
349 Citeseer_feat_L1.txt 0.00227218 0.00226861 3.567e-06
350 Citeseer_feat_L1.txt 0.00220856 0.00220458 3.981e-06
351 Citeseer_feat_L1.txt 0.00222716 0.00222313 4.025e-06
352 Citeseer_feat_L1.txt 0.00269374 0.00268929 4.457e-06
353 Citeseer_feat_L1.txt 0.00268226 0.0026785 3.756e-06
354 Citeseer_feat_L1.txt 0.00266507 0.00266116 3.916e-06
355 Citeseer_feat_L1.txt 0.00276329 0.00275919 4.098e-06
356 Citeseer_feat_L1.txt 0.00228293 0.0022794 3.532e-06
357 Citeseer_feat_L1.txt 0.00224501 0.00224157 3.442e-06
358 Citeseer_feat_L1.txt 0.00226407 0.00226018 3.885e-06
359 Citeseer_feat_L1.txt 0.00227484 0.0022699 4.939e-06
360 Citeseer_feat_L1.txt 0.00264765 0.00264277 4.876e-06
361 Citeseer_feat_L1.txt 0.00262171 0.00261725 4.46e-06
362 Citeseer_feat_L1.txt 0.00258221 0.00257557 6.634e-06
363 Citeseer_feat_L1.txt 0.0022718 0.00226824 3.554e-06
364 Citeseer_feat_L1.txt 0.00270055 0.00269645 4.106e-06
365 Citeseer_feat_L1.txt 0.00267429 0.002671 3.293e-06
366 Citeseer_feat_L1.txt 0.0026715 0.00266677 4.731e-06
367 Citeseer_feat_L1.txt 0.00269242 0.00268833 4.096e-06
368 Citeseer_feat_L1.txt 0.00213006 0.00212599 4.074e-06
369 Citeseer_feat_L1.txt 0.00212383 0.00212005 3.784e-06
370 Citeseer_feat_L1.txt 0.00214787 0.00214299 4.871e-06
371 Citeseer_feat_L1.txt 0.00211114 0.00210637 4.763e-06
372 Citeseer_feat_L1.txt 0.00211909 0.0021148 4.296e-06
373 Citeseer_feat_L1.txt 0.0021258 0.00212118 4.628e-06
374 Citeseer_feat_L1.txt 0.00209873 0.00209424 4.485e-06
375 Citeseer_feat_L1.txt 0.00214531 0.00214114 4.176e-06
376 Citeseer_feat_L1.txt 0.00215679 0.00215274 4.046e-06
377 Citeseer_feat_L1.txt 0.0020541 0.00205005 4.054e-06
378 Citeseer_feat_L1.txt 0.00208044 0.00207573 4.713e-06
379 Citeseer_feat_L1.txt 0.00209829 0.00209513 3.161e-06
380 Citeseer_feat_L1.txt 0.0021347 0.00213057 4.13e-06
381 Citeseer_feat_L1.txt 0.00209481 0.00209101 3.795e-06
382 Citeseer_feat_L1.txt 0.00214755 0.00214306 4.489e-06
383 Citeseer_feat_L1.txt 0.00213223 0.00212807 4.161e-06
384 Citeseer_feat_L1.txt 0.00223506 0.00223057 4.491e-06
385 Citeseer_feat_L1.txt 0.00224199 0.00223711 4.88e-06
386 Citeseer_feat_L1.txt 0.00224445 0.00223925 5.201e-06
387 Citeseer_feat_L1.txt 0.00212701 0.00212257 4.443e-06
388 Citeseer_feat_L1.txt 0.00233573 0.00233227 3.469e-06
389 Citeseer_feat_L1.txt 0.00211947 0.00211519 4.275e-06
390 Citeseer_feat_L1.txt 0.00211345 0.00210954 3.91e-06
391 Citeseer_feat_L1.txt 0.00214605 0.00214219 3.852e-06
392 Citeseer_feat_L1.txt 0.00228511 0.00228075 4.362e-06
393 Citeseer_feat_L1.txt 0.00223202 0.00222734 4.673e-06
394 Citeseer_feat_L1.txt 0.00227125 0.00226696 4.287e-06
395 Citeseer_feat_L1.txt 0.00222517 0.00222113 4.047e-06
396 Citeseer_feat_L1.txt 0.0022711 0.00226747 3.63e-06
397 Citeseer_feat_L1.txt 0.00214251 0.00213855 3.959e-06
398 Citeseer_feat_L1.txt 0.00220782 0.00220366 4.166e-06
399 Citeseer_feat_L1.txt 0.00218932 0.0021852 4.12e-06
400 Citeseer_feat_L1.txt 0.00278209 0.00277688 5.216e-06
401 Citeseer_feat_L1.txt 0.00277178 0.00276755 4.234e-06
402 Citeseer_feat_L1.txt 0.00289548 0.0028912 4.285e-06
403 Citeseer_feat_L1.txt 0.00279205 0.00278793 4.119e-06
404 Citeseer_feat_L1.txt 0.00218234 0.00217779 4.552e-06
405 Citeseer_feat_L1.txt 0.00235636 0.00235295 3.404e-06
406 Citeseer_feat_L1.txt 0.00258221 0.00257414 8.071e-06
407 Citeseer_feat_L1.txt 0.00233102 0.00232709 3.937e-06
408 Citeseer_feat_L1.txt 0.00223531 0.00223118 4.125e-06
409 Citeseer_feat_L1.txt 0.00220263 0.00219824 4.391e-06
410 Citeseer_feat_L1.txt 0.00250691 0.00250218 4.727e-06
411 Citeseer_feat_L1.txt 0.0021852 0.00218161 3.587e-06
412 Citeseer_feat_L1.txt 0.00257202 0.00256834 3.687e-06
413 Citeseer_feat_L1.txt 0.00255237 0.0025482 4.172e-06
414 Citeseer_feat_L1.txt 0.00220893 0.00220512 3.81e-06
415 Citeseer_feat_L1.txt 0.00229845 0.00229397 4.487e-06
416 Citeseer_feat_L1.txt 0.00205104 0.00204754 3.504e-06
417 Citeseer_feat_L1.txt 0.00200072 0.00199599 4.736e-06
418 Citeseer_feat_L1.txt 0.00216896 0.00216456 4.399e-06
419 Citeseer_feat_L1.txt 0.00213888 0.00213516 3.724e-06
420 Citeseer_feat_L1.txt 0.00208411 0.00208012 3.988e-06
421 Citeseer_feat_L1.txt 0.00207132 0.00206664 4.678e-06
422 Citeseer_feat_L1.txt 0.00213878 0.00213461 4.173e-06
423 Citeseer_feat_L1.txt 0.00218049 0.00217691 3.589e-06
424 Citeseer_feat_L1.txt 0.00208727 0.00208376 3.509e-06
425 Citeseer_feat_L1.txt 0.00207602 0.00207209 3.93e-06
426 Citeseer_feat_L1.txt 0.00208381 0.00207936 4.451e-06
427 Citeseer_feat_L1.txt 0.0020833 0.00207916 4.137e-06
428 Citeseer_feat_L1.txt 0.00200634 0.00200268 3.661e-06
429 Citeseer_feat_L1.txt 0.00205517 0.0020511 4.074e-06
430 Citeseer_feat_L1.txt 0.00209867 0.00209458 4.092e-06
431 Citeseer_feat_L1.txt 0.00209147 0.00208742 4.053e-06
432 Citeseer_feat_L1.txt 0.00210527 0.00210044 4.83e-06
433 Citeseer_feat_L1.txt 0.00221645 0.00221204 4.406e-06
434 Citeseer_feat_L1.txt 0.00222811 0.00222392 4.187e-06
435 Citeseer_feat_L1.txt 0.00219338 0.00218886 4.518e-06
436 Citeseer_feat_L1.txt 0.00212122 0.00211722 4.002e-06
437 Citeseer_feat_L1.txt 0.00215124 0.0021471 4.144e-06
438 Citeseer_feat_L1.txt 0.0022438 0.00223895 4.85e-06
439 Citeseer_feat_L1.txt 0.00216565 0.0021613 4.341e-06
440 Citeseer_feat_L1.txt 0.00217956 0.00217563 3.93e-06
441 Citeseer_feat_L1.txt 0.00212981 0.00212578 4.025e-06
442 Citeseer_feat_L1.txt 0.00220569 0.00220196 3.736e-06
443 Citeseer_feat_L1.txt 0.0021243 0.00212078 3.523e-06
444 Citeseer_feat_L1.txt 0.00220873 0.0022049 3.831e-06
445 Citeseer_feat_L1.txt 0.00220454 0.00220031 4.231e-06
446 Citeseer_feat_L1.txt 0.00229452 0.00229085 3.665e-06
447 Citeseer_feat_L1.txt 0.00213102 0.00212639 4.63e-06
448 Citeseer_feat_L1.txt 0.00235169 0.00234803 3.663e-06
449 Citeseer_feat_L1.txt 0.0021879 0.00218366 4.235e-06
450 Citeseer_feat_L1.txt 0.00227577 0.00227125 4.526e-06
451 Citeseer_feat_L1.txt 0.00231857 0.00231489 3.678e-06
452 Citeseer_feat_L1.txt 0.00231188 0.00230797 3.912e-06
453 Citeseer_feat_L1.txt 0.00227105 0.00226748 3.577e-06
454 Citeseer_feat_L1.txt 0.00235581 0.0023516 4.212e-06
455 Citeseer_feat_L1.txt 0.00235321 0.00234908 4.13e-06
456 Citeseer_feat_L1.txt 0.00256229 0.00255877 3.514e-06
457 Citeseer_feat_L1.txt 0.00263147 0.00262738 4.089e-06
458 Citeseer_feat_L1.txt 0.00214592 0.00214178 4.139e-06
459 Citeseer_feat_L1.txt 0.00219849 0.00219419 4.295e-06
460 Citeseer_feat_L1.txt 0.00220758 0.00220328 4.299e-06
461 Citeseer_feat_L1.txt 0.00217613 0.00217284 3.293e-06
462 Citeseer_feat_L1.txt 0.00225068 0.00224697 3.702e-06
463 Citeseer_feat_L1.txt 0.00225399 0.00224929 4.699e-06
464 Citeseer_feat_L1.txt 0.00212112 0.0021172 3.928e-06
465 Citeseer_feat_L1.txt 0.0020678 0.00206395 3.856e-06
466 Citeseer_feat_L1.txt 0.00207579 0.00207208 3.713e-06
467 Citeseer_feat_L1.txt 0.00203363 0.00202944 4.185e-06
468 Citeseer_feat_L1.txt 0.00209537 0.00209169 3.675e-06
469 Citeseer_feat_L1.txt 0.00209504 0.00209027 4.776e-06
470 Citeseer_feat_L1.txt 0.00214479 0.0021405 4.29e-06
471 Citeseer_feat_L1.txt 0.00206467 0.00206073 3.94e-06
472 Citeseer_feat_L1.txt 0.00208863 0.00208442 4.207e-06
473 Citeseer_feat_L1.txt 0.00209942 0.00209579 3.636e-06
474 Citeseer_feat_L1.txt 0.00213287 0.00212977 3.098e-06
475 Citeseer_feat_L1.txt 0.00210172 0.00209739 4.325e-06
476 Citeseer_feat_L1.txt 0.00211709 0.00211309 3.997e-06
477 Citeseer_feat_L1.txt 0.00209223 0.00208931 2.915e-06
478 Citeseer_feat_L1.txt 0.00209902 0.00209492 4.104e-06
479 Citeseer_feat_L1.txt 0.00209886 0.00209474 4.118e-06
480 Citeseer_feat_L1.txt 0.00224552 0.00224086 4.662e-06
481 Citeseer_feat_L1.txt 0.00224649 0.00224275 3.736e-06
482 Citeseer_feat_L1.txt 0.00224488 0.00224061 4.275e-06
483 Citeseer_feat_L1.txt 0.00221333 0.00220906 4.272e-06
484 Citeseer_feat_L1.txt 0.00221952 0.00221544 4.081e-06
485 Citeseer_feat_L1.txt 0.00224462 0.00224147 3.144e-06
486 Citeseer_feat_L1.txt 0.00222405 0.00222 4.048e-06
487 Citeseer_feat_L1.txt 0.00226591 0.00226156 4.353e-06
488 Citeseer_feat_L1.txt 0.00225958 0.00225596 3.616e-06
489 Citeseer_feat_L1.txt 0.0022452 0.00224095 4.255e-06
490 Citeseer_feat_L1.txt 0.00226294 0.00225879 4.155e-06
491 Citeseer_feat_L1.txt 0.00226322 0.00225899 4.229e-06
492 Citeseer_feat_L1.txt 0.0022828 0.00227919 3.616e-06
493 Citeseer_feat_L1.txt 0.00225571 0.00225169 4.02e-06
494 Citeseer_feat_L1.txt 0.002273 0.00226846 4.547e-06
495 Citeseer_feat_L1.txt 0.00227261 0.00226814 4.463e-06
496 Citeseer_feat_L1.txt 0.00230245 0.00229829 4.16e-06
497 Citeseer_feat_L1.txt 0.00236364 0.00235946 4.18e-06
498 Citeseer_feat_L1.txt 0.00276122 0.00275466 6.555e-06
499 Citeseer_feat_L1.txt 0.00235481 0.00235077 4.039e-06
500 Citeseer_feat_L1.txt 0.00273947 0.002734 5.471e-06
501 Citeseer_feat_L1.txt 0.00231128 0.00230733 3.954e-06
502 Citeseer_feat_L1.txt 0.00272524 0.00271844 6.804e-06
503 Citeseer_feat_L1.txt 0.0023074 0.00230311 4.29e-06
504 Citeseer_feat_L1.txt 0.00223879 0.00223487 3.923e-06
505 Citeseer_feat_L1.txt 0.00227137 0.0022673 4.065e-06
506 Citeseer_feat_L1.txt 0.00229721 0.00229302 4.194e-06
507 Citeseer_feat_L1.txt 0.00226198 0.00225775 4.235e-06
508 Citeseer_feat_L1.txt 0.00228568 0.00228215 3.536e-06
509 Citeseer_feat_L1.txt 0.00225004 0.00224539 4.652e-06
510 Citeseer_feat_L1.txt 0.00262582 0.0026196 6.221e-06
511 Citeseer_feat_L1.txt 0.00229284 0.00228914 3.706e-06
512 Citeseer_feat_L1.txt 0.0021381 0.00213483 3.268e-06
513 Citeseer_feat_L1.txt 0.00218574 0.00218178 3.962e-06
514 Citeseer_feat_L1.txt 0.00210885 0.0021044 4.456e-06
515 Citeseer_feat_L1.txt 0.00218807 0.00218316 4.912e-06
516 Citeseer_feat_L1.txt 0.00212466 0.00212081 3.845e-06
517 Citeseer_feat_L1.txt 0.0021508 0.00214726 3.541e-06
518 Citeseer_feat_L1.txt 0.00211865 0.00211397 4.681e-06
519 Citeseer_feat_L1.txt 0.00209905 0.00209533 3.721e-06
520 Citeseer_feat_L1.txt 0.00209085 0.00208733 3.518e-06
521 Citeseer_feat_L1.txt 0.00207933 0.00207455 4.78e-06
522 Citeseer_feat_L1.txt 0.00213389 0.00212919 4.695e-06
523 Citeseer_feat_L1.txt 0.00208361 0.00207979 3.822e-06
524 Citeseer_feat_L1.txt 0.00213816 0.00213403 4.13e-06
525 Citeseer_feat_L1.txt 0.00208378 0.00207955 4.229e-06
526 Citeseer_feat_L1.txt 0.0020944 0.00209054 3.852e-06
527 Citeseer_feat_L1.txt 0.00212268 0.00211879 3.889e-06
528 Citeseer_feat_L1.txt 0.00218248 0.00217822 4.261e-06
529 Citeseer_feat_L1.txt 0.00217654 0.0021733 3.241e-06
530 Citeseer_feat_L1.txt 0.00220222 0.00219806 4.161e-06
531 Citeseer_feat_L1.txt 0.00217733 0.00217324 4.084e-06
532 Citeseer_feat_L1.txt 0.00221598 0.00221106 4.921e-06
533 Citeseer_feat_L1.txt 0.00231221 0.00230766 4.549e-06
534 Citeseer_feat_L1.txt 0.00220884 0.0022047 4.139e-06
535 Citeseer_feat_L1.txt 0.00220758 0.00220332 4.257e-06
536 Citeseer_feat_L1.txt 0.00217404 0.00217028 3.765e-06
537 Citeseer_feat_L1.txt 0.00215843 0.00215349 4.94e-06
538 Citeseer_feat_L1.txt 0.00218038 0.00217612 4.255e-06
539 Citeseer_feat_L1.txt 0.00225146 0.00224731 4.155e-06
540 Citeseer_feat_L1.txt 0.00219702 0.00219286 4.158e-06
541 Citeseer_feat_L1.txt 0.00220272 0.00219893 3.792e-06
542 Citeseer_feat_L1.txt 0.0021541 0.00214977 4.335e-06
543 Citeseer_feat_L1.txt 0.00232413 0.00232071 3.417e-06
544 Citeseer_feat_L1.txt 0.00226777 0.00226377 3.997e-06
545 Citeseer_feat_L1.txt 0.00226575 0.00226187 3.883e-06
546 Citeseer_feat_L1.txt 0.00225705 0.00225373 3.322e-06
547 Citeseer_feat_L1.txt 0.00223046 0.00222601 4.446e-06
548 Citeseer_feat_L1.txt 0.00223688 0.00223317 3.704e-06
549 Citeseer_feat_L1.txt 0.00221109 0.00220714 3.955e-06
550 Citeseer_feat_L1.txt 0.00221482 0.0022108 4.014e-06
551 Citeseer_feat_L1.txt 0.00225683 0.00225285 3.979e-06
552 Citeseer_feat_L1.txt 0.00231983 0.00231577 4.059e-06
553 Citeseer_feat_L1.txt 0.00217998 0.00217532 4.657e-06
554 Citeseer_feat_L1.txt 0.00261626 0.00261223 4.032e-06
555 Citeseer_feat_L1.txt 0.00257452 0.00256994 4.576e-06
556 Citeseer_feat_L1.txt 0.00223747 0.00223414 3.327e-06
557 Citeseer_feat_L1.txt 0.0022049 0.00220096 3.946e-06
558 Citeseer_feat_L1.txt 0.00231583 0.00231174 4.095e-06
559 Citeseer_feat_L1.txt 0.0022088 0.00220425 4.554e-06
560 Citeseer_feat_L1.txt 0.00206548 0.00206154 3.94e-06
561 Citeseer_feat_L1.txt 0.00208089 0.00207644 4.45e-06
562 Citeseer_feat_L1.txt 0.00208028 0.00207614 4.141e-06
563 Citeseer_feat_L1.txt 0.00206847 0.00206363 4.838e-06
564 Citeseer_feat_L1.txt 0.00210394 0.00209994 4.006e-06
565 Citeseer_feat_L1.txt 0.00210163 0.00209716 4.465e-06
566 Citeseer_feat_L1.txt 0.00209653 0.00209239 4.144e-06
567 Citeseer_feat_L1.txt 0.00209112 0.00208731 3.804e-06
568 Citeseer_feat_L1.txt 0.00210263 0.00209864 3.986e-06
569 Citeseer_feat_L1.txt 0.00210719 0.00210408 3.106e-06
570 Citeseer_feat_L1.txt 0.00208053 0.00207584 4.697e-06
571 Citeseer_feat_L1.txt 0.0020669 0.00206335 3.549e-06
572 Citeseer_feat_L1.txt 0.00211912 0.002115 4.121e-06
573 Citeseer_feat_L1.txt 0.00207549 0.00207112 4.369e-06
574 Citeseer_feat_L1.txt 0.00211245 0.00210807 4.384e-06
575 Citeseer_feat_L1.txt 0.00217978 0.00217579 3.991e-06
576 Citeseer_feat_L1.txt 0.00224036 0.00223545 4.908e-06
577 Citeseer_feat_L1.txt 0.00221501 0.00221053 4.478e-06
578 Citeseer_feat_L1.txt 0.0022374 0.00223374 3.663e-06
579 Citeseer_feat_L1.txt 0.0022352 0.00223096 4.242e-06
580 Citeseer_feat_L1.txt 0.0021964 0.00219138 5.023e-06
581 Citeseer_feat_L1.txt 0.0022358 0.00223144 4.361e-06
582 Citeseer_feat_L1.txt 0.00227218 0.00226643 5.748e-06
583 Citeseer_feat_L1.txt 0.00223341 0.00222892 4.488e-06
584 Citeseer_feat_L1.txt 0.00222137 0.00221715 4.223e-06
585 Citeseer_feat_L1.txt 0.00221524 0.00221167 3.572e-06
586 Citeseer_feat_L1.txt 0.00222982 0.00222546 4.354e-06
587 Citeseer_feat_L1.txt 0.00222643 0.00222169 4.742e-06
588 Citeseer_feat_L1.txt 0.00224475 0.00224044 4.306e-06
589 Citeseer_feat_L1.txt 0.00219527 0.00219091 4.353e-06
590 Citeseer_feat_L1.txt 0.00229907 0.00229453 4.534e-06
591 Citeseer_feat_L1.txt 0.00222917 0.00222507 4.098e-06
592 Citeseer_feat_L1.txt 0.00238978 0.00238545 4.333e-06
593 Citeseer_feat_L1.txt 0.00232459 0.00232035 4.236e-06
594 Citeseer_feat_L1.txt 0.00238807 0.00238398 4.092e-06
595 Citeseer_feat_L1.txt 0.00233303 0.00232867 4.36e-06
596 Citeseer_feat_L1.txt 0.00269326 0.00268849 4.762e-06
597 Citeseer_feat_L1.txt 0.00230609 0.00230266 3.43e-06
598 Citeseer_feat_L1.txt 0.00232683 0.00232233 4.5e-06
599 Citeseer_feat_L1.txt 0.00228136 0.00227735 4.012e-06
600 Citeseer_feat_L1.txt 0.0022166 0.00221286 3.741e-06
601 Citeseer_feat_L1.txt 0.00226491 0.00226151 3.399e-06
602 Citeseer_feat_L1.txt 0.00226185 0.00225729 4.558e-06
603 Citeseer_feat_L1.txt 0.0022803 0.00227641 3.891e-06
604 Citeseer_feat_L1.txt 0.00224556 0.00224124 4.32e-06
605 Citeseer_feat_L1.txt 0.00225614 0.00225236 3.776e-06
606 Citeseer_feat_L1.txt 0.00226139 0.00225723 4.153e-06
607 Citeseer_feat_L1.txt 0.00227739 0.00227304 4.357e-06
608 Citeseer_feat_L1.txt 0.00211854 0.00211497 3.574e-06
609 Citeseer_feat_L1.txt 0.0020621 0.00205819 3.906e-06
610 Citeseer_feat_L1.txt 0.00213116 0.00212636 4.805e-06
611 Citeseer_feat_L1.txt 0.00212318 0.00211989 3.286e-06
612 Citeseer_feat_L1.txt 0.00213002 0.00212615 3.871e-06
613 Citeseer_feat_L1.txt 0.00214588 0.00214216 3.714e-06
614 Citeseer_feat_L1.txt 0.00215804 0.0021534 4.641e-06
615 Citeseer_feat_L1.txt 0.00212701 0.0021227 4.305e-06
616 Citeseer_feat_L1.txt 0.00212483 0.0021213 3.534e-06
617 Citeseer_feat_L1.txt 0.00214027 0.00213636 3.911e-06
618 Citeseer_feat_L1.txt 0.0020739 0.00206961 4.287e-06
619 Citeseer_feat_L1.txt 0.00210985 0.00210559 4.266e-06
620 Citeseer_feat_L1.txt 0.00213799 0.00213421 3.783e-06
621 Citeseer_feat_L1.txt 0.00213951 0.00213547 4.037e-06
622 Citeseer_feat_L1.txt 0.00214397 0.00213971 4.26e-06
623 Citeseer_feat_L1.txt 0.00211557 0.00211186 3.706e-06
624 Citeseer_feat_L1.txt 0.00225367 0.00224902 4.643e-06
625 Citeseer_feat_L1.txt 0.0021823 0.00217833 3.965e-06
626 Citeseer_feat_L1.txt 0.00225057 0.00224649 4.078e-06
627 Citeseer_feat_L1.txt 0.00226605 0.00226193 4.12e-06
628 Citeseer_feat_L1.txt 0.00222998 0.0022265 3.476e-06
629 Citeseer_feat_L1.txt 0.00226203 0.0022578 4.229e-06
630 Citeseer_feat_L1.txt 0.00227019 0.00226622 3.974e-06
631 Citeseer_feat_L1.txt 0.00218238 0.00217836 4.017e-06
632 Citeseer_feat_L1.txt 0.00230005 0.0022958 4.249e-06
633 Citeseer_feat_L1.txt 0.00221358 0.00221028 3.299e-06
634 Citeseer_feat_L1.txt 0.0023427 0.00233873 3.967e-06
635 Citeseer_feat_L1.txt 0.0021664 0.00216236 4.037e-06
636 Citeseer_feat_L1.txt 0.00221152 0.00220733 4.188e-06
637 Citeseer_feat_L1.txt 0.00220983 0.00220501 4.819e-06
638 Citeseer_feat_L1.txt 0.0022997 0.00229472 4.98e-06
639 Citeseer_feat_L1.txt 0.0022876 0.00228255 5.052e-06
640 Citeseer_feat_L1.txt 0.00237028 0.00236574 4.544e-06
641 Citeseer_feat_L1.txt 0.00234848 0.00234448 3.997e-06
642 Citeseer_feat_L1.txt 0.00235241 0.00234764 4.773e-06
643 Citeseer_feat_L1.txt 0.00235051 0.00234674 3.772e-06
644 Citeseer_feat_L1.txt 0.00233932 0.00233596 3.366e-06
645 Citeseer_feat_L1.txt 0.0023329 0.0023285 4.392e-06
646 Citeseer_feat_L1.txt 0.00233104 0.00232711 3.934e-06
647 Citeseer_feat_L1.txt 0.00222553 0.00222119 4.344e-06
648 Citeseer_feat_L1.txt 0.00222674 0.00222261 4.131e-06
649 Citeseer_feat_L1.txt 0.00219312 0.0021885 4.623e-06
650 Citeseer_feat_L1.txt 0.0023068 0.00230301 3.795e-06
651 Citeseer_feat_L1.txt 0.00220471 0.00220116 3.549e-06
652 Citeseer_feat_L1.txt 0.00222935 0.0022251 4.243e-06
653 Citeseer_feat_L1.txt 0.00223743 0.00223345 3.987e-06
654 Citeseer_feat_L1.txt 0.00222901 0.00222524 3.774e-06
655 Citeseer_feat_L1.txt 0.00219526 0.00219155 3.703e-06
656 Citeseer_feat_L1.txt 0.0020392 0.00203491 4.295e-06
657 Citeseer_feat_L1.txt 0.00213762 0.00213379 3.827e-06
658 Citeseer_feat_L1.txt 0.00208971 0.00208652 3.193e-06
659 Citeseer_feat_L1.txt 0.00210229 0.00209894 3.355e-06
660 Citeseer_feat_L1.txt 0.00206715 0.0020629 4.252e-06
661 Citeseer_feat_L1.txt 0.00207813 0.00207379 4.337e-06
662 Citeseer_feat_L1.txt 0.00217815 0.00217458 3.569e-06
663 Citeseer_feat_L1.txt 0.00206744 0.00206264 4.804e-06
664 Citeseer_feat_L1.txt 0.00209274 0.00208912 3.618e-06
665 Citeseer_feat_L1.txt 0.00208784 0.00208312 4.721e-06
666 Citeseer_feat_L1.txt 0.00207536 0.00207138 3.972e-06
667 Citeseer_feat_L1.txt 0.00209601 0.00209193 4.075e-06
668 Citeseer_feat_L1.txt 0.00210781 0.00210387 3.945e-06
669 Citeseer_feat_L1.txt 0.00209941 0.00209613 3.286e-06
670 Citeseer_feat_L1.txt 0.00206343 0.0020594 4.034e-06
671 Citeseer_feat_L1.txt 0.00206629 0.00206189 4.4e-06
672 Citeseer_feat_L1.txt 0.00220784 0.00220236 5.477e-06
673 Citeseer_feat_L1.txt 0.00218795 0.0021839 4.055e-06
674 Citeseer_feat_L1.txt 0.00229449 0.00229065 3.846e-06
675 Citeseer_feat_L1.txt 0.00224446 0.00223984 4.621e-06
676 Citeseer_feat_L1.txt 0.00218873 0.00218485 3.881e-06
677 Citeseer_feat_L1.txt 0.00226903 0.00226448 4.544e-06
678 Citeseer_feat_L1.txt 0.00229617 0.00229234 3.831e-06
679 Citeseer_feat_L1.txt 0.00225012 0.00224665 3.468e-06
680 Citeseer_feat_L1.txt 0.00228484 0.00228025 4.592e-06
681 Citeseer_feat_L1.txt 0.00225516 0.00225088 4.278e-06
682 Citeseer_feat_L1.txt 0.00223154 0.00222654 4.993e-06
683 Citeseer_feat_L1.txt 0.00221356 0.00220914 4.421e-06
684 Citeseer_feat_L1.txt 0.00223676 0.00223295 3.809e-06
685 Citeseer_feat_L1.txt 0.00219424 0.00218954 4.706e-06
686 Citeseer_feat_L1.txt 0.00223301 0.00222923 3.777e-06
687 Citeseer_feat_L1.txt 0.00218722 0.00218292 4.302e-06
688 Citeseer_feat_L1.txt 0.00233604 0.00233213 3.905e-06
689 Citeseer_feat_L1.txt 0.00226873 0.0022646 4.13e-06
690 Citeseer_feat_L1.txt 0.0023627 0.00235861 4.09e-06
691 Citeseer_feat_L1.txt 0.00227401 0.00227005 3.957e-06
692 Citeseer_feat_L1.txt 0.00234826 0.00234461 3.654e-06
693 Citeseer_feat_L1.txt 0.00228302 0.00227945 3.572e-06
694 Citeseer_feat_L1.txt 0.00228867 0.0022842 4.468e-06
695 Citeseer_feat_L1.txt 0.00230594 0.00230201 3.935e-06
696 Citeseer_feat_L1.txt 0.00224824 0.00224434 3.896e-06
697 Citeseer_feat_L1.txt 0.00226844 0.00226373 4.71e-06
698 Citeseer_feat_L1.txt 0.00223339 0.00222941 3.973e-06
699 Citeseer_feat_L1.txt 0.00223593 0.00223199 3.943e-06
700 Citeseer_feat_L1.txt 0.00226939 0.00226533 4.053e-06
701 Citeseer_feat_L1.txt 0.00222707 0.00222298 4.087e-06
702 Citeseer_feat_L1.txt 0.00226387 0.00225925 4.619e-06
703 Citeseer_feat_L1.txt 0.00221407 0.00220976 4.313e-06
704 Citeseer_feat_L1.txt 0.00211892 0.0021151 3.815e-06
705 Citeseer_feat_L1.txt 0.00212944 0.0021254 4.032e-06
706 Citeseer_feat_L1.txt 0.00212357 0.00211891 4.664e-06
707 Citeseer_feat_L1.txt 0.00212446 0.00212046 4.001e-06
708 Citeseer_feat_L1.txt 0.00213663 0.00213246 4.174e-06
709 Citeseer_feat_L1.txt 0.00211022 0.00210652 3.697e-06
710 Citeseer_feat_L1.txt 0.0021353 0.0021314 3.9e-06
711 Citeseer_feat_L1.txt 0.00212648 0.00212228 4.206e-06
712 Citeseer_feat_L1.txt 0.00211737 0.00211325 4.115e-06
713 Citeseer_feat_L1.txt 0.00210502 0.0021012 3.823e-06
714 Citeseer_feat_L1.txt 0.00215115 0.00214698 4.168e-06
715 Citeseer_feat_L1.txt 0.00214204 0.00213779 4.25e-06
716 Citeseer_feat_L1.txt 0.00213171 0.00212749 4.22e-06
717 Citeseer_feat_L1.txt 0.00212425 0.00212082 3.426e-06
718 Citeseer_feat_L1.txt 0.00214999 0.00214499 5.005e-06
719 Citeseer_feat_L1.txt 0.00213582 0.00213208 3.739e-06
720 Citeseer_feat_L1.txt 0.00219192 0.00218716 4.76e-06
721 Citeseer_feat_L1.txt 0.00222094 0.00221717 3.772e-06
722 Citeseer_feat_L1.txt 0.00214975 0.00214518 4.568e-06
723 Citeseer_feat_L1.txt 0.00219898 0.00219443 4.552e-06
724 Citeseer_feat_L1.txt 0.00218287 0.00217917 3.696e-06
725 Citeseer_feat_L1.txt 0.00214219 0.00213845 3.74e-06
726 Citeseer_feat_L1.txt 0.00218396 0.0021799 4.061e-06
727 Citeseer_feat_L1.txt 0.00218528 0.00218133 3.952e-06
728 Citeseer_feat_L1.txt 0.00221234 0.00220822 4.116e-06
729 Citeseer_feat_L1.txt 0.00214535 0.00214063 4.718e-06
730 Citeseer_feat_L1.txt 0.00229777 0.00229199 5.781e-06
731 Citeseer_feat_L1.txt 0.00215579 0.00215121 4.579e-06
732 Citeseer_feat_L1.txt 0.00215894 0.00215516 3.781e-06
733 Citeseer_feat_L1.txt 0.00226954 0.00226529 4.25e-06
734 Citeseer_feat_L1.txt 0.00221223 0.00220821 4.024e-06
735 Citeseer_feat_L1.txt 0.0022003 0.00219593 4.367e-06
736 Citeseer_feat_L1.txt 0.0022989 0.00229419 4.712e-06
737 Citeseer_feat_L1.txt 0.00225751 0.00224489 1.2625e-05
738 Citeseer_feat_L1.txt 0.00223695 0.00223249 4.456e-06
739 Citeseer_feat_L1.txt 0.00225841 0.00225423 4.187e-06
740 Citeseer_feat_L1.txt 0.00223031 0.00222609 4.219e-06
741 Citeseer_feat_L1.txt 0.00222502 0.00222116 3.86e-06
742 Citeseer_feat_L1.txt 0.00221918 0.00221473 4.447e-06
743 Citeseer_feat_L1.txt 0.00219771 0.00219394 3.775e-06
744 Citeseer_feat_L1.txt 0.00224594 0.00224191 4.031e-06
745 Citeseer_feat_L1.txt 0.00217932 0.0021753 4.019e-06
746 Citeseer_feat_L1.txt 0.00236318 0.00235891 4.261e-06
747 Citeseer_feat_L1.txt 0.002255 0.00225077 4.232e-06
748 Citeseer_feat_L1.txt 0.00226395 0.00226068 3.268e-06
749 Citeseer_feat_L1.txt 0.00215189 0.00214809 3.799e-06
750 Citeseer_feat_L1.txt 0.0022234 0.00221872 4.681e-06
751 Citeseer_feat_L1.txt 0.00223298 0.00222933 3.656e-06
752 Citeseer_feat_L1.txt 0.00208934 0.00208554 3.798e-06
753 Citeseer_feat_L1.txt 0.00218805 0.00218425 3.801e-06
754 Citeseer_feat_L1.txt 0.00206359 0.00205959 4e-06
755 Citeseer_feat_L1.txt 0.00207972 0.00207594 3.783e-06
756 Citeseer_feat_L1.txt 0.00217049 0.0021666 3.893e-06
757 Citeseer_feat_L1.txt 0.00212199 0.002118 3.991e-06
758 Citeseer_feat_L1.txt 0.00212025 0.00211632 3.927e-06
759 Citeseer_feat_L1.txt 0.00204587 0.00204158 4.289e-06
760 Citeseer_feat_L1.txt 0.00207534 0.00207074 4.598e-06
761 Citeseer_feat_L1.txt 0.0021141 0.00210943 4.667e-06
762 Citeseer_feat_L1.txt 0.00207405 0.00206998 4.073e-06
763 Citeseer_feat_L1.txt 0.00202755 0.00202398 3.566e-06
764 Citeseer_feat_L1.txt 0.00211431 0.00211009 4.213e-06
765 Citeseer_feat_L1.txt 0.00213019 0.00212619 3.997e-06
766 Citeseer_feat_L1.txt 0.00205465 0.00205016 4.497e-06
767 Citeseer_feat_L1.txt 0.00233014 0.00208957 0.000240568
0 Citeseer_A.txt 0.00057588 0.000574603 1.277e-06
1 Citeseer_A.txt 0.00057313 0.000572131 9.99e-07
2 Citeseer_A.txt 0.000577061 0.000576236 8.25e-07
3 Citeseer_A.txt 0.000573588 0.000572797 7.91e-07
4 Citeseer_A.txt 0.000578648 0.000577972 6.76e-07
5 Citeseer_A.txt 0.000575225 0.000574539 6.86e-07
6 Citeseer_A.txt 0.000581692 0.000580729 9.63e-07
7 Citeseer_A.txt 0.000576484 0.000575839 6.45e-07
8 Citeseer_A.txt 0.000579479 0.000578818 6.61e-07
9 Citeseer_A.txt 0.000577269 0.000576302 9.67e-07
10 Citeseer_A.txt 0.000586824 0.000586134 6.9e-07
11 Citeseer_A.txt 0.000583426 0.000582594 8.32e-07
12 Citeseer_A.txt 0.000584246 0.000583618 6.28e-07
13 Citeseer_A.txt 0.000582038 0.000581487 5.51e-07
14 Citeseer_A.txt 0.000587117 0.000586083 1.034e-06
15 Citeseer_A.txt 0.000584758 0.000583716 1.042e-06
16 Citeseer_A.txt 0.00064622 0.000645475 7.45e-07
17 Citeseer_A.txt 0.000643465 0.00064263 8.35e-07
18 Citeseer_A.txt 0.00065062 0.000649883 7.37e-07
19 Citeseer_A.txt 0.000647873 0.00064711 7.63e-07
20 Citeseer_A.txt 0.000642708 0.000641933 7.75e-07
21 Citeseer_A.txt 0.000639734 0.000639062 6.72e-07
22 Citeseer_A.txt 0.000645989 0.000645166 8.23e-07
23 Citeseer_A.txt 0.000643007 0.000642199 8.08e-07
24 Citeseer_A.txt 0.000598793 0.000598025 7.68e-07
25 Citeseer_A.txt 0.000595923 0.00059521 7.13e-07
26 Citeseer_A.txt 0.000603033 0.000602213 8.2e-07
27 Citeseer_A.txt 0.000599651 0.000598917 7.34e-07
28 Citeseer_A.txt 0.000598424 0.000597735 6.89e-07
29 Citeseer_A.txt 0.000595779 0.000594986 7.93e-07
30 Citeseer_A.txt 0.000601842 0.000601117 7.25e-07
31 Citeseer_A.txt 0.000599003 0.000598279 7.24e-07
32 Citeseer_A.txt 0.000491145 0.00049038 7.65e-07
33 Citeseer_A.txt 0.000488653 0.000487825 8.28e-07
34 Citeseer_A.txt 0.000496023 0.000495223 8e-07
35 Citeseer_A.txt 0.000492725 0.000491816 9.09e-07
36 Citeseer_A.txt 0.000497338 0.00049661 7.28e-07
37 Citeseer_A.txt 0.000495553 0.000494714 8.39e-07
38 Citeseer_A.txt 0.000499903 0.000499036 8.67e-07
39 Citeseer_A.txt 0.000496451 0.000495673 7.78e-07
40 Citeseer_A.txt 0.000496059 0.000495191 8.68e-07
41 Citeseer_A.txt 0.000493236 0.000492561 6.75e-07
42 Citeseer_A.txt 0.000501317 0.000500644 6.73e-07
43 Citeseer_A.txt 0.000497033 0.000496374 6.59e-07
44 Citeseer_A.txt 0.000500505 0.000499851 6.54e-07
45 Citeseer_A.txt 0.000498664 0.000497807 8.57e-07
46 Citeseer_A.txt 0.000501579 0.000501003 5.76e-07
47 Citeseer_A.txt 0.000498594 0.000498 5.94e-07
48 Citeseer_A.txt 0.000585098 0.000584262 8.36e-07
49 Citeseer_A.txt 0.000583601 0.000582643 9.58e-07
50 Citeseer_A.txt 0.000590295 0.00058954 7.55e-07
51 Citeseer_A.txt 0.00058697 0.000586113 8.57e-07
52 Citeseer_A.txt 0.000587488 0.000586688 8e-07
53 Citeseer_A.txt 0.000585056 0.000584261 7.95e-07
54 Citeseer_A.txt 0.000588954 0.000588142 8.12e-07
55 Citeseer_A.txt 0.000587027 0.000586242 7.85e-07
56 Citeseer_A.txt 0.000585177 0.000584198 9.79e-07
57 Citeseer_A.txt 0.000582849 0.000581904 9.45e-07
58 Citeseer_A.txt 0.000592901 0.000591925 9.76e-07
59 Citeseer_A.txt 0.00058855 0.000587908 6.42e-07
60 Citeseer_A.txt 0.000590416 0.000589601 8.15e-07
61 Citeseer_A.txt 0.000587746 0.000586972 7.74e-07
62 Citeseer_A.txt 0.000592023 0.000591309 7.14e-07
63 Citeseer_A.txt 0.000589297 0.000588639 6.58e-07
64 Citeseer_A.txt 0.000652453 0.000651731 7.22e-07
65 Citeseer_A.txt 0.000650237 0.000649466 7.71e-07
66 Citeseer_A.txt 0.000657522 0.000656815 7.07e-07
67 Citeseer_A.txt 0.000654545 0.000653738 8.07e-07
68 Citeseer_A.txt 0.000653415 0.000652693 7.22e-07
69 Citeseer_A.txt 0.000650633 0.000649967 6.66e-07
70 Citeseer_A.txt 0.000656698 0.000656086 6.12e-07
71 Citeseer_A.txt 0.000652618 0.000652038 5.8e-07
72 Citeseer_A.txt 0.000602072 0.000601269 8.03e-07
73 Citeseer_A.txt 0.000598746 0.0005981 6.46e-07
74 Citeseer_A.txt 0.000606691 0.00060594 7.51e-07
75 Citeseer_A.txt 0.00060345 0.000602433 1.017e-06
76 Citeseer_A.txt 0.000606677 0.000605936 7.41e-07
77 Citeseer_A.txt 0.000604507 0.000603687 8.2e-07
78 Citeseer_A.txt 0.000607508 0.000606695 8.13e-07
79 Citeseer_A.txt 0.000604544 0.000603787 7.57e-07
80 Citeseer_A.txt 0.000490979 0.000490383 5.96e-07
81 Citeseer_A.txt 0.000488273 0.000487706 5.67e-07
82 Citeseer_A.txt 0.00049702 0.000496252 7.68e-07
83 Citeseer_A.txt 0.000493896 0.000493241 6.55e-07
84 Citeseer_A.txt 0.000500156 0.00049925 9.06e-07
85 Citeseer_A.txt 0.000497387 0.000496681 7.06e-07
86 Citeseer_A.txt 0.000502719 0.000501934 7.85e-07
87 Citeseer_A.txt 0.000499363 0.000498292 1.071e-06
88 Citeseer_A.txt 0.000498615 0.000497808 8.07e-07
89 Citeseer_A.txt 0.000496269 0.000495548 7.21e-07
90 Citeseer_A.txt 0.000502565 0.00050182 7.45e-07
91 Citeseer_A.txt 0.000499948 0.000499211 7.37e-07
92 Citeseer_A.txt 0.000501517 0.000500665 8.52e-07
93 Citeseer_A.txt 0.000498795 0.000497945 8.5e-07
94 Citeseer_A.txt 0.000503697 0.000502919 7.78e-07
95 Citeseer_A.txt 0.000500617 0.000499991 6.26e-07
96 Citeseer_A.txt 0.000597107 0.000596243 8.64e-07
97 Citeseer_A.txt 0.000594864 0.000594101 7.63e-07
98 Citeseer_A.txt 0.000601195 0.000600493 7.02e-07
99 Citeseer_A.txt 0.000597763 0.000597055 7.08e-07
100 Citeseer_A.txt 0.000607299 0.000606548 7.51e-07
101 Citeseer_A.txt 0.000604342 0.000603715 6.27e-07
102 Citeseer_A.txt 0.000611011 0.000610309 7.02e-07
103 Citeseer_A.txt 0.000606766 0.000606032 7.34e-07
104 Citeseer_A.txt 0.000604668 0.000604006 6.62e-07
105 Citeseer_A.txt 0.000603108 0.000602436 6.72e-07
106 Citeseer_A.txt 0.00061344 0.000612562 8.78e-07
107 Citeseer_A.txt 0.000610326 0.000609514 8.12e-07
108 Citeseer_A.txt 0.000608233 0.000607568 6.65e-07
109 Citeseer_A.txt 0.000605973 0.000605047 9.26e-07
110 Citeseer_A.txt 0.000611241 0.000610536 7.05e-07
111 Citeseer_A.txt 0.00060756 0.000606659 9.01e-07
112 Citeseer_A.txt 0.000671189 0.000670432 7.57e-07
113 Citeseer_A.txt 0.000668446 0.000667729 7.17e-07
114 Citeseer_A.txt 0.000675659 0.000674848 8.11e-07
115 Citeseer_A.txt 0.00067137 0.000670548 8.22e-07
116 Citeseer_A.txt 0.000667584 0.0006669 6.84e-07
117 Citeseer_A.txt 0.000665521 0.000664833 6.88e-07
118 Citeseer_A.txt 0.000672348 0.000671675 6.73e-07
119 Citeseer_A.txt 0.000669422 0.000668719 7.03e-07
120 Citeseer_A.txt 0.000619361 0.000618509 8.52e-07
121 Citeseer_A.txt 0.000615849 0.000615127 7.22e-07
122 Citeseer_A.txt 0.000622936 0.000622191 7.45e-07
123 Citeseer_A.txt 0.000619366 0.000618676 6.9e-07
124 Citeseer_A.txt 0.0006211 0.000620334 7.66e-07
125 Citeseer_A.txt 0.000618597 0.00061784 7.57e-07
126 Citeseer_A.txt 0.000625395 0.000624684 7.11e-07
127 Citeseer_A.txt 0.00062129 0.000620784 5.06e-07
128 Citeseer_A.txt 0.000508104 0.000507266 8.38e-07
129 Citeseer_A.txt 0.000505649 0.000504991 6.58e-07
130 Citeseer_A.txt 0.000515901 0.000515179 7.22e-07
131 Citeseer_A.txt 0.000512734 0.000511851 8.83e-07
132 Citeseer_A.txt 0.00052123 0.000520306 9.24e-07
133 Citeseer_A.txt 0.000517613 0.000516844 7.69e-07
134 Citeseer_A.txt 0.000522477 0.000521703 7.74e-07
135 Citeseer_A.txt 0.000519143 0.000518216 9.27e-07
136 Citeseer_A.txt 0.000519107 0.000518468 6.39e-07
137 Citeseer_A.txt 0.000517302 0.000516783 5.19e-07
138 Citeseer_A.txt 0.000526697 0.000526152 5.45e-07
139 Citeseer_A.txt 0.000522336 0.000521542 7.94e-07
140 Citeseer_A.txt 0.000521031 0.000520405 6.26e-07
141 Citeseer_A.txt 0.000518215 0.000517482 7.33e-07
142 Citeseer_A.txt 0.00052505 0.000524467 5.83e-07
143 Citeseer_A.txt 0.000521859 0.000521231 6.28e-07
144 Citeseer_A.txt 0.000601864 0.000601025 8.39e-07
145 Citeseer_A.txt 0.000600333 0.000599502 8.31e-07
146 Citeseer_A.txt 0.000607485 0.000606718 7.67e-07
147 Citeseer_A.txt 0.000603598 0.00060302 5.78e-07
148 Citeseer_A.txt 0.000608158 0.000607483 6.75e-07
149 Citeseer_A.txt 0.000606673 0.000606125 5.48e-07
150 Citeseer_A.txt 0.000611002 0.00061024 7.62e-07
151 Citeseer_A.txt 0.000607505 0.000606741 7.64e-07
152 Citeseer_A.txt 0.000602979 0.000602023 9.56e-07
153 Citeseer_A.txt 0.00060009 0.000599511 5.79e-07
154 Citeseer_A.txt 0.000608908 0.000608228 6.8e-07
155 Citeseer_A.txt 0.000605274 0.000604392 8.82e-07
156 Citeseer_A.txt 0.00060722 0.000606426 7.94e-07
157 Citeseer_A.txt 0.00060561 0.000604782 8.28e-07
158 Citeseer_A.txt 0.000610421 0.000609744 6.77e-07
159 Citeseer_A.txt 0.000607905 0.000607032 8.73e-07
160 Citeseer_A.txt 0.000673454 0.000672835 6.19e-07
161 Citeseer_A.txt 0.000671115 0.000670586 5.29e-07
162 Citeseer_A.txt 0.000679201 0.000678433 7.68e-07
163 Citeseer_A.txt 0.000675011 0.000674533 4.78e-07
164 Citeseer_A.txt 0.000673412 0.000672487 9.25e-07
165 Citeseer_A.txt 0.000670892 0.000670191 7.01e-07
166 Citeseer_A.txt 0.000676308 0.000675654 6.54e-07
167 Citeseer_A.txt 0.000673911 0.000673206 7.05e-07
168 Citeseer_A.txt 0.000622995 0.000622186 8.09e-07
169 Citeseer_A.txt 0.000620532 0.00061957 9.62e-07
170 Citeseer_A.txt 0.000628192 0.000627465 7.27e-07
171 Citeseer_A.txt 0.00062477 0.000624011 7.59e-07
172 Citeseer_A.txt 0.000627429 0.000626616 8.13e-07
173 Citeseer_A.txt 0.000625094 0.00062407 1.024e-06
174 Citeseer_A.txt 0.000630932 0.000630485 4.47e-07
175 Citeseer_A.txt 0.000627538 0.000626809 7.29e-07
176 Citeseer_A.txt 0.000509494 0.000508703 7.91e-07
177 Citeseer_A.txt 0.000507067 0.000506347 7.2e-07
178 Citeseer_A.txt 0.000516011 0.000515281 7.3e-07
179 Citeseer_A.txt 0.000512433 0.000511723 7.1e-07
180 Citeseer_A.txt 0.00051909 0.00051828 8.1e-07
181 Citeseer_A.txt 0.000516837 0.00051625 5.87e-07
182 Citeseer_A.txt 0.000522094 0.000521308 7.86e-07
183 Citeseer_A.txt 0.000518047 0.000517421 6.26e-07
184 Citeseer_A.txt 0.000518659 0.000517935 7.24e-07
185 Citeseer_A.txt 0.000516011 0.000515396 6.15e-07
186 Citeseer_A.txt 0.00052569 0.000524736 9.54e-07
187 Citeseer_A.txt 0.000522474 0.000521514 9.6e-07
188 Citeseer_A.txt 0.000526405 0.000525612 7.93e-07
189 Citeseer_A.txt 0.000524907 0.000523965 9.42e-07
190 Citeseer_A.txt 0.00053156 0.000530946 6.14e-07
191 Citeseer_A.txt 0.000527933 0.000527188 7.45e-07
192 Citeseer_A.txt 0.000563944 0.000555963 7.981e-06
193 Citeseer_A.txt 0.000555534 0.00055456 9.74e-07
194 Citeseer_A.txt 0.00056649 0.000565649 8.41e-07
195 Citeseer_A.txt 0.000556782 0.00055626 5.22e-07
196 Citeseer_A.txt 0.000571023 0.000570257 7.66e-07
197 Citeseer_A.txt 0.000569025 0.000568425 6e-07
198 Citeseer_A.txt 0.000573428 0.000572729 6.99e-07
199 Citeseer_A.txt 0.00057006 0.000569381 6.79e-07
200 Citeseer_A.txt 0.000564338 0.000563497 8.41e-07
201 Citeseer_A.txt 0.000563449 0.000562668 7.81e-07
202 Citeseer_A.txt 0.000570226 0.000569456 7.7e-07
203 Citeseer_A.txt 0.000566416 0.000565802 6.14e-07
204 Citeseer_A.txt 0.000568454 0.000567706 7.48e-07
205 Citeseer_A.txt 0.000565665 0.000565064 6.01e-07
206 Citeseer_A.txt 0.000573029 0.000572238 7.91e-07
207 Citeseer_A.txt 0.000569519 0.000568901 6.18e-07
208 Citeseer_A.txt 0.000632601 0.000631839 7.62e-07
209 Citeseer_A.txt 0.000629564 0.00062899 5.74e-07
210 Citeseer_A.txt 0.000635333 0.000634584 7.49e-07
211 Citeseer_A.txt 0.000632328 0.000631394 9.34e-07
212 Citeseer_A.txt 0.000630884 0.000629969 9.15e-07
213 Citeseer_A.txt 0.000628131 0.000627754 3.77e-07
214 Citeseer_A.txt 0.000635025 0.000634424 6.01e-07
215 Citeseer_A.txt 0.000632301 0.000631471 8.3e-07
216 Citeseer_A.txt 0.000577292 0.000576288 1.004e-06
217 Citeseer_A.txt 0.000575362 0.000574456 9.06e-07
218 Citeseer_A.txt 0.000583989 0.000583288 7.01e-07
219 Citeseer_A.txt 0.000580406 0.000579652 7.54e-07
220 Citeseer_A.txt 0.00058536 0.000584475 8.85e-07
221 Citeseer_A.txt 0.000582815 0.000581894 9.21e-07
222 Citeseer_A.txt 0.000588096 0.000587351 7.45e-07
223 Citeseer_A.txt 0.000585675 0.000584463 1.212e-06
224 Citeseer_A.txt 0.000472799 0.000471918 8.81e-07
225 Citeseer_A.txt 0.000470184 0.000469517 6.67e-07
226 Citeseer_A.txt 0.000478415 0.00047748 9.35e-07
227 Citeseer_A.txt 0.000474821 0.000473893 9.28e-07
228 Citeseer_A.txt 0.000479942 0.000479207 7.35e-07
229 Citeseer_A.txt 0.000477073 0.000476463 6.1e-07
230 Citeseer_A.txt 0.000483615 0.000482865 7.5e-07
231 Citeseer_A.txt 0.000480342 0.000479699 6.43e-07
232 Citeseer_A.txt 0.000470183 0.000469543 6.4e-07
233 Citeseer_A.txt 0.000468627 0.000467887 7.4e-07
234 Citeseer_A.txt 0.00047735 0.00047657 7.8e-07
235 Citeseer_A.txt 0.000474161 0.000473441 7.2e-07
236 Citeseer_A.txt 0.000478441 0.00047783 6.11e-07
237 Citeseer_A.txt 0.0004762 0.000475511 6.89e-07
238 Citeseer_A.txt 0.000479464 0.000478547 9.17e-07
239 Citeseer_A.txt 0.000475775 0.000475139 6.36e-07
240 Citeseer_A.txt 0.000561194 0.000560535 6.59e-07
241 Citeseer_A.txt 0.000560143 0.000559307 8.36e-07
242 Citeseer_A.txt 0.000566872 0.000566151 7.21e-07
243 Citeseer_A.txt 0.000562861 0.000562111 7.5e-07
244 Citeseer_A.txt 0.000566165 0.000565392 7.73e-07
245 Citeseer_A.txt 0.000562466 0.000561865 6.01e-07
246 Citeseer_A.txt 0.000567764 0.000566999 7.65e-07
247 Citeseer_A.txt 0.000563546 0.000562854 6.92e-07
248 Citeseer_A.txt 0.000559516 0.000558711 8.05e-07
249 Citeseer_A.txt 0.000558007 0.000557192 8.15e-07
250 Citeseer_A.txt 0.000568384 0.00056776 6.24e-07
251 Citeseer_A.txt 0.00056429 0.000563442 8.48e-07
252 Citeseer_A.txt 0.000565312 0.000564473 8.39e-07
253 Citeseer_A.txt 0.000562848 0.000561996 8.52e-07
254 Citeseer_A.txt 0.00056967 0.000568843 8.27e-07
255 Citeseer_A.txt 0.000565624 0.000564948 6.76e-07
256 Citeseer_A.txt 0.000628442 0.000627717 7.25e-07
257 Citeseer_A.txt 0.000626172 0.000625276 8.96e-07
258 Citeseer_A.txt 0.000632704 0.000632107 5.97e-07
259 Citeseer_A.txt 0.000628296 0.000627513 7.83e-07
260 Citeseer_A.txt 0.000625291 0.00062456 7.31e-07
261 Citeseer_A.txt 0.000622264 0.000621784 4.8e-07
262 Citeseer_A.txt 0.000628253 0.000627526 7.27e-07
263 Citeseer_A.txt 0.000624361 0.000623527 8.34e-07
264 Citeseer_A.txt 0.000575823 0.000575112 7.11e-07
265 Citeseer_A.txt 0.000573222 0.000572429 7.93e-07
266 Citeseer_A.txt 0.000580331 0.000579677 6.54e-07
267 Citeseer_A.txt 0.000576921 0.000576483 4.38e-07
268 Citeseer_A.txt 0.000581693 0.000580995 6.98e-07
269 Citeseer_A.txt 0.000579509 0.000578531 9.78e-07
270 Citeseer_A.txt 0.000584076 0.000583072 1.004e-06
271 Citeseer_A.txt 0.000580533 0.000579719 8.14e-07
272 Citeseer_A.txt 0.000471594 0.000470709 8.85e-07
273 Citeseer_A.txt 0.000469255 0.00046867 5.85e-07
274 Citeseer_A.txt 0.000478118 0.000477496 6.22e-07
275 Citeseer_A.txt 0.000474461 0.000473615 8.46e-07
276 Citeseer_A.txt 0.000479795 0.000479126 6.69e-07
277 Citeseer_A.txt 0.000477163 0.000476448 7.15e-07
278 Citeseer_A.txt 0.000482385 0.000481611 7.74e-07
279 Citeseer_A.txt 0.000478475 0.000478002 4.73e-07
280 Citeseer_A.txt 0.000467539 0.000466851 6.88e-07
281 Citeseer_A.txt 0.000465255 0.000464694 5.61e-07
282 Citeseer_A.txt 0.000472917 0.000472017 9e-07
283 Citeseer_A.txt 0.000469105 0.000468322 7.83e-07
284 Citeseer_A.txt 0.000472058 0.000471259 7.99e-07
285 Citeseer_A.txt 0.000468769 0.000468202 5.67e-07
286 Citeseer_A.txt 0.000477353 0.00047683 5.23e-07
287 Citeseer_A.txt 0.000474283 0.000473548 7.35e-07
288 Citeseer_A.txt 0.000586843 0.000585842 1.001e-06
289 Citeseer_A.txt 0.000584399 0.000583586 8.13e-07
290 Citeseer_A.txt 0.000591515 0.000590719 7.96e-07
291 Citeseer_A.txt 0.00058808 0.000587514 5.66e-07
292 Citeseer_A.txt 0.000594673 0.000594013 6.6e-07
293 Citeseer_A.txt 0.000591806 0.000591124 6.82e-07
294 Citeseer_A.txt 0.000596212 0.000595453 7.59e-07
295 Citeseer_A.txt 0.00059329 0.000592415 8.75e-07
296 Citeseer_A.txt 0.000589612 0.000588776 8.36e-07
297 Citeseer_A.txt 0.0005872 0.000586217 9.83e-07
298 Citeseer_A.txt 0.000594861 0.000594078 7.83e-07
299 Citeseer_A.txt 0.000591853 0.000590929 9.24e-07
300 Citeseer_A.txt 0.000594198 0.000593583 6.15e-07
301 Citeseer_A.txt 0.000591882 0.000591203 6.79e-07
302 Citeseer_A.txt 0.000597373 0.000596592 7.81e-07
303 Citeseer_A.txt 0.000594015 0.00059326 7.55e-07
304 Citeseer_A.txt 0.000659898 0.000658947 9.51e-07
305 Citeseer_A.txt 0.000657269 0.000656541 7.28e-07
306 Citeseer_A.txt 0.000666044 0.000665126 9.18e-07
307 Citeseer_A.txt 0.000662341 0.000661505 8.36e-07
308 Citeseer_A.txt 0.000663838 0.000663008 8.3e-07
309 Citeseer_A.txt 0.000661311 0.000660617 6.94e-07
310 Citeseer_A.txt 0.000668477 0.000667642 8.35e-07
311 Citeseer_A.txt 0.000664544 0.000663862 6.82e-07
312 Citeseer_A.txt 0.00061006 0.000609261 7.99e-07
313 Citeseer_A.txt 0.000607188 0.000606448 7.4e-07
314 Citeseer_A.txt 0.000613778 0.000613128 6.5e-07
315 Citeseer_A.txt 0.000610862 0.000610134 7.28e-07
316 Citeseer_A.txt 0.000613355 0.000612609 7.46e-07
317 Citeseer_A.txt 0.000610767 0.000610126 6.41e-07
318 Citeseer_A.txt 0.000616728 0.000616056 6.72e-07
319 Citeseer_A.txt 0.000613635 0.000612684 9.51e-07
320 Citeseer_A.txt 0.000498487 0.000497695 7.92e-07
321 Citeseer_A.txt 0.000495268 0.000494263 1.005e-06
322 Citeseer_A.txt 0.000502412 0.000501567 8.45e-07
323 Citeseer_A.txt 0.000499736 0.000498847 8.89e-07
324 Citeseer_A.txt 0.000506974 0.00050618 7.94e-07
325 Citeseer_A.txt 0.000504496 0.000503506 9.9e-07
326 Citeseer_A.txt 0.000508185 0.000507313 8.72e-07
327 Citeseer_A.txt 0.000506099 0.000505111 9.88e-07
328 Citeseer_A.txt 0.000507147 0.000506407 7.4e-07
329 Citeseer_A.txt 0.000503837 0.000503056 7.81e-07
330 Citeseer_A.txt 0.000510664 0.000509745 9.19e-07
331 Citeseer_A.txt 0.000507144 0.000506185 9.59e-07
332 Citeseer_A.txt 0.000508688 0.000507961 7.27e-07
333 Citeseer_A.txt 0.000507144 0.000506065 1.079e-06
334 Citeseer_A.txt 0.000513622 0.000512733 8.89e-07
335 Citeseer_A.txt 0.000509923 0.00050892 1.003e-06
336 Citeseer_A.txt 0.000599808 0.000598304 1.504e-06
337 Citeseer_A.txt 0.000597064 0.000596008 1.056e-06
338 Citeseer_A.txt 0.000601951 0.000601159 7.92e-07
339 Citeseer_A.txt 0.000599123 0.000598337 7.86e-07
340 Citeseer_A.txt 0.000601387 0.000600575 8.12e-07
341 Citeseer_A.txt 0.000599169 0.000598251 9.18e-07
342 Citeseer_A.txt 0.000609276 0.000608137 1.139e-06
343 Citeseer_A.txt 0.000605753 0.000604926 8.27e-07
344 Citeseer_A.txt 0.0005979 0.000597204 6.96e-07
345 Citeseer_A.txt 0.00059549 0.000594717 7.73e-07
346 Citeseer_A.txt 0.000604569 0.000603359 1.21e-06
347 Citeseer_A.txt 0.000601127 0.000600172 9.55e-07
348 Citeseer_A.txt 0.000607367 0.000606631 7.36e-07
349 Citeseer_A.txt 0.000605165 0.000604632 5.33e-07
350 Citeseer_A.txt 0.00061048 0.000609597 8.83e-07
351 Citeseer_A.txt 0.000607147 0.000606477 6.7e-07
352 Citeseer_A.txt 0.000667728 0.000666985 7.43e-07
353 Citeseer_A.txt 0.000665178 0.000664218 9.6e-07
354 Citeseer_A.txt 0.000671773 0.000671086 6.87e-07
355 Citeseer_A.txt 0.000668857 0.000667926 9.31e-07
356 Citeseer_A.txt 0.000664957 0.000664126 8.31e-07
357 Citeseer_A.txt 0.000662338 0.000661529 8.09e-07
358 Citeseer_A.txt 0.000670488 0.000669619 8.69e-07
359 Citeseer_A.txt 0.000667129 0.000666313 8.16e-07
360 Citeseer_A.txt 0.000618984 0.00061815 8.34e-07
361 Citeseer_A.txt 0.0006168 0.000615527 1.273e-06
362 Citeseer_A.txt 0.000624226 0.000623241 9.85e-07
363 Citeseer_A.txt 0.000621485 0.000620596 8.89e-07
364 Citeseer_A.txt 0.000622478 0.000621702 7.76e-07
365 Citeseer_A.txt 0.000620219 0.000619319 9e-07
366 Citeseer_A.txt 0.000624482 0.000623786 6.96e-07
367 Citeseer_A.txt 0.000621285 0.000620696 5.89e-07
368 Citeseer_A.txt 0.000506583 0.000505683 9e-07
369 Citeseer_A.txt 0.000504216 0.000503086 1.13e-06
370 Citeseer_A.txt 0.000514384 0.000513368 1.016e-06
371 Citeseer_A.txt 0.00051079 0.000509407 1.383e-06
372 Citeseer_A.txt 0.000517795 0.000516496 1.299e-06
373 Citeseer_A.txt 0.000515137 0.000514085 1.052e-06
374 Citeseer_A.txt 0.000518432 0.000517406 1.026e-06
375 Citeseer_A.txt 0.000515419 0.000514844 5.75e-07
376 Citeseer_A.txt 0.000513885 0.000513255 6.3e-07
377 Citeseer_A.txt 0.000511788 0.000511018 7.7e-07
378 Citeseer_A.txt 0.000520674 0.000519757 9.17e-07
379 Citeseer_A.txt 0.000517009 0.00051649 5.19e-07
380 Citeseer_A.txt 0.000516016 0.00051523 7.86e-07
381 Citeseer_A.txt 0.000512971 0.000512142 8.29e-07
382 Citeseer_A.txt 0.000519588 0.000518332 1.256e-06
383 Citeseer_A.txt 0.000516141 0.000515219 9.22e-07
384 Citeseer_A.txt 0.000606896 0.000605767 1.129e-06
385 Citeseer_A.txt 0.000605085 0.000604087 9.98e-07
386 Citeseer_A.txt 0.000612297 0.000611342 9.55e-07
387 Citeseer_A.txt 0.000607223 0.000606428 7.95e-07
388 Citeseer_A.txt 0.000613491 0.000612863 6.28e-07
389 Citeseer_A.txt 0.00061098 0.000610341 6.39e-07
390 Citeseer_A.txt 0.000615734 0.000614975 7.59e-07
391 Citeseer_A.txt 0.000611827 0.000611164 6.63e-07
392 Citeseer_A.txt 0.000610747 0.000609758 9.89e-07
393 Citeseer_A.txt 0.000607959 0.00060713 8.29e-07
394 Citeseer_A.txt 0.000616053 0.000615089 9.64e-07
395 Citeseer_A.txt 0.000612678 0.000611826 8.52e-07
396 Citeseer_A.txt 0.000616856 0.000615915 9.41e-07
397 Citeseer_A.txt 0.000615046 0.000613855 1.191e-06
398 Citeseer_A.txt 0.000619951 0.00061855 1.401e-06
399 Citeseer_A.txt 0.000616681 0.000615711 9.7e-07
400 Citeseer_A.txt 0.000668501 0.000667433 1.068e-06
401 Citeseer_A.txt 0.00066557 0.000664692 8.78e-07
402 Citeseer_A.txt 0.000675397 0.000674396 1.001e-06
403 Citeseer_A.txt 0.000670165 0.000669441 7.24e-07
404 Citeseer_A.txt 0.0006696 0.000668755 8.45e-07
405 Citeseer_A.txt 0.000667491 0.000666588 9.03e-07
406 Citeseer_A.txt 0.000673162 0.000672316 8.46e-07
407 Citeseer_A.txt 0.000669869 0.000669133 7.36e-07
408 Citeseer_A.txt 0.00062298 0.00062227 7.1e-07
409 Citeseer_A.txt 0.000620155 0.00061932 8.35e-07
410 Citeseer_A.txt 0.000627177 0.000626388 7.89e-07
411 Citeseer_A.txt 0.00062391 0.000623155 7.55e-07
412 Citeseer_A.txt 0.000628169 0.000627439 7.3e-07
413 Citeseer_A.txt 0.000626198 0.000625251 9.47e-07
414 Citeseer_A.txt 0.000630881 0.000630005 8.76e-07
415 Citeseer_A.txt 0.000626397 0.00062573 6.67e-07
416 Citeseer_A.txt 0.000516266 0.00051535 9.16e-07
417 Citeseer_A.txt 0.000514213 0.000513044 1.169e-06
418 Citeseer_A.txt 0.000523125 0.000521938 1.187e-06
419 Citeseer_A.txt 0.000518296 0.000517634 6.62e-07
420 Citeseer_A.txt 0.000525416 0.000524001 1.415e-06
421 Citeseer_A.txt 0.000522132 0.00052116 9.72e-07
422 Citeseer_A.txt 0.000528553 0.000527581 9.72e-07
423 Citeseer_A.txt 0.000525029 0.000524268 7.61e-07
424 Citeseer_A.txt 0.000526967 0.000526237 7.3e-07
425 Citeseer_A.txt 0.000524737 0.000523973 7.64e-07
426 Citeseer_A.txt 0.00053232 0.000531352 9.68e-07
427 Citeseer_A.txt 0.000529198 0.000528406 7.92e-07
428 Citeseer_A.txt 0.000527831 0.000527034 7.97e-07
429 Citeseer_A.txt 0.000525503 0.00052468 8.23e-07
430 Citeseer_A.txt 0.000532036 0.000531122 9.14e-07
431 Citeseer_A.txt 0.000528322 0.000527403 9.19e-07
432 Citeseer_A.txt 0.000602699 0.000602136 5.63e-07
433 Citeseer_A.txt 0.000600551 0.000599925 6.26e-07
434 Citeseer_A.txt 0.000609476 0.000608046 1.43e-06
435 Citeseer_A.txt 0.000605117 0.00060433 7.87e-07
436 Citeseer_A.txt 0.000607335 0.000606402 9.33e-07
437 Citeseer_A.txt 0.000605148 0.000604284 8.64e-07
438 Citeseer_A.txt 0.000609097 0.000608068 1.029e-06
439 Citeseer_A.txt 0.000605932 0.000604877 1.055e-06
440 Citeseer_A.txt 0.000603321 0.000602367 9.54e-07
441 Citeseer_A.txt 0.000600391 0.000599747 6.44e-07
442 Citeseer_A.txt 0.00061046 0.000609642 8.18e-07
443 Citeseer_A.txt 0.000607292 0.000606444 8.48e-07
444 Citeseer_A.txt 0.000608085 0.000607304 7.81e-07
445 Citeseer_A.txt 0.000605881 0.000604889 9.92e-07
446 Citeseer_A.txt 0.000609309 0.000608312 9.97e-07
447 Citeseer_A.txt 0.000606372 0.000605422 9.5e-07
448 Citeseer_A.txt 0.000673665 0.000672969 6.96e-07
449 Citeseer_A.txt 0.000671579 0.000670712 8.67e-07
450 Citeseer_A.txt 0.000675852 0.000675133 7.19e-07
451 Citeseer_A.txt 0.000672627 0.000671832 7.95e-07
452 Citeseer_A.txt 0.000669096 0.000668141 9.55e-07
453 Citeseer_A.txt 0.000665644 0.000664842 8.02e-07
454 Citeseer_A.txt 0.0006734 0.000672588 8.12e-07
455 Citeseer_A.txt 0.000670271 0.000669379 8.92e-07
456 Citeseer_A.txt 0.000628859 0.000627741 1.118e-06
457 Citeseer_A.txt 0.000625246 0.000624329 9.17e-07
458 Citeseer_A.txt 0.000632804 0.000631912 8.92e-07
459 Citeseer_A.txt 0.000628959 0.000628218 7.41e-07
460 Citeseer_A.txt 0.000632132 0.000631168 9.64e-07
461 Citeseer_A.txt 0.000629886 0.000628972 9.14e-07
462 Citeseer_A.txt 0.000635534 0.000634662 8.72e-07
463 Citeseer_A.txt 0.000631998 0.000631084 9.14e-07
464 Citeseer_A.txt 0.00051599 0.000514873 1.117e-06
465 Citeseer_A.txt 0.00051404 0.000513335 7.05e-07
466 Citeseer_A.txt 0.000524668 0.000523629 1.039e-06
467 Citeseer_A.txt 0.000520072 0.000519252 8.2e-07
468 Citeseer_A.txt 0.0005279 0.000526999 9.01e-07
469 Citeseer_A.txt 0.000525203 0.000524618 5.85e-07
470 Citeseer_A.txt 0.000530003 0.000529172 8.31e-07
471 Citeseer_A.txt 0.000526203 0.000525372 8.31e-07
472 Citeseer_A.txt 0.000524329 0.000523285 1.044e-06
473 Citeseer_A.txt 0.000522304 0.000521163 1.141e-06
474 Citeseer_A.txt 0.000530777 0.000529753 1.024e-06
475 Citeseer_A.txt 0.000527195 0.000526221 9.74e-07
476 Citeseer_A.txt 0.000528396 0.000527415 9.81e-07
477 Citeseer_A.txt 0.000525218 0.000524471 7.47e-07
478 Citeseer_A.txt 0.000536039 0.00053516 8.79e-07
479 Citeseer_A.txt 0.000534141 0.000532447 1.694e-06
480 Citeseer_A.txt 0.000645935 0.000644489 1.446e-06
481 Citeseer_A.txt 0.000643976 0.000642702 1.274e-06
482 Citeseer_A.txt 0.000652053 0.000650761 1.292e-06
483 Citeseer_A.txt 0.000646759 0.000645823 9.36e-07
484 Citeseer_A.txt 0.000651778 0.000650737 1.041e-06
485 Citeseer_A.txt 0.000649284 0.000648259 1.025e-06
486 Citeseer_A.txt 0.000653621 0.000652733 8.88e-07
487 Citeseer_A.txt 0.000650598 0.00064977 8.28e-07
488 Citeseer_A.txt 0.000649869 0.000649055 8.14e-07
489 Citeseer_A.txt 0.000647047 0.000646409 6.38e-07
490 Citeseer_A.txt 0.000655841 0.000654999 8.42e-07
491 Citeseer_A.txt 0.000652211 0.000651431 7.8e-07
492 Citeseer_A.txt 0.000655525 0.00065484 6.85e-07
493 Citeseer_A.txt 0.000653329 0.000652377 9.52e-07
494 Citeseer_A.txt 0.000657737 0.00065674 9.97e-07
495 Citeseer_A.txt 0.000655783 0.000654469 1.314e-06
496 Citeseer_A.txt 0.000719616 0.000718721 8.95e-07
497 Citeseer_A.txt 0.000717072 0.00071626 8.12e-07
498 Citeseer_A.txt 0.000725024 0.000724148 8.76e-07
499 Citeseer_A.txt 0.000722271 0.000721253 1.018e-06
500 Citeseer_A.txt 0.000721109 0.000720306 8.03e-07
501 Citeseer_A.txt 0.00071843 0.000717788 6.42e-07
502 Citeseer_A.txt 0.0007246 0.000723703 8.97e-07
503 Citeseer_A.txt 0.000720191 0.000719291 9e-07
504 Citeseer_A.txt 0.000664042 0.000663017 1.025e-06
505 Citeseer_A.txt 0.000660719 0.000660048 6.71e-07
506 Citeseer_A.txt 0.000669071 0.000668335 7.36e-07
507 Citeseer_A.txt 0.000666181 0.000665537 6.44e-07
508 Citeseer_A.txt 0.00067561 0.000674737 8.73e-07
509 Citeseer_A.txt 0.000673146 0.000672228 9.18e-07
510 Citeseer_A.txt 0.000676872 0.00067609 7.82e-07
511 Citeseer_A.txt 0.000672919 0.000672435 4.84e-07
512 Citeseer_A.txt 0.000553397 0.000552699 6.98e-07
513 Citeseer_A.txt 0.000551174 0.000550325 8.49e-07
514 Citeseer_A.txt 0.000559532 0.000558514 1.018e-06
515 Citeseer_A.txt 0.000556467 0.000555588 8.79e-07
516 Citeseer_A.txt 0.00056292 0.000561606 1.314e-06
517 Citeseer_A.txt 0.000560204 0.000559142 1.062e-06
518 Citeseer_A.txt 0.000565906 0.000564686 1.22e-06
519 Citeseer_A.txt 0.000562658 0.00056156 1.098e-06
520 Citeseer_A.txt 0.000557901 0.000556775 1.126e-06
521 Citeseer_A.txt 0.000555552 0.000554681 8.71e-07
522 Citeseer_A.txt 0.000564382 0.000562992 1.39e-06
523 Citeseer_A.txt 0.000560696 0.000559863 8.33e-07
524 Citeseer_A.txt 0.000563418 0.000562307 1.111e-06
525 Citeseer_A.txt 0.000561194 0.000559913 1.281e-06
526 Citeseer_A.txt 0.00056716 0.000566263 8.97e-07
527 Citeseer_A.txt 0.000564365 0.000563187 1.178e-06
528 Citeseer_A.txt 0.00065194 0.000650833 1.107e-06
529 Citeseer_A.txt 0.000649553 0.000648587 9.66e-07
530 Citeseer_A.txt 0.000655964 0.000654758 1.206e-06
531 Citeseer_A.txt 0.000653025 0.000651987 1.038e-06
532 Citeseer_A.txt 0.000654942 0.000653996 9.46e-07
533 Citeseer_A.txt 0.000653079 0.00065197 1.109e-06
534 Citeseer_A.txt 0.00065824 0.000656831 1.409e-06
535 Citeseer_A.txt 0.000654029 0.000653252 7.77e-07
536 Citeseer_A.txt 0.000649637 0.000648628 1.009e-06
537 Citeseer_A.txt 0.000647334 0.000646437 8.97e-07
538 Citeseer_A.txt 0.000655551 0.000654489 1.062e-06
539 Citeseer_A.txt 0.000652448 0.000651436 1.012e-06
540 Citeseer_A.txt 0.000656148 0.000655411 7.37e-07
541 Citeseer_A.txt 0.000653241 0.000652298 9.43e-07
542 Citeseer_A.txt 0.000657782 0.000656954 8.28e-07
543 Citeseer_A.txt 0.000654698 0.000653918 7.8e-07
544 Citeseer_A.txt 0.000715838 0.000714771 1.067e-06
545 Citeseer_A.txt 0.000713396 0.000712397 9.99e-07
546 Citeseer_A.txt 0.000719518 0.000718163 1.355e-06
547 Citeseer_A.txt 0.000716544 0.000715283 1.261e-06
548 Citeseer_A.txt 0.000712784 0.00071117 1.614e-06
549 Citeseer_A.txt 0.000708791 0.000707928 8.63e-07
550 Citeseer_A.txt 0.000715471 0.000714549 9.22e-07
551 Citeseer_A.txt 0.000712086 0.000711538 5.48e-07
552 Citeseer_A.txt 0.000667402 0.00066651 8.92e-07
553 Citeseer_A.txt 0.000664394 0.000663587 8.07e-07
554 Citeseer_A.txt 0.000671434 0.000670565 8.69e-07
555 Citeseer_A.txt 0.00066828 0.000667436 8.44e-07
556 Citeseer_A.txt 0.000671144 0.000670392 7.52e-07
557 Citeseer_A.txt 0.000669165 0.000668623 5.42e-07
558 Citeseer_A.txt 0.00067517 0.000674239 9.31e-07
559 Citeseer_A.txt 0.000672302 0.000671125 1.177e-06
560 Citeseer_A.txt 0.000558091 0.00055742 6.71e-07
561 Citeseer_A.txt 0.000555342 0.000554697 6.45e-07
562 Citeseer_A.txt 0.000564035 0.00056295 1.085e-06
563 Citeseer_A.txt 0.000560905 0.000560041 8.64e-07
564 Citeseer_A.txt 0.000570689 0.000570006 6.83e-07
565 Citeseer_A.txt 0.0005685 0.000567589 9.11e-07
566 Citeseer_A.txt 0.00057359 0.000572586 1.004e-06
567 Citeseer_A.txt 0.000570359 0.000569495 8.64e-07
568 Citeseer_A.txt 0.000562894 0.000562018 8.76e-07
569 Citeseer_A.txt 0.000560471 0.000559477 9.94e-07
570 Citeseer_A.txt 0.000568737 0.000567518 1.219e-06
571 Citeseer_A.txt 0.00056527 0.000564439 8.31e-07
572 Citeseer_A.txt 0.000566818 0.000565791 1.027e-06
573 Citeseer_A.txt 0.000564606 0.000563565 1.041e-06
574 Citeseer_A.txt 0.000572055 0.00057096 1.095e-06
575 Citeseer_A.txt 0.000568661 0.000567798 8.63e-07
576 Citeseer_A.txt 0.000690483 0.000689517 9.66e-07
577 Citeseer_A.txt 0.000688888 0.000688017 8.71e-07
578 Citeseer_A.txt 0.00069353 0.000692733 7.97e-07
579 Citeseer_A.txt 0.000692458 0.000688846 3.612e-06
580 Citeseer_A.txt 0.0006958 0.000694374 1.426e-06
581 Citeseer_A.txt 0.000692897 0.000691858 1.039e-06
582 Citeseer_A.txt 0.000700625 0.00069948 1.145e-06
583 Citeseer_A.txt 0.000693062 0.000692287 7.75e-07
584 Citeseer_A.txt 0.000697559 0.000696576 9.83e-07
585 Citeseer_A.txt 0.000695118 0.000694301 8.17e-07
586 Citeseer_A.txt 0.000705019 0.000703919 1.1e-06
587 Citeseer_A.txt 0.00070195 0.000700548 1.402e-06
588 Citeseer_A.txt 0.000705014 0.000703838 1.176e-06
589 Citeseer_A.txt 0.000702773 0.000701489 1.284e-06
590 Citeseer_A.txt 0.0007061 0.000704318 1.782e-06
591 Citeseer_A.txt 0.000702231 0.000701144 1.087e-06
592 Citeseer_A.txt 0.000756797 0.000755817 9.8e-07
593 Citeseer_A.txt 0.000758647 0.0007549 3.747e-06
594 Citeseer_A.txt 0.000764207 0.000762494 1.713e-06
595 Citeseer_A.txt 0.000761213 0.000759999 1.214e-06
596 Citeseer_A.txt 0.000758247 0.000757461 7.86e-07
597 Citeseer_A.txt 0.00075568 0.000754771 9.09e-07
598 Citeseer_A.txt 0.00076104 0.000759912 1.128e-06
599 Citeseer_A.txt 0.000757005 0.0007559 1.105e-06
600 Citeseer_A.txt 0.000703201 0.000702346 8.55e-07
601 Citeseer_A.txt 0.000700078 0.000699391 6.87e-07
602 Citeseer_A.txt 0.000712015 0.000711105 9.1e-07
603 Citeseer_A.txt 0.00070532 0.000704203 1.117e-06
604 Citeseer_A.txt 0.000709838 0.000708983 8.55e-07
605 Citeseer_A.txt 0.000707479 0.000706811 6.68e-07
606 Citeseer_A.txt 0.000713602 0.000712811 7.91e-07
607 Citeseer_A.txt 0.000709159 0.000708276 8.83e-07
608 Citeseer_A.txt 0.00059957 0.000598555 1.015e-06
609 Citeseer_A.txt 0.000597201 0.000596235 9.66e-07
610 Citeseer_A.txt 0.000606142 0.000605041 1.101e-06
611 Citeseer_A.txt 0.00060306 0.000602183 8.77e-07
612 Citeseer_A.txt 0.000612057 0.000611423 6.34e-07
613 Citeseer_A.txt 0.000609741 0.000609093 6.48e-07
614 Citeseer_A.txt 0.000609208 0.000608314 8.94e-07
615 Citeseer_A.txt 0.0006074 0.000606294 1.106e-06
616 Citeseer_A.txt 0.000606365 0.000605569 7.96e-07
617 Citeseer_A.txt 0.000603639 0.000602703 9.36e-07
618 Citeseer_A.txt 0.000610978 0.000610125 8.53e-07
619 Citeseer_A.txt 0.00060714 0.000606388 7.52e-07
620 Citeseer_A.txt 0.000609343 0.000608574 7.69e-07
621 Citeseer_A.txt 0.000606843 0.000606092 7.51e-07
622 Citeseer_A.txt 0.000613911 0.000613122 7.89e-07
623 Citeseer_A.txt 0.000611877 0.00061044 1.437e-06
624 Citeseer_A.txt 0.000680519 0.000679238 1.281e-06
625 Citeseer_A.txt 0.000678682 0.000676986 1.696e-06
626 Citeseer_A.txt 0.000683877 0.000682377 1.5e-06
627 Citeseer_A.txt 0.000680488 0.000679203 1.285e-06
628 Citeseer_A.txt 0.000685101 0.00068408 1.021e-06
629 Citeseer_A.txt 0.000683051 0.000681877 1.174e-06
630 Citeseer_A.txt 0.00068908 0.000688145 9.35e-07
631 Citeseer_A.txt 0.000686665 0.000685116 1.549e-06
632 Citeseer_A.txt 0.000680008 0.000679024 9.84e-07
633 Citeseer_A.txt 0.000677869 0.000676799 1.07e-06
634 Citeseer_A.txt 0.000685763 0.000684748 1.015e-06
635 Citeseer_A.txt 0.000682804 0.000681848 9.56e-07
636 Citeseer_A.txt 0.000685674 0.000684196 1.478e-06
637 Citeseer_A.txt 0.000682888 0.000681998 8.9e-07
638 Citeseer_A.txt 0.000689382 0.000687833 1.549e-06
639 Citeseer_A.txt 0.000685407 0.000684141 1.266e-06
640 Citeseer_A.txt 0.000754283 0.00075344 8.43e-07
641 Citeseer_A.txt 0.000752076 0.000751261 8.15e-07
642 Citeseer_A.txt 0.000758391 0.000757746 6.45e-07
643 Citeseer_A.txt 0.000755803 0.000754963 8.4e-07
644 Citeseer_A.txt 0.00075307 0.000752137 9.33e-07
645 Citeseer_A.txt 0.000751054 0.000750026 1.028e-06
646 Citeseer_A.txt 0.000761913 0.000759181 2.732e-06
647 Citeseer_A.txt 0.000758204 0.000756358 1.846e-06
648 Citeseer_A.txt 0.000715739 0.000714042 1.697e-06
649 Citeseer_A.txt 0.000713106 0.000711531 1.575e-06
650 Citeseer_A.txt 0.000711454 0.000710595 8.59e-07
651 Citeseer_A.txt 0.000708428 0.000707458 9.7e-07
652 Citeseer_A.txt 0.000709598 0.000708562 1.036e-06
653 Citeseer_A.txt 0.000706215 0.000705293 9.22e-07
654 Citeseer_A.txt 0.000709722 0.000708816 9.06e-07
655 Citeseer_A.txt 0.000707697 0.000706633 1.064e-06
656 Citeseer_A.txt 0.000596855 0.00059595 9.05e-07
657 Citeseer_A.txt 0.000593938 0.000592974 9.64e-07
658 Citeseer_A.txt 0.000602106 0.000600883 1.223e-06
659 Citeseer_A.txt 0.000598068 0.000596975 1.093e-06
660 Citeseer_A.txt 0.000599366 0.000598713 6.53e-07
661 Citeseer_A.txt 0.000597828 0.000596901 9.27e-07
662 Citeseer_A.txt 0.000604394 0.000603265 1.129e-06
663 Citeseer_A.txt 0.00060245 0.000601095 1.355e-06
664 Citeseer_A.txt 0.000595284 0.000594402 8.82e-07
665 Citeseer_A.txt 0.000593431 0.000592253 1.178e-06
666 Citeseer_A.txt 0.000600353 0.000599323 1.03e-06
667 Citeseer_A.txt 0.000597454 0.000596374 1.08e-06
668 Citeseer_A.txt 0.000601528 0.000600668 8.6e-07
669 Citeseer_A.txt 0.000598576 0.000597578 9.98e-07
670 Citeseer_A.txt 0.000603158 0.000602124 1.034e-06
671 Citeseer_A.txt 0.000600112 0.000599387 7.25e-07
672 Citeseer_A.txt 0.000718604 0.000717247 1.357e-06
673 Citeseer_A.txt 0.000716328 0.000715156 1.172e-06
674 Citeseer_A.txt 0.00071838 0.000717377 1.003e-06
675 Citeseer_A.txt 0.000716199 0.000715337 8.62e-07
676 Citeseer_A.txt 0.000726586 0.000725515 1.071e-06
677 Citeseer_A.txt 0.000724565 0.000722372 2.193e-06
678 Citeseer_A.txt 0.000723321 0.000722163 1.158e-06
679 Citeseer_A.txt 0.000719704 0.000718569 1.135e-06
680 Citeseer_A.txt 0.000716353 0.000715304 1.049e-06
681 Citeseer_A.txt 0.000713829 0.000712823 1.006e-06
682 Citeseer_A.txt 0.000724235 0.000722809 1.426e-06
683 Citeseer_A.txt 0.000721487 0.000719972 1.515e-06
684 Citeseer_A.txt 0.000723741 0.0007225 1.241e-06
685 Citeseer_A.txt 0.00072091 0.000719509 1.401e-06
686 Citeseer_A.txt 0.000723245 0.000721803 1.442e-06
687 Citeseer_A.txt 0.000719835 0.00071895 8.85e-07
688 Citeseer_A.txt 0.000782517 0.0007818 7.17e-07
689 Citeseer_A.txt 0.000780525 0.000779734 7.91e-07
690 Citeseer_A.txt 0.000788605 0.00078748 1.125e-06
691 Citeseer_A.txt 0.000786321 0.000784506 1.815e-06
692 Citeseer_A.txt 0.00078102 0.000780251 7.69e-07
693 Citeseer_A.txt 0.000778129 0.000776751 1.378e-06
694 Citeseer_A.txt 0.000785954 0.00078511 8.44e-07
695 Citeseer_A.txt 0.000778413 0.000777556 8.57e-07
696 Citeseer_A.txt 0.000732747 0.000731536 1.211e-06
697 Citeseer_A.txt 0.000729404 0.00072858 8.24e-07
698 Citeseer_A.txt 0.000735813 0.000734742 1.071e-06
699 Citeseer_A.txt 0.000732377 0.000731537 8.4e-07
700 Citeseer_A.txt 0.00073746 0.000736525 9.35e-07
701 Citeseer_A.txt 0.000734504 0.000733364 1.14e-06
702 Citeseer_A.txt 0.000741707 0.00074015 1.557e-06
703 Citeseer_A.txt 0.000738979 0.000737139 1.84e-06
704 Citeseer_A.txt 0.000625829 0.000624266 1.563e-06
705 Citeseer_A.txt 0.000623551 0.000622126 1.425e-06
706 Citeseer_A.txt 0.000631241 0.000630116 1.125e-06
707 Citeseer_A.txt 0.000628064 0.000627154 9.1e-07
708 Citeseer_A.txt 0.00063435 0.000633295 1.055e-06
709 Citeseer_A.txt 0.000631473 0.000630567 9.06e-07
710 Citeseer_A.txt 0.000638666 0.000638057 6.09e-07
711 Citeseer_A.txt 0.000636736 0.000635608 1.128e-06
712 Citeseer_A.txt 0.000629874 0.000629189 6.85e-07
713 Citeseer_A.txt 0.000627729 0.000626668 1.061e-06
714 Citeseer_A.txt 0.000639265 0.000638342 9.23e-07
715 Citeseer_A.txt 0.000633471 0.000632423 1.048e-06
716 Citeseer_A.txt 0.000636043 0.000635192 8.51e-07
717 Citeseer_A.txt 0.000633264 0.000632485 7.79e-07
718 Citeseer_A.txt 0.000640816 0.000639436 1.38e-06
719 Citeseer_A.txt 0.000637929 0.000636548 1.381e-06
720 Citeseer_A.txt 0.000718873 0.000717807 1.066e-06
721 Citeseer_A.txt 0.000716733 0.000715736 9.97e-07
722 Citeseer_A.txt 0.00072118 0.000720305 8.75e-07
723 Citeseer_A.txt 0.00071804 0.000717347 6.93e-07
724 Citeseer_A.txt 0.000726358 0.000725658 7e-07
725 Citeseer_A.txt 0.000723438 0.000722812 6.26e-07
726 Citeseer_A.txt 0.000725414 0.000724709 7.05e-07
727 Citeseer_A.txt 0.000721983 0.000721259 7.24e-07
728 Citeseer_A.txt 0.000722514 0.000721652 8.62e-07
729 Citeseer_A.txt 0.000720064 0.000719015 1.049e-06
730 Citeseer_A.txt 0.000724526 0.000723182 1.344e-06
731 Citeseer_A.txt 0.000720898 0.000720068 8.3e-07
732 Citeseer_A.txt 0.000724028 0.000723172 8.56e-07
733 Citeseer_A.txt 0.000720675 0.000719783 8.92e-07
734 Citeseer_A.txt 0.00072692 0.000725657 1.263e-06
735 Citeseer_A.txt 0.000723251 0.00072201 1.241e-06
736 Citeseer_A.txt 0.000784564 0.000783033 1.531e-06
737 Citeseer_A.txt 0.000780921 0.000779974 9.47e-07
738 Citeseer_A.txt 0.000785362 0.000784546 8.16e-07
739 Citeseer_A.txt 0.000781752 0.000780906 8.46e-07
740 Citeseer_A.txt 0.00078193 0.000780983 9.47e-07
741 Citeseer_A.txt 0.000779655 0.000778424 1.231e-06
742 Citeseer_A.txt 0.00078394 0.000783012 9.28e-07
743 Citeseer_A.txt 0.000780424 0.000779619 8.05e-07
744 Citeseer_A.txt 0.000733109 0.000732062 1.047e-06
745 Citeseer_A.txt 0.000729891 0.000729028 8.63e-07
746 Citeseer_A.txt 0.000736798 0.000735974 8.24e-07
747 Citeseer_A.txt 0.000733791 0.000733192 5.99e-07
748 Citeseer_A.txt 0.000737294 0.000736578 7.16e-07
749 Citeseer_A.txt 0.000734667 0.000733825 8.42e-07
750 Citeseer_A.txt 0.000738792 0.000737658 1.134e-06
751 Citeseer_A.txt 0.00073534 0.000734492 8.48e-07
752 Citeseer_A.txt 0.00061882 0.000617822 9.98e-07
753 Citeseer_A.txt 0.000616371 0.000615488 8.83e-07
754 Citeseer_A.txt 0.00062448 0.000623655 8.25e-07
755 Citeseer_A.txt 0.000621843 0.000620526 1.317e-06
756 Citeseer_A.txt 0.000626437 0.000625079 1.358e-06
757 Citeseer_A.txt 0.000623717 0.000622722 9.95e-07
758 Citeseer_A.txt 0.000628334 0.000627452 8.82e-07
759 Citeseer_A.txt 0.000625556 0.00062428 1.276e-06
760 Citeseer_A.txt 0.000634445 0.000632879 1.566e-06
761 Citeseer_A.txt 0.000632224 0.000630933 1.291e-06
762 Citeseer_A.txt 0.000631377 0.000630355 1.022e-06
763 Citeseer_A.txt 0.000628196 0.000627203 9.93e-07
764 Citeseer_A.txt 0.000629646 0.000627556 2.09e-06
765 Citeseer_A.txt 0.000626004 0.000625092 9.12e-07
766 Citeseer_A.txt 0.000633294 0.000632042 1.252e-06
767 Citeseer_A.txt 0.000659053 0.000629334 2.9719e-05
TACC:  Shutdown complete. Exiting. 
