TACC:  Starting up job 10024616 
TACC:  Starting parallel tasks... 
0 Reddit_feat_L1.txt 0.00224032 0.00221879 2.1526e-05
1 Reddit_feat_L1.txt 0.00136924 0.00134075 2.8491e-05
2 Reddit_feat_L1.txt 0.00212264 0.0020951 2.7536e-05
3 Reddit_feat_L1.txt 0.00128689 0.00126242 2.4467e-05
4 Reddit_feat_L1.txt 0.00212386 0.00209534 2.8522e-05
5 Reddit_feat_L1.txt 0.00140898 0.0013794 2.9584e-05
6 Reddit_feat_L1.txt 0.00198135 0.0019503 3.105e-05
7 Reddit_feat_L1.txt 0.00132365 0.00129413 2.9526e-05
8 Reddit_feat_L1.txt 0.00217381 0.00214395 2.986e-05
9 Reddit_feat_L1.txt 0.00130992 0.0012846 2.5318e-05
10 Reddit_feat_L1.txt 0.00209858 0.00207167 2.6911e-05
11 Reddit_feat_L1.txt 0.00127792 0.00125182 2.6104e-05
12 Reddit_feat_L1.txt 0.00216704 0.00213806 2.8983e-05
13 Reddit_feat_L1.txt 0.00130395 0.00127722 2.6731e-05
14 Reddit_feat_L1.txt 0.00213673 0.00211095 2.5773e-05
15 Reddit_feat_L1.txt 0.00124967 0.00122453 2.5143e-05
16 Reddit_feat_L1.txt 0.00215274 0.00212516 2.7589e-05
17 Reddit_feat_L1.txt 0.00135977 0.00133049 2.9287e-05
18 Reddit_feat_L1.txt 0.0021578 0.00212983 2.7971e-05
19 Reddit_feat_L1.txt 0.00134788 0.00132339 2.4483e-05
20 Reddit_feat_L1.txt 0.00220309 0.00217472 2.837e-05
21 Reddit_feat_L1.txt 0.00132853 0.00129372 3.4811e-05
22 Reddit_feat_L1.txt 0.00215826 0.00212947 2.8788e-05
23 Reddit_feat_L1.txt 0.00131741 0.00128556 3.1842e-05
24 Reddit_feat_L1.txt 0.00217664 0.00214892 2.7718e-05
25 Reddit_feat_L1.txt 0.00134367 0.00132002 2.3654e-05
26 Reddit_feat_L1.txt 0.00213173 0.00210365 2.8078e-05
27 Reddit_feat_L1.txt 0.00138054 0.00135347 2.7073e-05
28 Reddit_feat_L1.txt 0.00219108 0.00216116 2.9924e-05
29 Reddit_feat_L1.txt 0.00127312 0.00124055 3.2564e-05
30 Reddit_feat_L1.txt 0.00215487 0.00212838 2.6488e-05
31 Reddit_feat_L1.txt 0.00127144 0.00124528 2.6162e-05
32 Reddit_feat_L1.txt 0.00234826 0.00232138 2.6879e-05
33 Reddit_feat_L1.txt 0.00142917 0.00140002 2.9146e-05
34 Reddit_feat_L1.txt 0.00216231 0.0021324 2.9911e-05
35 Reddit_feat_L1.txt 0.00143001 0.00140147 2.8541e-05
36 Reddit_feat_L1.txt 0.00219821 0.00217173 2.6483e-05
37 Reddit_feat_L1.txt 0.00140596 0.0013796 2.6352e-05
38 Reddit_feat_L1.txt 0.00203121 0.00200481 2.6395e-05
39 Reddit_feat_L1.txt 0.00131951 0.00129287 2.664e-05
40 Reddit_feat_L1.txt 0.00247122 0.00244271 2.8512e-05
41 Reddit_feat_L1.txt 0.00131068 0.00127998 3.0697e-05
42 Reddit_feat_L1.txt 0.00217935 0.00215307 2.6276e-05
43 Reddit_feat_L1.txt 0.00131531 0.00129233 2.2977e-05
44 Reddit_feat_L1.txt 0.00227808 0.00225062 2.7459e-05
45 Reddit_feat_L1.txt 0.00133138 0.00130261 2.8767e-05
46 Reddit_feat_L1.txt 0.00218419 0.00215132 3.2872e-05
47 Reddit_feat_L1.txt 0.00134417 0.00131531 2.8864e-05
48 Reddit_feat_L1.txt 0.00193618 0.00190683 2.9349e-05
49 Reddit_feat_L1.txt 0.00130348 0.00127148 3.2003e-05
50 Reddit_feat_L1.txt 0.00193774 0.00190471 3.3027e-05
51 Reddit_feat_L1.txt 0.00120866 0.00117708 3.1577e-05
52 Reddit_feat_L1.txt 0.00206187 0.00202933 3.2542e-05
53 Reddit_feat_L1.txt 0.00127314 0.00124918 2.3956e-05
54 Reddit_feat_L1.txt 0.00192051 0.00188764 3.2876e-05
55 Reddit_feat_L1.txt 0.00122131 0.00119524 2.6071e-05
56 Reddit_feat_L1.txt 0.00193043 0.00190184 2.8588e-05
57 Reddit_feat_L1.txt 0.00122446 0.001198 2.6463e-05
58 Reddit_feat_L1.txt 0.0019991 0.00197252 2.6576e-05
59 Reddit_feat_L1.txt 0.00119794 0.00116524 3.2702e-05
60 Reddit_feat_L1.txt 0.00201539 0.00198514 3.025e-05
61 Reddit_feat_L1.txt 0.00130015 0.00126642 3.3724e-05
62 Reddit_feat_L1.txt 0.00254965 0.00251982 2.9828e-05
63 Reddit_feat_L1.txt 0.00124329 0.00120596 3.7325e-05
64 Reddit_feat_L1.txt 0.00223416 0.00219963 3.453e-05
65 Reddit_feat_L1.txt 0.0013391 0.00130575 3.3352e-05
66 Reddit_feat_L1.txt 0.00209339 0.00206818 2.521e-05
67 Reddit_feat_L1.txt 0.00126848 0.00124113 2.7349e-05
68 Reddit_feat_L1.txt 0.00205744 0.00202915 2.8296e-05
69 Reddit_feat_L1.txt 0.00140845 0.00138032 2.8131e-05
70 Reddit_feat_L1.txt 0.00197867 0.00194906 2.9611e-05
71 Reddit_feat_L1.txt 0.00126685 0.00124124 2.5607e-05
72 Reddit_feat_L1.txt 0.00223561 0.00220684 2.8777e-05
73 Reddit_feat_L1.txt 0.00125551 0.00122741 2.8104e-05
74 Reddit_feat_L1.txt 0.00218385 0.00214353 4.0319e-05
75 Reddit_feat_L1.txt 0.00132478 0.00129798 2.6801e-05
76 Reddit_feat_L1.txt 0.00213077 0.00210048 3.0292e-05
77 Reddit_feat_L1.txt 0.00126842 0.00123767 3.075e-05
78 Reddit_feat_L1.txt 0.00209849 0.00206838 3.0109e-05
79 Reddit_feat_L1.txt 0.00119559 0.00116642 2.9177e-05
80 Reddit_feat_L1.txt 0.00218537 0.00215348 3.1891e-05
81 Reddit_feat_L1.txt 0.00132152 0.00128872 3.2797e-05
82 Reddit_feat_L1.txt 0.00222292 0.00218998 3.294e-05
83 Reddit_feat_L1.txt 0.00139293 0.00136663 2.6297e-05
84 Reddit_feat_L1.txt 0.00226208 0.00223564 2.6435e-05
85 Reddit_feat_L1.txt 0.00147706 0.00144729 2.9762e-05
86 Reddit_feat_L1.txt 0.00218249 0.00215588 2.6608e-05
87 Reddit_feat_L1.txt 0.00136816 0.00133706 3.1103e-05
88 Reddit_feat_L1.txt 0.00219446 0.00216809 2.6362e-05
89 Reddit_feat_L1.txt 0.00131997 0.00129399 2.5982e-05
90 Reddit_feat_L1.txt 0.00215297 0.00212046 3.2504e-05
91 Reddit_feat_L1.txt 0.00129687 0.00126442 3.2446e-05
92 Reddit_feat_L1.txt 0.00216244 0.00213232 3.0124e-05
93 Reddit_feat_L1.txt 0.00129106 0.00125637 3.4699e-05
94 Reddit_feat_L1.txt 0.00217583 0.00214771 2.8124e-05
95 Reddit_feat_L1.txt 0.00129063 0.00126069 2.9943e-05
96 Reddit_feat_L1.txt 0.00238962 0.00235428 3.5336e-05
97 Reddit_feat_L1.txt 0.0013951 0.00136022 3.4879e-05
98 Reddit_feat_L1.txt 0.00229612 0.00226932 2.6801e-05
99 Reddit_feat_L1.txt 0.00133198 0.0013076 2.4382e-05
100 Reddit_feat_L1.txt 0.00217249 0.00214505 2.7441e-05
101 Reddit_feat_L1.txt 0.00138859 0.00135813 3.0457e-05
102 Reddit_feat_L1.txt 0.00231414 0.00228449 2.965e-05
103 Reddit_feat_L1.txt 0.00130259 0.00127481 2.7777e-05
104 Reddit_feat_L1.txt 0.00251809 0.002491 2.7095e-05
105 Reddit_feat_L1.txt 0.00137728 0.00135191 2.5378e-05
106 Reddit_feat_L1.txt 0.00220318 0.00217626 2.6924e-05
107 Reddit_feat_L1.txt 0.00125018 0.00122274 2.7441e-05
108 Reddit_feat_L1.txt 0.00223257 0.00220487 2.7696e-05
109 Reddit_feat_L1.txt 0.00128133 0.00124382 3.7508e-05
110 Reddit_feat_L1.txt 0.00220264 0.00216359 3.9056e-05
111 Reddit_feat_L1.txt 0.00124752 0.00121619 3.1331e-05
112 Reddit_feat_L1.txt 0.00189504 0.00186396 3.1087e-05
113 Reddit_feat_L1.txt 0.0013318 0.00129868 3.3113e-05
114 Reddit_feat_L1.txt 0.00197512 0.00194484 3.0282e-05
115 Reddit_feat_L1.txt 0.00137059 0.00133346 3.7133e-05
116 Reddit_feat_L1.txt 0.00204478 0.00201193 3.2852e-05
117 Reddit_feat_L1.txt 0.0013196 0.00129115 2.8447e-05
118 Reddit_feat_L1.txt 0.00201467 0.00198319 3.1487e-05
119 Reddit_feat_L1.txt 0.00127892 0.00124659 3.233e-05
120 Reddit_feat_L1.txt 0.00205212 0.00201829 3.3838e-05
121 Reddit_feat_L1.txt 0.00131435 0.00128475 2.9603e-05
122 Reddit_feat_L1.txt 0.00207206 0.00204188 3.0183e-05
123 Reddit_feat_L1.txt 0.00122529 0.00119467 3.062e-05
124 Reddit_feat_L1.txt 0.00208153 0.00205619 2.5339e-05
125 Reddit_feat_L1.txt 0.00127694 0.0012481 2.8847e-05
126 Reddit_feat_L1.txt 0.00261549 0.00258831 2.7183e-05
127 Reddit_feat_L1.txt 0.00117223 0.00114147 3.0765e-05
128 Reddit_feat_L1.txt 0.00226536 0.00223374 3.1612e-05
129 Reddit_feat_L1.txt 0.00139672 0.00135997 3.6746e-05
130 Reddit_feat_L1.txt 0.00212763 0.00209085 3.6775e-05
131 Reddit_feat_L1.txt 0.00138238 0.0013455 3.6875e-05
132 Reddit_feat_L1.txt 0.00210604 0.00207163 3.4411e-05
133 Reddit_feat_L1.txt 0.00133888 0.00130582 3.3061e-05
134 Reddit_feat_L1.txt 0.00195647 0.00191802 3.8447e-05
135 Reddit_feat_L1.txt 0.00130055 0.00126671 3.3845e-05
136 Reddit_feat_L1.txt 0.0022222 0.00219265 2.9559e-05
137 Reddit_feat_L1.txt 0.00134489 0.0013164 2.849e-05
138 Reddit_feat_L1.txt 0.00216256 0.0021312 3.136e-05
139 Reddit_feat_L1.txt 0.00131005 0.00127808 3.1974e-05
140 Reddit_feat_L1.txt 0.00216645 0.00213991 2.6544e-05
141 Reddit_feat_L1.txt 0.00133317 0.00130256 3.0606e-05
142 Reddit_feat_L1.txt 0.00211529 0.00208923 2.6055e-05
143 Reddit_feat_L1.txt 0.00120246 0.00116898 3.3481e-05
144 Reddit_feat_L1.txt 0.00205319 0.00201649 3.6699e-05
145 Reddit_feat_L1.txt 0.00139068 0.00135382 3.6867e-05
146 Reddit_feat_L1.txt 0.00203931 0.00200416 3.5143e-05
147 Reddit_feat_L1.txt 0.00139015 0.00135807 3.2081e-05
148 Reddit_feat_L1.txt 0.00219148 0.00216351 2.7965e-05
149 Reddit_feat_L1.txt 0.0011808 0.00115229 2.8507e-05
150 Reddit_feat_L1.txt 0.00218442 0.00215699 2.7432e-05
151 Reddit_feat_L1.txt 0.00135304 0.00132399 2.905e-05
152 Reddit_feat_L1.txt 0.00225311 0.00221903 3.408e-05
153 Reddit_feat_L1.txt 0.00117361 0.00114545 2.8166e-05
154 Reddit_feat_L1.txt 0.00210459 0.00207379 3.0799e-05
155 Reddit_feat_L1.txt 0.00113462 0.00110304 3.1577e-05
156 Reddit_feat_L1.txt 0.00214336 0.00211295 3.0415e-05
157 Reddit_feat_L1.txt 0.00115647 0.00112691 2.9559e-05
158 Reddit_feat_L1.txt 0.00203149 0.00199971 3.1788e-05
159 Reddit_feat_L1.txt 0.00129938 0.00127088 2.8504e-05
160 Reddit_feat_L1.txt 0.00225711 0.00222601 3.1096e-05
161 Reddit_feat_L1.txt 0.00130952 0.00127816 3.1367e-05
162 Reddit_feat_L1.txt 0.00223053 0.00220392 2.6607e-05
163 Reddit_feat_L1.txt 0.00130262 0.00127703 2.5586e-05
164 Reddit_feat_L1.txt 0.00216332 0.00213332 3.0006e-05
165 Reddit_feat_L1.txt 0.00125268 0.00122302 2.9668e-05
166 Reddit_feat_L1.txt 0.00194109 0.00191489 2.6195e-05
167 Reddit_feat_L1.txt 0.00132636 0.00129663 2.9724e-05
168 Reddit_feat_L1.txt 0.0024239 0.00239246 3.1438e-05
169 Reddit_feat_L1.txt 0.00118957 0.0011637 2.5878e-05
170 Reddit_feat_L1.txt 0.00225209 0.00222432 2.7768e-05
171 Reddit_feat_L1.txt 0.00121181 0.00117991 3.1899e-05
172 Reddit_feat_L1.txt 0.002148 0.00211694 3.1063e-05
173 Reddit_feat_L1.txt 0.00128787 0.00125628 3.1586e-05
174 Reddit_feat_L1.txt 0.00217353 0.00214477 2.8759e-05
175 Reddit_feat_L1.txt 0.00125167 0.00122099 3.068e-05
176 Reddit_feat_L1.txt 0.00189098 0.00186062 3.036e-05
177 Reddit_feat_L1.txt 0.00132905 0.00130355 2.5503e-05
178 Reddit_feat_L1.txt 0.00202822 0.00199765 3.0565e-05
179 Reddit_feat_L1.txt 0.00130728 0.00128259 2.4688e-05
180 Reddit_feat_L1.txt 0.00193528 0.00190971 2.5578e-05
181 Reddit_feat_L1.txt 0.00132532 0.0012939 3.1413e-05
182 Reddit_feat_L1.txt 0.00187406 0.00184776 2.63e-05
183 Reddit_feat_L1.txt 0.00119005 0.00116107 2.8974e-05
184 Reddit_feat_L1.txt 0.00198738 0.00195896 2.8422e-05
185 Reddit_feat_L1.txt 0.00123452 0.00120599 2.8532e-05
186 Reddit_feat_L1.txt 0.00182708 0.00179269 3.4389e-05
187 Reddit_feat_L1.txt 0.00106718 0.00104011 2.7065e-05
188 Reddit_feat_L1.txt 0.00197035 0.00193896 3.1393e-05
189 Reddit_feat_L1.txt 0.0011543 0.00112973 2.4576e-05
190 Reddit_feat_L1.txt 0.00241879 0.00238894 2.9847e-05
191 Reddit_feat_L1.txt 0.00120608 0.0011774 2.8682e-05
192 Reddit_feat_L1.txt 0.00235594 0.00232461 3.1324e-05
193 Reddit_feat_L1.txt 0.00134064 0.00130893 3.1707e-05
194 Reddit_feat_L1.txt 0.00198672 0.00195335 3.3374e-05
195 Reddit_feat_L1.txt 0.00133476 0.00130395 3.0803e-05
196 Reddit_feat_L1.txt 0.00200914 0.00197887 3.0268e-05
197 Reddit_feat_L1.txt 0.00136175 0.00132813 3.3618e-05
198 Reddit_feat_L1.txt 0.00192463 0.00188896 3.5674e-05
199 Reddit_feat_L1.txt 0.00126244 0.00122759 3.4847e-05
200 Reddit_feat_L1.txt 0.00227275 0.00223589 3.6859e-05
201 Reddit_feat_L1.txt 0.00129431 0.00126216 3.2153e-05
202 Reddit_feat_L1.txt 0.00218446 0.00215606 2.8393e-05
203 Reddit_feat_L1.txt 0.00114709 0.00112093 2.6158e-05
204 Reddit_feat_L1.txt 0.00206834 0.00203984 2.8501e-05
205 Reddit_feat_L1.txt 0.00122677 0.00119475 3.2024e-05
206 Reddit_feat_L1.txt 0.00203678 0.00200565 3.1124e-05
207 Reddit_feat_L1.txt 0.00131759 0.00128476 3.2829e-05
208 Reddit_feat_L1.txt 0.00206732 0.00202817 3.9152e-05
209 Reddit_feat_L1.txt 0.00137309 0.0013355 3.7597e-05
210 Reddit_feat_L1.txt 0.0021717 0.00213603 3.5674e-05
211 Reddit_feat_L1.txt 0.00140479 0.00136963 3.5162e-05
212 Reddit_feat_L1.txt 0.00223026 0.00219516 3.5104e-05
213 Reddit_feat_L1.txt 0.00127493 0.00124231 3.2616e-05
214 Reddit_feat_L1.txt 0.00232667 0.00229122 3.5449e-05
215 Reddit_feat_L1.txt 0.00128067 0.00124854 3.2136e-05
216 Reddit_feat_L1.txt 0.00225396 0.002225 2.8958e-05
217 Reddit_feat_L1.txt 0.00137869 0.00134584 3.2859e-05
218 Reddit_feat_L1.txt 0.00222036 0.00218188 3.8484e-05
219 Reddit_feat_L1.txt 0.00141683 0.00138315 3.3676e-05
220 Reddit_feat_L1.txt 0.00208774 0.00205483 3.2907e-05
221 Reddit_feat_L1.txt 0.00138972 0.00135229 3.7431e-05
222 Reddit_feat_L1.txt 0.00215992 0.00212727 3.2653e-05
223 Reddit_feat_L1.txt 0.0012655 0.00123516 3.0342e-05
224 Reddit_feat_L1.txt 0.0022894 0.00225821 3.1187e-05
225 Reddit_feat_L1.txt 0.00152123 0.00148775 3.348e-05
226 Reddit_feat_L1.txt 0.00236002 0.0023274 3.2622e-05
227 Reddit_feat_L1.txt 0.00143381 0.0014015 3.2305e-05
228 Reddit_feat_L1.txt 0.00214704 0.00211638 3.0656e-05
229 Reddit_feat_L1.txt 0.00137765 0.00134656 3.1094e-05
230 Reddit_feat_L1.txt 0.0020189 0.00199 2.8899e-05
231 Reddit_feat_L1.txt 0.00133126 0.00130431 2.6952e-05
232 Reddit_feat_L1.txt 0.0024649 0.00243324 3.1666e-05
233 Reddit_feat_L1.txt 0.00136765 0.00133798 2.9678e-05
234 Reddit_feat_L1.txt 0.00222681 0.00219105 3.5754e-05
235 Reddit_feat_L1.txt 0.0014053 0.00137044 3.4861e-05
236 Reddit_feat_L1.txt 0.00215451 0.00211986 3.4653e-05
237 Reddit_feat_L1.txt 0.00122586 0.00119834 2.7518e-05
238 Reddit_feat_L1.txt 0.00211374 0.00207659 3.7157e-05
239 Reddit_feat_L1.txt 0.00124864 0.00121622 3.2422e-05
240 Reddit_feat_L1.txt 0.0023724 0.00233468 3.7714e-05
241 Reddit_feat_L1.txt 0.00131497 0.00128061 3.4361e-05
242 Reddit_feat_L1.txt 0.00205156 0.00201137 4.0188e-05
243 Reddit_feat_L1.txt 0.0013019 0.00126906 3.2845e-05
244 Reddit_feat_L1.txt 0.0020315 0.00199928 3.2223e-05
245 Reddit_feat_L1.txt 0.00135576 0.00132223 3.3534e-05
246 Reddit_feat_L1.txt 0.00198999 0.00196039 2.9596e-05
247 Reddit_feat_L1.txt 0.00123566 0.00121005 2.5606e-05
248 Reddit_feat_L1.txt 0.00196035 0.001925 3.535e-05
249 Reddit_feat_L1.txt 0.00127172 0.00123648 3.524e-05
250 Reddit_feat_L1.txt 0.00202131 0.00198869 3.2621e-05
251 Reddit_feat_L1.txt 0.00118506 0.00115102 3.4038e-05
252 Reddit_feat_L1.txt 0.00196732 0.00192955 3.7773e-05
253 Reddit_feat_L1.txt 0.00119968 0.00116441 3.5267e-05
254 Reddit_feat_L1.txt 0.00245282 0.00241908 3.3732e-05
255 Reddit_feat_L1.txt 0.00115127 0.00112162 2.9646e-05
256 Reddit_feat_L1.txt 0.00213192 0.00210336 2.8556e-05
257 Reddit_feat_L1.txt 0.00135819 0.00132745 3.074e-05
258 Reddit_feat_L1.txt 0.00204558 0.00201721 2.837e-05
259 Reddit_feat_L1.txt 0.0012775 0.00125171 2.5784e-05
260 Reddit_feat_L1.txt 0.00202181 0.00198768 3.4132e-05
261 Reddit_feat_L1.txt 0.00130584 0.00126607 3.9772e-05
262 Reddit_feat_L1.txt 0.00197637 0.00193567 4.0702e-05
263 Reddit_feat_L1.txt 0.0011964 0.00116695 2.9447e-05
264 Reddit_feat_L1.txt 0.00216687 0.00213211 3.4761e-05
265 Reddit_feat_L1.txt 0.00133999 0.00130682 3.317e-05
266 Reddit_feat_L1.txt 0.00210317 0.00206978 3.3395e-05
267 Reddit_feat_L1.txt 0.00121072 0.00117987 3.0853e-05
268 Reddit_feat_L1.txt 0.00214667 0.00211119 3.548e-05
269 Reddit_feat_L1.txt 0.00118753 0.00115274 3.4795e-05
270 Reddit_feat_L1.txt 0.00206764 0.00203614 3.1504e-05
271 Reddit_feat_L1.txt 0.00120752 0.00117793 2.9583e-05
272 Reddit_feat_L1.txt 0.00212611 0.00209485 3.1267e-05
273 Reddit_feat_L1.txt 0.00137512 0.00134114 3.398e-05
274 Reddit_feat_L1.txt 0.00211636 0.00208061 3.5753e-05
275 Reddit_feat_L1.txt 0.00126325 0.0012295 3.3744e-05
276 Reddit_feat_L1.txt 0.00212307 0.00208612 3.6951e-05
277 Reddit_feat_L1.txt 0.00140047 0.00136679 3.3684e-05
278 Reddit_feat_L1.txt 0.00216365 0.00212769 3.596e-05
279 Reddit_feat_L1.txt 0.00130389 0.00126605 3.7846e-05
280 Reddit_feat_L1.txt 0.00219081 0.00215649 3.4322e-05
281 Reddit_feat_L1.txt 0.00128737 0.00125633 3.1039e-05
282 Reddit_feat_L1.txt 0.00215381 0.00212094 3.2865e-05
283 Reddit_feat_L1.txt 0.00125934 0.00122324 3.6103e-05
284 Reddit_feat_L1.txt 0.00216769 0.00213305 3.4642e-05
285 Reddit_feat_L1.txt 0.00122083 0.00118603 3.4796e-05
286 Reddit_feat_L1.txt 0.00213939 0.00211505 2.4339e-05
287 Reddit_feat_L1.txt 0.00122778 0.0012029 2.4879e-05
288 Reddit_feat_L1.txt 0.00231144 0.00228324 2.8198e-05
289 Reddit_feat_L1.txt 0.00132044 0.0012785 4.1947e-05
290 Reddit_feat_L1.txt 0.0021437 0.00210911 3.4591e-05
291 Reddit_feat_L1.txt 0.00119006 0.00115868 3.1379e-05
292 Reddit_feat_L1.txt 0.00206598 0.0020377 2.8286e-05
293 Reddit_feat_L1.txt 0.0013574 0.00132006 3.7345e-05
294 Reddit_feat_L1.txt 0.00197977 0.00195176 2.801e-05
295 Reddit_feat_L1.txt 0.00121727 0.00118802 2.9253e-05
296 Reddit_feat_L1.txt 0.00253849 0.00250837 3.0111e-05
297 Reddit_feat_L1.txt 0.00115261 0.0011234 2.9212e-05
298 Reddit_feat_L1.txt 0.00213942 0.00211125 2.8169e-05
299 Reddit_feat_L1.txt 0.00120104 0.00117067 3.0372e-05
300 Reddit_feat_L1.txt 0.00225099 0.00222307 2.7917e-05
301 Reddit_feat_L1.txt 0.00127724 0.00124609 3.115e-05
302 Reddit_feat_L1.txt 0.00210247 0.00207536 2.7112e-05
303 Reddit_feat_L1.txt 0.00116516 0.00113633 2.8829e-05
304 Reddit_feat_L1.txt 0.0018629 0.00183783 2.5065e-05
305 Reddit_feat_L1.txt 0.00126811 0.00124031 2.7802e-05
306 Reddit_feat_L1.txt 0.00188694 0.0018573 2.9637e-05
307 Reddit_feat_L1.txt 0.00125477 0.00122055 3.4218e-05
308 Reddit_feat_L1.txt 0.00207658 0.00204091 3.5668e-05
309 Reddit_feat_L1.txt 0.00124962 0.0012188 3.0811e-05
310 Reddit_feat_L1.txt 0.00195822 0.00193222 2.6004e-05
311 Reddit_feat_L1.txt 0.00109264 0.00106492 2.7724e-05
312 Reddit_feat_L1.txt 0.00188913 0.00186481 2.4317e-05
313 Reddit_feat_L1.txt 0.00125145 0.00122178 2.9674e-05
314 Reddit_feat_L1.txt 0.00193503 0.00190385 3.1181e-05
315 Reddit_feat_L1.txt 0.0010517 0.00102723 2.4471e-05
316 Reddit_feat_L1.txt 0.00203045 0.00200423 2.6221e-05
317 Reddit_feat_L1.txt 0.00123504 0.00120289 3.2154e-05
318 Reddit_feat_L1.txt 0.00240967 0.00238002 2.9646e-05
319 Reddit_feat_L1.txt 0.00122526 0.0011939 3.1359e-05
320 Reddit_feat_L1.txt 0.00211694 0.002084 3.2942e-05
321 Reddit_feat_L1.txt 0.00141527 0.00138468 3.0588e-05
322 Reddit_feat_L1.txt 0.00196868 0.00193672 3.1964e-05
323 Reddit_feat_L1.txt 0.00142762 0.0013917 3.5925e-05
324 Reddit_feat_L1.txt 0.0020287 0.00199477 3.3926e-05
325 Reddit_feat_L1.txt 0.0013283 0.00129266 3.5633e-05
326 Reddit_feat_L1.txt 0.00206076 0.00202427 3.6485e-05
327 Reddit_feat_L1.txt 0.00129385 0.00125625 3.7594e-05
328 Reddit_feat_L1.txt 0.00229094 0.00225806 3.2882e-05
329 Reddit_feat_L1.txt 0.0013776 0.00133965 3.7951e-05
330 Reddit_feat_L1.txt 0.00217439 0.00213895 3.5439e-05
331 Reddit_feat_L1.txt 0.00124378 0.00120728 3.65e-05
332 Reddit_feat_L1.txt 0.00211393 0.00208345 3.0482e-05
333 Reddit_feat_L1.txt 0.00124758 0.00120832 3.9264e-05
334 Reddit_feat_L1.txt 0.00216096 0.00212408 3.6884e-05
335 Reddit_feat_L1.txt 0.00124347 0.00121099 3.2474e-05
336 Reddit_feat_L1.txt 0.00224597 0.00221389 3.2075e-05
337 Reddit_feat_L1.txt 0.00139668 0.00135688 3.9804e-05
338 Reddit_feat_L1.txt 0.00219546 0.00216008 3.5381e-05
339 Reddit_feat_L1.txt 0.00138094 0.00134116 3.9779e-05
340 Reddit_feat_L1.txt 0.002194 0.00215987 3.4122e-05
341 Reddit_feat_L1.txt 0.00133506 0.00129716 3.7905e-05
342 Reddit_feat_L1.txt 0.00218135 0.00214084 4.0512e-05
343 Reddit_feat_L1.txt 0.00126474 0.0012261 3.8641e-05
344 Reddit_feat_L1.txt 0.00213594 0.00210019 3.5757e-05
345 Reddit_feat_L1.txt 0.00135009 0.00131083 3.926e-05
346 Reddit_feat_L1.txt 0.00217788 0.00213667 4.1216e-05
347 Reddit_feat_L1.txt 0.00119349 0.00115417 3.9328e-05
348 Reddit_feat_L1.txt 0.00213069 0.00209108 3.9609e-05
349 Reddit_feat_L1.txt 0.00134059 0.00130716 3.3431e-05
350 Reddit_feat_L1.txt 0.00214435 0.00210497 3.9385e-05
351 Reddit_feat_L1.txt 0.00112699 0.00109394 3.3058e-05
352 Reddit_feat_L1.txt 0.0023411 0.00230593 3.5166e-05
353 Reddit_feat_L1.txt 0.00138364 0.00134728 3.6356e-05
354 Reddit_feat_L1.txt 0.00228306 0.00225557 2.7497e-05
355 Reddit_feat_L1.txt 0.00125867 0.00122195 3.6722e-05
356 Reddit_feat_L1.txt 0.00205562 0.00201919 3.6431e-05
357 Reddit_feat_L1.txt 0.00126344 0.00123172 3.1715e-05
358 Reddit_feat_L1.txt 0.0022837 0.00224245 4.1245e-05
359 Reddit_feat_L1.txt 0.00120157 0.00116043 4.1137e-05
360 Reddit_feat_L1.txt 0.00240791 0.00237664 3.1274e-05
361 Reddit_feat_L1.txt 0.00130043 0.00126784 3.2597e-05
362 Reddit_feat_L1.txt 0.00214595 0.00210921 3.6736e-05
363 Reddit_feat_L1.txt 0.00119236 0.00116657 2.5796e-05
364 Reddit_feat_L1.txt 0.0021963 0.00216461 3.1698e-05
365 Reddit_feat_L1.txt 0.00126947 0.00124231 2.7158e-05
366 Reddit_feat_L1.txt 0.0021746 0.00214324 3.1362e-05
367 Reddit_feat_L1.txt 0.00127894 0.00124734 3.1598e-05
368 Reddit_feat_L1.txt 0.00182118 0.00178606 3.5125e-05
369 Reddit_feat_L1.txt 0.0013127 0.00128045 3.2248e-05
370 Reddit_feat_L1.txt 0.00197614 0.001943 3.314e-05
371 Reddit_feat_L1.txt 0.00117379 0.00114523 2.856e-05
372 Reddit_feat_L1.txt 0.00200127 0.00196542 3.5852e-05
373 Reddit_feat_L1.txt 0.0012263 0.00119459 3.1703e-05
374 Reddit_feat_L1.txt 0.00195674 0.00192485 3.1891e-05
375 Reddit_feat_L1.txt 0.00124742 0.00121821 2.9209e-05
376 Reddit_feat_L1.txt 0.00196734 0.00193304 3.4306e-05
377 Reddit_feat_L1.txt 0.00120883 0.00117337 3.5466e-05
378 Reddit_feat_L1.txt 0.00198992 0.00195566 3.4253e-05
379 Reddit_feat_L1.txt 0.00121766 0.00118215 3.5503e-05
380 Reddit_feat_L1.txt 0.0020116 0.00197947 3.2127e-05
381 Reddit_feat_L1.txt 0.0011319 0.0011039 2.7992e-05
382 Reddit_feat_L1.txt 0.00247716 0.00244746 2.9702e-05
383 Reddit_feat_L1.txt 0.00109242 0.00106035 3.2076e-05
384 Reddit_feat_L1.txt 0.00233486 0.00230154 3.3319e-05
385 Reddit_feat_L1.txt 0.00135961 0.00132144 3.8169e-05
386 Reddit_feat_L1.txt 0.00213253 0.00209467 3.7859e-05
387 Reddit_feat_L1.txt 0.001285 0.00124588 3.9117e-05
388 Reddit_feat_L1.txt 0.00217984 0.00213836 4.1488e-05
389 Reddit_feat_L1.txt 0.0013661 0.00133099 3.5109e-05
390 Reddit_feat_L1.txt 0.00188947 0.00185938 3.0089e-05
391 Reddit_feat_L1.txt 0.00127202 0.00123866 3.3356e-05
392 Reddit_feat_L1.txt 0.00224494 0.00221456 3.0373e-05
393 Reddit_feat_L1.txt 0.00126771 0.00122884 3.8868e-05
394 Reddit_feat_L1.txt 0.00224098 0.00220868 3.2306e-05
395 Reddit_feat_L1.txt 0.00120927 0.00117157 3.7701e-05
396 Reddit_feat_L1.txt 0.00210336 0.00206889 3.4469e-05
397 Reddit_feat_L1.txt 0.00124798 0.00121345 3.4523e-05
398 Reddit_feat_L1.txt 0.0021296 0.00209594 3.3664e-05
399 Reddit_feat_L1.txt 0.00123901 0.00120464 3.4378e-05
400 Reddit_feat_L1.txt 0.00217282 0.00214461 2.8215e-05
401 Reddit_feat_L1.txt 0.00134084 0.00130475 3.609e-05
402 Reddit_feat_L1.txt 0.00219665 0.00216381 3.2839e-05
403 Reddit_feat_L1.txt 0.00133151 0.00129946 3.2056e-05
404 Reddit_feat_L1.txt 0.0022068 0.00217409 3.2706e-05
405 Reddit_feat_L1.txt 0.0013173 0.00128722 3.0077e-05
406 Reddit_feat_L1.txt 0.00214977 0.00211565 3.4118e-05
407 Reddit_feat_L1.txt 0.00130184 0.00127238 2.9459e-05
408 Reddit_feat_L1.txt 0.0021618 0.00213152 3.0282e-05
409 Reddit_feat_L1.txt 0.0012414 0.00121549 2.5912e-05
410 Reddit_feat_L1.txt 0.00215146 0.00211852 3.2939e-05
411 Reddit_feat_L1.txt 0.00129763 0.00126305 3.4577e-05
412 Reddit_feat_L1.txt 0.00211903 0.00208142 3.7612e-05
413 Reddit_feat_L1.txt 0.00128537 0.00125447 3.0906e-05
414 Reddit_feat_L1.txt 0.00209073 0.00206108 2.9649e-05
415 Reddit_feat_L1.txt 0.00119982 0.00116935 3.047e-05
416 Reddit_feat_L1.txt 0.00228076 0.00225184 2.8928e-05
417 Reddit_feat_L1.txt 0.00140939 0.00138158 2.7815e-05
418 Reddit_feat_L1.txt 0.00215633 0.00212806 2.8273e-05
419 Reddit_feat_L1.txt 0.00134576 0.00131924 2.6526e-05
420 Reddit_feat_L1.txt 0.00209852 0.00206772 3.0798e-05
421 Reddit_feat_L1.txt 0.00134118 0.0013122 2.8976e-05
422 Reddit_feat_L1.txt 0.00202252 0.00199449 2.8035e-05
423 Reddit_feat_L1.txt 0.00124038 0.001213 2.7382e-05
424 Reddit_feat_L1.txt 0.00248026 0.00244975 3.0507e-05
425 Reddit_feat_L1.txt 0.00126886 0.00123822 3.0639e-05
426 Reddit_feat_L1.txt 0.00222919 0.00220197 2.7215e-05
427 Reddit_feat_L1.txt 0.00118109 0.00115253 2.8559e-05
428 Reddit_feat_L1.txt 0.00217719 0.00214364 3.3555e-05
429 Reddit_feat_L1.txt 0.00125829 0.00123182 2.6473e-05
430 Reddit_feat_L1.txt 0.002196 0.00216654 2.9453e-05
431 Reddit_feat_L1.txt 0.00134647 0.00131912 2.7344e-05
432 Reddit_feat_L1.txt 0.00187837 0.00184945 2.8917e-05
433 Reddit_feat_L1.txt 0.00137802 0.00134882 2.9197e-05
434 Reddit_feat_L1.txt 0.00198886 0.00195755 3.1311e-05
435 Reddit_feat_L1.txt 0.00119321 0.00116048 3.2729e-05
436 Reddit_feat_L1.txt 0.00206061 0.00202815 3.2468e-05
437 Reddit_feat_L1.txt 0.00132127 0.00129004 3.1229e-05
438 Reddit_feat_L1.txt 0.00194477 0.00191798 2.6795e-05
439 Reddit_feat_L1.txt 0.00120139 0.00117109 3.0295e-05
440 Reddit_feat_L1.txt 0.00192245 0.00189562 2.6823e-05
441 Reddit_feat_L1.txt 0.00121785 0.0011909 2.6956e-05
442 Reddit_feat_L1.txt 0.00184556 0.00182055 2.5009e-05
443 Reddit_feat_L1.txt 0.00109454 0.00106832 2.6219e-05
444 Reddit_feat_L1.txt 0.0019188 0.00189032 2.8476e-05
445 Reddit_feat_L1.txt 0.0011807 0.00114935 3.1346e-05
446 Reddit_feat_L1.txt 0.00237106 0.00234656 2.4498e-05
447 Reddit_feat_L1.txt 0.00117408 0.00114444 2.9639e-05
448 Reddit_feat_L1.txt 0.00234533 0.00231753 2.7802e-05
449 Reddit_feat_L1.txt 0.00133673 0.00130965 2.7073e-05
450 Reddit_feat_L1.txt 0.00218609 0.00215477 3.1319e-05
451 Reddit_feat_L1.txt 0.0013012 0.00127296 2.8242e-05
452 Reddit_feat_L1.txt 0.0019695 0.00193976 2.9736e-05
453 Reddit_feat_L1.txt 0.00121815 0.00118919 2.8956e-05
454 Reddit_feat_L1.txt 0.00199335 0.00196328 3.0064e-05
455 Reddit_feat_L1.txt 0.00114758 0.00111417 3.3403e-05
456 Reddit_feat_L1.txt 0.00222681 0.00219701 2.9802e-05
457 Reddit_feat_L1.txt 0.00126491 0.00123268 3.2234e-05
458 Reddit_feat_L1.txt 0.00213958 0.00211205 2.753e-05
459 Reddit_feat_L1.txt 0.00117649 0.00114212 3.4366e-05
460 Reddit_feat_L1.txt 0.0021541 0.00211846 3.5638e-05
461 Reddit_feat_L1.txt 0.0011861 0.00114303 4.3069e-05
462 Reddit_feat_L1.txt 0.00209068 0.00205135 3.9332e-05
463 Reddit_feat_L1.txt 0.00120981 0.00117358 3.6235e-05
464 Reddit_feat_L1.txt 0.00215127 0.00211791 3.336e-05
465 Reddit_feat_L1.txt 0.00133565 0.00130185 3.3803e-05
466 Reddit_feat_L1.txt 0.00207236 0.00203833 3.4024e-05
467 Reddit_feat_L1.txt 0.00138138 0.00134449 3.689e-05
468 Reddit_feat_L1.txt 0.00228598 0.00224934 3.6642e-05
469 Reddit_feat_L1.txt 0.00136917 0.00133398 3.5187e-05
470 Reddit_feat_L1.txt 0.00227451 0.00223603 3.8475e-05
471 Reddit_feat_L1.txt 0.00134547 0.00130668 3.879e-05
472 Reddit_feat_L1.txt 0.00224465 0.00221197 3.2684e-05
473 Reddit_feat_L1.txt 0.00136508 0.00133511 2.9973e-05
474 Reddit_feat_L1.txt 0.00221092 0.00218231 2.861e-05
475 Reddit_feat_L1.txt 0.00130775 0.0012799 2.7845e-05
476 Reddit_feat_L1.txt 0.00223695 0.00220532 3.1626e-05
477 Reddit_feat_L1.txt 0.00124965 0.00122155 2.8106e-05
478 Reddit_feat_L1.txt 0.00223265 0.00220699 2.5655e-05
479 Reddit_feat_L1.txt 0.00113556 0.00110189 3.3673e-05
480 Reddit_feat_L1.txt 0.00228808 0.00224484 4.3232e-05
481 Reddit_feat_L1.txt 0.00145622 0.00141626 3.9967e-05
482 Reddit_feat_L1.txt 0.00231581 0.00227525 4.0563e-05
483 Reddit_feat_L1.txt 0.00139012 0.00134621 4.3913e-05
484 Reddit_feat_L1.txt 0.00211778 0.00208121 3.6575e-05
485 Reddit_feat_L1.txt 0.0013085 0.00127066 3.7837e-05
486 Reddit_feat_L1.txt 0.00205149 0.00201377 3.7729e-05
487 Reddit_feat_L1.txt 0.00133118 0.00128932 4.1862e-05
488 Reddit_feat_L1.txt 0.00242804 0.00238825 3.9792e-05
489 Reddit_feat_L1.txt 0.00125715 0.00121627 4.0877e-05
490 Reddit_feat_L1.txt 0.00210255 0.00206248 4.0071e-05
491 Reddit_feat_L1.txt 0.00120178 0.00115968 4.2097e-05
492 Reddit_feat_L1.txt 0.00224463 0.00221058 3.4053e-05
493 Reddit_feat_L1.txt 0.00121755 0.00118676 3.0789e-05
494 Reddit_feat_L1.txt 0.0020329 0.00199503 3.7865e-05
495 Reddit_feat_L1.txt 0.00133378 0.00129651 3.7272e-05
496 Reddit_feat_L1.txt 0.00217899 0.00214164 3.735e-05
497 Reddit_feat_L1.txt 0.00135806 0.00132101 3.705e-05
498 Reddit_feat_L1.txt 0.00202785 0.00198983 3.8021e-05
499 Reddit_feat_L1.txt 0.00118223 0.0011462 3.603e-05
500 Reddit_feat_L1.txt 0.00200243 0.00197006 3.2368e-05
501 Reddit_feat_L1.txt 0.00138819 0.00134807 4.0128e-05
502 Reddit_feat_L1.txt 0.00205857 0.00202298 3.5585e-05
503 Reddit_feat_L1.txt 0.00135317 0.00131852 3.4652e-05
504 Reddit_feat_L1.txt 0.00200686 0.00197495 3.1911e-05
505 Reddit_feat_L1.txt 0.00127518 0.00124318 3.1995e-05
506 Reddit_feat_L1.txt 0.00213891 0.0021049 3.4005e-05
507 Reddit_feat_L1.txt 0.0012015 0.00117077 3.0734e-05
508 Reddit_feat_L1.txt 0.00195434 0.00192341 3.0926e-05
509 Reddit_feat_L1.txt 0.00127062 0.00123536 3.5266e-05
510 Reddit_feat_L1.txt 0.00244467 0.00241282 3.1849e-05
511 Reddit_feat_L1.txt 0.00100299 0.000967936 3.5055e-05
512 Reddit_feat_L1.txt 0.00213682 0.00210466 3.2156e-05
513 Reddit_feat_L1.txt 0.00134636 0.00131268 3.368e-05
514 Reddit_feat_L1.txt 0.00213857 0.00210762 3.0957e-05
515 Reddit_feat_L1.txt 0.00129875 0.00126005 3.8707e-05
516 Reddit_feat_L1.txt 0.00201027 0.00197324 3.703e-05
517 Reddit_feat_L1.txt 0.00127191 0.00123324 3.8673e-05
518 Reddit_feat_L1.txt 0.00198842 0.00195607 3.2344e-05
519 Reddit_feat_L1.txt 0.00135389 0.00132232 3.1569e-05
520 Reddit_feat_L1.txt 0.00203536 0.00200434 3.1014e-05
521 Reddit_feat_L1.txt 0.00124903 0.0012141 3.4932e-05
522 Reddit_feat_L1.txt 0.00223104 0.00219582 3.5221e-05
523 Reddit_feat_L1.txt 0.00117451 0.00113577 3.8747e-05
524 Reddit_feat_L1.txt 0.00209461 0.0020628 3.1805e-05
525 Reddit_feat_L1.txt 0.0011587 0.001134 2.4703e-05
526 Reddit_feat_L1.txt 0.0021402 0.00211801 2.219e-05
527 Reddit_feat_L1.txt 0.00130591 0.00127503 3.0885e-05
528 Reddit_feat_L1.txt 0.00211148 0.00207192 3.9558e-05
529 Reddit_feat_L1.txt 0.00127635 0.00123883 3.7513e-05
530 Reddit_feat_L1.txt 0.00208661 0.00205047 3.6139e-05
531 Reddit_feat_L1.txt 0.001333 0.00129973 3.3262e-05
532 Reddit_feat_L1.txt 0.0021104 0.00207548 3.4914e-05
533 Reddit_feat_L1.txt 0.00133211 0.00129113 4.0979e-05
534 Reddit_feat_L1.txt 0.00214115 0.00210815 3.2992e-05
535 Reddit_feat_L1.txt 0.00131771 0.00128404 3.367e-05
536 Reddit_feat_L1.txt 0.0021528 0.00211982 3.298e-05
537 Reddit_feat_L1.txt 0.00125445 0.00121994 3.4507e-05
538 Reddit_feat_L1.txt 0.00211998 0.00208536 3.4615e-05
539 Reddit_feat_L1.txt 0.0012799 0.00123432 4.5578e-05
540 Reddit_feat_L1.txt 0.00202054 0.00199232 2.8221e-05
541 Reddit_feat_L1.txt 0.00123364 0.00119706 3.6585e-05
542 Reddit_feat_L1.txt 0.0020453 0.00201081 3.4485e-05
543 Reddit_feat_L1.txt 0.00114826 0.00111733 3.0926e-05
544 Reddit_feat_L1.txt 0.00230156 0.00226188 3.9674e-05
545 Reddit_feat_L1.txt 0.00129793 0.00126273 3.5204e-05
546 Reddit_feat_L1.txt 0.0020975 0.0020655 3.1999e-05
547 Reddit_feat_L1.txt 0.00126862 0.00123229 3.6331e-05
548 Reddit_feat_L1.txt 0.00212958 0.00209637 3.3212e-05
549 Reddit_feat_L1.txt 0.00142245 0.00138755 3.4901e-05
550 Reddit_feat_L1.txt 0.0020221 0.00198762 3.4483e-05
551 Reddit_feat_L1.txt 0.00129916 0.00125128 4.788e-05
552 Reddit_feat_L1.txt 0.00258506 0.00255595 2.9102e-05
553 Reddit_feat_L1.txt 0.00132835 0.0012931 3.5253e-05
554 Reddit_feat_L1.txt 0.00218986 0.00215368 3.6177e-05
555 Reddit_feat_L1.txt 0.00128175 0.00123405 4.7705e-05
556 Reddit_feat_L1.txt 0.00217948 0.00214197 3.7516e-05
557 Reddit_feat_L1.txt 0.0012942 0.00124765 4.655e-05
558 Reddit_feat_L1.txt 0.00213541 0.0020967 3.871e-05
559 Reddit_feat_L1.txt 0.00121595 0.00117857 3.7384e-05
560 Reddit_feat_L1.txt 0.00190742 0.00187623 3.1187e-05
561 Reddit_feat_L1.txt 0.00132056 0.00128006 4.05e-05
562 Reddit_feat_L1.txt 0.00192533 0.00188593 3.9397e-05
563 Reddit_feat_L1.txt 0.00127495 0.00123464 4.0315e-05
564 Reddit_feat_L1.txt 0.00211089 0.00207715 3.374e-05
565 Reddit_feat_L1.txt 0.00129769 0.0012532 4.4491e-05
566 Reddit_feat_L1.txt 0.00199429 0.00195972 3.4572e-05
567 Reddit_feat_L1.txt 0.00125576 0.00122197 3.3792e-05
568 Reddit_feat_L1.txt 0.00208013 0.00204371 3.6414e-05
569 Reddit_feat_L1.txt 0.00123576 0.00119931 3.6448e-05
570 Reddit_feat_L1.txt 0.00192248 0.00188668 3.5806e-05
571 Reddit_feat_L1.txt 0.0012445 0.0012095 3.5004e-05
572 Reddit_feat_L1.txt 0.00200028 0.00196469 3.5586e-05
573 Reddit_feat_L1.txt 0.00125714 0.00122851 2.8633e-05
574 Reddit_feat_L1.txt 0.00244089 0.00240797 3.2916e-05
575 Reddit_feat_L1.txt 0.00110028 0.00106784 3.2444e-05
576 Reddit_feat_L1.txt 0.00223536 0.00219634 3.9018e-05
577 Reddit_feat_L1.txt 0.00138099 0.00134546 3.5533e-05
578 Reddit_feat_L1.txt 0.00209419 0.00206331 3.0886e-05
579 Reddit_feat_L1.txt 0.00136919 0.00133609 3.31e-05
580 Reddit_feat_L1.txt 0.00210466 0.00207287 3.179e-05
581 Reddit_feat_L1.txt 0.00135049 0.00131886 3.1631e-05
582 Reddit_feat_L1.txt 0.00203697 0.00200799 2.8979e-05
583 Reddit_feat_L1.txt 0.00130935 0.00127109 3.8254e-05
584 Reddit_feat_L1.txt 0.00218735 0.00215264 3.4709e-05
585 Reddit_feat_L1.txt 0.00131174 0.00125957 5.2166e-05
586 Reddit_feat_L1.txt 0.00215222 0.00211424 3.798e-05
587 Reddit_feat_L1.txt 0.00129301 0.00125998 3.3028e-05
588 Reddit_feat_L1.txt 0.00216278 0.00213462 2.8155e-05
589 Reddit_feat_L1.txt 0.00129132 0.0012612 3.0129e-05
590 Reddit_feat_L1.txt 0.00211034 0.00207507 3.5264e-05
591 Reddit_feat_L1.txt 0.00129333 0.00125783 3.5505e-05
592 Reddit_feat_L1.txt 0.00219706 0.00216541 3.1648e-05
593 Reddit_feat_L1.txt 0.00137175 0.00133638 3.5374e-05
594 Reddit_feat_L1.txt 0.00215043 0.00211858 3.1848e-05
595 Reddit_feat_L1.txt 0.0013879 0.00135457 3.3325e-05
596 Reddit_feat_L1.txt 0.00221139 0.00217719 3.4201e-05
597 Reddit_feat_L1.txt 0.00141303 0.00138002 3.3012e-05
598 Reddit_feat_L1.txt 0.00221959 0.00219059 2.9001e-05
599 Reddit_feat_L1.txt 0.00135207 0.00131866 3.3411e-05
600 Reddit_feat_L1.txt 0.00227864 0.00224693 3.1706e-05
601 Reddit_feat_L1.txt 0.00142621 0.00139689 2.9322e-05
602 Reddit_feat_L1.txt 0.00222856 0.00219409 3.447e-05
603 Reddit_feat_L1.txt 0.00135988 0.00132536 3.4512e-05
604 Reddit_feat_L1.txt 0.0021957 0.00216006 3.5634e-05
605 Reddit_feat_L1.txt 0.00130706 0.00127263 3.4432e-05
606 Reddit_feat_L1.txt 0.00215344 0.00211993 3.3512e-05
607 Reddit_feat_L1.txt 0.00129448 0.0012648 2.9686e-05
608 Reddit_feat_L1.txt 0.00241562 0.0023816 3.4021e-05
609 Reddit_feat_L1.txt 0.00141718 0.00138294 3.4234e-05
610 Reddit_feat_L1.txt 0.00236012 0.00232892 3.1197e-05
611 Reddit_feat_L1.txt 0.00135254 0.00131873 3.3805e-05
612 Reddit_feat_L1.txt 0.0022359 0.00220541 3.0488e-05
613 Reddit_feat_L1.txt 0.00147601 0.0014374 3.8608e-05
614 Reddit_feat_L1.txt 0.00234789 0.00231442 3.3464e-05
615 Reddit_feat_L1.txt 0.00128451 0.00124986 3.4651e-05
616 Reddit_feat_L1.txt 0.0025612 0.00252124 3.9961e-05
617 Reddit_feat_L1.txt 0.00132368 0.00128462 3.9058e-05
618 Reddit_feat_L1.txt 0.00220816 0.00217056 3.7597e-05
619 Reddit_feat_L1.txt 0.00127022 0.00123098 3.9242e-05
620 Reddit_feat_L1.txt 0.00224303 0.00220396 3.9064e-05
621 Reddit_feat_L1.txt 0.0012524 0.00121336 3.9042e-05
622 Reddit_feat_L1.txt 0.00217961 0.00214066 3.8945e-05
623 Reddit_feat_L1.txt 0.00128892 0.0012571 3.1815e-05
624 Reddit_feat_L1.txt 0.0019122 0.00187311 3.9099e-05
625 Reddit_feat_L1.txt 0.00135755 0.0013235 3.4052e-05
626 Reddit_feat_L1.txt 0.00199153 0.00196047 3.106e-05
627 Reddit_feat_L1.txt 0.00131545 0.0012725 4.2959e-05
628 Reddit_feat_L1.txt 0.00204248 0.00200077 4.1706e-05
629 Reddit_feat_L1.txt 0.00140603 0.00136798 3.805e-05
630 Reddit_feat_L1.txt 0.00201431 0.00197846 3.5846e-05
631 Reddit_feat_L1.txt 0.00123707 0.00119191 4.5156e-05
632 Reddit_feat_L1.txt 0.00200887 0.00195638 5.2483e-05
633 Reddit_feat_L1.txt 0.001262 0.00122377 3.8231e-05
634 Reddit_feat_L1.txt 0.00199755 0.00195415 4.3405e-05
635 Reddit_feat_L1.txt 0.00119686 0.00114731 4.9545e-05
636 Reddit_feat_L1.txt 0.00203022 0.00199563 3.459e-05
637 Reddit_feat_L1.txt 0.00124835 0.00120152 4.6832e-05
638 Reddit_feat_L1.txt 0.00255546 0.00251326 4.2199e-05
639 Reddit_feat_L1.txt 0.00123507 0.00119437 4.0709e-05
640 Reddit_feat_L1.txt 0.00223372 0.00219063 4.3089e-05
641 Reddit_feat_L1.txt 0.00136979 0.0013361 3.3683e-05
642 Reddit_feat_L1.txt 0.0020473 0.00200406 4.3239e-05
643 Reddit_feat_L1.txt 0.00135507 0.00131226 4.2811e-05
644 Reddit_feat_L1.txt 0.00210055 0.00205596 4.4587e-05
645 Reddit_feat_L1.txt 0.00135399 0.00131829 3.5706e-05
646 Reddit_feat_L1.txt 0.00199627 0.00195832 3.7951e-05
647 Reddit_feat_L1.txt 0.00133389 0.00129371 4.0176e-05
648 Reddit_feat_L1.txt 0.00214109 0.00210187 3.9221e-05
649 Reddit_feat_L1.txt 0.0012739 0.00123332 4.0579e-05
650 Reddit_feat_L1.txt 0.00208929 0.00205169 3.7599e-05
651 Reddit_feat_L1.txt 0.00123492 0.00119571 3.9203e-05
652 Reddit_feat_L1.txt 0.00216392 0.00213542 2.8498e-05
653 Reddit_feat_L1.txt 0.00126675 0.00123612 3.0629e-05
654 Reddit_feat_L1.txt 0.00202138 0.00199303 2.8349e-05
655 Reddit_feat_L1.txt 0.00118071 0.00115553 2.5181e-05
656 Reddit_feat_L1.txt 0.00210949 0.00208167 2.7815e-05
657 Reddit_feat_L1.txt 0.00141218 0.00137177 4.0402e-05
658 Reddit_feat_L1.txt 0.00207634 0.00204556 3.0775e-05
659 Reddit_feat_L1.txt 0.00142717 0.00139975 2.7421e-05
660 Reddit_feat_L1.txt 0.0020966 0.00206998 2.6614e-05
661 Reddit_feat_L1.txt 0.001377 0.00134663 3.0364e-05
662 Reddit_feat_L1.txt 0.0021782 0.00215041 2.7789e-05
663 Reddit_feat_L1.txt 0.00138412 0.00135255 3.1571e-05
664 Reddit_feat_L1.txt 0.00210531 0.0020802 2.5105e-05
665 Reddit_feat_L1.txt 0.0013596 0.00133145 2.8145e-05
666 Reddit_feat_L1.txt 0.00216673 0.0021385 2.8228e-05
667 Reddit_feat_L1.txt 0.00123139 0.00120664 2.4747e-05
668 Reddit_feat_L1.txt 0.00219845 0.00216974 2.871e-05
669 Reddit_feat_L1.txt 0.00125743 0.00122878 2.8643e-05
670 Reddit_feat_L1.txt 0.00218244 0.00215413 2.8315e-05
671 Reddit_feat_L1.txt 0.0012219 0.00119362 2.8288e-05
672 Reddit_feat_L1.txt 0.00226374 0.00222237 4.1361e-05
673 Reddit_feat_L1.txt 0.0013771 0.00134359 3.3509e-05
674 Reddit_feat_L1.txt 0.00211484 0.00208315 3.1691e-05
675 Reddit_feat_L1.txt 0.00141719 0.00138638 3.0811e-05
676 Reddit_feat_L1.txt 0.00212715 0.00209557 3.1575e-05
677 Reddit_feat_L1.txt 0.00147638 0.00144494 3.1437e-05
678 Reddit_feat_L1.txt 0.00208627 0.00205585 3.0423e-05
679 Reddit_feat_L1.txt 0.00136302 0.00133325 2.9763e-05
680 Reddit_feat_L1.txt 0.00251657 0.0024878 2.8765e-05
681 Reddit_feat_L1.txt 0.0014165 0.00138139 3.5116e-05
682 Reddit_feat_L1.txt 0.00216965 0.0021402 2.9451e-05
683 Reddit_feat_L1.txt 0.00128324 0.001236 4.7239e-05
684 Reddit_feat_L1.txt 0.00230298 0.00227422 2.8758e-05
685 Reddit_feat_L1.txt 0.00140513 0.00136649 3.8646e-05
686 Reddit_feat_L1.txt 0.00214811 0.00211722 3.0888e-05
687 Reddit_feat_L1.txt 0.00122583 0.00120043 2.5397e-05
688 Reddit_feat_L1.txt 0.00187785 0.00184227 3.5578e-05
689 Reddit_feat_L1.txt 0.00133556 0.0013017 3.3856e-05
690 Reddit_feat_L1.txt 0.00206171 0.00202978 3.1932e-05
691 Reddit_feat_L1.txt 0.00128243 0.00124148 4.0951e-05
692 Reddit_feat_L1.txt 0.00206117 0.0020306 3.0571e-05
693 Reddit_feat_L1.txt 0.00129382 0.00126118 3.2641e-05
694 Reddit_feat_L1.txt 0.00201503 0.00198267 3.2364e-05
695 Reddit_feat_L1.txt 0.00122479 0.00119491 2.9876e-05
696 Reddit_feat_L1.txt 0.00196771 0.00194238 2.5333e-05
697 Reddit_feat_L1.txt 0.00131957 0.00128416 3.5411e-05
698 Reddit_feat_L1.txt 0.00203393 0.00200524 2.8694e-05
699 Reddit_feat_L1.txt 0.00126528 0.00123486 3.0417e-05
700 Reddit_feat_L1.txt 0.00199496 0.00196466 3.03e-05
701 Reddit_feat_L1.txt 0.00123095 0.00120131 2.9633e-05
702 Reddit_feat_L1.txt 0.00248733 0.00245872 2.861e-05
703 Reddit_feat_L1.txt 0.0012551 0.00122273 3.2369e-05
704 Reddit_feat_L1.txt 0.00235094 0.00231538 3.5561e-05
705 Reddit_feat_L1.txt 0.00134977 0.00131807 3.1703e-05
706 Reddit_feat_L1.txt 0.00211938 0.0020878 3.1576e-05
707 Reddit_feat_L1.txt 0.0013078 0.00127063 3.7171e-05
708 Reddit_feat_L1.txt 0.00214337 0.00210273 4.0641e-05
709 Reddit_feat_L1.txt 0.00132133 0.00128623 3.5107e-05
710 Reddit_feat_L1.txt 0.00198757 0.00195174 3.5829e-05
711 Reddit_feat_L1.txt 0.00136626 0.00132515 4.1108e-05
712 Reddit_feat_L1.txt 0.0022147 0.00217327 4.1432e-05
713 Reddit_feat_L1.txt 0.00137404 0.00132124 5.2796e-05
714 Reddit_feat_L1.txt 0.0020786 0.00203981 3.879e-05
715 Reddit_feat_L1.txt 0.00129084 0.00125811 3.2728e-05
716 Reddit_feat_L1.txt 0.00220005 0.00216388 3.6167e-05
717 Reddit_feat_L1.txt 0.0012786 0.00124091 3.7693e-05
718 Reddit_feat_L1.txt 0.0021247 0.00208982 3.4883e-05
719 Reddit_feat_L1.txt 0.0012678 0.00123662 3.1173e-05
720 Reddit_feat_L1.txt 0.00220709 0.00216856 3.8525e-05
721 Reddit_feat_L1.txt 0.00141232 0.00137461 3.7707e-05
722 Reddit_feat_L1.txt 0.0021356 0.00210104 3.4556e-05
723 Reddit_feat_L1.txt 0.00143055 0.00139765 3.2906e-05
724 Reddit_feat_L1.txt 0.00222843 0.00218905 3.9383e-05
725 Reddit_feat_L1.txt 0.00139424 0.0013568 3.7438e-05
726 Reddit_feat_L1.txt 0.0022146 0.00217782 3.6785e-05
727 Reddit_feat_L1.txt 0.0014238 0.00138835 3.5456e-05
728 Reddit_feat_L1.txt 0.00223742 0.0022053 3.2124e-05
729 Reddit_feat_L1.txt 0.00142903 0.00138796 4.1069e-05
730 Reddit_feat_L1.txt 0.00221455 0.0021762 3.8347e-05
731 Reddit_feat_L1.txt 0.00134471 0.00131722 2.7492e-05
732 Reddit_feat_L1.txt 0.00220379 0.00216985 3.394e-05
733 Reddit_feat_L1.txt 0.00134017 0.00130443 3.574e-05
734 Reddit_feat_L1.txt 0.00220103 0.00216294 3.8084e-05
735 Reddit_feat_L1.txt 0.00123164 0.00119419 3.7451e-05
736 Reddit_feat_L1.txt 0.00231329 0.00227468 3.8617e-05
737 Reddit_feat_L1.txt 0.00141417 0.00137869 3.5478e-05
738 Reddit_feat_L1.txt 0.00231263 0.00228185 3.0783e-05
739 Reddit_feat_L1.txt 0.0014092 0.00137941 2.9786e-05
740 Reddit_feat_L1.txt 0.00215799 0.00212679 3.1198e-05
741 Reddit_feat_L1.txt 0.00143112 0.00139581 3.5303e-05
742 Reddit_feat_L1.txt 0.0020801 0.00204717 3.293e-05
743 Reddit_feat_L1.txt 0.00136993 0.00133357 3.6353e-05
744 Reddit_feat_L1.txt 0.00244117 0.00240773 3.3438e-05
745 Reddit_feat_L1.txt 0.00131124 0.00128186 2.9384e-05
746 Reddit_feat_L1.txt 0.002184 0.00215644 2.7562e-05
747 Reddit_feat_L1.txt 0.00135814 0.00132147 3.6674e-05
748 Reddit_feat_L1.txt 0.00225439 0.00222909 2.5297e-05
749 Reddit_feat_L1.txt 0.00136305 0.00133007 3.2978e-05
750 Reddit_feat_L1.txt 0.00225063 0.00222327 2.7365e-05
751 Reddit_feat_L1.txt 0.00121535 0.00118848 2.6872e-05
752 Reddit_feat_L1.txt 0.00230997 0.00228226 2.771e-05
753 Reddit_feat_L1.txt 0.00130602 0.0012754 3.0621e-05
754 Reddit_feat_L1.txt 0.00201366 0.00198877 2.4893e-05
755 Reddit_feat_L1.txt 0.001309 0.00127271 3.6286e-05
756 Reddit_feat_L1.txt 0.0020507 0.00201698 3.3719e-05
757 Reddit_feat_L1.txt 0.00136247 0.00132416 3.8308e-05
758 Reddit_feat_L1.txt 0.00193201 0.0018935 3.8507e-05
759 Reddit_feat_L1.txt 0.00131178 0.00128055 3.1229e-05
760 Reddit_feat_L1.txt 0.00203835 0.00200119 3.7159e-05
761 Reddit_feat_L1.txt 0.00129098 0.00125456 3.6422e-05
762 Reddit_feat_L1.txt 0.00201727 0.00198307 3.4203e-05
763 Reddit_feat_L1.txt 0.00132175 0.00128947 3.2283e-05
764 Reddit_feat_L1.txt 0.00196195 0.00192567 3.6279e-05
765 Reddit_feat_L1.txt 0.00120675 0.00117791 2.8845e-05
766 Reddit_feat_L1.txt 0.00252444 0.00248759 3.6858e-05
767 Reddit_feat_L1.txt 0.00186735 0.00117919 0.000688163
0 Reddit_A.txt 0.0303465 0.030254 9.2505e-05
1 Reddit_A.txt 0.0303612 0.0302482 0.000113004
2 Reddit_A.txt 0.0303618 0.0302357 0.000126114
3 Reddit_A.txt 0.0303912 0.0302174 0.000173889
4 Reddit_A.txt 0.0304058 0.0302136 0.000192175
5 Reddit_A.txt 0.0303892 0.0301952 0.000193995
6 Reddit_A.txt 0.0304075 0.0301891 0.00021839
7 Reddit_A.txt 0.0304116 0.0301783 0.000233269
8 Reddit_A.txt 0.0304422 0.0301637 0.000278528
9 Reddit_A.txt 0.0305206 0.0301529 0.000367757
10 Reddit_A.txt 0.0303135 0.0301362 0.000177361
11 Reddit_A.txt 0.0303631 0.0301289 0.000234174
12 Reddit_A.txt 0.0304763 0.0301153 0.000361023
13 Reddit_A.txt 0.030277 0.0301034 0.000173568
14 Reddit_A.txt 0.0303679 0.0300915 0.000276346
15 Reddit_A.txt 0.0304209 0.0300913 0.000329581
16 Reddit_A.txt 0.0304549 0.0300801 0.000374776
17 Reddit_A.txt 0.0305891 0.0300688 0.000520279
18 Reddit_A.txt 0.0306318 0.0300602 0.000571646
19 Reddit_A.txt 0.0306336 0.0300502 0.000583452
20 Reddit_A.txt 0.030568 0.0300328 0.00053516
21 Reddit_A.txt 0.0304031 0.0300277 0.000375357
22 Reddit_A.txt 0.030286 0.0300139 0.000272077
23 Reddit_A.txt 0.0305268 0.0300087 0.000518022
24 Reddit_A.txt 0.0302179 0.0299921 0.000225814
25 Reddit_A.txt 0.0306697 0.0299874 0.000682259
26 Reddit_A.txt 0.0310527 0.0299732 0.00107944
27 Reddit_A.txt 0.0307085 0.029969 0.000739529
28 Reddit_A.txt 0.0306892 0.0299526 0.000736578
29 Reddit_A.txt 0.0308487 0.0299382 0.000910554
30 Reddit_A.txt 0.0309207 0.0299382 0.000982488
31 Reddit_A.txt 0.0309159 0.0299122 0.00100374
32 Reddit_A.txt 0.0308081 0.0299005 0.000907643
33 Reddit_A.txt 0.0305744 0.0298883 0.000686029
34 Reddit_A.txt 0.0302487 0.0298808 0.000367964
35 Reddit_A.txt 0.0302386 0.0298722 0.000366428
36 Reddit_A.txt 0.0304476 0.0298686 0.000579001
37 Reddit_A.txt 0.0301754 0.0298441 0.000331338
38 Reddit_A.txt 0.0307044 0.0298358 0.000868583
39 Reddit_A.txt 0.0307176 0.0298239 0.000893682
40 Reddit_A.txt 0.0308254 0.0298135 0.00101183
41 Reddit_A.txt 0.0312696 0.0298082 0.00146132
42 Reddit_A.txt 0.031164 0.0297933 0.00137073
43 Reddit_A.txt 0.0311555 0.0297796 0.00137593
44 Reddit_A.txt 0.0310661 0.0297714 0.00129471
45 Reddit_A.txt 0.0314243 0.0297605 0.00166382
46 Reddit_A.txt 0.0309658 0.0297456 0.00122019
47 Reddit_A.txt 0.031627 0.0301452 0.00148185
48 Reddit_A.txt 0.0317319 0.0301425 0.00158937
49 Reddit_A.txt 0.0313702 0.0301318 0.00123844
50 Reddit_A.txt 0.0310979 0.0301185 0.000979418
51 Reddit_A.txt 0.0309104 0.0301005 0.000809923
52 Reddit_A.txt 0.0305539 0.0300947 0.000459107
53 Reddit_A.txt 0.0310377 0.0300844 0.000953342
54 Reddit_A.txt 0.031412 0.0300665 0.00134551
55 Reddit_A.txt 0.0309423 0.0300553 0.000887005
56 Reddit_A.txt 0.0306849 0.0300395 0.000645415
57 Reddit_A.txt 0.0306888 0.0300302 0.000658646
58 Reddit_A.txt 0.0319946 0.0300226 0.00197199
59 Reddit_A.txt 0.0309758 0.0299996 0.000976213
60 Reddit_A.txt 0.0313977 0.0299884 0.00140923
61 Reddit_A.txt 0.0313469 0.0299792 0.00136774
62 Reddit_A.txt 0.0305757 0.0299658 0.000609868
63 Reddit_A.txt 0.0308929 0.0299526 0.000940341
64 Reddit_A.txt 0.0308722 0.0299468 0.000925412
65 Reddit_A.txt 0.0307929 0.0299327 0.000860167
66 Reddit_A.txt 0.0306986 0.0299227 0.000775854
67 Reddit_A.txt 0.0305629 0.0299122 0.000650693
68 Reddit_A.txt 0.0307165 0.0299017 0.000814872
69 Reddit_A.txt 0.030666 0.0298914 0.000774614
70 Reddit_A.txt 0.0306864 0.0298786 0.000807758
71 Reddit_A.txt 0.0303397 0.0298709 0.000468752
72 Reddit_A.txt 0.0306524 0.0298667 0.000785742
73 Reddit_A.txt 0.0305179 0.0298543 0.000663544
74 Reddit_A.txt 0.0313343 0.0298007 0.00153364
75 Reddit_A.txt 0.0317018 0.02979 0.00191177
76 Reddit_A.txt 0.0304866 0.0297841 0.000702586
77 Reddit_A.txt 0.0306435 0.0297686 0.000874922
78 Reddit_A.txt 0.0323571 0.0297579 0.0025992
79 Reddit_A.txt 0.0322122 0.0297449 0.00246731
80 Reddit_A.txt 0.0306186 0.0297339 0.000884754
81 Reddit_A.txt 0.0303849 0.0297276 0.000657321
82 Reddit_A.txt 0.0303259 0.029714 0.000611886
83 Reddit_A.txt 0.0303007 0.0297027 0.000598059
84 Reddit_A.txt 0.0306706 0.0296908 0.000979754
85 Reddit_A.txt 0.0306687 0.0296798 0.000988945
86 Reddit_A.txt 0.0305431 0.029669 0.000874108
87 Reddit_A.txt 0.0304354 0.0296583 0.000777071
88 Reddit_A.txt 0.0304882 0.029646 0.00084216
89 Reddit_A.txt 0.0305427 0.0296385 0.00090416
90 Reddit_A.txt 0.0305643 0.0296164 0.000947865
91 Reddit_A.txt 0.0307273 0.0296092 0.00111811
92 Reddit_A.txt 0.0311461 0.0295988 0.00154738
93 Reddit_A.txt 0.0309272 0.0295805 0.00134668
94 Reddit_A.txt 0.031011 0.0295249 0.00148609
95 Reddit_A.txt 0.0312494 0.0295078 0.00174161
96 Reddit_A.txt 0.0310553 0.0294806 0.00157471
97 Reddit_A.txt 0.03114 0.0294538 0.00168619
98 Reddit_A.txt 0.0312513 0.0294236 0.00182767
99 Reddit_A.txt 0.030812 0.0293897 0.00142224
100 Reddit_A.txt 0.0311728 0.0293585 0.00181433
101 Reddit_A.txt 0.0310916 0.0293236 0.00176799
102 Reddit_A.txt 0.031008 0.0292923 0.00171569
103 Reddit_A.txt 0.0310272 0.0292627 0.0017645
104 Reddit_A.txt 0.0306511 0.029258 0.0013931
105 Reddit_A.txt 0.0309242 0.0292411 0.00168311
106 Reddit_A.txt 0.0307442 0.0292325 0.00151174
107 Reddit_A.txt 0.0307877 0.0292259 0.00156181
108 Reddit_A.txt 0.0307252 0.0292121 0.00151312
109 Reddit_A.txt 0.030158 0.029199 0.000959014
110 Reddit_A.txt 0.0303154 0.0291838 0.00113166
111 Reddit_A.txt 0.0306131 0.0291645 0.0014486
112 Reddit_A.txt 0.0303416 0.0291504 0.00119119
113 Reddit_A.txt 0.0304486 0.0291398 0.00130882
114 Reddit_A.txt 0.0306421 0.0291281 0.00151393
115 Reddit_A.txt 0.0305203 0.0291232 0.0013971
116 Reddit_A.txt 0.0302656 0.0291068 0.00115885
117 Reddit_A.txt 0.0305787 0.0290952 0.00148346
118 Reddit_A.txt 0.0303222 0.0290834 0.00123879
119 Reddit_A.txt 0.0302962 0.0290725 0.00122371
120 Reddit_A.txt 0.0305719 0.0290442 0.00152764
121 Reddit_A.txt 0.0311504 0.0290146 0.0021358
122 Reddit_A.txt 0.0315135 0.0289856 0.00252788
123 Reddit_A.txt 0.0315233 0.0289696 0.00255368
124 Reddit_A.txt 0.0301618 0.0289463 0.00121543
125 Reddit_A.txt 0.0300964 0.0289323 0.00116407
126 Reddit_A.txt 0.0304569 0.0289146 0.00154231
127 Reddit_A.txt 0.0308238 0.0288912 0.0019326
128 Reddit_A.txt 0.0309952 0.0288816 0.00211359
129 Reddit_A.txt 0.0309127 0.0288706 0.00204203
130 Reddit_A.txt 0.0303554 0.0288403 0.00151505
131 Reddit_A.txt 0.029868 0.0288268 0.00104119
132 Reddit_A.txt 0.0298857 0.0288191 0.00106661
133 Reddit_A.txt 0.0305885 0.0288137 0.00177475
134 Reddit_A.txt 0.0299945 0.0287977 0.00119677
135 Reddit_A.txt 0.0318506 0.0287895 0.00306109
136 Reddit_A.txt 0.0306461 0.0287659 0.00188018
137 Reddit_A.txt 0.03055 0.0287513 0.00179867
138 Reddit_A.txt 0.0301888 0.0287407 0.00144808
139 Reddit_A.txt 0.0303322 0.0287288 0.00160344
140 Reddit_A.txt 0.0304173 0.0287266 0.00169068
141 Reddit_A.txt 0.0302036 0.0287088 0.00149482
142 Reddit_A.txt 0.0307117 0.0287032 0.00200853
143 Reddit_A.txt 0.0304842 0.0286898 0.00179434
144 Reddit_A.txt 0.0299836 0.0286971 0.00128647
145 Reddit_A.txt 0.0299911 0.0286869 0.00130423
146 Reddit_A.txt 0.0299728 0.0286778 0.00129494
147 Reddit_A.txt 0.0302048 0.0286594 0.00154546
148 Reddit_A.txt 0.0301274 0.0286435 0.00148388
149 Reddit_A.txt 0.0300197 0.0286323 0.00138744
150 Reddit_A.txt 0.0301744 0.0286138 0.00156069
151 Reddit_A.txt 0.0307998 0.0286075 0.00219234
152 Reddit_A.txt 0.0300959 0.028596 0.00149992
153 Reddit_A.txt 0.0302752 0.0285821 0.00169311
154 Reddit_A.txt 0.0300141 0.0285779 0.00143619
155 Reddit_A.txt 0.0309102 0.0285554 0.00235487
156 Reddit_A.txt 0.0306791 0.0285412 0.00213794
157 Reddit_A.txt 0.0302914 0.0285228 0.00176863
158 Reddit_A.txt 0.0299377 0.0284193 0.00151842
159 Reddit_A.txt 0.030546 0.028415 0.00213106
160 Reddit_A.txt 0.0299882 0.0284037 0.00158449
161 Reddit_A.txt 0.0302026 0.0284024 0.00180017
162 Reddit_A.txt 0.0305254 0.0283911 0.00213426
163 Reddit_A.txt 0.0300886 0.0283814 0.00170714
164 Reddit_A.txt 0.0299069 0.0283697 0.00153717
165 Reddit_A.txt 0.0302999 0.0283572 0.00194272
166 Reddit_A.txt 0.030366 0.0283475 0.00201857
167 Reddit_A.txt 0.0308232 0.028327 0.00249615
168 Reddit_A.txt 0.0301671 0.0282918 0.00187534
169 Reddit_A.txt 0.0298206 0.0282691 0.00155146
170 Reddit_A.txt 0.0295375 0.0282515 0.001286
171 Reddit_A.txt 0.0302573 0.0282117 0.00204568
172 Reddit_A.txt 0.0299841 0.028188 0.0017961
173 Reddit_A.txt 0.0300478 0.0281801 0.00186769
174 Reddit_A.txt 0.0303044 0.0281794 0.00212503
175 Reddit_A.txt 0.0304901 0.0281556 0.00233449
176 Reddit_A.txt 0.0300597 0.0281612 0.00189851
177 Reddit_A.txt 0.0303656 0.0281507 0.00221491
178 Reddit_A.txt 0.0302613 0.0281371 0.00212422
179 Reddit_A.txt 0.0318919 0.0281219 0.00377005
180 Reddit_A.txt 0.0343943 0.0281094 0.00628494
181 Reddit_A.txt 0.0302918 0.0280965 0.00219528
182 Reddit_A.txt 0.0300643 0.0280928 0.00197153
183 Reddit_A.txt 0.0298759 0.0280812 0.00179468
184 Reddit_A.txt 0.0307593 0.0280617 0.00269752
185 Reddit_A.txt 0.0296755 0.0280558 0.00161972
186 Reddit_A.txt 0.0304127 0.0280335 0.00237921
187 Reddit_A.txt 0.0299449 0.0280247 0.00192018
188 Reddit_A.txt 0.031041 0.0280138 0.00302722
189 Reddit_A.txt 0.0296464 0.0280015 0.00164486
190 Reddit_A.txt 0.0300013 0.0279857 0.00201562
191 Reddit_A.txt 0.0319966 0.0299145 0.00208208
192 Reddit_A.txt 0.0317751 0.0299193 0.00185578
193 Reddit_A.txt 0.0322328 0.0299021 0.00233077
194 Reddit_A.txt 0.0319169 0.0298917 0.0020252
195 Reddit_A.txt 0.0320094 0.0298802 0.00212923
196 Reddit_A.txt 0.0321575 0.0298654 0.00229207
197 Reddit_A.txt 0.0330832 0.0298484 0.00323477
198 Reddit_A.txt 0.0323064 0.0298431 0.0024633
199 Reddit_A.txt 0.0316023 0.0298266 0.00177567
200 Reddit_A.txt 0.0321886 0.0298148 0.00237381
201 Reddit_A.txt 0.0320389 0.0298074 0.0022315
202 Reddit_A.txt 0.0319226 0.0297972 0.00212534
203 Reddit_A.txt 0.0320992 0.0297886 0.00231064
204 Reddit_A.txt 0.0317116 0.0297793 0.00193231
205 Reddit_A.txt 0.034126 0.0297659 0.00436014
206 Reddit_A.txt 0.0318354 0.0297589 0.00207644
207 Reddit_A.txt 0.0316667 0.0297529 0.00191382
208 Reddit_A.txt 0.0318759 0.0297407 0.00213512
209 Reddit_A.txt 0.0328974 0.0297355 0.00316191
210 Reddit_A.txt 0.0317245 0.0297218 0.00200276
211 Reddit_A.txt 0.0314826 0.0297116 0.00177098
212 Reddit_A.txt 0.0319128 0.0297005 0.00221234
213 Reddit_A.txt 0.0321042 0.0296958 0.00240842
214 Reddit_A.txt 0.0319671 0.029676 0.00229112
215 Reddit_A.txt 0.032114 0.0296672 0.00244674
216 Reddit_A.txt 0.0318348 0.0296567 0.00217813
217 Reddit_A.txt 0.0323233 0.0296515 0.00267179
218 Reddit_A.txt 0.0317012 0.0296385 0.00206276
219 Reddit_A.txt 0.0319555 0.0296323 0.00232319
220 Reddit_A.txt 0.0323627 0.029629 0.00273375
221 Reddit_A.txt 0.0323992 0.0296008 0.00279836
222 Reddit_A.txt 0.0351676 0.0295919 0.00557567
223 Reddit_A.txt 0.0330596 0.0295804 0.00347917
224 Reddit_A.txt 0.0319871 0.0295663 0.00242081
225 Reddit_A.txt 0.0329623 0.0295614 0.00340083
226 Reddit_A.txt 0.0319112 0.0295516 0.00235963
227 Reddit_A.txt 0.032429 0.0295413 0.00288765
228 Reddit_A.txt 0.0323504 0.029528 0.00282238
229 Reddit_A.txt 0.0322348 0.029519 0.00271579
230 Reddit_A.txt 0.0343131 0.0295079 0.00480518
231 Reddit_A.txt 0.0327553 0.0294984 0.00325685
232 Reddit_A.txt 0.0313581 0.0294826 0.00187542
233 Reddit_A.txt 0.0315527 0.0294737 0.00207904
234 Reddit_A.txt 0.032599 0.0294834 0.00311554
235 Reddit_A.txt 0.0328007 0.0295802 0.00322048
236 Reddit_A.txt 0.0320693 0.0296469 0.0024224
237 Reddit_A.txt 0.0318173 0.0296392 0.00217811
238 Reddit_A.txt 0.0317622 0.0296256 0.00213663
239 Reddit_A.txt 0.0325354 0.0301621 0.00237329
240 Reddit_A.txt 0.0327834 0.0301587 0.00262468
241 Reddit_A.txt 0.0337784 0.0301602 0.00361822
242 Reddit_A.txt 0.0330361 0.0301349 0.00290117
243 Reddit_A.txt 0.0330751 0.0301198 0.00295531
244 Reddit_A.txt 0.0324553 0.0301197 0.00233554
245 Reddit_A.txt 0.0345236 0.0300946 0.00442899
246 Reddit_A.txt 0.0327177 0.0300816 0.00263609
247 Reddit_A.txt 0.0337995 0.0300767 0.00372282
248 Reddit_A.txt 0.0332127 0.0300602 0.00315249
249 Reddit_A.txt 0.032441 0.030049 0.00239199
250 Reddit_A.txt 0.0342283 0.0300387 0.00418961
251 Reddit_A.txt 0.0326941 0.0300231 0.00267104
252 Reddit_A.txt 0.0328037 0.0300187 0.00278503
253 Reddit_A.txt 0.033061 0.0300016 0.00305938
254 Reddit_A.txt 0.0335866 0.0300007 0.00358592
255 Reddit_A.txt 0.0332001 0.0299795 0.00322058
256 Reddit_A.txt 0.0328818 0.0299689 0.00291281
257 Reddit_A.txt 0.0338635 0.0299553 0.0039082
258 Reddit_A.txt 0.0331337 0.0299454 0.00318824
259 Reddit_A.txt 0.0326978 0.0299365 0.00276129
260 Reddit_A.txt 0.0320439 0.0299232 0.00212076
261 Reddit_A.txt 0.032745 0.0299109 0.00283408
262 Reddit_A.txt 0.0326384 0.0299001 0.00273829
263 Reddit_A.txt 0.0326922 0.0298955 0.00279672
264 Reddit_A.txt 0.0325396 0.02989 0.00264961
265 Reddit_A.txt 0.0321288 0.0298693 0.00225949
266 Reddit_A.txt 0.0325297 0.0298648 0.00266489
267 Reddit_A.txt 0.0334298 0.0298517 0.00357811
268 Reddit_A.txt 0.0336692 0.0298473 0.00382188
269 Reddit_A.txt 0.0325443 0.0298194 0.00272488
270 Reddit_A.txt 0.034151 0.0298076 0.00434335
271 Reddit_A.txt 0.0340157 0.0296321 0.00438356
272 Reddit_A.txt 0.0317856 0.0296339 0.00215174
273 Reddit_A.txt 0.0321944 0.0296193 0.00257505
274 Reddit_A.txt 0.0318828 0.0296084 0.00227443
275 Reddit_A.txt 0.0333857 0.0296012 0.00378448
276 Reddit_A.txt 0.0328165 0.0295894 0.00322711
277 Reddit_A.txt 0.0327225 0.0295762 0.00314629
278 Reddit_A.txt 0.0326454 0.0295709 0.00307443
279 Reddit_A.txt 0.0329263 0.0295535 0.00337284
280 Reddit_A.txt 0.0339602 0.029539 0.00442116
281 Reddit_A.txt 0.0323778 0.0295327 0.00284504
282 Reddit_A.txt 0.0328798 0.0295194 0.00336041
283 Reddit_A.txt 0.0329554 0.0295038 0.00345158
284 Reddit_A.txt 0.0342699 0.0294986 0.00477131
285 Reddit_A.txt 0.0321189 0.0294797 0.00263929
286 Reddit_A.txt 0.0322967 0.0294719 0.0028248
287 Reddit_A.txt 0.0332463 0.029459 0.00378729
288 Reddit_A.txt 0.0329196 0.0294564 0.00346319
289 Reddit_A.txt 0.031876 0.0294469 0.00242914
290 Reddit_A.txt 0.0320409 0.0294423 0.00259863
291 Reddit_A.txt 0.034289 0.0294253 0.00486376
292 Reddit_A.txt 0.033453 0.0294074 0.00404564
293 Reddit_A.txt 0.0341875 0.0293952 0.00479236
294 Reddit_A.txt 0.0316434 0.0291524 0.00249102
295 Reddit_A.txt 0.0325735 0.0291086 0.00346489
296 Reddit_A.txt 0.0352175 0.0290831 0.00613447
297 Reddit_A.txt 0.0319713 0.0290303 0.00294098
298 Reddit_A.txt 0.0327076 0.0289929 0.0037147
299 Reddit_A.txt 0.0319992 0.028977 0.00302215
300 Reddit_A.txt 0.0317778 0.0289573 0.00282045
301 Reddit_A.txt 0.032817 0.0289366 0.00388039
302 Reddit_A.txt 0.0317957 0.0289167 0.00287896
303 Reddit_A.txt 0.0330132 0.0288894 0.00412382
304 Reddit_A.txt 0.0314411 0.0288648 0.00257629
305 Reddit_A.txt 0.0316592 0.0288486 0.00281053
306 Reddit_A.txt 0.030933 0.0287289 0.00220407
307 Reddit_A.txt 0.0325575 0.0287239 0.00383361
308 Reddit_A.txt 0.0314133 0.0287093 0.00270399
309 Reddit_A.txt 0.0343459 0.0286976 0.00564831
310 Reddit_A.txt 0.0334952 0.0286787 0.0048165
311 Reddit_A.txt 0.0330797 0.028652 0.00442774
312 Reddit_A.txt 0.0317348 0.028644 0.00309081
313 Reddit_A.txt 0.0322332 0.0286345 0.0035987
314 Reddit_A.txt 0.0327782 0.0286174 0.00416077
315 Reddit_A.txt 0.0321146 0.0286069 0.00350767
316 Reddit_A.txt 0.032142 0.0285934 0.00354852
317 Reddit_A.txt 0.0320392 0.028569 0.00347025
318 Reddit_A.txt 0.0335903 0.0285626 0.00502773
319 Reddit_A.txt 0.0319279 0.0285395 0.00338837
320 Reddit_A.txt 0.0313298 0.0285042 0.00282563
321 Reddit_A.txt 0.0320426 0.0284733 0.00356934
322 Reddit_A.txt 0.0320993 0.028453 0.00364626
323 Reddit_A.txt 0.0319302 0.0284403 0.00348995
324 Reddit_A.txt 0.0328268 0.0284283 0.00439844
325 Reddit_A.txt 0.0316332 0.0284203 0.00321286
326 Reddit_A.txt 0.0314046 0.0284078 0.00299687
327 Reddit_A.txt 0.0327697 0.0283946 0.00437511
328 Reddit_A.txt 0.0338095 0.0283946 0.0054149
329 Reddit_A.txt 0.0336313 0.0283756 0.0052557
330 Reddit_A.txt 0.0316576 0.0283692 0.00328841
331 Reddit_A.txt 0.0319336 0.0283535 0.0035801
332 Reddit_A.txt 0.0320264 0.0283427 0.00368373
333 Reddit_A.txt 0.0311299 0.0283315 0.00279841
334 Reddit_A.txt 0.0315867 0.0283197 0.003267
335 Reddit_A.txt 0.0318063 0.0283249 0.00348138
336 Reddit_A.txt 0.0325614 0.028318 0.0042434
337 Reddit_A.txt 0.032354 0.0283071 0.00404691
338 Reddit_A.txt 0.0330992 0.0282945 0.00480473
339 Reddit_A.txt 0.0307453 0.0282911 0.00245415
340 Reddit_A.txt 0.0322553 0.0282698 0.00398542
341 Reddit_A.txt 0.0319435 0.0282605 0.00368307
342 Reddit_A.txt 0.0314738 0.02825 0.00322382
343 Reddit_A.txt 0.0320424 0.0282383 0.00380413
344 Reddit_A.txt 0.0304873 0.0282212 0.00226614
345 Reddit_A.txt 0.0318423 0.0282098 0.00363242
346 Reddit_A.txt 0.0341746 0.0282055 0.00596915
347 Reddit_A.txt 0.0319736 0.0281881 0.00378558
348 Reddit_A.txt 0.0319833 0.0281525 0.00383075
349 Reddit_A.txt 0.0348164 0.028118 0.00669838
350 Reddit_A.txt 0.0312717 0.0280715 0.00320023
351 Reddit_A.txt 0.0313762 0.0280211 0.00335509
352 Reddit_A.txt 0.0308907 0.0279794 0.00291129
353 Reddit_A.txt 0.0323075 0.027965 0.00434252
354 Reddit_A.txt 0.0324136 0.0279469 0.00446672
355 Reddit_A.txt 0.0314977 0.0279338 0.00356396
356 Reddit_A.txt 0.0346157 0.0279244 0.00669135
357 Reddit_A.txt 0.0349752 0.0279023 0.00707291
358 Reddit_A.txt 0.0326542 0.0278936 0.00476066
359 Reddit_A.txt 0.0311455 0.0278789 0.00326665
360 Reddit_A.txt 0.0311459 0.0278626 0.00328326
361 Reddit_A.txt 0.0322975 0.0278254 0.00447207
362 Reddit_A.txt 0.0297897 0.0278103 0.00197934
363 Reddit_A.txt 0.0315027 0.027801 0.00370173
364 Reddit_A.txt 0.0331254 0.0277713 0.00535406
365 Reddit_A.txt 0.031351 0.0270939 0.00425713
366 Reddit_A.txt 0.0314829 0.027089 0.00439391
367 Reddit_A.txt 0.0312 0.0270777 0.00412237
368 Reddit_A.txt 0.0324132 0.0270686 0.00534464
369 Reddit_A.txt 0.0304166 0.0270648 0.0033518
370 Reddit_A.txt 0.0336958 0.027058 0.00663784
371 Reddit_A.txt 0.0316272 0.0270459 0.0045813
372 Reddit_A.txt 0.0305526 0.0270436 0.00350907
373 Reddit_A.txt 0.0340181 0.0270305 0.00698753
374 Reddit_A.txt 0.0297856 0.0270189 0.00276669
375 Reddit_A.txt 0.0310341 0.0270099 0.00402427
376 Reddit_A.txt 0.0310162 0.0269957 0.00402051
377 Reddit_A.txt 0.0311194 0.0269845 0.00413487
378 Reddit_A.txt 0.0320161 0.0269614 0.00505472
379 Reddit_A.txt 0.030605 0.0269534 0.00365161
380 Reddit_A.txt 0.0313671 0.0269423 0.00442474
381 Reddit_A.txt 0.0321638 0.0269301 0.00523374
382 Reddit_A.txt 0.0306571 0.0269226 0.0037345
383 Reddit_A.txt 0.0314501 0.0269219 0.00452815
384 Reddit_A.txt 0.0311101 0.026921 0.00418904
385 Reddit_A.txt 0.0305872 0.026915 0.00367219
386 Reddit_A.txt 0.0311499 0.026873 0.00427693
387 Reddit_A.txt 0.0344521 0.026859 0.00759305
388 Reddit_A.txt 0.0337272 0.0268583 0.00686886
389 Reddit_A.txt 0.0317904 0.0268499 0.0049405
390 Reddit_A.txt 0.0315199 0.0268292 0.00469064
391 Reddit_A.txt 0.0333442 0.0268219 0.00652224
392 Reddit_A.txt 0.0300471 0.0268035 0.00324359
393 Reddit_A.txt 0.0304059 0.0267931 0.00361282
394 Reddit_A.txt 0.0315683 0.02679 0.00477837
395 Reddit_A.txt 0.0315275 0.0267754 0.00475216
396 Reddit_A.txt 0.0301997 0.0267621 0.00343764
397 Reddit_A.txt 0.0301456 0.026747 0.00339853
398 Reddit_A.txt 0.0306535 0.0267384 0.00391504
399 Reddit_A.txt 0.0316045 0.026731 0.00487354
400 Reddit_A.txt 0.0318893 0.02671 0.00517936
401 Reddit_A.txt 0.0319337 0.0266994 0.00523432
402 Reddit_A.txt 0.0307764 0.0266943 0.00408208
403 Reddit_A.txt 0.0295883 0.0266816 0.00290665
404 Reddit_A.txt 0.034552 0.0266379 0.00791408
405 Reddit_A.txt 0.0361407 0.0266282 0.00951253
406 Reddit_A.txt 0.0329833 0.0266077 0.00637555
407 Reddit_A.txt 0.0313844 0.0265957 0.00478865
408 Reddit_A.txt 0.0308923 0.0265887 0.00430358
409 Reddit_A.txt 0.0341785 0.0265675 0.00761093
410 Reddit_A.txt 0.0314293 0.0265533 0.00487602
411 Reddit_A.txt 0.0310153 0.0265059 0.00450942
412 Reddit_A.txt 0.032463 0.0264573 0.00600575
413 Reddit_A.txt 0.031579 0.0264192 0.00515977
414 Reddit_A.txt 0.0304507 0.0263765 0.00407424
415 Reddit_A.txt 0.0316265 0.0263444 0.00528212
416 Reddit_A.txt 0.0295307 0.0262993 0.00323135
417 Reddit_A.txt 0.0300848 0.0262718 0.003813
418 Reddit_A.txt 0.0295981 0.0262161 0.00338194
419 Reddit_A.txt 0.0288643 0.0261919 0.0026724
420 Reddit_A.txt 0.0328779 0.0261286 0.00674927
421 Reddit_A.txt 0.0305693 0.0260582 0.00451115
422 Reddit_A.txt 0.0372165 0.026008 0.0112085
423 Reddit_A.txt 0.0336118 0.0259796 0.00763211
424 Reddit_A.txt 0.0305598 0.0259356 0.00462423
425 Reddit_A.txt 0.0301541 0.0258968 0.00425725
426 Reddit_A.txt 0.0295924 0.0258482 0.00374423
427 Reddit_A.txt 0.0313214 0.0258066 0.00551482
428 Reddit_A.txt 0.0309625 0.0257628 0.00519967
429 Reddit_A.txt 0.0301791 0.0257375 0.00444166
430 Reddit_A.txt 0.0327163 0.0257207 0.00699568
431 Reddit_A.txt 0.0367979 0.0297644 0.00703343
432 Reddit_A.txt 0.0343482 0.0297545 0.00459374
433 Reddit_A.txt 0.035269 0.0297426 0.0055264
434 Reddit_A.txt 0.033533 0.0297304 0.00380259
435 Reddit_A.txt 0.0336068 0.0297042 0.00390258
436 Reddit_A.txt 0.0340327 0.02968 0.00435273
437 Reddit_A.txt 0.0350693 0.0296571 0.0054122
438 Reddit_A.txt 0.0361665 0.0296292 0.00653729
439 Reddit_A.txt 0.0373205 0.0296051 0.0077154
440 Reddit_A.txt 0.0336323 0.0295707 0.00406157
441 Reddit_A.txt 0.0333807 0.0295422 0.00383843
442 Reddit_A.txt 0.0355966 0.0295267 0.0060699
443 Reddit_A.txt 0.033775 0.029493 0.00428197
444 Reddit_A.txt 0.0349725 0.0294764 0.00549605
445 Reddit_A.txt 0.0365215 0.0294464 0.00707509
446 Reddit_A.txt 0.0350745 0.0294234 0.00565113
447 Reddit_A.txt 0.0379365 0.029398 0.00853857
448 Reddit_A.txt 0.0357865 0.0293891 0.00639743
449 Reddit_A.txt 0.0363218 0.0293731 0.00694865
450 Reddit_A.txt 0.0335175 0.0293602 0.0041573
451 Reddit_A.txt 0.0330909 0.0293467 0.00374419
452 Reddit_A.txt 0.0343065 0.0293355 0.00497097
453 Reddit_A.txt 0.033782 0.029324 0.00445806
454 Reddit_A.txt 0.0330618 0.0293181 0.00374368
455 Reddit_A.txt 0.0366396 0.0293046 0.00733505
456 Reddit_A.txt 0.0387758 0.0293011 0.0094747
457 Reddit_A.txt 0.035302 0.0292808 0.00602127
458 Reddit_A.txt 0.0320985 0.0292706 0.00282787
459 Reddit_A.txt 0.035087 0.0292547 0.00583227
460 Reddit_A.txt 0.0338413 0.02925 0.00459138
461 Reddit_A.txt 0.0348804 0.0292342 0.00564611
462 Reddit_A.txt 0.0367113 0.0292319 0.00747932
463 Reddit_A.txt 0.0328717 0.0292163 0.00365543
464 Reddit_A.txt 0.0351345 0.0292007 0.00593389
465 Reddit_A.txt 0.0362387 0.0291895 0.00704921
466 Reddit_A.txt 0.0334168 0.0291741 0.00424269
467 Reddit_A.txt 0.0340793 0.0291641 0.00491524
468 Reddit_A.txt 0.035224 0.0291547 0.00606928
469 Reddit_A.txt 0.0377406 0.0291368 0.00860376
470 Reddit_A.txt 0.0343725 0.0291265 0.00524604
471 Reddit_A.txt 0.0340497 0.0291103 0.00493935
472 Reddit_A.txt 0.0333763 0.0290979 0.00427843
473 Reddit_A.txt 0.0351077 0.0290787 0.00602906
474 Reddit_A.txt 0.0368365 0.0290706 0.00776597
475 Reddit_A.txt 0.0329923 0.029054 0.00393833
476 Reddit_A.txt 0.0375163 0.0290468 0.00846947
477 Reddit_A.txt 0.0355612 0.0290315 0.00652971
478 Reddit_A.txt 0.0347236 0.029013 0.00571058
479 Reddit_A.txt 0.0362933 0.0304833 0.00581
480 Reddit_A.txt 0.0360645 0.0304838 0.00558072
481 Reddit_A.txt 0.0340471 0.0304706 0.00357656
482 Reddit_A.txt 0.0357058 0.0304593 0.00524644
483 Reddit_A.txt 0.0368825 0.0304422 0.00644033
484 Reddit_A.txt 0.0347463 0.0304297 0.00431656
485 Reddit_A.txt 0.0346445 0.0304185 0.00422597
486 Reddit_A.txt 0.0358698 0.0304111 0.00545866
487 Reddit_A.txt 0.0371495 0.0303911 0.00675838
488 Reddit_A.txt 0.0378286 0.0303898 0.00743882
489 Reddit_A.txt 0.0375959 0.0303727 0.00722319
490 Reddit_A.txt 0.0386994 0.030368 0.00833147
491 Reddit_A.txt 0.0347613 0.0303515 0.00440982
492 Reddit_A.txt 0.0392493 0.0303386 0.00891069
493 Reddit_A.txt 0.0380298 0.0303251 0.00770469
494 Reddit_A.txt 0.0400698 0.0303199 0.00974991
495 Reddit_A.txt 0.0376563 0.0303042 0.00735212
496 Reddit_A.txt 0.0348124 0.0302955 0.00451693
497 Reddit_A.txt 0.0374772 0.0302815 0.00719572
498 Reddit_A.txt 0.038363 0.030269 0.00809401
499 Reddit_A.txt 0.0347105 0.030257 0.00445349
500 Reddit_A.txt 0.0356461 0.0302517 0.00539435
501 Reddit_A.txt 0.0346836 0.0302377 0.00444585
502 Reddit_A.txt 0.035693 0.0302342 0.00545881
503 Reddit_A.txt 0.0349114 0.030221 0.00469041
504 Reddit_A.txt 0.0339944 0.0302077 0.00378672
505 Reddit_A.txt 0.0364179 0.0301996 0.00621826
506 Reddit_A.txt 0.0376614 0.0301795 0.00748191
507 Reddit_A.txt 0.0368573 0.030169 0.00668833
508 Reddit_A.txt 0.0364015 0.0301605 0.00624095
509 Reddit_A.txt 0.0376234 0.0301457 0.00747769
510 Reddit_A.txt 0.0349769 0.0301405 0.00483641
511 Reddit_A.txt 0.0379569 0.0301188 0.0078381
512 Reddit_A.txt 0.0366824 0.0301108 0.00657159
513 Reddit_A.txt 0.0408101 0.0301039 0.0107062
514 Reddit_A.txt 0.0419525 0.0300937 0.0118588
515 Reddit_A.txt 0.0350406 0.0300821 0.00495856
516 Reddit_A.txt 0.036564 0.0300629 0.00650112
517 Reddit_A.txt 0.0376555 0.0300535 0.00760196
518 Reddit_A.txt 0.0364803 0.030044 0.00643624
519 Reddit_A.txt 0.0417387 0.0300317 0.011707
520 Reddit_A.txt 0.0359752 0.0300151 0.00596012
521 Reddit_A.txt 0.0351095 0.0300027 0.00510673
522 Reddit_A.txt 0.0352946 0.0299937 0.00530087
523 Reddit_A.txt 0.0388305 0.0299816 0.00884886
524 Reddit_A.txt 0.0377869 0.0299674 0.00781953
525 Reddit_A.txt 0.0371378 0.0299575 0.00718028
526 Reddit_A.txt 0.034578 0.0299461 0.00463192
527 Reddit_A.txt 0.0436486 0.0299452 0.0137034
528 Reddit_A.txt 0.0363413 0.0299418 0.00639947
529 Reddit_A.txt 0.039118 0.0299295 0.00918849
530 Reddit_A.txt 0.0395019 0.0299162 0.00958567
531 Reddit_A.txt 0.0384144 0.0298993 0.00851515
532 Reddit_A.txt 0.0383232 0.0296713 0.0086519
533 Reddit_A.txt 0.0345648 0.0296579 0.00490689
534 Reddit_A.txt 0.0348931 0.0296492 0.00524396
535 Reddit_A.txt 0.0374394 0.0296426 0.00779683
536 Reddit_A.txt 0.0348579 0.0296227 0.00523521
537 Reddit_A.txt 0.0362209 0.0296109 0.00661006
538 Reddit_A.txt 0.0390085 0.0296004 0.00940818
539 Reddit_A.txt 0.0353315 0.0295919 0.00573958
540 Reddit_A.txt 0.0359358 0.0295745 0.0063613
541 Reddit_A.txt 0.035274 0.0295647 0.00570934
542 Reddit_A.txt 0.035204 0.0295615 0.00564246
543 Reddit_A.txt 0.0364982 0.0295489 0.00694937
544 Reddit_A.txt 0.0393371 0.0295308 0.00980629
545 Reddit_A.txt 0.0345074 0.0295255 0.00498192
546 Reddit_A.txt 0.0365244 0.0295137 0.0070107
547 Reddit_A.txt 0.0356644 0.0295037 0.00616066
548 Reddit_A.txt 0.0366577 0.0294888 0.00716888
549 Reddit_A.txt 0.0337879 0.0294731 0.00431478
550 Reddit_A.txt 0.036767 0.0294645 0.00730258
551 Reddit_A.txt 0.0343509 0.0294525 0.00489836
552 Reddit_A.txt 0.0343679 0.0295084 0.00485942
553 Reddit_A.txt 0.0361667 0.0295397 0.00662699
554 Reddit_A.txt 0.0383506 0.0295437 0.00880688
555 Reddit_A.txt 0.035978 0.02955 0.00642791
556 Reddit_A.txt 0.0356364 0.0295308 0.00610563
557 Reddit_A.txt 0.0425237 0.0295351 0.0129886
558 Reddit_A.txt 0.0339877 0.0295146 0.00447309
559 Reddit_A.txt 0.0341807 0.0295146 0.00466611
560 Reddit_A.txt 0.041265 0.0295102 0.0117548
561 Reddit_A.txt 0.0428483 0.0295164 0.0133319
562 Reddit_A.txt 0.0369233 0.0294788 0.00744453
563 Reddit_A.txt 0.0388116 0.0294808 0.00933082
564 Reddit_A.txt 0.0367528 0.0294515 0.00730139
565 Reddit_A.txt 0.0369056 0.029428 0.00747757
566 Reddit_A.txt 0.0358786 0.0294322 0.0064464
567 Reddit_A.txt 0.0335894 0.029409 0.00418042
568 Reddit_A.txt 0.0341994 0.0294034 0.00479595
569 Reddit_A.txt 0.0364038 0.029393 0.00701073
570 Reddit_A.txt 0.0334726 0.0293883 0.00408437
571 Reddit_A.txt 0.0359622 0.0293718 0.00659035
572 Reddit_A.txt 0.0375921 0.0293693 0.00822279
573 Reddit_A.txt 0.0365348 0.0293501 0.00718474
574 Reddit_A.txt 0.0353784 0.0293481 0.0060303
575 Reddit_A.txt 0.0395605 0.0309869 0.00857363
576 Reddit_A.txt 0.0374502 0.0309808 0.00646944
577 Reddit_A.txt 0.0376234 0.0309692 0.00665426
578 Reddit_A.txt 0.0365081 0.0309657 0.0055424
579 Reddit_A.txt 0.040156 0.0309403 0.00921574
580 Reddit_A.txt 0.0361147 0.0309257 0.00518903
581 Reddit_A.txt 0.0377294 0.0309191 0.00681032
582 Reddit_A.txt 0.0365084 0.0308999 0.0056085
583 Reddit_A.txt 0.0341064 0.0308964 0.00320999
584 Reddit_A.txt 0.0384241 0.0308825 0.00754161
585 Reddit_A.txt 0.037008 0.0308733 0.0061347
586 Reddit_A.txt 0.0369076 0.0308583 0.00604928
587 Reddit_A.txt 0.0391397 0.030846 0.00829367
588 Reddit_A.txt 0.0376145 0.0308389 0.00677561
589 Reddit_A.txt 0.0359326 0.0308294 0.00510316
590 Reddit_A.txt 0.0371463 0.030815 0.00633126
591 Reddit_A.txt 0.0391621 0.0308003 0.00836182
592 Reddit_A.txt 0.0418227 0.0307827 0.01104
593 Reddit_A.txt 0.0392429 0.0307762 0.00846672
594 Reddit_A.txt 0.0364507 0.030767 0.00568364
595 Reddit_A.txt 0.0402947 0.0307489 0.0095458
596 Reddit_A.txt 0.0384002 0.0307357 0.00766456
597 Reddit_A.txt 0.037257 0.0307346 0.00652234
598 Reddit_A.txt 0.0367622 0.0307208 0.00604142
599 Reddit_A.txt 0.0375991 0.0307069 0.00689212
600 Reddit_A.txt 0.0355812 0.0306996 0.00488164
601 Reddit_A.txt 0.0371443 0.0306839 0.00646042
602 Reddit_A.txt 0.0366301 0.0306775 0.00595262
603 Reddit_A.txt 0.0363895 0.0306654 0.00572409
604 Reddit_A.txt 0.0351645 0.0306533 0.00451118
605 Reddit_A.txt 0.0374115 0.0306371 0.00677438
606 Reddit_A.txt 0.0396984 0.0306299 0.00906846
607 Reddit_A.txt 0.0399156 0.0306163 0.0092993
608 Reddit_A.txt 0.0385452 0.030605 0.0079402
609 Reddit_A.txt 0.0359986 0.0305942 0.00540442
610 Reddit_A.txt 0.0371692 0.030578 0.00659122
611 Reddit_A.txt 0.0391806 0.0305762 0.00860439
612 Reddit_A.txt 0.0407579 0.0305595 0.0101984
613 Reddit_A.txt 0.037411 0.0305538 0.00685717
614 Reddit_A.txt 0.0373993 0.030536 0.00686323
615 Reddit_A.txt 0.0381909 0.0305308 0.00766011
616 Reddit_A.txt 0.0360122 0.0305194 0.00549284
617 Reddit_A.txt 0.0377697 0.0305072 0.00726248
618 Reddit_A.txt 0.0371045 0.0304942 0.00661032
619 Reddit_A.txt 0.0385304 0.0304808 0.00804959
620 Reddit_A.txt 0.036465 0.0304763 0.00598869
621 Reddit_A.txt 0.0423283 0.030457 0.0118713
622 Reddit_A.txt 0.0376947 0.0304581 0.00723656
623 Reddit_A.txt 0.0364829 0.0309138 0.00556917
624 Reddit_A.txt 0.0378806 0.0309101 0.00697054
625 Reddit_A.txt 0.0353219 0.0309022 0.00441974
626 Reddit_A.txt 0.0397554 0.0308894 0.00886605
627 Reddit_A.txt 0.0403612 0.0308771 0.00948413
628 Reddit_A.txt 0.0407237 0.0308631 0.00986066
629 Reddit_A.txt 0.0382641 0.0308555 0.00740865
630 Reddit_A.txt 0.037638 0.0308449 0.00679309
631 Reddit_A.txt 0.0363202 0.0308367 0.00548352
632 Reddit_A.txt 0.037133 0.0308234 0.0063096
633 Reddit_A.txt 0.0378706 0.0308062 0.00706435
634 Reddit_A.txt 0.0346822 0.0308065 0.00387568
635 Reddit_A.txt 0.038099 0.0307869 0.0073121
636 Reddit_A.txt 0.0381007 0.0307823 0.00731842
637 Reddit_A.txt 0.0404108 0.0307712 0.00963962
638 Reddit_A.txt 0.0366844 0.0307574 0.005927
639 Reddit_A.txt 0.0396067 0.0307507 0.00885598
640 Reddit_A.txt 0.0378458 0.0307391 0.00710674
641 Reddit_A.txt 0.0353447 0.0306944 0.00465027
642 Reddit_A.txt 0.0358641 0.0306866 0.00517758
643 Reddit_A.txt 0.039467 0.030685 0.008782
644 Reddit_A.txt 0.0370883 0.030671 0.00641724
645 Reddit_A.txt 0.0353979 0.0306572 0.00474073
646 Reddit_A.txt 0.0374671 0.0306542 0.00681289
647 Reddit_A.txt 0.0391996 0.0306389 0.00856069
648 Reddit_A.txt 0.041794 0.0311291 0.0106649
649 Reddit_A.txt 0.0431567 0.0311383 0.0120184
650 Reddit_A.txt 0.0371018 0.0311167 0.00598505
651 Reddit_A.txt 0.0361725 0.0311207 0.00505181
652 Reddit_A.txt 0.0362325 0.0311227 0.00510977
653 Reddit_A.txt 0.0405934 0.031132 0.0094614
654 Reddit_A.txt 0.0387962 0.0311159 0.00768033
655 Reddit_A.txt 0.0409486 0.0310812 0.00986743
656 Reddit_A.txt 0.0401276 0.0310479 0.00907964
657 Reddit_A.txt 0.038878 0.0310461 0.00783191
658 Reddit_A.txt 0.0418939 0.0310322 0.0108618
659 Reddit_A.txt 0.0425116 0.0310244 0.0114871
660 Reddit_A.txt 0.0333482 0.0310223 0.00232594
661 Reddit_A.txt 0.0398938 0.0310167 0.00887709
662 Reddit_A.txt 0.0356605 0.0310149 0.00464559
663 Reddit_A.txt 0.0377394 0.0309932 0.00674618
664 Reddit_A.txt 0.0396357 0.0309917 0.00864402
665 Reddit_A.txt 0.0383715 0.0309682 0.00740332
666 Reddit_A.txt 0.0455126 0.0309523 0.0145603
667 Reddit_A.txt 0.0410607 0.030945 0.0101156
668 Reddit_A.txt 0.0390581 0.0309372 0.00812094
669 Reddit_A.txt 0.0392532 0.0309362 0.00831697
670 Reddit_A.txt 0.0378093 0.0309339 0.00687541
671 Reddit_A.txt 0.0446468 0.0352719 0.00937496
672 Reddit_A.txt 0.0458871 0.0352744 0.0106127
673 Reddit_A.txt 0.0437238 0.0352687 0.00845516
674 Reddit_A.txt 0.0416304 0.0352542 0.0063762
675 Reddit_A.txt 0.0456222 0.0352359 0.0103862
676 Reddit_A.txt 0.043776 0.0352304 0.00854562
677 Reddit_A.txt 0.0431718 0.035212 0.00795979
678 Reddit_A.txt 0.0407183 0.0352007 0.00551754
679 Reddit_A.txt 0.0479712 0.0351869 0.0127843
680 Reddit_A.txt 0.0417149 0.0351826 0.00653225
681 Reddit_A.txt 0.0415579 0.0351679 0.00638998
682 Reddit_A.txt 0.0410231 0.035163 0.00586007
683 Reddit_A.txt 0.0471369 0.0351516 0.0119853
684 Reddit_A.txt 0.0445859 0.0351321 0.00945377
685 Reddit_A.txt 0.0441668 0.0351164 0.00905036
686 Reddit_A.txt 0.0407363 0.0351061 0.00563019
687 Reddit_A.txt 0.0489498 0.0350941 0.0138557
688 Reddit_A.txt 0.0445292 0.0350835 0.00944573
689 Reddit_A.txt 0.0434636 0.0350732 0.00839032
690 Reddit_A.txt 0.0412719 0.0350711 0.00620081
691 Reddit_A.txt 0.0428983 0.0350551 0.00784323
692 Reddit_A.txt 0.0420205 0.0350512 0.00696933
693 Reddit_A.txt 0.0462594 0.0350351 0.0112242
694 Reddit_A.txt 0.0444876 0.0350329 0.00945472
695 Reddit_A.txt 0.0464864 0.035021 0.0114654
696 Reddit_A.txt 0.0451606 0.0350113 0.0101493
697 Reddit_A.txt 0.0427476 0.035004 0.0077436
698 Reddit_A.txt 0.0415095 0.0349951 0.00651438
699 Reddit_A.txt 0.0418437 0.0349971 0.00684657
700 Reddit_A.txt 0.0425505 0.0349778 0.00757266
701 Reddit_A.txt 0.042717 0.0349681 0.00774888
702 Reddit_A.txt 0.0422148 0.0349612 0.00725362
703 Reddit_A.txt 0.0444218 0.0349449 0.00947691
704 Reddit_A.txt 0.0392954 0.0349343 0.0043611
705 Reddit_A.txt 0.0450972 0.0349271 0.0101701
706 Reddit_A.txt 0.0462968 0.0349187 0.0113781
707 Reddit_A.txt 0.0446461 0.0349078 0.00973832
708 Reddit_A.txt 0.0456236 0.0348966 0.010727
709 Reddit_A.txt 0.0461414 0.0348802 0.0112612
710 Reddit_A.txt 0.0450357 0.0348754 0.0101603
711 Reddit_A.txt 0.0498536 0.0348655 0.0149882
712 Reddit_A.txt 0.0428525 0.0348507 0.0080018
713 Reddit_A.txt 0.0418928 0.0348426 0.00705018
714 Reddit_A.txt 0.0411743 0.0348303 0.00634402
715 Reddit_A.txt 0.0396495 0.0348279 0.00482166
716 Reddit_A.txt 0.0421576 0.0348171 0.00734059
717 Reddit_A.txt 0.0422053 0.0347995 0.00740576
718 Reddit_A.txt 0.0438768 0.0347858 0.00909105
719 Reddit_A.txt 0.0474576 0.0347812 0.0126764
720 Reddit_A.txt 0.0439485 0.0347746 0.00917389
721 Reddit_A.txt 0.0475792 0.0347729 0.0128063
722 Reddit_A.txt 0.0443818 0.034581 0.00980077
723 Reddit_A.txt 0.0422408 0.0345677 0.00767311
724 Reddit_A.txt 0.0446023 0.0345648 0.0100375
725 Reddit_A.txt 0.0426529 0.034551 0.00810191
726 Reddit_A.txt 0.0466987 0.0345479 0.0121508
727 Reddit_A.txt 0.0446913 0.0345397 0.0101516
728 Reddit_A.txt 0.0428024 0.0345276 0.00827483
729 Reddit_A.txt 0.0460083 0.0345134 0.0114949
730 Reddit_A.txt 0.0432738 0.0344938 0.00878001
731 Reddit_A.txt 0.0465511 0.0344879 0.0120632
732 Reddit_A.txt 0.0441265 0.0344677 0.00965882
733 Reddit_A.txt 0.0427386 0.0344528 0.00828576
734 Reddit_A.txt 0.0443388 0.0344451 0.00989365
735 Reddit_A.txt 0.0470207 0.0344366 0.0125841
736 Reddit_A.txt 0.0429551 0.0344215 0.00853356
737 Reddit_A.txt 0.0418499 0.034415 0.00743489
738 Reddit_A.txt 0.0467542 0.0344103 0.0123439
739 Reddit_A.txt 0.0459789 0.0343924 0.0115865
740 Reddit_A.txt 0.0437274 0.0343831 0.00934433
741 Reddit_A.txt 0.0443382 0.0343785 0.00995971
742 Reddit_A.txt 0.0451275 0.034365 0.0107625
743 Reddit_A.txt 0.0425427 0.0343585 0.00818417
744 Reddit_A.txt 0.0423012 0.0343499 0.00795123
745 Reddit_A.txt 0.0428246 0.0343327 0.00849185
746 Reddit_A.txt 0.043707 0.034326 0.00938101
747 Reddit_A.txt 0.0455924 0.0343164 0.011276
748 Reddit_A.txt 0.041963 0.0343092 0.00765378
749 Reddit_A.txt 0.0411181 0.0343054 0.00681273
750 Reddit_A.txt 0.0453323 0.0343012 0.0110311
751 Reddit_A.txt 0.0467076 0.0342775 0.0124301
752 Reddit_A.txt 0.04441 0.0342798 0.0101302
753 Reddit_A.txt 0.0481538 0.0342885 0.0138654
754 Reddit_A.txt 0.0927154 0.0342771 0.0584383
755 Reddit_A.txt 0.0968907 0.034276 0.0626147
756 Reddit_A.txt 0.0811604 0.0342667 0.0468936
757 Reddit_A.txt 0.0735508 0.0342661 0.0392847
758 Reddit_A.txt 0.0675004 0.0342414 0.033259
759 Reddit_A.txt 0.0617061 0.0342191 0.027487
760 Reddit_A.txt 0.0588954 0.0342194 0.024676
761 Reddit_A.txt 0.0545535 0.0341925 0.020361
762 Reddit_A.txt 0.0501472 0.0324529 0.0176942
763 Reddit_A.txt 0.0468169 0.0324592 0.0143577
764 Reddit_A.txt 0.0436616 0.0324603 0.0112013
765 Reddit_A.txt 0.0402785 0.0324775 0.00780104
766 Reddit_A.txt 0.0373122 0.0324861 0.00482611
767 Reddit_A.txt 0.0331167 0.0302569 0.00285979
TACC:  Shutdown complete. Exiting. 
