TACC:  Starting up job 10024616 
TACC:  Starting parallel tasks... 
0 Reddit_feat_L1.txt 0.00177073 0.00174673 2.3994e-05
1 Reddit_feat_L1.txt 0.00137823 0.0013463 3.1931e-05
2 Reddit_feat_L1.txt 0.00203056 0.00199989 3.0671e-05
3 Reddit_feat_L1.txt 0.00132729 0.0013002 2.7092e-05
4 Reddit_feat_L1.txt 0.00207365 0.0020417 3.1955e-05
5 Reddit_feat_L1.txt 0.00138843 0.00135535 3.3084e-05
6 Reddit_feat_L1.txt 0.00216313 0.00212824 3.4898e-05
7 Reddit_feat_L1.txt 0.0012966 0.00126375 3.2853e-05
8 Reddit_feat_L1.txt 0.00183333 0.00179964 3.3687e-05
9 Reddit_feat_L1.txt 0.00133882 0.00131023 2.8588e-05
10 Reddit_feat_L1.txt 0.0022095 0.00217921 3.0285e-05
11 Reddit_feat_L1.txt 0.00137649 0.00134714 2.9344e-05
12 Reddit_feat_L1.txt 0.00220927 0.00217681 3.2462e-05
13 Reddit_feat_L1.txt 0.00133171 0.00130176 2.9949e-05
14 Reddit_feat_L1.txt 0.00207237 0.00204353 2.884e-05
15 Reddit_feat_L1.txt 0.00124934 0.00122143 2.7905e-05
16 Reddit_feat_L1.txt 0.00206539 0.00203485 3.0541e-05
17 Reddit_feat_L1.txt 0.00139893 0.00136614 3.2785e-05
18 Reddit_feat_L1.txt 0.00197925 0.00194775 3.15e-05
19 Reddit_feat_L1.txt 0.00139494 0.00136736 2.7579e-05
20 Reddit_feat_L1.txt 0.00194734 0.00191518 3.2159e-05
21 Reddit_feat_L1.txt 0.00144918 0.00141009 3.9093e-05
22 Reddit_feat_L1.txt 0.00202802 0.00199577 3.2255e-05
23 Reddit_feat_L1.txt 0.00133986 0.00130425 3.561e-05
24 Reddit_feat_L1.txt 0.00202869 0.0020009 2.7793e-05
25 Reddit_feat_L1.txt 0.00134726 0.00132351 2.3742e-05
26 Reddit_feat_L1.txt 0.00208436 0.00205666 2.7693e-05
27 Reddit_feat_L1.txt 0.00133379 0.00130709 2.6699e-05
28 Reddit_feat_L1.txt 0.00206907 0.00203917 2.9899e-05
29 Reddit_feat_L1.txt 0.00134771 0.00131525 3.2461e-05
30 Reddit_feat_L1.txt 0.00212948 0.00210308 2.6405e-05
31 Reddit_feat_L1.txt 0.00129485 0.00126876 2.6099e-05
32 Reddit_feat_L1.txt 0.00207858 0.0020518 2.6782e-05
33 Reddit_feat_L1.txt 0.00141179 0.00138275 2.9048e-05
34 Reddit_feat_L1.txt 0.00213508 0.00210456 3.0521e-05
35 Reddit_feat_L1.txt 0.0014522 0.00142354 2.8661e-05
36 Reddit_feat_L1.txt 0.00200002 0.00197347 2.6551e-05
37 Reddit_feat_L1.txt 0.00143117 0.00140487 2.6299e-05
38 Reddit_feat_L1.txt 0.0020503 0.00202368 2.6613e-05
39 Reddit_feat_L1.txt 0.0014097 0.0013832 2.6495e-05
40 Reddit_feat_L1.txt 0.00212536 0.00209684 2.8521e-05
41 Reddit_feat_L1.txt 0.00147058 0.00143987 3.0707e-05
42 Reddit_feat_L1.txt 0.00220941 0.00218299 2.6419e-05
43 Reddit_feat_L1.txt 0.00131654 0.00129353 2.3009e-05
44 Reddit_feat_L1.txt 0.00196944 0.00194194 2.75e-05
45 Reddit_feat_L1.txt 0.00132599 0.00129718 2.8804e-05
46 Reddit_feat_L1.txt 0.0021022 0.0020697 3.2492e-05
47 Reddit_feat_L1.txt 0.00127184 0.00124305 2.8792e-05
48 Reddit_feat_L1.txt 0.00200256 0.00197328 2.9282e-05
49 Reddit_feat_L1.txt 0.00140982 0.00137755 3.2266e-05
50 Reddit_feat_L1.txt 0.00227902 0.00224589 3.3126e-05
51 Reddit_feat_L1.txt 0.00136084 0.00132925 3.1591e-05
52 Reddit_feat_L1.txt 0.00217682 0.00214438 3.2439e-05
53 Reddit_feat_L1.txt 0.00128363 0.00125964 2.3998e-05
54 Reddit_feat_L1.txt 0.0022393 0.00220667 3.2629e-05
55 Reddit_feat_L1.txt 0.00132278 0.00129691 2.5868e-05
56 Reddit_feat_L1.txt 0.00215482 0.00212629 2.8532e-05
57 Reddit_feat_L1.txt 0.00127683 0.00125039 2.6443e-05
58 Reddit_feat_L1.txt 0.00219542 0.00216896 2.6457e-05
59 Reddit_feat_L1.txt 0.00137442 0.00134192 3.2502e-05
60 Reddit_feat_L1.txt 0.00222134 0.002191 3.0343e-05
61 Reddit_feat_L1.txt 0.00127864 0.00124468 3.3958e-05
62 Reddit_feat_L1.txt 0.0023131 0.00228337 2.9739e-05
63 Reddit_feat_L1.txt 0.00132255 0.00128552 3.7022e-05
64 Reddit_feat_L1.txt 0.00184238 0.00180772 3.4662e-05
65 Reddit_feat_L1.txt 0.00159123 0.00155743 3.38e-05
66 Reddit_feat_L1.txt 0.00205644 0.00203136 2.5076e-05
67 Reddit_feat_L1.txt 0.00142629 0.00139877 2.7525e-05
68 Reddit_feat_L1.txt 0.00206202 0.00203382 2.8201e-05
69 Reddit_feat_L1.txt 0.00144858 0.00142049 2.8093e-05
70 Reddit_feat_L1.txt 0.00213707 0.00210666 3.0415e-05
71 Reddit_feat_L1.txt 0.00145421 0.00142847 2.5738e-05
72 Reddit_feat_L1.txt 0.00179821 0.00176966 2.8553e-05
73 Reddit_feat_L1.txt 0.00147896 0.00145068 2.8284e-05
74 Reddit_feat_L1.txt 0.00215563 0.00211956 3.607e-05
75 Reddit_feat_L1.txt 0.0013679 0.00134132 2.6583e-05
76 Reddit_feat_L1.txt 0.00221122 0.00218114 3.0079e-05
77 Reddit_feat_L1.txt 0.00136796 0.0013373 3.0654e-05
78 Reddit_feat_L1.txt 0.00207791 0.00204769 3.0227e-05
79 Reddit_feat_L1.txt 0.00131803 0.00128873 2.9303e-05
80 Reddit_feat_L1.txt 0.0021661 0.00213441 3.1697e-05
81 Reddit_feat_L1.txt 0.0015034 0.00147048 3.2919e-05
82 Reddit_feat_L1.txt 0.00213701 0.0021043 3.2715e-05
83 Reddit_feat_L1.txt 0.00152291 0.00149656 2.6357e-05
84 Reddit_feat_L1.txt 0.00209618 0.00206963 2.6552e-05
85 Reddit_feat_L1.txt 0.00135379 0.00132408 2.9712e-05
86 Reddit_feat_L1.txt 0.00202351 0.00199698 2.6528e-05
87 Reddit_feat_L1.txt 0.00144808 0.00141131 3.6775e-05
88 Reddit_feat_L1.txt 0.00201585 0.00198906 2.6791e-05
89 Reddit_feat_L1.txt 0.0014754 0.00144957 2.5833e-05
90 Reddit_feat_L1.txt 0.00213161 0.00209911 3.2494e-05
91 Reddit_feat_L1.txt 0.00140533 0.00137302 3.2308e-05
92 Reddit_feat_L1.txt 0.00200087 0.00197132 2.9548e-05
93 Reddit_feat_L1.txt 0.00144855 0.0014056 4.295e-05
94 Reddit_feat_L1.txt 0.00216403 0.00213602 2.8011e-05
95 Reddit_feat_L1.txt 0.00135534 0.00132538 2.9953e-05
96 Reddit_feat_L1.txt 0.00203785 0.0020025 3.5358e-05
97 Reddit_feat_L1.txt 0.00139946 0.00136465 3.4805e-05
98 Reddit_feat_L1.txt 0.00217609 0.00214985 2.6235e-05
99 Reddit_feat_L1.txt 0.00137974 0.00135527 2.447e-05
100 Reddit_feat_L1.txt 0.00199665 0.00196883 2.7818e-05
101 Reddit_feat_L1.txt 0.00137653 0.00134572 3.0805e-05
102 Reddit_feat_L1.txt 0.00208354 0.00205362 2.9921e-05
103 Reddit_feat_L1.txt 0.00145595 0.00142799 2.7954e-05
104 Reddit_feat_L1.txt 0.00206317 0.00203608 2.7095e-05
105 Reddit_feat_L1.txt 0.00136154 0.00133602 2.5519e-05
106 Reddit_feat_L1.txt 0.00215863 0.00213177 2.6864e-05
107 Reddit_feat_L1.txt 0.00142732 0.00139988 2.7442e-05
108 Reddit_feat_L1.txt 0.00208439 0.00205652 2.7865e-05
109 Reddit_feat_L1.txt 0.0013362 0.00129892 3.7281e-05
110 Reddit_feat_L1.txt 0.00209538 0.00205665 3.8732e-05
111 Reddit_feat_L1.txt 0.00134412 0.00131288 3.1238e-05
112 Reddit_feat_L1.txt 0.00211392 0.00208249 3.1432e-05
113 Reddit_feat_L1.txt 0.00137182 0.00133834 3.3473e-05
114 Reddit_feat_L1.txt 0.00230443 0.00227413 3.03e-05
115 Reddit_feat_L1.txt 0.00136599 0.00132863 3.7356e-05
116 Reddit_feat_L1.txt 0.0021968 0.00216392 3.2888e-05
117 Reddit_feat_L1.txt 0.00137698 0.00134853 2.8456e-05
118 Reddit_feat_L1.txt 0.00229066 0.00225912 3.1539e-05
119 Reddit_feat_L1.txt 0.0013072 0.00127513 3.2072e-05
120 Reddit_feat_L1.txt 0.00221062 0.00217675 3.3863e-05
121 Reddit_feat_L1.txt 0.00131168 0.00128206 2.9629e-05
122 Reddit_feat_L1.txt 0.00219774 0.00216739 3.0345e-05
123 Reddit_feat_L1.txt 0.00130703 0.00127629 3.0738e-05
124 Reddit_feat_L1.txt 0.00219701 0.0021717 2.5307e-05
125 Reddit_feat_L1.txt 0.00133125 0.00130267 2.8583e-05
126 Reddit_feat_L1.txt 0.0022316 0.00220425 2.7351e-05
127 Reddit_feat_L1.txt 0.0012724 0.00124159 3.0806e-05
128 Reddit_feat_L1.txt 0.00177979 0.00174807 3.1718e-05
129 Reddit_feat_L1.txt 0.00143623 0.00139932 3.6909e-05
130 Reddit_feat_L1.txt 0.00201007 0.00196733 4.2735e-05
131 Reddit_feat_L1.txt 0.00142507 0.00138816 3.6914e-05
132 Reddit_feat_L1.txt 0.00208206 0.00204787 3.4197e-05
133 Reddit_feat_L1.txt 0.00137213 0.00133924 3.2889e-05
134 Reddit_feat_L1.txt 0.0022039 0.00216533 3.8576e-05
135 Reddit_feat_L1.txt 0.00133751 0.00130368 3.3834e-05
136 Reddit_feat_L1.txt 0.00182172 0.0017918 2.9919e-05
137 Reddit_feat_L1.txt 0.00137806 0.00134959 2.8478e-05
138 Reddit_feat_L1.txt 0.00215984 0.00212835 3.1486e-05
139 Reddit_feat_L1.txt 0.00134848 0.00131671 3.1778e-05
140 Reddit_feat_L1.txt 0.00221299 0.00218636 2.6633e-05
141 Reddit_feat_L1.txt 0.00134474 0.00131417 3.0568e-05
142 Reddit_feat_L1.txt 0.00209883 0.00207214 2.6689e-05
143 Reddit_feat_L1.txt 0.00135595 0.00132234 3.3612e-05
144 Reddit_feat_L1.txt 0.002263 0.00222639 3.6618e-05
145 Reddit_feat_L1.txt 0.00146706 0.00143013 3.6935e-05
146 Reddit_feat_L1.txt 0.00199635 0.001961 3.5344e-05
147 Reddit_feat_L1.txt 0.00144173 0.00140942 3.2316e-05
148 Reddit_feat_L1.txt 0.00199522 0.00196706 2.8158e-05
149 Reddit_feat_L1.txt 0.00141335 0.00138481 2.8541e-05
150 Reddit_feat_L1.txt 0.00216431 0.00213678 2.7528e-05
151 Reddit_feat_L1.txt 0.00138154 0.0013525 2.9043e-05
152 Reddit_feat_L1.txt 0.00201246 0.00197832 3.4139e-05
153 Reddit_feat_L1.txt 0.00150062 0.00147229 2.8331e-05
154 Reddit_feat_L1.txt 0.00204123 0.00201034 3.0886e-05
155 Reddit_feat_L1.txt 0.00138612 0.00135444 3.1676e-05
156 Reddit_feat_L1.txt 0.00203254 0.00200182 3.0715e-05
157 Reddit_feat_L1.txt 0.00152146 0.00149206 2.9399e-05
158 Reddit_feat_L1.txt 0.00221831 0.00218663 3.1681e-05
159 Reddit_feat_L1.txt 0.00134272 0.00131425 2.8468e-05
160 Reddit_feat_L1.txt 0.00203652 0.00200536 3.1164e-05
161 Reddit_feat_L1.txt 0.00142874 0.00139711 3.1622e-05
162 Reddit_feat_L1.txt 0.00207042 0.00204379 2.6629e-05
163 Reddit_feat_L1.txt 0.00146473 0.00143906 2.5666e-05
164 Reddit_feat_L1.txt 0.00240676 0.00237682 2.9949e-05
165 Reddit_feat_L1.txt 0.00144985 0.00142012 2.9722e-05
166 Reddit_feat_L1.txt 0.0020242 0.00199822 2.5986e-05
167 Reddit_feat_L1.txt 0.00142061 0.00139071 2.9901e-05
168 Reddit_feat_L1.txt 0.00207425 0.00204271 3.1537e-05
169 Reddit_feat_L1.txt 0.00148779 0.00146198 2.5815e-05
170 Reddit_feat_L1.txt 0.00211286 0.00207973 3.3128e-05
171 Reddit_feat_L1.txt 0.00139201 0.00136011 3.1906e-05
172 Reddit_feat_L1.txt 0.00207599 0.00204492 3.107e-05
173 Reddit_feat_L1.txt 0.00137599 0.00134441 3.1582e-05
174 Reddit_feat_L1.txt 0.0021412 0.0021126 2.8596e-05
175 Reddit_feat_L1.txt 0.00142744 0.00139679 3.065e-05
176 Reddit_feat_L1.txt 0.00207051 0.00203998 3.0534e-05
177 Reddit_feat_L1.txt 0.00139201 0.00136645 2.5563e-05
178 Reddit_feat_L1.txt 0.00220786 0.00217755 3.0308e-05
179 Reddit_feat_L1.txt 0.00138818 0.00136361 2.4572e-05
180 Reddit_feat_L1.txt 0.00221829 0.00218764 3.0648e-05
181 Reddit_feat_L1.txt 0.00145694 0.00142567 3.1268e-05
182 Reddit_feat_L1.txt 0.00223543 0.00220906 2.6376e-05
183 Reddit_feat_L1.txt 0.00133407 0.00130506 2.9016e-05
184 Reddit_feat_L1.txt 0.00224348 0.00221528 2.8204e-05
185 Reddit_feat_L1.txt 0.00132394 0.00129533 2.8618e-05
186 Reddit_feat_L1.txt 0.00216078 0.00212638 3.4401e-05
187 Reddit_feat_L1.txt 0.00130907 0.00128206 2.7005e-05
188 Reddit_feat_L1.txt 0.00225182 0.00222036 3.1456e-05
189 Reddit_feat_L1.txt 0.00142232 0.00139772 2.4598e-05
190 Reddit_feat_L1.txt 0.00225415 0.00222456 2.9587e-05
191 Reddit_feat_L1.txt 0.0013603 0.0013318 2.8502e-05
192 Reddit_feat_L1.txt 0.00185064 0.00181925 3.1384e-05
193 Reddit_feat_L1.txt 0.00151606 0.00148446 3.1602e-05
194 Reddit_feat_L1.txt 0.00200056 0.00196722 3.3339e-05
195 Reddit_feat_L1.txt 0.00139628 0.0013659 3.0384e-05
196 Reddit_feat_L1.txt 0.00205515 0.00202484 3.0311e-05
197 Reddit_feat_L1.txt 0.00140046 0.00136713 3.333e-05
198 Reddit_feat_L1.txt 0.00220828 0.0021726 3.5674e-05
199 Reddit_feat_L1.txt 0.0013791 0.00134439 3.4701e-05
200 Reddit_feat_L1.txt 0.00229435 0.00226193 3.2424e-05
201 Reddit_feat_L1.txt 0.00150204 0.00147007 3.1974e-05
202 Reddit_feat_L1.txt 0.00230988 0.00228166 2.8212e-05
203 Reddit_feat_L1.txt 0.00137017 0.00134342 2.6749e-05
204 Reddit_feat_L1.txt 0.00225096 0.00222226 2.8705e-05
205 Reddit_feat_L1.txt 0.00137392 0.00134153 3.2391e-05
206 Reddit_feat_L1.txt 0.00217794 0.0021468 3.1133e-05
207 Reddit_feat_L1.txt 0.00138877 0.00135514 3.363e-05
208 Reddit_feat_L1.txt 0.00209889 0.00206532 3.3569e-05
209 Reddit_feat_L1.txt 0.00142271 0.00138529 3.7422e-05
210 Reddit_feat_L1.txt 0.00209541 0.00206031 3.5105e-05
211 Reddit_feat_L1.txt 0.00141895 0.00138378 3.5176e-05
212 Reddit_feat_L1.txt 0.00205055 0.00201582 3.4736e-05
213 Reddit_feat_L1.txt 0.00134155 0.00130861 3.2939e-05
214 Reddit_feat_L1.txt 0.00207193 0.00203663 3.5299e-05
215 Reddit_feat_L1.txt 0.0014441 0.00141154 3.2565e-05
216 Reddit_feat_L1.txt 0.00195598 0.00192721 2.8775e-05
217 Reddit_feat_L1.txt 0.00143371 0.00140095 3.2763e-05
218 Reddit_feat_L1.txt 0.00209177 0.00206005 3.1717e-05
219 Reddit_feat_L1.txt 0.00130822 0.00127465 3.3562e-05
220 Reddit_feat_L1.txt 0.00199452 0.00196157 3.2949e-05
221 Reddit_feat_L1.txt 0.00141776 0.00138042 3.7332e-05
222 Reddit_feat_L1.txt 0.00251988 0.00247868 4.1205e-05
223 Reddit_feat_L1.txt 0.0013845 0.0013538 3.0694e-05
224 Reddit_feat_L1.txt 0.00213802 0.00210689 3.1126e-05
225 Reddit_feat_L1.txt 0.00140544 0.00137214 3.3295e-05
226 Reddit_feat_L1.txt 0.00216318 0.00213079 3.2391e-05
227 Reddit_feat_L1.txt 0.00144146 0.00140916 3.2307e-05
228 Reddit_feat_L1.txt 0.00208702 0.00205645 3.0571e-05
229 Reddit_feat_L1.txt 0.00147783 0.0014468 3.1032e-05
230 Reddit_feat_L1.txt 0.0021988 0.00216997 2.8834e-05
231 Reddit_feat_L1.txt 0.00146044 0.0014336 2.6838e-05
232 Reddit_feat_L1.txt 0.00201996 0.00198852 3.1449e-05
233 Reddit_feat_L1.txt 0.00134307 0.00131328 2.9791e-05
234 Reddit_feat_L1.txt 0.00216297 0.00212709 3.5885e-05
235 Reddit_feat_L1.txt 0.00138779 0.0013529 3.489e-05
236 Reddit_feat_L1.txt 0.00208912 0.00205425 3.4869e-05
237 Reddit_feat_L1.txt 0.00137947 0.00135183 2.7643e-05
238 Reddit_feat_L1.txt 0.00208733 0.00205821 2.9125e-05
239 Reddit_feat_L1.txt 0.00139872 0.00136616 3.2566e-05
240 Reddit_feat_L1.txt 0.00205845 0.00202073 3.7723e-05
241 Reddit_feat_L1.txt 0.00150518 0.00147116 3.4026e-05
242 Reddit_feat_L1.txt 0.00228299 0.00224456 3.8427e-05
243 Reddit_feat_L1.txt 0.00142924 0.00139632 3.2917e-05
244 Reddit_feat_L1.txt 0.00231532 0.00227512 4.0205e-05
245 Reddit_feat_L1.txt 0.00141019 0.00137652 3.3666e-05
246 Reddit_feat_L1.txt 0.00234441 0.00231517 2.9244e-05
247 Reddit_feat_L1.txt 0.0014222 0.00139675 2.5453e-05
248 Reddit_feat_L1.txt 0.00233524 0.0022997 3.5544e-05
249 Reddit_feat_L1.txt 0.00143371 0.00139881 3.4895e-05
250 Reddit_feat_L1.txt 0.00233317 0.00230065 3.2518e-05
251 Reddit_feat_L1.txt 0.00142286 0.00138903 3.3833e-05
252 Reddit_feat_L1.txt 0.0023497 0.00231171 3.7985e-05
253 Reddit_feat_L1.txt 0.00140371 0.00136885 3.4857e-05
254 Reddit_feat_L1.txt 0.0023163 0.00228247 3.3826e-05
255 Reddit_feat_L1.txt 0.00147754 0.00144788 2.9655e-05
256 Reddit_feat_L1.txt 0.00181074 0.00178163 2.9113e-05
257 Reddit_feat_L1.txt 0.00141499 0.00138425 3.0734e-05
258 Reddit_feat_L1.txt 0.00205807 0.00202999 2.8081e-05
259 Reddit_feat_L1.txt 0.00135004 0.0013242 2.5836e-05
260 Reddit_feat_L1.txt 0.00213338 0.0020993 3.4076e-05
261 Reddit_feat_L1.txt 0.0013888 0.00134899 3.9814e-05
262 Reddit_feat_L1.txt 0.00217581 0.00214328 3.253e-05
263 Reddit_feat_L1.txt 0.00130081 0.00127128 2.9528e-05
264 Reddit_feat_L1.txt 0.00182271 0.00178763 3.5077e-05
265 Reddit_feat_L1.txt 0.00141543 0.00138228 3.3145e-05
266 Reddit_feat_L1.txt 0.00223507 0.00220146 3.3605e-05
267 Reddit_feat_L1.txt 0.00138487 0.00135394 3.0928e-05
268 Reddit_feat_L1.txt 0.0020995 0.00206394 3.5555e-05
269 Reddit_feat_L1.txt 0.00129787 0.00126306 3.4809e-05
270 Reddit_feat_L1.txt 0.00213615 0.00210459 3.1558e-05
271 Reddit_feat_L1.txt 0.0012266 0.00119071 3.5892e-05
272 Reddit_feat_L1.txt 0.00210907 0.002078 3.1072e-05
273 Reddit_feat_L1.txt 0.00146256 0.00142854 3.4019e-05
274 Reddit_feat_L1.txt 0.00210693 0.0020711 3.5837e-05
275 Reddit_feat_L1.txt 0.0014483 0.00141454 3.3762e-05
276 Reddit_feat_L1.txt 0.00213977 0.002103 3.6777e-05
277 Reddit_feat_L1.txt 0.00145423 0.00142065 3.3575e-05
278 Reddit_feat_L1.txt 0.00208857 0.00205282 3.5749e-05
279 Reddit_feat_L1.txt 0.0013481 0.00131028 3.7817e-05
280 Reddit_feat_L1.txt 0.0019374 0.00190332 3.4081e-05
281 Reddit_feat_L1.txt 0.00135051 0.00131965 3.0866e-05
282 Reddit_feat_L1.txt 0.00213844 0.00210561 3.2831e-05
283 Reddit_feat_L1.txt 0.00129351 0.00125731 3.6199e-05
284 Reddit_feat_L1.txt 0.00203612 0.00200137 3.4758e-05
285 Reddit_feat_L1.txt 0.00131373 0.0012791 3.463e-05
286 Reddit_feat_L1.txt 0.00222473 0.00220049 2.4242e-05
287 Reddit_feat_L1.txt 0.00133413 0.0013037 3.0429e-05
288 Reddit_feat_L1.txt 0.00203644 0.0020081 2.8339e-05
289 Reddit_feat_L1.txt 0.00139861 0.00136247 3.6139e-05
290 Reddit_feat_L1.txt 0.00222525 0.00219085 3.4399e-05
291 Reddit_feat_L1.txt 0.00136955 0.00133805 3.1502e-05
292 Reddit_feat_L1.txt 0.00207923 0.00205083 2.8391e-05
293 Reddit_feat_L1.txt 0.00134709 0.00131755 2.9534e-05
294 Reddit_feat_L1.txt 0.00219418 0.00216611 2.8069e-05
295 Reddit_feat_L1.txt 0.00126971 0.0012405 2.9206e-05
296 Reddit_feat_L1.txt 0.0020334 0.00200283 3.0565e-05
297 Reddit_feat_L1.txt 0.0013697 0.00134063 2.9072e-05
298 Reddit_feat_L1.txt 0.00219557 0.0021674 2.8172e-05
299 Reddit_feat_L1.txt 0.00130761 0.00127714 3.0475e-05
300 Reddit_feat_L1.txt 0.00207686 0.00204894 2.7919e-05
301 Reddit_feat_L1.txt 0.00132775 0.00129616 3.1591e-05
302 Reddit_feat_L1.txt 0.002032 0.00200475 2.7248e-05
303 Reddit_feat_L1.txt 0.00119539 0.00116679 2.8604e-05
304 Reddit_feat_L1.txt 0.00207963 0.00205468 2.495e-05
305 Reddit_feat_L1.txt 0.00128414 0.00125618 2.7959e-05
306 Reddit_feat_L1.txt 0.00213269 0.0021031 2.9589e-05
307 Reddit_feat_L1.txt 0.00128943 0.00125539 3.4034e-05
308 Reddit_feat_L1.txt 0.00217517 0.00213918 3.5991e-05
309 Reddit_feat_L1.txt 0.00121976 0.00118896 3.08e-05
310 Reddit_feat_L1.txt 0.00224375 0.00221777 2.5978e-05
311 Reddit_feat_L1.txt 0.00121403 0.00118649 2.7544e-05
312 Reddit_feat_L1.txt 0.0022453 0.0022209 2.4406e-05
313 Reddit_feat_L1.txt 0.00140323 0.00137348 2.9754e-05
314 Reddit_feat_L1.txt 0.00219138 0.00216039 3.0985e-05
315 Reddit_feat_L1.txt 0.00130445 0.00128006 2.4392e-05
316 Reddit_feat_L1.txt 0.00225591 0.00222987 2.6046e-05
317 Reddit_feat_L1.txt 0.00132246 0.00129043 3.203e-05
318 Reddit_feat_L1.txt 0.00220654 0.00217705 2.9488e-05
319 Reddit_feat_L1.txt 0.00129079 0.00125936 3.1431e-05
320 Reddit_feat_L1.txt 0.00189066 0.00185799 3.2679e-05
321 Reddit_feat_L1.txt 0.00137071 0.00134005 3.0661e-05
322 Reddit_feat_L1.txt 0.0021231 0.00209115 3.1945e-05
323 Reddit_feat_L1.txt 0.00134111 0.00130501 3.6098e-05
324 Reddit_feat_L1.txt 0.0021671 0.00213328 3.3819e-05
325 Reddit_feat_L1.txt 0.00143092 0.00139544 3.5484e-05
326 Reddit_feat_L1.txt 0.00228046 0.00224402 3.6441e-05
327 Reddit_feat_L1.txt 0.00128096 0.00124329 3.7667e-05
328 Reddit_feat_L1.txt 0.00187325 0.00184051 3.2733e-05
329 Reddit_feat_L1.txt 0.00149593 0.00145813 3.78e-05
330 Reddit_feat_L1.txt 0.00226577 0.00223025 3.5517e-05
331 Reddit_feat_L1.txt 0.0013438 0.00130743 3.6376e-05
332 Reddit_feat_L1.txt 0.00216956 0.00213861 3.0942e-05
333 Reddit_feat_L1.txt 0.00136139 0.00132207 3.9315e-05
334 Reddit_feat_L1.txt 0.00208599 0.00204965 3.6348e-05
335 Reddit_feat_L1.txt 0.00132229 0.00128979 3.25e-05
336 Reddit_feat_L1.txt 0.00215171 0.00211924 3.2474e-05
337 Reddit_feat_L1.txt 0.00136188 0.00132202 3.9859e-05
338 Reddit_feat_L1.txt 0.00210363 0.00206812 3.5515e-05
339 Reddit_feat_L1.txt 0.00136211 0.0013166 4.5515e-05
340 Reddit_feat_L1.txt 0.00205232 0.00201809 3.4232e-05
341 Reddit_feat_L1.txt 0.00139287 0.00134856 4.4316e-05
342 Reddit_feat_L1.txt 0.00210811 0.00206729 4.0827e-05
343 Reddit_feat_L1.txt 0.00135489 0.00131126 4.3631e-05
344 Reddit_feat_L1.txt 0.00200389 0.00196827 3.5621e-05
345 Reddit_feat_L1.txt 0.00133837 0.00129235 4.6023e-05
346 Reddit_feat_L1.txt 0.00213347 0.00209227 4.1195e-05
347 Reddit_feat_L1.txt 0.00128985 0.0012505 3.935e-05
348 Reddit_feat_L1.txt 0.00206307 0.0020236 3.9468e-05
349 Reddit_feat_L1.txt 0.00132214 0.0012829 3.9234e-05
350 Reddit_feat_L1.txt 0.00225939 0.00222007 3.9316e-05
351 Reddit_feat_L1.txt 0.00134633 0.00131296 3.337e-05
352 Reddit_feat_L1.txt 0.00211674 0.00208171 3.5023e-05
353 Reddit_feat_L1.txt 0.00139728 0.00136074 3.6531e-05
354 Reddit_feat_L1.txt 0.00211512 0.00208753 2.7589e-05
355 Reddit_feat_L1.txt 0.0013766 0.00133342 4.3181e-05
356 Reddit_feat_L1.txt 0.00200244 0.00196601 3.6428e-05
357 Reddit_feat_L1.txt 0.00133336 0.0012957 3.7656e-05
358 Reddit_feat_L1.txt 0.0021216 0.00208014 4.1458e-05
359 Reddit_feat_L1.txt 0.00136964 0.00132848 4.1157e-05
360 Reddit_feat_L1.txt 0.00200875 0.00197755 3.1207e-05
361 Reddit_feat_L1.txt 0.00132549 0.00128821 3.7284e-05
362 Reddit_feat_L1.txt 0.0021907 0.00215345 3.7257e-05
363 Reddit_feat_L1.txt 0.00135598 0.00133003 2.5944e-05
364 Reddit_feat_L1.txt 0.00210749 0.00207586 3.1628e-05
365 Reddit_feat_L1.txt 0.00133102 0.00130383 2.7185e-05
366 Reddit_feat_L1.txt 0.00209527 0.0020638 3.1474e-05
367 Reddit_feat_L1.txt 0.00123931 0.00120768 3.1625e-05
368 Reddit_feat_L1.txt 0.00205554 0.00202052 3.5021e-05
369 Reddit_feat_L1.txt 0.00132885 0.00128988 3.897e-05
370 Reddit_feat_L1.txt 0.00223037 0.00219704 3.3337e-05
371 Reddit_feat_L1.txt 0.00132685 0.00129322 3.3628e-05
372 Reddit_feat_L1.txt 0.00224185 0.00220626 3.5593e-05
373 Reddit_feat_L1.txt 0.00133234 0.00130085 3.1488e-05
374 Reddit_feat_L1.txt 0.00223006 0.00219831 3.1756e-05
375 Reddit_feat_L1.txt 0.00130677 0.0012776 2.9174e-05
376 Reddit_feat_L1.txt 0.00226591 0.00223178 3.4123e-05
377 Reddit_feat_L1.txt 0.0013527 0.00131719 3.5509e-05
378 Reddit_feat_L1.txt 0.00226587 0.00223155 3.4326e-05
379 Reddit_feat_L1.txt 0.0012901 0.00125465 3.5447e-05
380 Reddit_feat_L1.txt 0.00226865 0.00223677 3.1886e-05
381 Reddit_feat_L1.txt 0.0012669 0.00123902 2.7881e-05
382 Reddit_feat_L1.txt 0.0022091 0.00217923 2.987e-05
383 Reddit_feat_L1.txt 0.00126671 0.0012348 3.1904e-05
384 Reddit_feat_L1.txt 0.00174702 0.00171601 3.1006e-05
385 Reddit_feat_L1.txt 0.00144387 0.00140853 3.534e-05
386 Reddit_feat_L1.txt 0.00201996 0.00198498 3.4974e-05
387 Reddit_feat_L1.txt 0.00142188 0.00138565 3.6225e-05
388 Reddit_feat_L1.txt 0.00205769 0.00201927 3.8419e-05
389 Reddit_feat_L1.txt 0.00141862 0.00138608 3.254e-05
390 Reddit_feat_L1.txt 0.00211914 0.00209143 2.7712e-05
391 Reddit_feat_L1.txt 0.0013262 0.00129585 3.0354e-05
392 Reddit_feat_L1.txt 0.00181564 0.00178711 2.8531e-05
393 Reddit_feat_L1.txt 0.00142063 0.00138475 3.5874e-05
394 Reddit_feat_L1.txt 0.00217053 0.00214028 3.0249e-05
395 Reddit_feat_L1.txt 0.00124773 0.00121314 3.4592e-05
396 Reddit_feat_L1.txt 0.00213134 0.00209975 3.1586e-05
397 Reddit_feat_L1.txt 0.00135474 0.00132275 3.1994e-05
398 Reddit_feat_L1.txt 0.00209538 0.00206429 3.1097e-05
399 Reddit_feat_L1.txt 0.00130157 0.00126983 3.1732e-05
400 Reddit_feat_L1.txt 0.00211486 0.00208864 2.6224e-05
401 Reddit_feat_L1.txt 0.00135926 0.0013257 3.3557e-05
402 Reddit_feat_L1.txt 0.00197316 0.0019432 2.9961e-05
403 Reddit_feat_L1.txt 0.00132419 0.00129458 2.9609e-05
404 Reddit_feat_L1.txt 0.00199095 0.00196063 3.0314e-05
405 Reddit_feat_L1.txt 0.00128877 0.00126083 2.7933e-05
406 Reddit_feat_L1.txt 0.00204666 0.00201508 3.1572e-05
407 Reddit_feat_L1.txt 0.00137043 0.0013435 2.6929e-05
408 Reddit_feat_L1.txt 0.00189672 0.00186636 3.0358e-05
409 Reddit_feat_L1.txt 0.0013798 0.0013539 2.5906e-05
410 Reddit_feat_L1.txt 0.00200256 0.00197002 3.2538e-05
411 Reddit_feat_L1.txt 0.00131683 0.0012822 3.463e-05
412 Reddit_feat_L1.txt 0.00192035 0.00188296 3.7391e-05
413 Reddit_feat_L1.txt 0.00138141 0.00135067 3.0745e-05
414 Reddit_feat_L1.txt 0.00226766 0.00223783 2.9833e-05
415 Reddit_feat_L1.txt 0.0011987 0.00116848 3.0222e-05
416 Reddit_feat_L1.txt 0.00206061 0.00203218 2.843e-05
417 Reddit_feat_L1.txt 0.00131863 0.00129085 2.778e-05
418 Reddit_feat_L1.txt 0.00207396 0.00204557 2.8393e-05
419 Reddit_feat_L1.txt 0.00142335 0.00139682 2.6525e-05
420 Reddit_feat_L1.txt 0.00221624 0.00218556 3.0682e-05
421 Reddit_feat_L1.txt 0.00143026 0.00140125 2.9008e-05
422 Reddit_feat_L1.txt 0.00203487 0.00200683 2.8036e-05
423 Reddit_feat_L1.txt 0.00126167 0.00123438 2.7292e-05
424 Reddit_feat_L1.txt 0.00200734 0.00197668 3.0661e-05
425 Reddit_feat_L1.txt 0.00142197 0.00139126 3.0714e-05
426 Reddit_feat_L1.txt 0.00220427 0.00217704 2.7233e-05
427 Reddit_feat_L1.txt 0.00133802 0.00130957 2.8448e-05
428 Reddit_feat_L1.txt 0.00192576 0.00189198 3.3783e-05
429 Reddit_feat_L1.txt 0.00134717 0.00132067 2.6508e-05
430 Reddit_feat_L1.txt 0.00203135 0.00200208 2.9277e-05
431 Reddit_feat_L1.txt 0.00126227 0.00123484 2.7434e-05
432 Reddit_feat_L1.txt 0.00203337 0.00200447 2.89e-05
433 Reddit_feat_L1.txt 0.00131916 0.00129015 2.9012e-05
434 Reddit_feat_L1.txt 0.0022509 0.00221952 3.1385e-05
435 Reddit_feat_L1.txt 0.00135455 0.00132175 3.2796e-05
436 Reddit_feat_L1.txt 0.00213584 0.00210312 3.2726e-05
437 Reddit_feat_L1.txt 0.0013428 0.0013114 3.1401e-05
438 Reddit_feat_L1.txt 0.00220083 0.00217373 2.7103e-05
439 Reddit_feat_L1.txt 0.0012971 0.00126686 3.0242e-05
440 Reddit_feat_L1.txt 0.00218999 0.00216304 2.6947e-05
441 Reddit_feat_L1.txt 0.00132015 0.00129308 2.7075e-05
442 Reddit_feat_L1.txt 0.00219398 0.00216906 2.4914e-05
443 Reddit_feat_L1.txt 0.00135199 0.00132597 2.6026e-05
444 Reddit_feat_L1.txt 0.00221206 0.00218362 2.8439e-05
445 Reddit_feat_L1.txt 0.001369 0.00133769 3.1311e-05
446 Reddit_feat_L1.txt 0.00224284 0.00221828 2.4561e-05
447 Reddit_feat_L1.txt 0.0014056 0.00137606 2.9534e-05
448 Reddit_feat_L1.txt 0.00192154 0.00189396 2.7587e-05
449 Reddit_feat_L1.txt 0.00139616 0.00136906 2.7103e-05
450 Reddit_feat_L1.txt 0.00207029 0.00203891 3.1376e-05
451 Reddit_feat_L1.txt 0.00138115 0.00135303 2.8125e-05
452 Reddit_feat_L1.txt 0.0021253 0.00209569 2.9608e-05
453 Reddit_feat_L1.txt 0.00137936 0.00135036 2.8994e-05
454 Reddit_feat_L1.txt 0.00219199 0.00216189 3.0097e-05
455 Reddit_feat_L1.txt 0.0013114 0.00127797 3.3426e-05
456 Reddit_feat_L1.txt 0.00223841 0.00220845 2.996e-05
457 Reddit_feat_L1.txt 0.00147518 0.00144294 3.2236e-05
458 Reddit_feat_L1.txt 0.00220027 0.00217296 2.7312e-05
459 Reddit_feat_L1.txt 0.00131864 0.00128435 3.4281e-05
460 Reddit_feat_L1.txt 0.00216065 0.00212505 3.5601e-05
461 Reddit_feat_L1.txt 0.00136423 0.0013213 4.2928e-05
462 Reddit_feat_L1.txt 0.00218703 0.00214765 3.9383e-05
463 Reddit_feat_L1.txt 0.001343 0.00130723 3.5769e-05
464 Reddit_feat_L1.txt 0.0020819 0.00204839 3.3507e-05
465 Reddit_feat_L1.txt 0.00149508 0.00146125 3.3828e-05
466 Reddit_feat_L1.txt 0.00197323 0.00193936 3.3872e-05
467 Reddit_feat_L1.txt 0.00134351 0.00130673 3.6777e-05
468 Reddit_feat_L1.txt 0.00211493 0.00207819 3.6735e-05
469 Reddit_feat_L1.txt 0.00141279 0.0013775 3.5295e-05
470 Reddit_feat_L1.txt 0.0020628 0.00202425 3.8556e-05
471 Reddit_feat_L1.txt 0.00130848 0.00126958 3.8908e-05
472 Reddit_feat_L1.txt 0.00208813 0.0020555 3.2635e-05
473 Reddit_feat_L1.txt 0.00134735 0.00131727 3.0083e-05
474 Reddit_feat_L1.txt 0.00199956 0.00197105 2.8512e-05
475 Reddit_feat_L1.txt 0.00136995 0.00134215 2.7797e-05
476 Reddit_feat_L1.txt 0.00205058 0.00201893 3.1655e-05
477 Reddit_feat_L1.txt 0.00136521 0.00133695 2.826e-05
478 Reddit_feat_L1.txt 0.00251782 0.0024921 2.572e-05
479 Reddit_feat_L1.txt 0.00140748 0.00137369 3.3785e-05
480 Reddit_feat_L1.txt 0.00219469 0.0021574 3.7285e-05
481 Reddit_feat_L1.txt 0.00137382 0.00133947 3.4348e-05
482 Reddit_feat_L1.txt 0.0021884 0.00215349 3.4909e-05
483 Reddit_feat_L1.txt 0.00125566 0.00121839 3.7272e-05
484 Reddit_feat_L1.txt 0.0020187 0.00198693 3.1775e-05
485 Reddit_feat_L1.txt 0.00129988 0.0012675 3.2378e-05
486 Reddit_feat_L1.txt 0.00217066 0.00213815 3.2518e-05
487 Reddit_feat_L1.txt 0.00131604 0.00128037 3.5667e-05
488 Reddit_feat_L1.txt 0.00211689 0.00208287 3.4017e-05
489 Reddit_feat_L1.txt 0.00130495 0.00126488 4.0064e-05
490 Reddit_feat_L1.txt 0.00215429 0.00212011 3.4181e-05
491 Reddit_feat_L1.txt 0.0012273 0.00118672 4.0577e-05
492 Reddit_feat_L1.txt 0.0019903 0.00196104 2.926e-05
493 Reddit_feat_L1.txt 0.00133052 0.00130405 2.6477e-05
494 Reddit_feat_L1.txt 0.00219822 0.00216323 3.4987e-05
495 Reddit_feat_L1.txt 0.0014438 0.00141157 3.2232e-05
496 Reddit_feat_L1.txt 0.00204346 0.0020115 3.1963e-05
497 Reddit_feat_L1.txt 0.00135436 0.00132252 3.1845e-05
498 Reddit_feat_L1.txt 0.00212528 0.00209255 3.2727e-05
499 Reddit_feat_L1.txt 0.00127889 0.001248 3.0894e-05
500 Reddit_feat_L1.txt 0.00221464 0.00218708 2.7557e-05
501 Reddit_feat_L1.txt 0.00125203 0.00121789 3.4147e-05
502 Reddit_feat_L1.txt 0.00236329 0.0023328 3.0489e-05
503 Reddit_feat_L1.txt 0.00125163 0.0012222 2.9438e-05
504 Reddit_feat_L1.txt 0.00210775 0.00207576 3.1994e-05
505 Reddit_feat_L1.txt 0.0012935 0.00126152 3.1985e-05
506 Reddit_feat_L1.txt 0.00219088 0.00215697 3.391e-05
507 Reddit_feat_L1.txt 0.00117399 0.00114331 3.0689e-05
508 Reddit_feat_L1.txt 0.00228179 0.00225049 3.1292e-05
509 Reddit_feat_L1.txt 0.0012038 0.00116856 3.5246e-05
510 Reddit_feat_L1.txt 0.00218532 0.00215362 3.1693e-05
511 Reddit_feat_L1.txt 0.00136778 0.00133239 3.5392e-05
512 Reddit_feat_L1.txt 0.0016893 0.00165718 3.2116e-05
513 Reddit_feat_L1.txt 0.00138417 0.00135065 3.3517e-05
514 Reddit_feat_L1.txt 0.00184866 0.00181773 3.093e-05
515 Reddit_feat_L1.txt 0.00134394 0.00130513 3.8811e-05
516 Reddit_feat_L1.txt 0.0019828 0.00194605 3.6755e-05
517 Reddit_feat_L1.txt 0.00146074 0.00142202 3.8723e-05
518 Reddit_feat_L1.txt 0.00201763 0.00198532 3.2305e-05
519 Reddit_feat_L1.txt 0.00140741 0.00137592 3.1498e-05
520 Reddit_feat_L1.txt 0.00177945 0.00174855 3.0899e-05
521 Reddit_feat_L1.txt 0.00138354 0.00134865 3.4892e-05
522 Reddit_feat_L1.txt 0.00227798 0.00224257 3.5414e-05
523 Reddit_feat_L1.txt 0.00118012 0.00114136 3.876e-05
524 Reddit_feat_L1.txt 0.00198015 0.00194835 3.18e-05
525 Reddit_feat_L1.txt 0.00121491 0.00119015 2.476e-05
526 Reddit_feat_L1.txt 0.00198524 0.00196299 2.2243e-05
527 Reddit_feat_L1.txt 0.00133846 0.00130766 3.0799e-05
528 Reddit_feat_L1.txt 0.00203656 0.00199863 3.7924e-05
529 Reddit_feat_L1.txt 0.0013706 0.00133445 3.6152e-05
530 Reddit_feat_L1.txt 0.00189761 0.00186305 3.4554e-05
531 Reddit_feat_L1.txt 0.0013894 0.00135724 3.2161e-05
532 Reddit_feat_L1.txt 0.00200277 0.0019637 3.9071e-05
533 Reddit_feat_L1.txt 0.00142845 0.00138931 3.9134e-05
534 Reddit_feat_L1.txt 0.00207507 0.00204352 3.1548e-05
535 Reddit_feat_L1.txt 0.00130864 0.00127643 3.2216e-05
536 Reddit_feat_L1.txt 0.00200494 0.00197318 3.1758e-05
537 Reddit_feat_L1.txt 0.00139691 0.00135947 3.744e-05
538 Reddit_feat_L1.txt 0.00205973 0.00202618 3.3559e-05
539 Reddit_feat_L1.txt 0.00139616 0.00135924 3.6926e-05
540 Reddit_feat_L1.txt 0.00202697 0.00199973 2.7241e-05
541 Reddit_feat_L1.txt 0.00142425 0.00139124 3.3013e-05
542 Reddit_feat_L1.txt 0.00221962 0.00218642 3.3202e-05
543 Reddit_feat_L1.txt 0.00125736 0.00122249 3.4875e-05
544 Reddit_feat_L1.txt 0.00198158 0.00195001 3.1574e-05
545 Reddit_feat_L1.txt 0.00145066 0.00141689 3.3764e-05
546 Reddit_feat_L1.txt 0.00207148 0.00204078 3.0703e-05
547 Reddit_feat_L1.txt 0.00139573 0.00136052 3.5204e-05
548 Reddit_feat_L1.txt 0.00199949 0.00196771 3.1784e-05
549 Reddit_feat_L1.txt 0.00140552 0.00137175 3.3769e-05
550 Reddit_feat_L1.txt 0.00200105 0.00196781 3.3237e-05
551 Reddit_feat_L1.txt 0.00139018 0.00135437 3.5808e-05
552 Reddit_feat_L1.txt 0.00200389 0.00197433 2.9561e-05
553 Reddit_feat_L1.txt 0.00140049 0.00136546 3.5027e-05
554 Reddit_feat_L1.txt 0.00216873 0.00213262 3.6113e-05
555 Reddit_feat_L1.txt 0.00135625 0.00131653 3.9722e-05
556 Reddit_feat_L1.txt 0.00217637 0.002139 3.7373e-05
557 Reddit_feat_L1.txt 0.00142022 0.00138174 3.8482e-05
558 Reddit_feat_L1.txt 0.00197564 0.00193686 3.8777e-05
559 Reddit_feat_L1.txt 0.00120209 0.00116498 3.7111e-05
560 Reddit_feat_L1.txt 0.00206443 0.00203351 3.0916e-05
561 Reddit_feat_L1.txt 0.00140548 0.00137559 2.9888e-05
562 Reddit_feat_L1.txt 0.00220776 0.0021684 3.9356e-05
563 Reddit_feat_L1.txt 0.00131842 0.00127815 4.0268e-05
564 Reddit_feat_L1.txt 0.00222438 0.00219048 3.3893e-05
565 Reddit_feat_L1.txt 0.00137399 0.00133749 3.6499e-05
566 Reddit_feat_L1.txt 0.00226298 0.00222845 3.4532e-05
567 Reddit_feat_L1.txt 0.00144299 0.00140912 3.3867e-05
568 Reddit_feat_L1.txt 0.00227286 0.00223628 3.6574e-05
569 Reddit_feat_L1.txt 0.00126396 0.00122777 3.6192e-05
570 Reddit_feat_L1.txt 0.00211698 0.00208111 3.5865e-05
571 Reddit_feat_L1.txt 0.00144235 0.00140744 3.4909e-05
572 Reddit_feat_L1.txt 0.00229099 0.00225521 3.578e-05
573 Reddit_feat_L1.txt 0.00129077 0.00126211 2.8667e-05
574 Reddit_feat_L1.txt 0.00223894 0.00220597 3.2969e-05
575 Reddit_feat_L1.txt 0.00137837 0.00134587 3.2498e-05
576 Reddit_feat_L1.txt 0.00184697 0.00180815 3.8814e-05
577 Reddit_feat_L1.txt 0.00139452 0.00135894 3.5575e-05
578 Reddit_feat_L1.txt 0.00200399 0.00197311 3.0884e-05
579 Reddit_feat_L1.txt 0.00147325 0.00144014 3.3111e-05
580 Reddit_feat_L1.txt 0.00199751 0.00196582 3.1687e-05
581 Reddit_feat_L1.txt 0.00135099 0.00131923 3.1759e-05
582 Reddit_feat_L1.txt 0.00210633 0.00207754 2.8787e-05
583 Reddit_feat_L1.txt 0.00140628 0.00135936 4.692e-05
584 Reddit_feat_L1.txt 0.00180238 0.00176778 3.4607e-05
585 Reddit_feat_L1.txt 0.00143112 0.00139289 3.8227e-05
586 Reddit_feat_L1.txt 0.00213021 0.00209236 3.7849e-05
587 Reddit_feat_L1.txt 0.00137204 0.00133079 4.1248e-05
588 Reddit_feat_L1.txt 0.00213403 0.00210546 2.8572e-05
589 Reddit_feat_L1.txt 0.00138158 0.00135125 3.0329e-05
590 Reddit_feat_L1.txt 0.00209874 0.00206371 3.5033e-05
591 Reddit_feat_L1.txt 0.00143677 0.0013978 3.8973e-05
592 Reddit_feat_L1.txt 0.00211046 0.00207451 3.5946e-05
593 Reddit_feat_L1.txt 0.00146595 0.00143065 3.5303e-05
594 Reddit_feat_L1.txt 0.00191892 0.00187541 4.3507e-05
595 Reddit_feat_L1.txt 0.00135175 0.0013186 3.3151e-05
596 Reddit_feat_L1.txt 0.00196426 0.00192456 3.9705e-05
597 Reddit_feat_L1.txt 0.00139529 0.00136234 3.2947e-05
598 Reddit_feat_L1.txt 0.00196603 0.00193726 2.8767e-05
599 Reddit_feat_L1.txt 0.00134671 0.00131366 3.3052e-05
600 Reddit_feat_L1.txt 0.00201822 0.00198652 3.1699e-05
601 Reddit_feat_L1.txt 0.00147124 0.00144173 2.9511e-05
602 Reddit_feat_L1.txt 0.00199643 0.00195458 4.1854e-05
603 Reddit_feat_L1.txt 0.00143895 0.00140428 3.467e-05
604 Reddit_feat_L1.txt 0.00201085 0.00197035 4.0499e-05
605 Reddit_feat_L1.txt 0.00150323 0.00146876 3.4474e-05
606 Reddit_feat_L1.txt 0.00215452 0.00212161 3.2907e-05
607 Reddit_feat_L1.txt 0.00138476 0.00135527 2.949e-05
608 Reddit_feat_L1.txt 0.00208245 0.00204849 3.3954e-05
609 Reddit_feat_L1.txt 0.00136572 0.0013316 3.4127e-05
610 Reddit_feat_L1.txt 0.00210442 0.00207312 3.1298e-05
611 Reddit_feat_L1.txt 0.00132209 0.0012883 3.379e-05
612 Reddit_feat_L1.txt 0.00199454 0.00196379 3.0758e-05
613 Reddit_feat_L1.txt 0.00133912 0.00130047 3.8651e-05
614 Reddit_feat_L1.txt 0.0021325 0.00209902 3.3481e-05
615 Reddit_feat_L1.txt 0.00136263 0.00132798 3.4651e-05
616 Reddit_feat_L1.txt 0.00205591 0.00201599 3.9922e-05
617 Reddit_feat_L1.txt 0.0014044 0.00136541 3.8991e-05
618 Reddit_feat_L1.txt 0.00216424 0.00212677 3.7463e-05
619 Reddit_feat_L1.txt 0.00138552 0.00134637 3.9151e-05
620 Reddit_feat_L1.txt 0.00208469 0.00204555 3.9141e-05
621 Reddit_feat_L1.txt 0.00134511 0.001306 3.9109e-05
622 Reddit_feat_L1.txt 0.00208292 0.00204408 3.8844e-05
623 Reddit_feat_L1.txt 0.00132837 0.00129671 3.1654e-05
624 Reddit_feat_L1.txt 0.00189366 0.00185489 3.8766e-05
625 Reddit_feat_L1.txt 0.00140119 0.00136698 3.4211e-05
626 Reddit_feat_L1.txt 0.0022268 0.00219606 3.0745e-05
627 Reddit_feat_L1.txt 0.00134157 0.00130293 3.8643e-05
628 Reddit_feat_L1.txt 0.00210308 0.00206143 4.165e-05
629 Reddit_feat_L1.txt 0.00124415 0.00120613 3.8024e-05
630 Reddit_feat_L1.txt 0.00230299 0.00226729 3.5696e-05
631 Reddit_feat_L1.txt 0.00124627 0.0012089 3.7373e-05
632 Reddit_feat_L1.txt 0.00228348 0.00224389 3.9585e-05
633 Reddit_feat_L1.txt 0.00128356 0.00124546 3.8097e-05
634 Reddit_feat_L1.txt 0.00231803 0.00227958 3.8446e-05
635 Reddit_feat_L1.txt 0.00128176 0.00123757 4.4196e-05
636 Reddit_feat_L1.txt 0.00218157 0.00214699 3.458e-05
637 Reddit_feat_L1.txt 0.00118669 0.00115264 3.405e-05
638 Reddit_feat_L1.txt 0.00234703 0.00230457 4.2463e-05
639 Reddit_feat_L1.txt 0.00140358 0.00136738 3.6202e-05
640 Reddit_feat_L1.txt 0.00193143 0.00188827 4.3163e-05
641 Reddit_feat_L1.txt 0.00139548 0.00136105 3.4434e-05
642 Reddit_feat_L1.txt 0.00197887 0.00193126 4.7607e-05
643 Reddit_feat_L1.txt 0.0013379 0.00129492 4.2984e-05
644 Reddit_feat_L1.txt 0.00196951 0.00192444 4.5074e-05
645 Reddit_feat_L1.txt 0.00142303 0.00138721 3.5821e-05
646 Reddit_feat_L1.txt 0.0021238 0.00208589 3.7906e-05
647 Reddit_feat_L1.txt 0.0014017 0.00136133 4.0374e-05
648 Reddit_feat_L1.txt 0.00190434 0.00186566 3.8683e-05
649 Reddit_feat_L1.txt 0.00142842 0.00138799 4.0435e-05
650 Reddit_feat_L1.txt 0.00212907 0.00209146 3.7606e-05
651 Reddit_feat_L1.txt 0.00124735 0.0012197 2.7655e-05
652 Reddit_feat_L1.txt 0.00202986 0.00200128 2.858e-05
653 Reddit_feat_L1.txt 0.00136869 0.00133786 3.0834e-05
654 Reddit_feat_L1.txt 0.00202511 0.00199666 2.8457e-05
655 Reddit_feat_L1.txt 0.00130683 0.00128181 2.5019e-05
656 Reddit_feat_L1.txt 0.00211906 0.00209117 2.7889e-05
657 Reddit_feat_L1.txt 0.00142581 0.00139716 2.8656e-05
658 Reddit_feat_L1.txt 0.00207965 0.00204898 3.0669e-05
659 Reddit_feat_L1.txt 0.00136571 0.00133816 2.7544e-05
660 Reddit_feat_L1.txt 0.00186927 0.00184255 2.6714e-05
661 Reddit_feat_L1.txt 0.00142221 0.00139176 3.0449e-05
662 Reddit_feat_L1.txt 0.0020725 0.00204461 2.7889e-05
663 Reddit_feat_L1.txt 0.00142972 0.0013981 3.1614e-05
664 Reddit_feat_L1.txt 0.00189344 0.00186851 2.4932e-05
665 Reddit_feat_L1.txt 0.00143665 0.0014087 2.7951e-05
666 Reddit_feat_L1.txt 0.0021695 0.00214115 2.8347e-05
667 Reddit_feat_L1.txt 0.0011936 0.00116872 2.4879e-05
668 Reddit_feat_L1.txt 0.0019923 0.00196354 2.8762e-05
669 Reddit_feat_L1.txt 0.0014118 0.00138312 2.8683e-05
670 Reddit_feat_L1.txt 0.00220586 0.00217792 2.7931e-05
671 Reddit_feat_L1.txt 0.00130324 0.00127526 2.7982e-05
672 Reddit_feat_L1.txt 0.00193311 0.00189742 3.5688e-05
673 Reddit_feat_L1.txt 0.00144389 0.00141018 3.3712e-05
674 Reddit_feat_L1.txt 0.00192867 0.001897 3.1669e-05
675 Reddit_feat_L1.txt 0.00151252 0.00147581 3.6704e-05
676 Reddit_feat_L1.txt 0.00184701 0.00181574 3.1272e-05
677 Reddit_feat_L1.txt 0.00135792 0.00132625 3.1669e-05
678 Reddit_feat_L1.txt 0.00194171 0.00191133 3.0379e-05
679 Reddit_feat_L1.txt 0.00133721 0.0013035 3.3711e-05
680 Reddit_feat_L1.txt 0.00193542 0.00190688 2.8549e-05
681 Reddit_feat_L1.txt 0.00132389 0.00129678 2.7113e-05
682 Reddit_feat_L1.txt 0.00200741 0.00197254 3.4873e-05
683 Reddit_feat_L1.txt 0.00128039 0.0012462 3.4194e-05
684 Reddit_feat_L1.txt 0.00188368 0.00185505 2.863e-05
685 Reddit_feat_L1.txt 0.0013604 0.00132849 3.1913e-05
686 Reddit_feat_L1.txt 0.00209813 0.00206734 3.0786e-05
687 Reddit_feat_L1.txt 0.00134676 0.00131588 3.0871e-05
688 Reddit_feat_L1.txt 0.00201342 0.00198187 3.1558e-05
689 Reddit_feat_L1.txt 0.00134265 0.00131286 2.9782e-05
690 Reddit_feat_L1.txt 0.00211325 0.00208525 2.8006e-05
691 Reddit_feat_L1.txt 0.00121555 0.00118684 2.8704e-05
692 Reddit_feat_L1.txt 0.00202133 0.00199057 3.0756e-05
693 Reddit_feat_L1.txt 0.0014055 0.00137299 3.2509e-05
694 Reddit_feat_L1.txt 0.00204368 0.00201125 3.2427e-05
695 Reddit_feat_L1.txt 0.00128739 0.00125749 2.9899e-05
696 Reddit_feat_L1.txt 0.00210827 0.00208291 2.5357e-05
697 Reddit_feat_L1.txt 0.0013829 0.00135335 2.9545e-05
698 Reddit_feat_L1.txt 0.00215364 0.00212484 2.8804e-05
699 Reddit_feat_L1.txt 0.00123932 0.0012091 3.0218e-05
700 Reddit_feat_L1.txt 0.00223181 0.00220155 3.0258e-05
701 Reddit_feat_L1.txt 0.00129838 0.00126863 2.9744e-05
702 Reddit_feat_L1.txt 0.00207065 0.00204242 2.823e-05
703 Reddit_feat_L1.txt 0.00137669 0.0013444 3.2289e-05
704 Reddit_feat_L1.txt 0.00188031 0.00184475 3.5568e-05
705 Reddit_feat_L1.txt 0.00148028 0.00144859 3.1687e-05
706 Reddit_feat_L1.txt 0.00205549 0.00202408 3.1417e-05
707 Reddit_feat_L1.txt 0.00139589 0.00135858 3.7309e-05
708 Reddit_feat_L1.txt 0.00191765 0.00187689 4.0761e-05
709 Reddit_feat_L1.txt 0.00147951 0.00144443 3.5085e-05
710 Reddit_feat_L1.txt 0.00229652 0.00226074 3.5781e-05
711 Reddit_feat_L1.txt 0.00147671 0.00143553 4.1174e-05
712 Reddit_feat_L1.txt 0.00232771 0.00228589 4.1814e-05
713 Reddit_feat_L1.txt 0.00140758 0.00136764 3.9937e-05
714 Reddit_feat_L1.txt 0.00210916 0.00207063 3.8529e-05
715 Reddit_feat_L1.txt 0.00133338 0.00130087 3.2513e-05
716 Reddit_feat_L1.txt 0.00211397 0.00207782 3.6151e-05
717 Reddit_feat_L1.txt 0.00138561 0.00134813 3.7487e-05
718 Reddit_feat_L1.txt 0.00220444 0.00216967 3.4768e-05
719 Reddit_feat_L1.txt 0.00148879 0.00145752 3.1275e-05
720 Reddit_feat_L1.txt 0.00208833 0.00204974 3.8593e-05
721 Reddit_feat_L1.txt 0.00149837 0.00146074 3.7629e-05
722 Reddit_feat_L1.txt 0.00199286 0.00195848 3.4387e-05
723 Reddit_feat_L1.txt 0.00147861 0.00144167 3.6934e-05
724 Reddit_feat_L1.txt 0.00203803 0.00199376 4.4273e-05
725 Reddit_feat_L1.txt 0.00137538 0.00133784 3.7545e-05
726 Reddit_feat_L1.txt 0.00203521 0.00199797 3.7233e-05
727 Reddit_feat_L1.txt 0.00142362 0.00138378 3.984e-05
728 Reddit_feat_L1.txt 0.00202811 0.00199098 3.7137e-05
729 Reddit_feat_L1.txt 0.00145762 0.00141158 4.6045e-05
730 Reddit_feat_L1.txt 0.00207913 0.00204033 3.8804e-05
731 Reddit_feat_L1.txt 0.00138922 0.00135663 3.2598e-05
732 Reddit_feat_L1.txt 0.00204546 0.00201151 3.3956e-05
733 Reddit_feat_L1.txt 0.00134444 0.00129628 4.8161e-05
734 Reddit_feat_L1.txt 0.00252064 0.00248258 3.8064e-05
735 Reddit_feat_L1.txt 0.00148664 0.00144332 4.3319e-05
736 Reddit_feat_L1.txt 0.00216291 0.00212435 3.8558e-05
737 Reddit_feat_L1.txt 0.00149578 0.00145435 4.1432e-05
738 Reddit_feat_L1.txt 0.0020763 0.00204545 3.0856e-05
739 Reddit_feat_L1.txt 0.00152302 0.00149311 2.9904e-05
740 Reddit_feat_L1.txt 0.00201897 0.00198772 3.1256e-05
741 Reddit_feat_L1.txt 0.00146161 0.00142612 3.5493e-05
742 Reddit_feat_L1.txt 0.00212235 0.00208943 3.2923e-05
743 Reddit_feat_L1.txt 0.00146393 0.00142758 3.6351e-05
744 Reddit_feat_L1.txt 0.00204212 0.00200876 3.3362e-05
745 Reddit_feat_L1.txt 0.00138849 0.00135921 2.9272e-05
746 Reddit_feat_L1.txt 0.00228377 0.00225631 2.7462e-05
747 Reddit_feat_L1.txt 0.00143546 0.00139873 3.6729e-05
748 Reddit_feat_L1.txt 0.00223137 0.00220621 2.5157e-05
749 Reddit_feat_L1.txt 0.00139302 0.00136011 3.2912e-05
750 Reddit_feat_L1.txt 0.00223983 0.0022124 2.7432e-05
751 Reddit_feat_L1.txt 0.00146731 0.00144334 2.3972e-05
752 Reddit_feat_L1.txt 0.00217853 0.0021505 2.8036e-05
753 Reddit_feat_L1.txt 0.00136756 0.00133713 3.0426e-05
754 Reddit_feat_L1.txt 0.00224868 0.0022235 2.5178e-05
755 Reddit_feat_L1.txt 0.00141704 0.0013845 3.2539e-05
756 Reddit_feat_L1.txt 0.00222705 0.00219334 3.3705e-05
757 Reddit_feat_L1.txt 0.00139187 0.00135363 3.8243e-05
758 Reddit_feat_L1.txt 0.00240639 0.00236756 3.8831e-05
759 Reddit_feat_L1.txt 0.00147536 0.00144407 3.1294e-05
760 Reddit_feat_L1.txt 0.00239957 0.00236256 3.7015e-05
761 Reddit_feat_L1.txt 0.00136175 0.00132569 3.6062e-05
762 Reddit_feat_L1.txt 0.00233545 0.0022973 3.8151e-05
763 Reddit_feat_L1.txt 0.00140936 0.00137695 3.2407e-05
764 Reddit_feat_L1.txt 0.00237441 0.00233819 3.6218e-05
765 Reddit_feat_L1.txt 0.00142784 0.00139889 2.8958e-05
766 Reddit_feat_L1.txt 0.00239669 0.00236011 3.6573e-05
767 Reddit_feat_L1.txt 0.0021908 0.00150174 0.000689062
0 Reddit_A.txt 0.0295033 0.0294096 9.3666e-05
1 Reddit_A.txt 0.0294971 0.0293881 0.000109003
2 Reddit_A.txt 0.0295174 0.0293863 0.000131134
3 Reddit_A.txt 0.0295407 0.0293683 0.000172361
4 Reddit_A.txt 0.0295517 0.0293584 0.000193306
5 Reddit_A.txt 0.0295488 0.0293582 0.000190573
6 Reddit_A.txt 0.029585 0.0293659 0.000219127
7 Reddit_A.txt 0.0295853 0.0293506 0.000234693
8 Reddit_A.txt 0.029607 0.0293358 0.000271235
9 Reddit_A.txt 0.0296765 0.0293184 0.000358047
10 Reddit_A.txt 0.029506 0.029324 0.000181967
11 Reddit_A.txt 0.0295579 0.0293175 0.000240358
12 Reddit_A.txt 0.0296663 0.0293144 0.000351909
13 Reddit_A.txt 0.0294655 0.0292939 0.000171577
14 Reddit_A.txt 0.029566 0.0292928 0.000273107
15 Reddit_A.txt 0.0295813 0.0292681 0.000313146
16 Reddit_A.txt 0.0296143 0.0292476 0.000366678
17 Reddit_A.txt 0.0297567 0.0292334 0.000523278
18 Reddit_A.txt 0.029799 0.0292364 0.000562559
19 Reddit_A.txt 0.029782 0.0292194 0.000562526
20 Reddit_A.txt 0.0297423 0.0292171 0.000525208
21 Reddit_A.txt 0.0295697 0.0292121 0.000357598
22 Reddit_A.txt 0.0294516 0.0291878 0.000263804
23 Reddit_A.txt 0.0297033 0.0291886 0.000514648
24 Reddit_A.txt 0.0294233 0.0291953 0.000227995
25 Reddit_A.txt 0.0298701 0.0291944 0.000675759
26 Reddit_A.txt 0.0302328 0.029158 0.0010748
27 Reddit_A.txt 0.0299064 0.0291593 0.000747087
28 Reddit_A.txt 0.0298735 0.0291196 0.000753922
29 Reddit_A.txt 0.0300498 0.0291128 0.000937052
30 Reddit_A.txt 0.0300422 0.0290462 0.000996066
31 Reddit_A.txt 0.0300213 0.0290399 0.000981368
32 Reddit_A.txt 0.0299151 0.0290453 0.000869861
33 Reddit_A.txt 0.0297226 0.0290679 0.000654666
34 Reddit_A.txt 0.0294413 0.0290808 0.000360452
35 Reddit_A.txt 0.0294719 0.0291054 0.000366531
36 Reddit_A.txt 0.0296955 0.0291202 0.000575344
37 Reddit_A.txt 0.0294311 0.0291077 0.000323383
38 Reddit_A.txt 0.0299799 0.0291176 0.000862231
39 Reddit_A.txt 0.0300347 0.0291431 0.000891645
40 Reddit_A.txt 0.0301607 0.0291547 0.001006
41 Reddit_A.txt 0.0305835 0.0291425 0.00144101
42 Reddit_A.txt 0.030524 0.0291612 0.00136289
43 Reddit_A.txt 0.0305097 0.0291589 0.00135077
44 Reddit_A.txt 0.0304798 0.0291774 0.00130245
45 Reddit_A.txt 0.030827 0.029184 0.00164292
46 Reddit_A.txt 0.0304027 0.0291927 0.00120994
47 Reddit_A.txt 0.0307177 0.0292085 0.00150918
48 Reddit_A.txt 0.0307288 0.0291929 0.00153587
49 Reddit_A.txt 0.0303807 0.0291877 0.00119299
50 Reddit_A.txt 0.0301164 0.0291636 0.000952802
51 Reddit_A.txt 0.0299347 0.0291558 0.00077887
52 Reddit_A.txt 0.029514 0.0290881 0.000425841
53 Reddit_A.txt 0.0299939 0.0290705 0.000923379
54 Reddit_A.txt 0.030387 0.0290613 0.00132572
55 Reddit_A.txt 0.0298572 0.0290084 0.000848839
56 Reddit_A.txt 0.0296128 0.029 0.000612885
57 Reddit_A.txt 0.0296161 0.0289934 0.000622689
58 Reddit_A.txt 0.0308835 0.0289518 0.00193172
59 Reddit_A.txt 0.0299024 0.028952 0.000950437
60 Reddit_A.txt 0.0303246 0.0289334 0.00139119
61 Reddit_A.txt 0.0302429 0.0288975 0.00134546
62 Reddit_A.txt 0.029465 0.02889 0.000575044
63 Reddit_A.txt 0.0297691 0.0288448 0.000924281
64 Reddit_A.txt 0.0297658 0.0288372 0.000928627
65 Reddit_A.txt 0.0295789 0.0287925 0.00078641
66 Reddit_A.txt 0.02951 0.0287834 0.000726577
67 Reddit_A.txt 0.029394 0.0287811 0.000612893
68 Reddit_A.txt 0.0294683 0.0287192 0.000749043
69 Reddit_A.txt 0.0294525 0.0287105 0.000742047
70 Reddit_A.txt 0.0294733 0.0287049 0.000768405
71 Reddit_A.txt 0.0291079 0.0286977 0.000410161
72 Reddit_A.txt 0.0293952 0.0286346 0.000760596
73 Reddit_A.txt 0.029275 0.0286342 0.000640825
74 Reddit_A.txt 0.0301003 0.0285614 0.00153897
75 Reddit_A.txt 0.0303789 0.0284821 0.00189677
76 Reddit_A.txt 0.0291184 0.0284458 0.000672636
77 Reddit_A.txt 0.0292761 0.028434 0.000842074
78 Reddit_A.txt 0.0310232 0.0284211 0.00260213
79 Reddit_A.txt 0.0308801 0.0284199 0.00246023
80 Reddit_A.txt 0.0292077 0.0283469 0.000860853
81 Reddit_A.txt 0.0289951 0.0283477 0.000647339
82 Reddit_A.txt 0.0288852 0.0282914 0.000593778
83 Reddit_A.txt 0.0288502 0.0282808 0.000569436
84 Reddit_A.txt 0.0292427 0.0282737 0.000968995
85 Reddit_A.txt 0.0291971 0.0282394 0.000957693
86 Reddit_A.txt 0.0290914 0.0282156 0.000875763
87 Reddit_A.txt 0.0289053 0.0281447 0.000760534
88 Reddit_A.txt 0.0289641 0.0281367 0.000827364
89 Reddit_A.txt 0.0289702 0.0280649 0.000905315
90 Reddit_A.txt 0.028941 0.0280605 0.0008805
91 Reddit_A.txt 0.0291514 0.0280565 0.00109488
92 Reddit_A.txt 0.0294679 0.0279651 0.00150278
93 Reddit_A.txt 0.0292613 0.0279325 0.00132885
94 Reddit_A.txt 0.0293906 0.0279298 0.00146077
95 Reddit_A.txt 0.0295639 0.0278798 0.00168414
96 Reddit_A.txt 0.029444 0.0278682 0.00157576
97 Reddit_A.txt 0.029547 0.0278636 0.00168333
98 Reddit_A.txt 0.0297087 0.0278588 0.0018499
99 Reddit_A.txt 0.02928 0.0278436 0.00143635
100 Reddit_A.txt 0.0296176 0.0278049 0.0018127
101 Reddit_A.txt 0.0296178 0.0277966 0.00182126
102 Reddit_A.txt 0.0294869 0.0277804 0.00170651
103 Reddit_A.txt 0.0295186 0.0277549 0.00176362
104 Reddit_A.txt 0.029129 0.0277462 0.00138279
105 Reddit_A.txt 0.0293752 0.027743 0.00163214
106 Reddit_A.txt 0.0292063 0.0277006 0.00150576
107 Reddit_A.txt 0.0292212 0.0276674 0.00155376
108 Reddit_A.txt 0.0291548 0.0276615 0.00149329
109 Reddit_A.txt 0.0286403 0.0276522 0.000988105
110 Reddit_A.txt 0.0287673 0.0276363 0.00113106
111 Reddit_A.txt 0.0290265 0.027597 0.0014295
112 Reddit_A.txt 0.0287658 0.0275924 0.00117343
113 Reddit_A.txt 0.0289023 0.0275713 0.001331
114 Reddit_A.txt 0.0290444 0.0275628 0.00148162
115 Reddit_A.txt 0.028952 0.027553 0.00139902
116 Reddit_A.txt 0.0286869 0.0275411 0.00114579
117 Reddit_A.txt 0.0290147 0.0275316 0.00148312
118 Reddit_A.txt 0.0287374 0.0275271 0.00121036
119 Reddit_A.txt 0.0287038 0.0275176 0.00118618
120 Reddit_A.txt 0.0290421 0.0275188 0.00152331
121 Reddit_A.txt 0.029611 0.0275038 0.00210723
122 Reddit_A.txt 0.0299797 0.0274894 0.00249024
123 Reddit_A.txt 0.0300413 0.0274831 0.00255819
124 Reddit_A.txt 0.0286735 0.0274732 0.00120025
125 Reddit_A.txt 0.0285926 0.0274485 0.0011441
126 Reddit_A.txt 0.028973 0.0274522 0.00152076
127 Reddit_A.txt 0.0293651 0.0274356 0.00192954
128 Reddit_A.txt 0.0295265 0.0273984 0.00212811
129 Reddit_A.txt 0.0294027 0.0273555 0.00204723
130 Reddit_A.txt 0.028844 0.0273459 0.00149803
131 Reddit_A.txt 0.0283564 0.0273121 0.00104432
132 Reddit_A.txt 0.0283744 0.0273064 0.001068
133 Reddit_A.txt 0.0290228 0.0272729 0.00174993
134 Reddit_A.txt 0.0284377 0.0272646 0.00117313
135 Reddit_A.txt 0.0303041 0.0272586 0.00304556
136 Reddit_A.txt 0.029061 0.0272316 0.0018294
137 Reddit_A.txt 0.0289571 0.0271946 0.00176249
138 Reddit_A.txt 0.0286404 0.0271904 0.00145
139 Reddit_A.txt 0.0288095 0.0271787 0.00163087
140 Reddit_A.txt 0.0287963 0.0271352 0.00166111
141 Reddit_A.txt 0.0286263 0.027128 0.00149833
142 Reddit_A.txt 0.029135 0.0271192 0.00201588
143 Reddit_A.txt 0.028855 0.027099 0.00175599
144 Reddit_A.txt 0.0283319 0.0270777 0.00125421
145 Reddit_A.txt 0.0283631 0.027075 0.00128812
146 Reddit_A.txt 0.028324 0.0270238 0.00130021
147 Reddit_A.txt 0.0285646 0.0270272 0.00153748
148 Reddit_A.txt 0.0284671 0.0269859 0.00148123
149 Reddit_A.txt 0.0283378 0.0269744 0.00136342
150 Reddit_A.txt 0.0284955 0.0269381 0.00155738
151 Reddit_A.txt 0.0291402 0.026928 0.00221218
152 Reddit_A.txt 0.0283159 0.0268967 0.00141925
153 Reddit_A.txt 0.0285533 0.0268843 0.00166895
154 Reddit_A.txt 0.0282829 0.0268493 0.0014336
155 Reddit_A.txt 0.0291784 0.0268352 0.00234313
156 Reddit_A.txt 0.0289406 0.0268124 0.00212829
157 Reddit_A.txt 0.0285651 0.0268095 0.00175556
158 Reddit_A.txt 0.0282671 0.0267775 0.00148956
159 Reddit_A.txt 0.0286571 0.0267653 0.0018918
160 Reddit_A.txt 0.0283495 0.0267535 0.00159602
161 Reddit_A.txt 0.0285826 0.0267251 0.00185743
162 Reddit_A.txt 0.0288287 0.0266902 0.0021385
163 Reddit_A.txt 0.0283473 0.0266828 0.00166451
164 Reddit_A.txt 0.0281786 0.0266615 0.00151709
165 Reddit_A.txt 0.0285791 0.0266513 0.00192772
166 Reddit_A.txt 0.0286374 0.0266049 0.00203243
167 Reddit_A.txt 0.0290664 0.0265943 0.00247205
168 Reddit_A.txt 0.028435 0.0265708 0.00186423
169 Reddit_A.txt 0.028123 0.0265657 0.0015573
170 Reddit_A.txt 0.0278282 0.0265397 0.00128856
171 Reddit_A.txt 0.0285335 0.0265309 0.00200262
172 Reddit_A.txt 0.0283202 0.0265281 0.00179216
173 Reddit_A.txt 0.0283428 0.0264871 0.0018557
174 Reddit_A.txt 0.0285514 0.0264622 0.00208925
175 Reddit_A.txt 0.02875 0.0264413 0.00230873
176 Reddit_A.txt 0.0282914 0.0264112 0.00188021
177 Reddit_A.txt 0.0285664 0.0263973 0.00216912
178 Reddit_A.txt 0.0285017 0.0263845 0.00211719
179 Reddit_A.txt 0.0300834 0.0263665 0.0037169
180 Reddit_A.txt 0.0326442 0.0263591 0.0062851
181 Reddit_A.txt 0.0285086 0.0263301 0.00217847
182 Reddit_A.txt 0.0282656 0.0263232 0.0019424
183 Reddit_A.txt 0.0280605 0.0262784 0.00178209
184 Reddit_A.txt 0.0288867 0.0262697 0.00261707
185 Reddit_A.txt 0.0277917 0.0262315 0.00156018
186 Reddit_A.txt 0.0285994 0.0262196 0.00237972
187 Reddit_A.txt 0.0280539 0.026188 0.00186594
188 Reddit_A.txt 0.0291925 0.0261725 0.00301997
189 Reddit_A.txt 0.0277845 0.026129 0.00165553
190 Reddit_A.txt 0.0280962 0.0261097 0.0019865
191 Reddit_A.txt 0.028515 0.0260945 0.00242046
192 Reddit_A.txt 0.0279172 0.02609 0.00182714
193 Reddit_A.txt 0.0284032 0.0260769 0.00232626
194 Reddit_A.txt 0.0280131 0.0260426 0.00197052
195 Reddit_A.txt 0.0281443 0.0260355 0.00210877
196 Reddit_A.txt 0.0282588 0.0259913 0.00226752
197 Reddit_A.txt 0.0291681 0.0259563 0.00321177
198 Reddit_A.txt 0.0283544 0.0259514 0.00240293
199 Reddit_A.txt 0.0281204 0.02594 0.00218038
200 Reddit_A.txt 0.0282738 0.0259346 0.00233923
201 Reddit_A.txt 0.0280794 0.0258964 0.00218298
202 Reddit_A.txt 0.0279844 0.025891 0.00209334
203 Reddit_A.txt 0.0281681 0.0258625 0.00230561
204 Reddit_A.txt 0.0277747 0.0258585 0.00191613
205 Reddit_A.txt 0.0301858 0.025832 0.00435376
206 Reddit_A.txt 0.0278514 0.0258187 0.00203267
207 Reddit_A.txt 0.0276748 0.0258145 0.00186024
208 Reddit_A.txt 0.0278805 0.025801 0.00207953
209 Reddit_A.txt 0.0288467 0.0257716 0.00307519
210 Reddit_A.txt 0.0277354 0.0257625 0.00197294
211 Reddit_A.txt 0.0275136 0.0257215 0.00179204
212 Reddit_A.txt 0.0278892 0.0257014 0.00218778
213 Reddit_A.txt 0.0280282 0.0256647 0.00236352
214 Reddit_A.txt 0.0279198 0.0256586 0.00226121
215 Reddit_A.txt 0.0280666 0.0256428 0.00242372
216 Reddit_A.txt 0.0278081 0.0256303 0.00217784
217 Reddit_A.txt 0.0283229 0.0256202 0.00270265
218 Reddit_A.txt 0.0276509 0.0256178 0.00203314
219 Reddit_A.txt 0.0278976 0.0256046 0.002293
220 Reddit_A.txt 0.0283129 0.0255675 0.00274537
221 Reddit_A.txt 0.0283399 0.0255644 0.00277553
222 Reddit_A.txt 0.0311227 0.0255439 0.00557888
223 Reddit_A.txt 0.0289949 0.0255372 0.00345766
224 Reddit_A.txt 0.0279436 0.0255138 0.00242982
225 Reddit_A.txt 0.0289526 0.0254862 0.00346647
226 Reddit_A.txt 0.0278187 0.0254705 0.00234822
227 Reddit_A.txt 0.0283147 0.0254592 0.00285551
228 Reddit_A.txt 0.0282251 0.0254513 0.00277384
229 Reddit_A.txt 0.0280811 0.0254016 0.00267949
230 Reddit_A.txt 0.0301681 0.0253837 0.00478445
231 Reddit_A.txt 0.0286049 0.0253784 0.00322647
232 Reddit_A.txt 0.0272347 0.0253268 0.00190792
233 Reddit_A.txt 0.0273775 0.0253185 0.00205907
234 Reddit_A.txt 0.0283715 0.0253094 0.00306212
235 Reddit_A.txt 0.0284208 0.0252429 0.00317796
236 Reddit_A.txt 0.027628 0.0252374 0.00239063
237 Reddit_A.txt 0.0274033 0.0252195 0.00218385
238 Reddit_A.txt 0.0272758 0.0251694 0.00210639
239 Reddit_A.txt 0.0313783 0.029251 0.00212729
240 Reddit_A.txt 0.0319599 0.0292509 0.002709
241 Reddit_A.txt 0.0328838 0.029236 0.00364784
242 Reddit_A.txt 0.0321116 0.0292316 0.00288001
243 Reddit_A.txt 0.0322008 0.0292097 0.00299108
244 Reddit_A.txt 0.0315433 0.0292015 0.00234178
245 Reddit_A.txt 0.0336004 0.0291889 0.00441149
246 Reddit_A.txt 0.0318101 0.0291735 0.00263656
247 Reddit_A.txt 0.032859 0.0291612 0.00369778
248 Reddit_A.txt 0.0323071 0.0291528 0.00315434
249 Reddit_A.txt 0.0315091 0.0291401 0.00236899
250 Reddit_A.txt 0.0333335 0.0291309 0.00420259
251 Reddit_A.txt 0.0318067 0.0291159 0.00269076
252 Reddit_A.txt 0.0319257 0.0291082 0.00281748
253 Reddit_A.txt 0.0321252 0.0290949 0.00303025
254 Reddit_A.txt 0.0326926 0.0290839 0.00360873
255 Reddit_A.txt 0.0323323 0.0290726 0.0032597
256 Reddit_A.txt 0.0319034 0.0290659 0.00283755
257 Reddit_A.txt 0.0331197 0.0290921 0.00402758
258 Reddit_A.txt 0.032238 0.0291073 0.00313069
259 Reddit_A.txt 0.0318813 0.0291088 0.00277246
260 Reddit_A.txt 0.0312328 0.0290765 0.00215631
261 Reddit_A.txt 0.031875 0.0290708 0.00280419
262 Reddit_A.txt 0.0317742 0.0290608 0.0027134
263 Reddit_A.txt 0.031844 0.0290592 0.00278483
264 Reddit_A.txt 0.0317901 0.0290619 0.00272814
265 Reddit_A.txt 0.0313591 0.0290497 0.0023094
266 Reddit_A.txt 0.0317461 0.0290343 0.00271177
267 Reddit_A.txt 0.0326486 0.0290324 0.00361619
268 Reddit_A.txt 0.0329952 0.0290271 0.00396812
269 Reddit_A.txt 0.0317887 0.0290248 0.00276381
270 Reddit_A.txt 0.0334031 0.0290033 0.00439989
271 Reddit_A.txt 0.0334056 0.0290067 0.00439892
272 Reddit_A.txt 0.0311176 0.0289975 0.00212014
273 Reddit_A.txt 0.0315908 0.0289927 0.00259811
274 Reddit_A.txt 0.0312509 0.0289679 0.00228303
275 Reddit_A.txt 0.0328398 0.0289456 0.00389427
276 Reddit_A.txt 0.0322823 0.0289362 0.00334614
277 Reddit_A.txt 0.0320779 0.0289393 0.00313867
278 Reddit_A.txt 0.0320238 0.0289191 0.00310469
279 Reddit_A.txt 0.0322773 0.0289149 0.00336243
280 Reddit_A.txt 0.0333412 0.0288869 0.00445431
281 Reddit_A.txt 0.0317362 0.0288601 0.00287612
282 Reddit_A.txt 0.0322342 0.0288372 0.00339706
283 Reddit_A.txt 0.0323272 0.0288347 0.00349251
284 Reddit_A.txt 0.0336026 0.0288214 0.00478119
285 Reddit_A.txt 0.0314837 0.0288225 0.00266126
286 Reddit_A.txt 0.0316387 0.0288218 0.00281694
287 Reddit_A.txt 0.0326018 0.0287983 0.0038035
288 Reddit_A.txt 0.0323108 0.0287927 0.00351813
289 Reddit_A.txt 0.0312472 0.0287722 0.00247506
290 Reddit_A.txt 0.0314137 0.0287457 0.00266799
291 Reddit_A.txt 0.0336734 0.0287366 0.00493683
292 Reddit_A.txt 0.0328911 0.0287264 0.00416472
293 Reddit_A.txt 0.033534 0.0287191 0.0048149
294 Reddit_A.txt 0.0313075 0.0286944 0.00261308
295 Reddit_A.txt 0.0321749 0.0286886 0.00348631
296 Reddit_A.txt 0.034901 0.0286727 0.00622835
297 Reddit_A.txt 0.0316105 0.0286658 0.00294471
298 Reddit_A.txt 0.0326661 0.02865 0.00401609
299 Reddit_A.txt 0.0317153 0.0286506 0.00306471
300 Reddit_A.txt 0.0314849 0.0286407 0.00284413
301 Reddit_A.txt 0.0325686 0.0286276 0.00394096
302 Reddit_A.txt 0.0314996 0.0286197 0.00287994
303 Reddit_A.txt 0.032889 0.0286125 0.00427651
304 Reddit_A.txt 0.0313051 0.0286129 0.00269225
305 Reddit_A.txt 0.0315291 0.0286015 0.0029276
306 Reddit_A.txt 0.0309331 0.0285737 0.00235938
307 Reddit_A.txt 0.032389 0.0285685 0.00382054
308 Reddit_A.txt 0.0312785 0.0285312 0.00274729
309 Reddit_A.txt 0.0342151 0.0285163 0.00569882
310 Reddit_A.txt 0.0333874 0.0285056 0.00488181
311 Reddit_A.txt 0.0329166 0.0284729 0.00444375
312 Reddit_A.txt 0.0314947 0.0284652 0.0030295
313 Reddit_A.txt 0.0320082 0.0284235 0.00358473
314 Reddit_A.txt 0.0326031 0.0284124 0.00419069
315 Reddit_A.txt 0.0319091 0.0284037 0.00350534
316 Reddit_A.txt 0.0318723 0.0283904 0.00348189
317 Reddit_A.txt 0.0317626 0.0283815 0.0033811
318 Reddit_A.txt 0.0333565 0.0283694 0.00498707
319 Reddit_A.txt 0.0317144 0.0283576 0.00335673
320 Reddit_A.txt 0.0311828 0.0283544 0.00282843
321 Reddit_A.txt 0.0318206 0.0283329 0.00348776
322 Reddit_A.txt 0.0319175 0.0283245 0.00359304
323 Reddit_A.txt 0.0317757 0.0283261 0.00344958
324 Reddit_A.txt 0.0326876 0.0283134 0.00437415
325 Reddit_A.txt 0.0314884 0.0283133 0.00317508
326 Reddit_A.txt 0.0312794 0.0283142 0.00296514
327 Reddit_A.txt 0.0326504 0.0283045 0.00434587
328 Reddit_A.txt 0.0336507 0.0282724 0.00537833
329 Reddit_A.txt 0.0330094 0.0278204 0.00518898
330 Reddit_A.txt 0.0310756 0.0278061 0.00326957
331 Reddit_A.txt 0.0313246 0.0277925 0.00353217
332 Reddit_A.txt 0.0314078 0.0277849 0.00362297
333 Reddit_A.txt 0.0304299 0.0277749 0.00265491
334 Reddit_A.txt 0.0308983 0.0277519 0.00314636
335 Reddit_A.txt 0.0324656 0.0293219 0.00314372
336 Reddit_A.txt 0.0335423 0.0293278 0.0042145
337 Reddit_A.txt 0.0333845 0.0293123 0.00407215
338 Reddit_A.txt 0.0341376 0.0293105 0.00482716
339 Reddit_A.txt 0.031732 0.0292945 0.0024375
340 Reddit_A.txt 0.0332893 0.0292723 0.00401692
341 Reddit_A.txt 0.0329969 0.0292619 0.00373502
342 Reddit_A.txt 0.032491 0.0292472 0.00324376
343 Reddit_A.txt 0.0329939 0.0292302 0.00376367
344 Reddit_A.txt 0.0315294 0.0292169 0.00231246
345 Reddit_A.txt 0.0328384 0.0292057 0.00363276
346 Reddit_A.txt 0.0351907 0.0291891 0.00600167
347 Reddit_A.txt 0.03302 0.0291845 0.00383556
348 Reddit_A.txt 0.0330576 0.0291652 0.00389241
349 Reddit_A.txt 0.0358996 0.0291581 0.00674142
350 Reddit_A.txt 0.0323722 0.0291397 0.00323243
351 Reddit_A.txt 0.0325067 0.0291316 0.0033751
352 Reddit_A.txt 0.0320852 0.0291214 0.0029638
353 Reddit_A.txt 0.0335467 0.0291057 0.00444106
354 Reddit_A.txt 0.033601 0.0290967 0.00450431
355 Reddit_A.txt 0.0327781 0.0290885 0.00368962
356 Reddit_A.txt 0.0358167 0.029069 0.00674771
357 Reddit_A.txt 0.0361594 0.0290638 0.00709564
358 Reddit_A.txt 0.0337915 0.0290442 0.00474735
359 Reddit_A.txt 0.0323369 0.0290317 0.00330522
360 Reddit_A.txt 0.0324084 0.0290251 0.0033833
361 Reddit_A.txt 0.0336371 0.0290089 0.00462825
362 Reddit_A.txt 0.0310301 0.0289969 0.0020332
363 Reddit_A.txt 0.0328459 0.0289803 0.00386553
364 Reddit_A.txt 0.0344287 0.0289742 0.00545459
365 Reddit_A.txt 0.0333438 0.0289504 0.00439347
366 Reddit_A.txt 0.0334165 0.0289485 0.00446799
367 Reddit_A.txt 0.0330584 0.0289256 0.00413279
368 Reddit_A.txt 0.0343345 0.0289174 0.00541705
369 Reddit_A.txt 0.032325 0.0288986 0.00342635
370 Reddit_A.txt 0.0355505 0.0288898 0.00666071
371 Reddit_A.txt 0.0334107 0.0288722 0.0045385
372 Reddit_A.txt 0.032402 0.028861 0.00354098
373 Reddit_A.txt 0.035873 0.0288475 0.00702557
374 Reddit_A.txt 0.0315432 0.0288344 0.00270881
375 Reddit_A.txt 0.0328728 0.0288224 0.00405037
376 Reddit_A.txt 0.0329251 0.0288094 0.00411564
377 Reddit_A.txt 0.0329762 0.0287932 0.00418305
378 Reddit_A.txt 0.0338169 0.0287869 0.00503002
379 Reddit_A.txt 0.0324795 0.0287716 0.00370787
380 Reddit_A.txt 0.033186 0.0287601 0.00442585
381 Reddit_A.txt 0.0339294 0.0287467 0.00518279
382 Reddit_A.txt 0.0324768 0.0287276 0.00374928
383 Reddit_A.txt 0.0332201 0.0287142 0.00450593
384 Reddit_A.txt 0.0329165 0.0287012 0.00421536
385 Reddit_A.txt 0.0324052 0.0286884 0.00371681
386 Reddit_A.txt 0.0329285 0.028685 0.00424347
387 Reddit_A.txt 0.0362729 0.0286701 0.00760283
388 Reddit_A.txt 0.0356271 0.0286565 0.00697057
389 Reddit_A.txt 0.0336998 0.0286466 0.00505319
390 Reddit_A.txt 0.0333342 0.0286349 0.00469933
391 Reddit_A.txt 0.0351152 0.0286173 0.00649788
392 Reddit_A.txt 0.0318614 0.0286021 0.00325927
393 Reddit_A.txt 0.0321592 0.0285866 0.00357257
394 Reddit_A.txt 0.0326684 0.0285746 0.0040938
395 Reddit_A.txt 0.0333145 0.02857 0.0047445
396 Reddit_A.txt 0.0320073 0.0285535 0.00345373
397 Reddit_A.txt 0.0318798 0.0285361 0.0033437
398 Reddit_A.txt 0.0324977 0.0285223 0.00397541
399 Reddit_A.txt 0.0343377 0.0285165 0.00582114
400 Reddit_A.txt 0.0337266 0.028506 0.00522062
401 Reddit_A.txt 0.0337693 0.028494 0.00527531
402 Reddit_A.txt 0.0325615 0.0284836 0.00407794
403 Reddit_A.txt 0.0314101 0.0284772 0.00293293
404 Reddit_A.txt 0.0363881 0.0284699 0.00791817
405 Reddit_A.txt 0.0379295 0.02846 0.00946946
406 Reddit_A.txt 0.0347252 0.0284521 0.00627311
407 Reddit_A.txt 0.0332209 0.0284513 0.00476957
408 Reddit_A.txt 0.0328162 0.0284184 0.0043978
409 Reddit_A.txt 0.0360939 0.0284157 0.00767823
410 Reddit_A.txt 0.0333086 0.0284041 0.00490453
411 Reddit_A.txt 0.0330003 0.0283957 0.00460466
412 Reddit_A.txt 0.0344563 0.0283811 0.00607517
413 Reddit_A.txt 0.0336766 0.028366 0.00531055
414 Reddit_A.txt 0.0325497 0.0283603 0.00418942
415 Reddit_A.txt 0.0337991 0.0283453 0.00545374
416 Reddit_A.txt 0.0316304 0.028332 0.0032984
417 Reddit_A.txt 0.0321886 0.0283306 0.00385798
418 Reddit_A.txt 0.03178 0.0283192 0.00346086
419 Reddit_A.txt 0.0310877 0.0282985 0.00278916
420 Reddit_A.txt 0.0351828 0.0282924 0.00689038
421 Reddit_A.txt 0.0328328 0.0282784 0.00455441
422 Reddit_A.txt 0.0395032 0.0282639 0.0112393
423 Reddit_A.txt 0.0359105 0.0282647 0.00764585
424 Reddit_A.txt 0.032683 0.0279657 0.00471731
425 Reddit_A.txt 0.0322939 0.0279632 0.00433065
426 Reddit_A.txt 0.0317437 0.0279421 0.00380159
427 Reddit_A.txt 0.0335055 0.0279347 0.00557078
428 Reddit_A.txt 0.033179 0.0279269 0.00525208
429 Reddit_A.txt 0.0324402 0.0279175 0.00452267
430 Reddit_A.txt 0.035996 0.029147 0.00684894
431 Reddit_A.txt 0.0413621 0.0344604 0.00690175
432 Reddit_A.txt 0.038948 0.0344628 0.00448519
433 Reddit_A.txt 0.0400178 0.0344497 0.00556814
434 Reddit_A.txt 0.0383122 0.0344337 0.00387858
435 Reddit_A.txt 0.0383167 0.0344196 0.00389711
436 Reddit_A.txt 0.0387437 0.0344062 0.00433754
437 Reddit_A.txt 0.0398284 0.0343947 0.00543362
438 Reddit_A.txt 0.0409263 0.0343816 0.00654464
439 Reddit_A.txt 0.042153 0.0343732 0.00777986
440 Reddit_A.txt 0.038467 0.0343593 0.00410764
441 Reddit_A.txt 0.0381969 0.0343429 0.00385398
442 Reddit_A.txt 0.0403588 0.0343417 0.00601706
443 Reddit_A.txt 0.0386096 0.0343223 0.00428733
444 Reddit_A.txt 0.0397978 0.0343101 0.00548768
445 Reddit_A.txt 0.0414165 0.0343009 0.00711554
446 Reddit_A.txt 0.0399293 0.0343049 0.00562438
447 Reddit_A.txt 0.0428356 0.0342781 0.00855748
448 Reddit_A.txt 0.0405879 0.0342702 0.00631771
449 Reddit_A.txt 0.041257 0.0342584 0.00699857
450 Reddit_A.txt 0.0384403 0.034253 0.00418737
451 Reddit_A.txt 0.038052 0.0342485 0.00380352
452 Reddit_A.txt 0.0391833 0.0342324 0.00495092
453 Reddit_A.txt 0.0387288 0.0342226 0.00450615
454 Reddit_A.txt 0.0379968 0.0342066 0.00379019
455 Reddit_A.txt 0.0415633 0.0341993 0.00736401
456 Reddit_A.txt 0.0436373 0.034201 0.0094363
457 Reddit_A.txt 0.0401727 0.0341842 0.00598846
458 Reddit_A.txt 0.0370057 0.0341665 0.00283917
459 Reddit_A.txt 0.0399612 0.034153 0.00580823
460 Reddit_A.txt 0.0387071 0.0341451 0.00456206
461 Reddit_A.txt 0.0397915 0.0341257 0.0056658
462 Reddit_A.txt 0.0415725 0.034111 0.00746147
463 Reddit_A.txt 0.0377792 0.03411 0.0036692
464 Reddit_A.txt 0.0400342 0.0340908 0.00594341
465 Reddit_A.txt 0.0411061 0.0340835 0.00702268
466 Reddit_A.txt 0.0383171 0.0340698 0.00424732
467 Reddit_A.txt 0.0389802 0.0340528 0.00492738
468 Reddit_A.txt 0.0401153 0.0340407 0.00607466
469 Reddit_A.txt 0.04265 0.0340268 0.00862322
470 Reddit_A.txt 0.039265 0.0340218 0.00524318
471 Reddit_A.txt 0.0389113 0.0340101 0.00490117
472 Reddit_A.txt 0.0382972 0.0339956 0.00430164
473 Reddit_A.txt 0.0399856 0.0339826 0.00600308
474 Reddit_A.txt 0.0417299 0.0339726 0.00775732
475 Reddit_A.txt 0.0378665 0.033961 0.00390553
476 Reddit_A.txt 0.0424729 0.0339485 0.00852435
477 Reddit_A.txt 0.0404798 0.0339387 0.0065411
478 Reddit_A.txt 0.039702 0.033928 0.00577395
479 Reddit_A.txt 0.0399664 0.0339164 0.00604999
480 Reddit_A.txt 0.039521 0.0339016 0.00561945
481 Reddit_A.txt 0.0374655 0.0339017 0.00356379
482 Reddit_A.txt 0.0391493 0.0338761 0.00527322
483 Reddit_A.txt 0.0402507 0.0338607 0.00638997
484 Reddit_A.txt 0.0381265 0.0338517 0.00427473
485 Reddit_A.txt 0.0380428 0.0338457 0.00419705
486 Reddit_A.txt 0.0392785 0.0338297 0.00544886
487 Reddit_A.txt 0.040505 0.0338156 0.0066894
488 Reddit_A.txt 0.0412774 0.0338136 0.00746375
489 Reddit_A.txt 0.041002 0.0337929 0.00720909
490 Reddit_A.txt 0.0421103 0.0337858 0.00832443
491 Reddit_A.txt 0.0382188 0.0337698 0.00444892
492 Reddit_A.txt 0.0426677 0.0337625 0.00890527
493 Reddit_A.txt 0.0414946 0.0337455 0.00774906
494 Reddit_A.txt 0.0434956 0.0337381 0.00975743
495 Reddit_A.txt 0.0409785 0.0337167 0.00726184
496 Reddit_A.txt 0.0382109 0.0337156 0.00449529
497 Reddit_A.txt 0.0409356 0.033705 0.00723065
498 Reddit_A.txt 0.0417191 0.0336904 0.00802866
499 Reddit_A.txt 0.0382235 0.0336801 0.00454337
500 Reddit_A.txt 0.0390412 0.0336675 0.00537373
501 Reddit_A.txt 0.0381359 0.0336569 0.00447903
502 Reddit_A.txt 0.0390725 0.0336473 0.00542519
503 Reddit_A.txt 0.0383369 0.0336361 0.00470086
504 Reddit_A.txt 0.0374665 0.0336335 0.00383296
505 Reddit_A.txt 0.0398679 0.0336177 0.00625027
506 Reddit_A.txt 0.0411376 0.0336119 0.00752565
507 Reddit_A.txt 0.0403908 0.0335984 0.00679243
508 Reddit_A.txt 0.0398503 0.0335865 0.0062638
509 Reddit_A.txt 0.0410858 0.0335699 0.00751587
510 Reddit_A.txt 0.0383774 0.0335619 0.00481542
511 Reddit_A.txt 0.0414714 0.0335587 0.00791267
512 Reddit_A.txt 0.0400899 0.0335445 0.00654539
513 Reddit_A.txt 0.0441966 0.033526 0.0106706
514 Reddit_A.txt 0.0454351 0.0335135 0.0119217
515 Reddit_A.txt 0.0384841 0.0335075 0.00497661
516 Reddit_A.txt 0.0399862 0.033495 0.00649122
517 Reddit_A.txt 0.0410372 0.0334797 0.00755746
518 Reddit_A.txt 0.0399292 0.0334729 0.00645628
519 Reddit_A.txt 0.0451085 0.0334589 0.0116496
520 Reddit_A.txt 0.0394 0.0334502 0.00594983
521 Reddit_A.txt 0.0385783 0.0334276 0.00515071
522 Reddit_A.txt 0.0386456 0.0334213 0.00522437
523 Reddit_A.txt 0.042283 0.0334089 0.00887413
524 Reddit_A.txt 0.0411758 0.0334 0.00777586
525 Reddit_A.txt 0.0406394 0.0333811 0.00725827
526 Reddit_A.txt 0.0379614 0.0333776 0.00458381
527 Reddit_A.txt 0.0470607 0.0333663 0.0136944
528 Reddit_A.txt 0.0396957 0.0333785 0.00631721
529 Reddit_A.txt 0.0425224 0.0333698 0.00915261
530 Reddit_A.txt 0.0430852 0.0333551 0.00973013
531 Reddit_A.txt 0.0418526 0.0333426 0.00851006
532 Reddit_A.txt 0.0419376 0.033339 0.00859857
533 Reddit_A.txt 0.0382388 0.0333218 0.00491705
534 Reddit_A.txt 0.0381717 0.0333139 0.0048578
535 Reddit_A.txt 0.0411695 0.033297 0.00787248
536 Reddit_A.txt 0.0385369 0.0332874 0.00524945
537 Reddit_A.txt 0.0398715 0.0332701 0.00660141
538 Reddit_A.txt 0.0426584 0.033259 0.00939939
539 Reddit_A.txt 0.0390372 0.0332479 0.00578928
540 Reddit_A.txt 0.0396434 0.0332397 0.0064037
541 Reddit_A.txt 0.0389095 0.0332211 0.00568844
542 Reddit_A.txt 0.0388677 0.0332062 0.00566145
543 Reddit_A.txt 0.0401911 0.0331917 0.00699942
544 Reddit_A.txt 0.0429907 0.033181 0.0098097
545 Reddit_A.txt 0.0382981 0.0331762 0.00512191
546 Reddit_A.txt 0.040145 0.0331595 0.0069855
547 Reddit_A.txt 0.0393493 0.0331418 0.00620748
548 Reddit_A.txt 0.0402725 0.0331343 0.00713825
549 Reddit_A.txt 0.0374988 0.0331241 0.00437467
550 Reddit_A.txt 0.0402756 0.0331124 0.00716323
551 Reddit_A.txt 0.0379652 0.0330994 0.00486587
552 Reddit_A.txt 0.0379297 0.0330999 0.00482987
553 Reddit_A.txt 0.0397067 0.0330763 0.00663039
554 Reddit_A.txt 0.0418463 0.0330712 0.00877516
555 Reddit_A.txt 0.0394401 0.0330543 0.00638583
556 Reddit_A.txt 0.0391398 0.0330535 0.00608626
557 Reddit_A.txt 0.0460009 0.0330342 0.0129667
558 Reddit_A.txt 0.0374983 0.0330284 0.00446984
559 Reddit_A.txt 0.0376293 0.0330261 0.0046032
560 Reddit_A.txt 0.044713 0.0330142 0.0116988
561 Reddit_A.txt 0.046313 0.0330024 0.0133106
562 Reddit_A.txt 0.0404394 0.032996 0.00744343
563 Reddit_A.txt 0.0423528 0.0329975 0.00935529
564 Reddit_A.txt 0.0402389 0.0329803 0.0072586
565 Reddit_A.txt 0.0403682 0.0329565 0.00741167
566 Reddit_A.txt 0.039347 0.0329484 0.00639864
567 Reddit_A.txt 0.0370156 0.0329445 0.00407111
568 Reddit_A.txt 0.0377268 0.0329248 0.00480195
569 Reddit_A.txt 0.0398877 0.032904 0.00698371
570 Reddit_A.txt 0.0370288 0.0328969 0.00413191
571 Reddit_A.txt 0.0394165 0.0328895 0.00652701
572 Reddit_A.txt 0.0410589 0.0328738 0.00818509
573 Reddit_A.txt 0.0400355 0.0328646 0.00717095
574 Reddit_A.txt 0.038818 0.0328509 0.00596718
575 Reddit_A.txt 0.041862 0.0328354 0.0090266
576 Reddit_A.txt 0.0392677 0.0328258 0.00644188
577 Reddit_A.txt 0.0395185 0.0328192 0.00669932
578 Reddit_A.txt 0.0382603 0.032795 0.00546523
579 Reddit_A.txt 0.0424455 0.0331687 0.00927678
580 Reddit_A.txt 0.0390699 0.0338502 0.00521969
581 Reddit_A.txt 0.0406446 0.033858 0.0067866
582 Reddit_A.txt 0.0394853 0.0338968 0.00558851
583 Reddit_A.txt 0.0371646 0.0340234 0.00314127
584 Reddit_A.txt 0.0415165 0.034033 0.00748349
585 Reddit_A.txt 0.0401646 0.0340331 0.00613143
586 Reddit_A.txt 0.040031 0.0340081 0.00602287
587 Reddit_A.txt 0.042297 0.0340096 0.00828746
588 Reddit_A.txt 0.0405486 0.033973 0.00657559
589 Reddit_A.txt 0.0390904 0.0339702 0.00512011
590 Reddit_A.txt 0.0401976 0.0339572 0.00624037
591 Reddit_A.txt 0.0423199 0.0339512 0.00836868
592 Reddit_A.txt 0.0448218 0.0339016 0.0109201
593 Reddit_A.txt 0.0423815 0.0339042 0.00847721
594 Reddit_A.txt 0.0399048 0.0338956 0.00600913
595 Reddit_A.txt 0.0433884 0.0338944 0.00949401
596 Reddit_A.txt 0.041558 0.0338766 0.0076814
597 Reddit_A.txt 0.0404223 0.033875 0.0065473
598 Reddit_A.txt 0.039825 0.0338481 0.00597686
599 Reddit_A.txt 0.0405887 0.033843 0.00674569
600 Reddit_A.txt 0.0393948 0.034465 0.00492979
601 Reddit_A.txt 0.0409743 0.0344716 0.00650271
602 Reddit_A.txt 0.0404831 0.0344608 0.00602228
603 Reddit_A.txt 0.0401924 0.0344541 0.0057383
604 Reddit_A.txt 0.0389367 0.0344383 0.00449843
605 Reddit_A.txt 0.0412957 0.0344369 0.00685887
606 Reddit_A.txt 0.0434636 0.0344292 0.00903435
607 Reddit_A.txt 0.0437526 0.0344336 0.00931896
608 Reddit_A.txt 0.042428 0.034432 0.00799599
609 Reddit_A.txt 0.0398167 0.0344172 0.00539946
610 Reddit_A.txt 0.041005 0.0344207 0.00658421
611 Reddit_A.txt 0.0429048 0.0344104 0.00849435
612 Reddit_A.txt 0.0446267 0.0344115 0.0102151
613 Reddit_A.txt 0.0412876 0.0343999 0.00688774
614 Reddit_A.txt 0.0413935 0.0343934 0.00700009
615 Reddit_A.txt 0.0420942 0.0343847 0.0077095
616 Reddit_A.txt 0.0398389 0.0343858 0.00545306
617 Reddit_A.txt 0.0416388 0.0343635 0.00727535
618 Reddit_A.txt 0.0410643 0.0343618 0.00670251
619 Reddit_A.txt 0.0424098 0.0343461 0.00806367
620 Reddit_A.txt 0.0404379 0.0343513 0.00608659
621 Reddit_A.txt 0.0463013 0.0343331 0.0119682
622 Reddit_A.txt 0.0415934 0.0343308 0.00726256
623 Reddit_A.txt 0.041464 0.0359393 0.00552466
624 Reddit_A.txt 0.0429067 0.0359408 0.00696589
625 Reddit_A.txt 0.0404041 0.0359596 0.00444443
626 Reddit_A.txt 0.0448116 0.0359763 0.00883536
627 Reddit_A.txt 0.0454185 0.0359785 0.00943996
628 Reddit_A.txt 0.0458147 0.0359983 0.0098164
629 Reddit_A.txt 0.0434772 0.0360107 0.00746653
630 Reddit_A.txt 0.0428404 0.0360478 0.00679256
631 Reddit_A.txt 0.0416143 0.0360492 0.00556511
632 Reddit_A.txt 0.0424489 0.0360499 0.00639891
633 Reddit_A.txt 0.0431542 0.0360541 0.00710011
634 Reddit_A.txt 0.0399416 0.036058 0.00388363
635 Reddit_A.txt 0.0434266 0.0360594 0.0073672
636 Reddit_A.txt 0.0432867 0.0360599 0.00722677
637 Reddit_A.txt 0.0457185 0.0360599 0.00965864
638 Reddit_A.txt 0.0419205 0.0360646 0.00585586
639 Reddit_A.txt 0.0446029 0.0360405 0.00856238
640 Reddit_A.txt 0.0430569 0.0360079 0.00704904
641 Reddit_A.txt 0.0408385 0.0360036 0.00483482
642 Reddit_A.txt 0.0411818 0.0360027 0.0051791
643 Reddit_A.txt 0.0445697 0.0360037 0.00856605
644 Reddit_A.txt 0.0423754 0.0359718 0.00640363
645 Reddit_A.txt 0.0406959 0.0359705 0.00472541
646 Reddit_A.txt 0.0428262 0.0359652 0.00686104
647 Reddit_A.txt 0.0445114 0.035978 0.00853342
648 Reddit_A.txt 0.0467572 0.0359437 0.0108134
649 Reddit_A.txt 0.0480366 0.0359439 0.0120928
650 Reddit_A.txt 0.0419592 0.0359309 0.00602825
651 Reddit_A.txt 0.0409825 0.0359292 0.00505335
652 Reddit_A.txt 0.041021 0.0359137 0.00510733
653 Reddit_A.txt 0.0456666 0.0359107 0.00975591
654 Reddit_A.txt 0.0437256 0.0358915 0.00783409
655 Reddit_A.txt 0.0457364 0.0358937 0.00984267
656 Reddit_A.txt 0.0449384 0.0358889 0.00904949
657 Reddit_A.txt 0.0435534 0.0358642 0.00768921
658 Reddit_A.txt 0.0466564 0.0358614 0.010795
659 Reddit_A.txt 0.0472095 0.0358555 0.011354
660 Reddit_A.txt 0.0381723 0.0358228 0.00234958
661 Reddit_A.txt 0.0446769 0.0357959 0.00888104
662 Reddit_A.txt 0.0404326 0.0357987 0.00463395
663 Reddit_A.txt 0.0426131 0.0357926 0.00682054
664 Reddit_A.txt 0.0444915 0.0357668 0.00872477
665 Reddit_A.txt 0.0431711 0.0357629 0.00740824
666 Reddit_A.txt 0.0502212 0.0357599 0.0144613
667 Reddit_A.txt 0.0458094 0.0357586 0.0100508
668 Reddit_A.txt 0.0439486 0.0357309 0.00821769
669 Reddit_A.txt 0.0442632 0.0357312 0.00853207
670 Reddit_A.txt 0.0425694 0.0357257 0.00684376
671 Reddit_A.txt 0.045913 0.0357314 0.0101816
672 Reddit_A.txt 0.0462055 0.035724 0.0104814
673 Reddit_A.txt 0.0441252 0.0357219 0.00840333
674 Reddit_A.txt 0.0420537 0.0357057 0.00634806
675 Reddit_A.txt 0.0461538 0.0356991 0.0104547
676 Reddit_A.txt 0.0441542 0.0356964 0.00845782
677 Reddit_A.txt 0.0436206 0.035682 0.00793858
678 Reddit_A.txt 0.0411514 0.0356681 0.00548334
679 Reddit_A.txt 0.0481957 0.0356672 0.0125285
680 Reddit_A.txt 0.0421769 0.0356481 0.00652885
681 Reddit_A.txt 0.0420333 0.0356458 0.00638755
682 Reddit_A.txt 0.0415008 0.0356378 0.00586298
683 Reddit_A.txt 0.0475812 0.0356256 0.0119556
684 Reddit_A.txt 0.0450162 0.0355976 0.00941866
685 Reddit_A.txt 0.0446305 0.0355911 0.00903936
686 Reddit_A.txt 0.041234 0.03558 0.005654
687 Reddit_A.txt 0.0493716 0.035569 0.0138026
688 Reddit_A.txt 0.0449663 0.0355675 0.00939873
689 Reddit_A.txt 0.0439926 0.0355571 0.00843544
690 Reddit_A.txt 0.0416943 0.0355215 0.00617286
691 Reddit_A.txt 0.0432224 0.0355148 0.00770762
692 Reddit_A.txt 0.0423587 0.0354793 0.00687942
693 Reddit_A.txt 0.0468972 0.0354754 0.0114218
694 Reddit_A.txt 0.0448854 0.0354321 0.00945327
695 Reddit_A.txt 0.0468967 0.0354203 0.0114764
696 Reddit_A.txt 0.0455145 0.0354286 0.0100859
697 Reddit_A.txt 0.0431599 0.0354192 0.00774072
698 Reddit_A.txt 0.0419135 0.0354115 0.00650201
699 Reddit_A.txt 0.0423281 0.0353998 0.00692827
700 Reddit_A.txt 0.0429607 0.0353901 0.00757063
701 Reddit_A.txt 0.0430826 0.0353915 0.00769112
702 Reddit_A.txt 0.042587 0.0353701 0.00721691
703 Reddit_A.txt 0.044893 0.035355 0.00953802
704 Reddit_A.txt 0.0398082 0.0353474 0.00446075
705 Reddit_A.txt 0.0455362 0.0353382 0.010198
706 Reddit_A.txt 0.0467217 0.0353273 0.0113944
707 Reddit_A.txt 0.0451693 0.0353256 0.00984374
708 Reddit_A.txt 0.0460218 0.0352846 0.0107372
709 Reddit_A.txt 0.0466191 0.0352693 0.0113498
710 Reddit_A.txt 0.0455214 0.0352515 0.0102699
711 Reddit_A.txt 0.0502186 0.0352466 0.014972
712 Reddit_A.txt 0.0433157 0.0352394 0.00807631
713 Reddit_A.txt 0.0423351 0.0352304 0.00710472
714 Reddit_A.txt 0.0415228 0.0351786 0.00634416
715 Reddit_A.txt 0.0400624 0.0351733 0.00488911
716 Reddit_A.txt 0.0425583 0.0351558 0.0074025
717 Reddit_A.txt 0.0424585 0.0350832 0.00737523
718 Reddit_A.txt 0.0439633 0.0350112 0.00895216
719 Reddit_A.txt 0.0478859 0.0353027 0.0125832
720 Reddit_A.txt 0.0446798 0.0353072 0.00937255
721 Reddit_A.txt 0.0484092 0.0354181 0.0129911
722 Reddit_A.txt 0.0452537 0.0355096 0.00974405
723 Reddit_A.txt 0.0432132 0.0355714 0.0076418
724 Reddit_A.txt 0.0455004 0.0355807 0.0099197
725 Reddit_A.txt 0.043587 0.0356129 0.00797416
726 Reddit_A.txt 0.0477836 0.0356331 0.0121504
727 Reddit_A.txt 0.0457798 0.0356487 0.0101311
728 Reddit_A.txt 0.0436803 0.0355876 0.00809264
729 Reddit_A.txt 0.0469647 0.0355882 0.0113764
730 Reddit_A.txt 0.0443657 0.0355428 0.00882287
731 Reddit_A.txt 0.0475807 0.0355317 0.012049
732 Reddit_A.txt 0.0452713 0.0354773 0.00979401
733 Reddit_A.txt 0.0436652 0.0354729 0.00819229
734 Reddit_A.txt 0.0453557 0.0354771 0.00987859
735 Reddit_A.txt 0.0479533 0.0356719 0.0122814
736 Reddit_A.txt 0.0441989 0.0356904 0.00850847
737 Reddit_A.txt 0.0430718 0.0356885 0.00738328
738 Reddit_A.txt 0.0478718 0.0356741 0.0121977
739 Reddit_A.txt 0.047185 0.0356599 0.011525
740 Reddit_A.txt 0.0450604 0.0356582 0.0094022
741 Reddit_A.txt 0.0455462 0.035642 0.00990423
742 Reddit_A.txt 0.0462874 0.0356369 0.0106504
743 Reddit_A.txt 0.0438332 0.0356261 0.00820708
744 Reddit_A.txt 0.0437575 0.0357558 0.00800175
745 Reddit_A.txt 0.0444034 0.0357685 0.00863495
746 Reddit_A.txt 0.0452806 0.0357723 0.00950839
747 Reddit_A.txt 0.0473003 0.0357728 0.0115274
748 Reddit_A.txt 0.0436454 0.0358084 0.00783694
749 Reddit_A.txt 0.0427804 0.0358342 0.00694621
750 Reddit_A.txt 0.0474663 0.0358575 0.0116088
751 Reddit_A.txt 0.0482514 0.0358639 0.0123875
752 Reddit_A.txt 0.0459513 0.0358639 0.0100874
753 Reddit_A.txt 0.0500998 0.0358678 0.0142321
754 Reddit_A.txt 0.0936232 0.0358896 0.0577336
755 Reddit_A.txt 0.0978511 0.0359041 0.061947
756 Reddit_A.txt 0.0820965 0.0359172 0.0461793
757 Reddit_A.txt 0.0746422 0.0359349 0.0387073
758 Reddit_A.txt 0.0683365 0.0359302 0.0324063
759 Reddit_A.txt 0.0648114 0.0359379 0.0288735
760 Reddit_A.txt 0.060343 0.0359465 0.0243966
761 Reddit_A.txt 0.056694 0.0359531 0.0207409
762 Reddit_A.txt 0.0536405 0.0359729 0.0176676
763 Reddit_A.txt 0.0503959 0.0359889 0.014407
764 Reddit_A.txt 0.0474779 0.0360103 0.0114675
765 Reddit_A.txt 0.0444272 0.0360192 0.00840806
766 Reddit_A.txt 0.0413288 0.0360137 0.00531515
767 Reddit_A.txt 0.0322719 0.029411 0.00286083
TACC:  Shutdown complete. Exiting. 
