TACC:  Starting up job 10024616 
TACC:  Starting parallel tasks... 
0 Citeseer_feat_L2.txt 0.000890762 0.000889483 1.279e-06
1 Citeseer_feat_L2.txt 0.001129 0.00112802 9.86e-07
2 Citeseer_feat_L2.txt 0.00104075 0.00103993 8.21e-07
3 Citeseer_feat_L2.txt 0.00113377 0.00113276 1e-06
4 Citeseer_feat_L2.txt 0.000992047 0.000991171 8.76e-07
5 Citeseer_feat_L2.txt 0.00103647 0.00103538 1.091e-06
6 Citeseer_feat_L2.txt 0.00105345 0.00105257 8.84e-07
7 Citeseer_feat_L2.txt 0.00118053 0.00117944 1.086e-06
8 Citeseer_feat_L2.txt 0.00109415 0.00109328 8.68e-07
9 Citeseer_feat_L2.txt 0.00104616 0.00104509 1.074e-06
10 Citeseer_feat_L2.txt 0.00112191 0.00112097 9.46e-07
11 Citeseer_feat_L2.txt 0.00108721 0.00108622 9.95e-07
12 Citeseer_feat_L2.txt 0.0011492 0.00114831 8.89e-07
13 Citeseer_feat_L2.txt 0.00111794 0.00111695 9.9e-07
14 Citeseer_feat_L2.txt 0.00112712 0.00112626 8.64e-07
15 Citeseer_feat_L2.txt 0.00111825 0.00111726 9.88e-07
16 Citeseer_feat_L2.txt 0.00100127 0.00100042 8.56e-07
17 Citeseer_feat_L2.txt 0.001193 0.0011921 9.03e-07
18 Citeseer_feat_L2.txt 0.00104255 0.00104163 9.19e-07
19 Citeseer_feat_L2.txt 0.00112885 0.00112793 9.25e-07
20 Citeseer_feat_L2.txt 0.00111095 0.00111003 9.23e-07
21 Citeseer_feat_L2.txt 0.00117784 0.00117674 1.106e-06
22 Citeseer_feat_L2.txt 0.00116269 0.00116179 9.01e-07
23 Citeseer_feat_L2.txt 0.00103135 0.00103047 8.83e-07
24 Citeseer_feat_L2.txt 0.00117512 0.00117421 9.06e-07
25 Citeseer_feat_L2.txt 0.00108957 0.00108864 9.33e-07
26 Citeseer_feat_L2.txt 0.00113306 0.00113219 8.75e-07
27 Citeseer_feat_L2.txt 0.00112448 0.00112347 1.006e-06
28 Citeseer_feat_L2.txt 0.00107262 0.00107177 8.42e-07
29 Citeseer_feat_L2.txt 0.00106371 0.00106286 8.45e-07
30 Citeseer_feat_L2.txt 0.00114639 0.00114546 9.29e-07
31 Citeseer_feat_L2.txt 0.00111788 0.00111675 1.123e-06
32 Citeseer_feat_L2.txt 0.00114283 0.00114185 9.77e-07
33 Citeseer_feat_L2.txt 0.00104275 0.00104171 1.041e-06
34 Citeseer_feat_L2.txt 0.00098838 0.000987596 7.84e-07
35 Citeseer_feat_L2.txt 0.0011355 0.00113453 9.67e-07
36 Citeseer_feat_L2.txt 0.00100703 0.0010061 9.27e-07
37 Citeseer_feat_L2.txt 0.00107657 0.00107555 1.021e-06
38 Citeseer_feat_L2.txt 0.000996966 0.0009961 8.66e-07
39 Citeseer_feat_L2.txt 0.00117151 0.00117062 8.9e-07
40 Citeseer_feat_L2.txt 0.00109499 0.00109411 8.81e-07
41 Citeseer_feat_L2.txt 0.00116893 0.00116805 8.86e-07
42 Citeseer_feat_L2.txt 0.0011155 0.00111466 8.39e-07
43 Citeseer_feat_L2.txt 0.0011447 0.00114363 1.065e-06
44 Citeseer_feat_L2.txt 0.00111987 0.001119 8.73e-07
45 Citeseer_feat_L2.txt 0.00119246 0.00119156 8.95e-07
46 Citeseer_feat_L2.txt 0.0011338 0.00113298 8.15e-07
47 Citeseer_feat_L2.txt 0.00106368 0.00106266 1.018e-06
48 Citeseer_feat_L2.txt 0.000965434 0.000963821 1.613e-06
49 Citeseer_feat_L2.txt 0.00098164 0.000980252 1.388e-06
50 Citeseer_feat_L2.txt 0.00104226 0.0010412 1.064e-06
51 Citeseer_feat_L2.txt 0.00106352 0.00106233 1.183e-06
52 Citeseer_feat_L2.txt 0.000981258 0.00098026 9.98e-07
53 Citeseer_feat_L2.txt 0.00116238 0.00116118 1.2e-06
54 Citeseer_feat_L2.txt 0.00112869 0.00112776 9.28e-07
55 Citeseer_feat_L2.txt 0.00111093 0.00110975 1.181e-06
56 Citeseer_feat_L2.txt 0.00112643 0.00112545 9.75e-07
57 Citeseer_feat_L2.txt 0.00106422 0.00106302 1.195e-06
58 Citeseer_feat_L2.txt 0.00109995 0.00109885 1.102e-06
59 Citeseer_feat_L2.txt 0.00106592 0.00106467 1.244e-06
60 Citeseer_feat_L2.txt 0.00112582 0.00112482 1e-06
61 Citeseer_feat_L2.txt 0.00105338 0.00105235 1.036e-06
62 Citeseer_feat_L2.txt 0.00113435 0.00113306 1.298e-06
63 Citeseer_feat_L2.txt 0.00113263 0.00113146 1.169e-06
64 Citeseer_feat_L2.txt 0.00116126 0.00116027 9.88e-07
65 Citeseer_feat_L2.txt 0.00114377 0.00114269 1.087e-06
66 Citeseer_feat_L2.txt 0.00108894 0.00108792 1.022e-06
67 Citeseer_feat_L2.txt 0.00104451 0.00104325 1.26e-06
68 Citeseer_feat_L2.txt 0.00110553 0.00110445 1.081e-06
69 Citeseer_feat_L2.txt 0.00114378 0.00114247 1.309e-06
70 Citeseer_feat_L2.txt 0.00105455 0.00105348 1.073e-06
71 Citeseer_feat_L2.txt 0.00108064 0.00107945 1.195e-06
72 Citeseer_feat_L2.txt 0.00110117 0.00110017 1.004e-06
73 Citeseer_feat_L2.txt 0.0011347 0.00113351 1.19e-06
74 Citeseer_feat_L2.txt 0.00108188 0.00108086 1.017e-06
75 Citeseer_feat_L2.txt 0.00106671 0.00106568 1.026e-06
76 Citeseer_feat_L2.txt 0.00111664 0.00111567 9.67e-07
77 Citeseer_feat_L2.txt 0.00116791 0.00116673 1.183e-06
78 Citeseer_feat_L2.txt 0.00109619 0.00109518 1.012e-06
79 Citeseer_feat_L2.txt 0.00112819 0.00112697 1.226e-06
80 Citeseer_feat_L2.txt 0.00107298 0.0010719 1.077e-06
81 Citeseer_feat_L2.txt 0.00109139 0.0010899 1.497e-06
82 Citeseer_feat_L2.txt 0.00103107 0.00103009 9.78e-07
83 Citeseer_feat_L2.txt 0.0010693 0.00106819 1.11e-06
84 Citeseer_feat_L2.txt 0.00106956 0.0010683 1.262e-06
85 Citeseer_feat_L2.txt 0.00106901 0.00106788 1.134e-06
86 Citeseer_feat_L2.txt 0.00114782 0.00114679 1.033e-06
87 Citeseer_feat_L2.txt 0.00108598 0.00108473 1.242e-06
88 Citeseer_feat_L2.txt 0.0011363 0.00113537 9.24e-07
89 Citeseer_feat_L2.txt 0.00109021 0.00108897 1.235e-06
90 Citeseer_feat_L2.txt 0.00108078 0.00107976 1.026e-06
91 Citeseer_feat_L2.txt 0.00114427 0.00114306 1.204e-06
92 Citeseer_feat_L2.txt 0.0010519 0.00105075 1.145e-06
93 Citeseer_feat_L2.txt 0.00105049 0.00104929 1.201e-06
94 Citeseer_feat_L2.txt 0.00105101 0.00105 1.011e-06
95 Citeseer_feat_L2.txt 0.0012099 0.00120885 1.043e-06
96 Citeseer_feat_L2.txt 0.000917539 0.000916414 1.125e-06
97 Citeseer_feat_L2.txt 0.001104 0.00110306 9.34e-07
98 Citeseer_feat_L2.txt 0.00102891 0.001028 9.05e-07
99 Citeseer_feat_L2.txt 0.000977489 0.000976382 1.107e-06
100 Citeseer_feat_L2.txt 0.00111181 0.00111086 9.49e-07
101 Citeseer_feat_L2.txt 0.00103868 0.0010377 9.79e-07
102 Citeseer_feat_L2.txt 0.00112936 0.00112844 9.2e-07
103 Citeseer_feat_L2.txt 0.00111055 0.00110956 9.93e-07
104 Citeseer_feat_L2.txt 0.00103069 0.0010298 8.86e-07
105 Citeseer_feat_L2.txt 0.00114953 0.00114861 9.26e-07
106 Citeseer_feat_L2.txt 0.00109392 0.00109301 9.13e-07
107 Citeseer_feat_L2.txt 0.00109415 0.00109306 1.088e-06
108 Citeseer_feat_L2.txt 0.0011595 0.00115857 9.31e-07
109 Citeseer_feat_L2.txt 0.00106447 0.00106348 9.88e-07
110 Citeseer_feat_L2.txt 0.00119688 0.00119601 8.69e-07
111 Citeseer_feat_L2.txt 0.00106286 0.0010618 1.055e-06
112 Citeseer_feat_L2.txt 0.00113865 0.00113783 8.17e-07
113 Citeseer_feat_L2.txt 0.00104555 0.00104457 9.77e-07
114 Citeseer_feat_L2.txt 0.00111842 0.00111753 8.98e-07
115 Citeseer_feat_L2.txt 0.00113906 0.00113801 1.058e-06
116 Citeseer_feat_L2.txt 0.00119428 0.00119338 8.96e-07
117 Citeseer_feat_L2.txt 0.00110706 0.00110601 1.057e-06
118 Citeseer_feat_L2.txt 0.00121635 0.00121551 8.39e-07
119 Citeseer_feat_L2.txt 0.00102881 0.00102787 9.34e-07
120 Citeseer_feat_L2.txt 0.00109493 0.00109399 9.32e-07
121 Citeseer_feat_L2.txt 0.00100691 0.00100585 1.061e-06
122 Citeseer_feat_L2.txt 0.00105599 0.00105508 9.07e-07
123 Citeseer_feat_L2.txt 0.00116042 0.00115939 1.033e-06
124 Citeseer_feat_L2.txt 0.00100032 0.000999406 9.12e-07
125 Citeseer_feat_L2.txt 0.00108164 0.00108057 1.075e-06
126 Citeseer_feat_L2.txt 0.00102565 0.00102478 8.68e-07
127 Citeseer_feat_L2.txt 0.00109687 0.00109579 1.082e-06
128 Citeseer_feat_L2.txt 0.00112152 0.00112065 8.73e-07
129 Citeseer_feat_L2.txt 0.000968098 0.000966971 1.127e-06
130 Citeseer_feat_L2.txt 0.00111692 0.001116 9.17e-07
131 Citeseer_feat_L2.txt 0.00112603 0.00112493 1.095e-06
132 Citeseer_feat_L2.txt 0.00125612 0.00125524 8.84e-07
133 Citeseer_feat_L2.txt 0.00098888 0.000987836 1.044e-06
134 Citeseer_feat_L2.txt 0.00109648 0.00109552 9.62e-07
135 Citeseer_feat_L2.txt 0.00110959 0.00110862 9.71e-07
136 Citeseer_feat_L2.txt 0.00105161 0.0010507 9.15e-07
137 Citeseer_feat_L2.txt 0.00104036 0.00103932 1.04e-06
138 Citeseer_feat_L2.txt 0.00116111 0.00116013 9.75e-07
139 Citeseer_feat_L2.txt 0.00108887 0.00108798 8.96e-07
140 Citeseer_feat_L2.txt 0.00103157 0.00103068 8.83e-07
141 Citeseer_feat_L2.txt 0.000951801 0.000950865 9.36e-07
142 Citeseer_feat_L2.txt 0.00118736 0.00118645 9.03e-07
143 Citeseer_feat_L2.txt 0.001263 0.00126187 1.132e-06
144 Citeseer_feat_L2.txt 0.000918603 0.000917656 9.47e-07
145 Citeseer_feat_L2.txt 0.000876143 0.000875204 9.39e-07
146 Citeseer_feat_L2.txt 0.000966895 0.000966021 8.74e-07
147 Citeseer_feat_L2.txt 0.00116056 0.00115959 9.75e-07
148 Citeseer_feat_L2.txt 0.00104339 0.00104248 9.11e-07
149 Citeseer_feat_L2.txt 0.00106192 0.001061 9.2e-07
150 Citeseer_feat_L2.txt 0.00110527 0.00110443 8.43e-07
151 Citeseer_feat_L2.txt 0.000981782 0.000980831 9.51e-07
152 Citeseer_feat_L2.txt 0.000953485 0.000952705 7.8e-07
153 Citeseer_feat_L2.txt 0.00102901 0.00102814 8.75e-07
154 Citeseer_feat_L2.txt 0.00101506 0.00101423 8.24e-07
155 Citeseer_feat_L2.txt 0.00106461 0.00106357 1.037e-06
156 Citeseer_feat_L2.txt 0.0010788 0.00107785 9.54e-07
157 Citeseer_feat_L2.txt 0.000950501 0.000949581 9.2e-07
158 Citeseer_feat_L2.txt 0.000991378 0.000990511 8.67e-07
159 Citeseer_feat_L2.txt 0.00106335 0.00106244 9.02e-07
160 Citeseer_feat_L2.txt 0.000924886 0.000924104 7.82e-07
161 Citeseer_feat_L2.txt 0.000989455 0.00098858 8.75e-07
162 Citeseer_feat_L2.txt 0.00101178 0.00101094 8.36e-07
163 Citeseer_feat_L2.txt 0.00105644 0.00105542 1.026e-06
164 Citeseer_feat_L2.txt 0.00105199 0.00105107 9.24e-07
165 Citeseer_feat_L2.txt 0.000980644 0.000979542 1.102e-06
166 Citeseer_feat_L2.txt 0.00107159 0.00107069 9.04e-07
167 Citeseer_feat_L2.txt 0.00106751 0.00106646 1.047e-06
168 Citeseer_feat_L2.txt 0.00108632 0.00108537 9.52e-07
169 Citeseer_feat_L2.txt 0.00110227 0.00110129 9.79e-07
170 Citeseer_feat_L2.txt 0.000996679 0.000995811 8.68e-07
171 Citeseer_feat_L2.txt 0.00109604 0.00109497 1.061e-06
172 Citeseer_feat_L2.txt 0.00107973 0.00107881 9.22e-07
173 Citeseer_feat_L2.txt 0.000960392 0.000959439 9.53e-07
174 Citeseer_feat_L2.txt 0.00108078 0.00107992 8.68e-07
175 Citeseer_feat_L2.txt 0.00102897 0.00102787 1.106e-06
176 Citeseer_feat_L2.txt 0.000921329 0.000920433 8.96e-07
177 Citeseer_feat_L2.txt 0.00099889 0.000997816 1.074e-06
178 Citeseer_feat_L2.txt 0.00105185 0.00105097 8.78e-07
179 Citeseer_feat_L2.txt 0.00106011 0.00105908 1.03e-06
180 Citeseer_feat_L2.txt 0.00102585 0.00102498 8.7e-07
181 Citeseer_feat_L2.txt 0.00114924 0.00114834 8.99e-07
182 Citeseer_feat_L2.txt 0.00110932 0.00110843 8.92e-07
183 Citeseer_feat_L2.txt 0.00110726 0.0011063 9.6e-07
184 Citeseer_feat_L2.txt 0.000934377 0.000933471 9.06e-07
185 Citeseer_feat_L2.txt 0.00109387 0.00109286 1.011e-06
186 Citeseer_feat_L2.txt 0.00108401 0.00108307 9.41e-07
187 Citeseer_feat_L2.txt 0.00115358 0.00115248 1.093e-06
188 Citeseer_feat_L2.txt 0.00105093 0.00105005 8.73e-07
189 Citeseer_feat_L2.txt 0.00111731 0.00111634 9.66e-07
190 Citeseer_feat_L2.txt 0.00105584 0.00105499 8.44e-07
191 Citeseer_feat_L2.txt 0.00107489 0.0010739 9.87e-07
192 Citeseer_feat_L2.txt 0.0009482 0.000947085 1.115e-06
193 Citeseer_feat_L2.txt 0.000903694 0.000902659 1.035e-06
194 Citeseer_feat_L2.txt 0.000940612 0.000939777 8.35e-07
195 Citeseer_feat_L2.txt 0.000922191 0.000921109 1.082e-06
196 Citeseer_feat_L2.txt 0.00103907 0.0010381 9.64e-07
197 Citeseer_feat_L2.txt 0.00116697 0.00116607 9.05e-07
198 Citeseer_feat_L2.txt 0.00111378 0.00111293 8.45e-07
199 Citeseer_feat_L2.txt 0.00111546 0.00111442 1.04e-06
200 Citeseer_feat_L2.txt 0.00104871 0.00104782 8.91e-07
201 Citeseer_feat_L2.txt 0.000969688 0.000968776 9.12e-07
202 Citeseer_feat_L2.txt 0.00108458 0.00108367 9.11e-07
203 Citeseer_feat_L2.txt 0.00125943 0.00125843 1.007e-06
204 Citeseer_feat_L2.txt 0.00113484 0.00113385 9.92e-07
205 Citeseer_feat_L2.txt 0.00108633 0.00108519 1.133e-06
206 Citeseer_feat_L2.txt 0.00113623 0.00113533 9.06e-07
207 Citeseer_feat_L2.txt 0.00111602 0.00111494 1.082e-06
208 Citeseer_feat_L2.txt 0.00111799 0.00111705 9.4e-07
209 Citeseer_feat_L2.txt 0.00113966 0.00113866 9.98e-07
210 Citeseer_feat_L2.txt 0.00101878 0.00101788 9.04e-07
211 Citeseer_feat_L2.txt 0.00111612 0.00111517 9.49e-07
212 Citeseer_feat_L2.txt 0.00116744 0.00116651 9.22e-07
213 Citeseer_feat_L2.txt 0.00116551 0.0011646 9.17e-07
214 Citeseer_feat_L2.txt 0.00118672 0.00118578 9.35e-07
215 Citeseer_feat_L2.txt 0.00108632 0.00108527 1.05e-06
216 Citeseer_feat_L2.txt 0.00121754 0.0012166 9.31e-07
217 Citeseer_feat_L2.txt 0.00116741 0.00116641 1.001e-06
218 Citeseer_feat_L2.txt 0.00109981 0.00109881 1.002e-06
219 Citeseer_feat_L2.txt 0.00119402 0.00119305 9.66e-07
220 Citeseer_feat_L2.txt 0.00115541 0.00115452 8.94e-07
221 Citeseer_feat_L2.txt 0.00114729 0.00114638 9.06e-07
222 Citeseer_feat_L2.txt 0.0011667 0.0011658 8.99e-07
223 Citeseer_feat_L2.txt 0.00110683 0.00110576 1.066e-06
224 Citeseer_feat_L2.txt 0.00110563 0.00110467 9.62e-07
225 Citeseer_feat_L2.txt 0.00101139 0.00101036 1.037e-06
226 Citeseer_feat_L2.txt 0.00108732 0.00108647 8.51e-07
227 Citeseer_feat_L2.txt 0.00118274 0.00118175 9.91e-07
228 Citeseer_feat_L2.txt 0.00100398 0.00100298 1.004e-06
229 Citeseer_feat_L2.txt 0.00110373 0.00110266 1.072e-06
230 Citeseer_feat_L2.txt 0.00121181 0.00121088 9.3e-07
231 Citeseer_feat_L2.txt 0.00114314 0.00114205 1.087e-06
232 Citeseer_feat_L2.txt 0.00116605 0.00116515 9.05e-07
233 Citeseer_feat_L2.txt 0.00100988 0.0010088 1.073e-06
234 Citeseer_feat_L2.txt 0.000966098 0.000965287 8.11e-07
235 Citeseer_feat_L2.txt 0.0012249 0.00122378 1.118e-06
236 Citeseer_feat_L2.txt 0.00105205 0.00105115 9.01e-07
237 Citeseer_feat_L2.txt 0.00121704 0.00121605 9.93e-07
238 Citeseer_feat_L2.txt 0.00118426 0.00118336 9.05e-07
239 Citeseer_feat_L2.txt 0.00108662 0.00108556 1.059e-06
240 Citeseer_feat_L2.txt 0.000969812 0.000968644 1.168e-06
241 Citeseer_feat_L2.txt 0.00103318 0.00103227 9.11e-07
242 Citeseer_feat_L2.txt 0.00108667 0.00108569 9.88e-07
243 Citeseer_feat_L2.txt 0.000999707 0.000998635 1.072e-06
244 Citeseer_feat_L2.txt 0.00107222 0.00107133 8.94e-07
245 Citeseer_feat_L2.txt 0.00104308 0.00104204 1.043e-06
246 Citeseer_feat_L2.txt 0.00111707 0.00111621 8.61e-07
247 Citeseer_feat_L2.txt 0.00100467 0.00100359 1.08e-06
248 Citeseer_feat_L2.txt 0.00102394 0.00102298 9.52e-07
249 Citeseer_feat_L2.txt 0.00105378 0.00105284 9.38e-07
250 Citeseer_feat_L2.txt 0.001051 0.00105013 8.65e-07
251 Citeseer_feat_L2.txt 0.00100512 0.00100406 1.066e-06
252 Citeseer_feat_L2.txt 0.00106163 0.00106076 8.7e-07
253 Citeseer_feat_L2.txt 0.00108802 0.00108707 9.5e-07
254 Citeseer_feat_L2.txt 0.00099399 0.00099294 1.05e-06
255 Citeseer_feat_L2.txt 0.00104738 0.00104646 9.19e-07
256 Citeseer_feat_L2.txt 0.00108036 0.0010795 8.6e-07
257 Citeseer_feat_L2.txt 0.000994663 0.000993788 8.75e-07
258 Citeseer_feat_L2.txt 0.0010545 0.00105359 9.13e-07
259 Citeseer_feat_L2.txt 0.00107034 0.00106939 9.45e-07
260 Citeseer_feat_L2.txt 0.00100896 0.00100787 1.09e-06
261 Citeseer_feat_L2.txt 0.00111396 0.0011129 1.059e-06
262 Citeseer_feat_L2.txt 0.00107786 0.00107697 8.86e-07
263 Citeseer_feat_L2.txt 0.00119098 0.00119005 9.36e-07
264 Citeseer_feat_L2.txt 0.00109553 0.00109455 9.79e-07
265 Citeseer_feat_L2.txt 0.00111111 0.00111007 1.033e-06
266 Citeseer_feat_L2.txt 0.00125737 0.00125648 8.9e-07
267 Citeseer_feat_L2.txt 0.00118332 0.00118219 1.131e-06
268 Citeseer_feat_L2.txt 0.00108996 0.00108916 7.97e-07
269 Citeseer_feat_L2.txt 0.00107216 0.00107114 1.02e-06
270 Citeseer_feat_L2.txt 0.00116153 0.00116065 8.8e-07
271 Citeseer_feat_L2.txt 0.00111542 0.00111449 9.36e-07
272 Citeseer_feat_L2.txt 0.00105865 0.00105783 8.15e-07
273 Citeseer_feat_L2.txt 0.0010987 0.00109778 9.24e-07
274 Citeseer_feat_L2.txt 0.00111274 0.00111185 8.88e-07
275 Citeseer_feat_L2.txt 0.00111934 0.00111847 8.77e-07
276 Citeseer_feat_L2.txt 0.00102188 0.00102102 8.6e-07
277 Citeseer_feat_L2.txt 0.00104626 0.00104533 9.37e-07
278 Citeseer_feat_L2.txt 0.00108567 0.00108478 8.88e-07
279 Citeseer_feat_L2.txt 0.00110774 0.0011068 9.37e-07
280 Citeseer_feat_L2.txt 0.00114366 0.00114268 9.77e-07
281 Citeseer_feat_L2.txt 0.0011214 0.00112037 1.032e-06
282 Citeseer_feat_L2.txt 0.00113617 0.00113529 8.78e-07
283 Citeseer_feat_L2.txt 0.0011589 0.00115784 1.055e-06
284 Citeseer_feat_L2.txt 0.00113505 0.00113415 9e-07
285 Citeseer_feat_L2.txt 0.00112492 0.00112388 1.037e-06
286 Citeseer_feat_L2.txt 0.00101442 0.00101352 9.01e-07
287 Citeseer_feat_L2.txt 0.00110218 0.00110125 9.26e-07
288 Citeseer_feat_L2.txt 0.000838648 0.000837349 1.299e-06
289 Citeseer_feat_L2.txt 0.00115931 0.00115844 8.62e-07
290 Citeseer_feat_L2.txt 0.00111392 0.00111308 8.36e-07
291 Citeseer_feat_L2.txt 0.000957639 0.000956646 9.93e-07
292 Citeseer_feat_L2.txt 0.0010426 0.00104175 8.56e-07
293 Citeseer_feat_L2.txt 0.0010681 0.00106706 1.045e-06
294 Citeseer_feat_L2.txt 0.00122852 0.00122763 8.95e-07
295 Citeseer_feat_L2.txt 0.0013095 0.00130854 9.6e-07
296 Citeseer_feat_L2.txt 0.000959424 0.000958421 1.003e-06
297 Citeseer_feat_L2.txt 0.00116492 0.00116398 9.37e-07
298 Citeseer_feat_L2.txt 0.0010998 0.00109894 8.58e-07
299 Citeseer_feat_L2.txt 0.00102978 0.00102891 8.65e-07
300 Citeseer_feat_L2.txt 0.00101315 0.00101217 9.78e-07
301 Citeseer_feat_L2.txt 0.00114983 0.00114887 9.59e-07
302 Citeseer_feat_L2.txt 0.00109014 0.00108929 8.51e-07
303 Citeseer_feat_L2.txt 0.0011528 0.00115178 1.018e-06
304 Citeseer_feat_L2.txt 0.00104867 0.00104784 8.36e-07
305 Citeseer_feat_L2.txt 0.00101903 0.00101813 9.03e-07
306 Citeseer_feat_L2.txt 0.00111347 0.00111251 9.58e-07
307 Citeseer_feat_L2.txt 0.00117876 0.00117196 6.806e-06
308 Citeseer_feat_L2.txt 0.00119529 0.00119434 9.58e-07
309 Citeseer_feat_L2.txt 0.00100923 0.0010083 9.23e-07
310 Citeseer_feat_L2.txt 0.00122695 0.00122613 8.2e-07
311 Citeseer_feat_L2.txt 0.00106193 0.00106098 9.48e-07
312 Citeseer_feat_L2.txt 0.00100581 0.00100487 9.32e-07
313 Citeseer_feat_L2.txt 0.000894504 0.000893535 9.69e-07
314 Citeseer_feat_L2.txt 0.00128413 0.00128329 8.37e-07
315 Citeseer_feat_L2.txt 0.00107721 0.00107618 1.035e-06
316 Citeseer_feat_L2.txt 0.00113031 0.00112946 8.57e-07
317 Citeseer_feat_L2.txt 0.000955937 0.000955053 8.84e-07
318 Citeseer_feat_L2.txt 0.0010145 0.00101365 8.52e-07
319 Citeseer_feat_L2.txt 0.000988054 0.000987172 8.82e-07
320 Citeseer_feat_L2.txt 0.000952563 0.00095168 8.83e-07
321 Citeseer_feat_L2.txt 0.00120633 0.00120497 1.361e-06
322 Citeseer_feat_L2.txt 0.00112411 0.00112328 8.34e-07
323 Citeseer_feat_L2.txt 0.00110724 0.00110621 1.029e-06
324 Citeseer_feat_L2.txt 0.000998652 0.00099776 8.92e-07
325 Citeseer_feat_L2.txt 0.00106715 0.00106612 1.023e-06
326 Citeseer_feat_L2.txt 0.0011855 0.00118465 8.48e-07
327 Citeseer_feat_L2.txt 0.00104369 0.00104276 9.35e-07
328 Citeseer_feat_L2.txt 0.00109308 0.00109216 9.23e-07
329 Citeseer_feat_L2.txt 0.00117768 0.00117676 9.22e-07
330 Citeseer_feat_L2.txt 0.00109051 0.00108968 8.3e-07
331 Citeseer_feat_L2.txt 0.00118963 0.0011886 1.022e-06
332 Citeseer_feat_L2.txt 0.00113972 0.00113875 9.67e-07
333 Citeseer_feat_L2.txt 0.00102991 0.00102899 9.21e-07
334 Citeseer_feat_L2.txt 0.00122508 0.00122412 9.56e-07
335 Citeseer_feat_L2.txt 0.00105831 0.00105728 1.033e-06
336 Citeseer_feat_L2.txt 0.000772808 0.000771626 1.182e-06
337 Citeseer_feat_L2.txt 0.00100296 0.00100201 9.47e-07
338 Citeseer_feat_L2.txt 0.00084905 0.000848098 9.52e-07
339 Citeseer_feat_L2.txt 0.00112347 0.00112237 1.096e-06
340 Citeseer_feat_L2.txt 0.00107772 0.00107673 9.89e-07
341 Citeseer_feat_L2.txt 0.000989831 0.000988936 8.95e-07
342 Citeseer_feat_L2.txt 0.000930211 0.000929285 9.26e-07
343 Citeseer_feat_L2.txt 0.000936293 0.000935366 9.27e-07
344 Citeseer_feat_L2.txt 0.000813257 0.000812248 1.009e-06
345 Citeseer_feat_L2.txt 0.00085039 0.000849387 1.003e-06
346 Citeseer_feat_L2.txt 0.00115545 0.00115457 8.8e-07
347 Citeseer_feat_L2.txt 0.000975461 0.000974579 8.82e-07
348 Citeseer_feat_L2.txt 0.000989158 0.000988268 8.9e-07
349 Citeseer_feat_L2.txt 0.000978556 0.000977528 1.028e-06
350 Citeseer_feat_L2.txt 0.000896451 0.000895545 9.06e-07
351 Citeseer_feat_L2.txt 0.000959077 0.000958048 1.029e-06
352 Citeseer_feat_L2.txt 0.0010422 0.00104136 8.48e-07
353 Citeseer_feat_L2.txt 0.00115854 0.00115753 1.012e-06
354 Citeseer_feat_L2.txt 0.00107467 0.00107372 9.52e-07
355 Citeseer_feat_L2.txt 0.0011111 0.00111021 8.88e-07
356 Citeseer_feat_L2.txt 0.000967423 0.000966567 8.56e-07
357 Citeseer_feat_L2.txt 0.00115065 0.0011497 9.51e-07
358 Citeseer_feat_L2.txt 0.00109325 0.00109238 8.74e-07
359 Citeseer_feat_L2.txt 0.000940581 0.000939666 9.15e-07
360 Citeseer_feat_L2.txt 0.00092733 0.000926333 9.97e-07
361 Citeseer_feat_L2.txt 0.00105023 0.00104932 9.12e-07
362 Citeseer_feat_L2.txt 0.00107756 0.00107668 8.83e-07
363 Citeseer_feat_L2.txt 0.00115432 0.00114302 1.1298e-05
364 Citeseer_feat_L2.txt 0.00106367 0.00106277 8.92e-07
365 Citeseer_feat_L2.txt 0.000990159 0.000989095 1.064e-06
366 Citeseer_feat_L2.txt 0.00106734 0.00106645 8.9e-07
367 Citeseer_feat_L2.txt 0.000999036 0.000997916 1.12e-06
368 Citeseer_feat_L2.txt 0.000959159 0.000958313 8.46e-07
369 Citeseer_feat_L2.txt 0.000996551 0.000995499 1.052e-06
370 Citeseer_feat_L2.txt 0.000983357 0.000982492 8.65e-07
371 Citeseer_feat_L2.txt 0.00111881 0.00111785 9.55e-07
372 Citeseer_feat_L2.txt 0.00100278 0.00100186 9.28e-07
373 Citeseer_feat_L2.txt 0.00101698 0.0010159 1.075e-06
374 Citeseer_feat_L2.txt 0.000959354 0.000958467 8.87e-07
375 Citeseer_feat_L2.txt 0.00108117 0.00108016 1.003e-06
376 Citeseer_feat_L2.txt 0.00104078 0.00103985 9.22e-07
377 Citeseer_feat_L2.txt 0.000923223 0.000922171 1.052e-06
378 Citeseer_feat_L2.txt 0.00101444 0.00101356 8.87e-07
379 Citeseer_feat_L2.txt 0.00105146 0.0010505 9.62e-07
380 Citeseer_feat_L2.txt 0.00107423 0.00107335 8.73e-07
381 Citeseer_feat_L2.txt 0.00109082 0.00108975 1.071e-06
382 Citeseer_feat_L2.txt 0.000995705 0.000994836 8.69e-07
383 Citeseer_feat_L2.txt 0.00103198 0.0010311 8.82e-07
384 Citeseer_feat_L2.txt 0.000932819 0.000931763 1.056e-06
385 Citeseer_feat_L2.txt 0.000984739 0.000983833 9.06e-07
386 Citeseer_feat_L2.txt 0.00103797 0.00103709 8.88e-07
387 Citeseer_feat_L2.txt 0.00106309 0.00106208 1.013e-06
388 Citeseer_feat_L2.txt 0.000997465 0.000996575 8.9e-07
389 Citeseer_feat_L2.txt 0.00103668 0.00103559 1.098e-06
390 Citeseer_feat_L2.txt 0.00104602 0.00104514 8.8e-07
391 Citeseer_feat_L2.txt 0.001005 0.00100393 1.064e-06
392 Citeseer_feat_L2.txt 0.00111919 0.00111826 9.3e-07
393 Citeseer_feat_L2.txt 0.000893715 0.000892667 1.048e-06
394 Citeseer_feat_L2.txt 0.00117803 0.00117718 8.45e-07
395 Citeseer_feat_L2.txt 0.00110685 0.00110592 9.35e-07
396 Citeseer_feat_L2.txt 0.00111916 0.00111823 9.28e-07
397 Citeseer_feat_L2.txt 0.00119473 0.0011937 1.034e-06
398 Citeseer_feat_L2.txt 0.000963251 0.000962292 9.59e-07
399 Citeseer_feat_L2.txt 0.00107874 0.00107771 1.032e-06
400 Citeseer_feat_L2.txt 0.000992551 0.000991662 8.89e-07
401 Citeseer_feat_L2.txt 0.00109561 0.00109452 1.082e-06
402 Citeseer_feat_L2.txt 0.000982587 0.000981726 8.61e-07
403 Citeseer_feat_L2.txt 0.000891528 0.000890589 9.39e-07
404 Citeseer_feat_L2.txt 0.00100784 0.00100693 9.08e-07
405 Citeseer_feat_L2.txt 0.00108762 0.00108661 1.005e-06
406 Citeseer_feat_L2.txt 0.000968034 0.000967146 8.88e-07
407 Citeseer_feat_L2.txt 0.0011265 0.00112551 9.83e-07
408 Citeseer_feat_L2.txt 0.00100102 0.00100007 9.42e-07
409 Citeseer_feat_L2.txt 0.00102742 0.00102637 1.048e-06
410 Citeseer_feat_L2.txt 0.00116788 0.00116696 9.18e-07
411 Citeseer_feat_L2.txt 0.000973537 0.000972496 1.041e-06
412 Citeseer_feat_L2.txt 0.000989119 0.000988251 8.68e-07
413 Citeseer_feat_L2.txt 0.00113467 0.00113356 1.114e-06
414 Citeseer_feat_L2.txt 0.000943376 0.000942529 8.47e-07
415 Citeseer_feat_L2.txt 0.0011305 0.00112941 1.086e-06
416 Citeseer_feat_L2.txt 0.00102019 0.0010192 9.89e-07
417 Citeseer_feat_L2.txt 0.00117519 0.00117417 1.023e-06
418 Citeseer_feat_L2.txt 0.000998054 0.000997156 8.98e-07
419 Citeseer_feat_L2.txt 0.0011366 0.00113564 9.54e-07
420 Citeseer_feat_L2.txt 0.00101796 0.00101705 9.08e-07
421 Citeseer_feat_L2.txt 0.00109428 0.00109317 1.112e-06
422 Citeseer_feat_L2.txt 0.00113901 0.00113817 8.48e-07
423 Citeseer_feat_L2.txt 0.00093512 0.00093405 1.07e-06
424 Citeseer_feat_L2.txt 0.000977706 0.00097674 9.66e-07
425 Citeseer_feat_L2.txt 0.000990634 0.000989583 1.051e-06
426 Citeseer_feat_L2.txt 0.00103473 0.00103384 8.83e-07
427 Citeseer_feat_L2.txt 0.000991693 0.00099081 8.83e-07
428 Citeseer_feat_L2.txt 0.0011161 0.00111518 9.19e-07
429 Citeseer_feat_L2.txt 0.000942238 0.000941188 1.05e-06
430 Citeseer_feat_L2.txt 0.00100669 0.00100568 1.008e-06
431 Citeseer_feat_L2.txt 0.00103183 0.00103095 8.8e-07
432 Citeseer_feat_L2.txt 0.00103459 0.00103345 1.135e-06
433 Citeseer_feat_L2.txt 0.00118656 0.00118562 9.47e-07
434 Citeseer_feat_L2.txt 0.00102143 0.00102057 8.55e-07
435 Citeseer_feat_L2.txt 0.00103443 0.00103336 1.069e-06
436 Citeseer_feat_L2.txt 0.00102879 0.00102778 1.011e-06
437 Citeseer_feat_L2.txt 0.00115583 0.0011548 1.024e-06
438 Citeseer_feat_L2.txt 0.00109163 0.00109066 9.71e-07
439 Citeseer_feat_L2.txt 0.00109 0.00108893 1.071e-06
440 Citeseer_feat_L2.txt 0.00113064 0.00112973 9.07e-07
441 Citeseer_feat_L2.txt 0.00115711 0.00115611 9.94e-07
442 Citeseer_feat_L2.txt 0.00104912 0.00104818 9.41e-07
443 Citeseer_feat_L2.txt 0.000961077 0.000960044 1.033e-06
444 Citeseer_feat_L2.txt 0.000971198 0.000970188 1.01e-06
445 Citeseer_feat_L2.txt 0.00120934 0.00120826 1.082e-06
446 Citeseer_feat_L2.txt 0.00116839 0.00116754 8.52e-07
447 Citeseer_feat_L2.txt 0.00107401 0.00107311 8.91e-07
448 Citeseer_feat_L2.txt 0.000989608 0.000988563 1.045e-06
449 Citeseer_feat_L2.txt 0.00108378 0.00108277 1.016e-06
450 Citeseer_feat_L2.txt 0.00112073 0.00111983 9.02e-07
451 Citeseer_feat_L2.txt 0.000951861 0.000950847 1.014e-06
452 Citeseer_feat_L2.txt 0.00103219 0.00103124 9.5e-07
453 Citeseer_feat_L2.txt 0.00117288 0.00117183 1.055e-06
454 Citeseer_feat_L2.txt 0.00109089 0.00109 8.88e-07
455 Citeseer_feat_L2.txt 0.00105846 0.00105735 1.108e-06
456 Citeseer_feat_L2.txt 0.00114194 0.00114102 9.22e-07
457 Citeseer_feat_L2.txt 0.00114516 0.0011441 1.067e-06
458 Citeseer_feat_L2.txt 0.00109487 0.001094 8.73e-07
459 Citeseer_feat_L2.txt 0.00112869 0.00112773 9.63e-07
460 Citeseer_feat_L2.txt 0.00102677 0.00102587 8.99e-07
461 Citeseer_feat_L2.txt 0.00114877 0.0011477 1.073e-06
462 Citeseer_feat_L2.txt 0.00107113 0.00107017 9.57e-07
463 Citeseer_feat_L2.txt 0.00115956 0.00115853 1.031e-06
464 Citeseer_feat_L2.txt 0.00102222 0.00102138 8.45e-07
465 Citeseer_feat_L2.txt 0.00113211 0.00113107 1.038e-06
466 Citeseer_feat_L2.txt 0.00115842 0.00115751 9.08e-07
467 Citeseer_feat_L2.txt 0.00116249 0.0011615 9.89e-07
468 Citeseer_feat_L2.txt 0.00103322 0.00103225 9.64e-07
469 Citeseer_feat_L2.txt 0.00108132 0.00108028 1.048e-06
470 Citeseer_feat_L2.txt 0.00106761 0.00106665 9.59e-07
471 Citeseer_feat_L2.txt 0.00113368 0.00113261 1.075e-06
472 Citeseer_feat_L2.txt 0.00108479 0.00108393 8.61e-07
473 Citeseer_feat_L2.txt 0.00102815 0.00102707 1.082e-06
474 Citeseer_feat_L2.txt 0.00111706 0.00111618 8.82e-07
475 Citeseer_feat_L2.txt 0.00113643 0.00113553 8.97e-07
476 Citeseer_feat_L2.txt 0.00113278 0.0011319 8.78e-07
477 Citeseer_feat_L2.txt 0.00113075 0.00112988 8.7e-07
478 Citeseer_feat_L2.txt 0.00100686 0.00100585 1.014e-06
479 Citeseer_feat_L2.txt 0.0010855 0.00108441 1.093e-06
480 Citeseer_feat_L2.txt 0.000913792 0.000912648 1.144e-06
481 Citeseer_feat_L2.txt 0.000981192 0.000980272 9.2e-07
482 Citeseer_feat_L2.txt 0.00113012 0.00112913 9.83e-07
483 Citeseer_feat_L2.txt 0.00114757 0.00114665 9.16e-07
484 Citeseer_feat_L2.txt 0.00101466 0.00101382 8.41e-07
485 Citeseer_feat_L2.txt 0.00112312 0.00112224 8.77e-07
486 Citeseer_feat_L2.txt 0.00111559 0.00111461 9.88e-07
487 Citeseer_feat_L2.txt 0.00104575 0.00104484 9.14e-07
488 Citeseer_feat_L2.txt 0.0011131 0.00111226 8.37e-07
489 Citeseer_feat_L2.txt 0.00104974 0.00104887 8.68e-07
490 Citeseer_feat_L2.txt 0.00110881 0.00110797 8.44e-07
491 Citeseer_feat_L2.txt 0.00104437 0.00104346 9.15e-07
492 Citeseer_feat_L2.txt 0.00113943 0.00113853 8.91e-07
493 Citeseer_feat_L2.txt 0.00107769 0.00107675 9.4e-07
494 Citeseer_feat_L2.txt 0.00122725 0.00122641 8.41e-07
495 Citeseer_feat_L2.txt 0.00113196 0.00113097 9.86e-07
496 Citeseer_feat_L2.txt 0.00108259 0.00108175 8.36e-07
497 Citeseer_feat_L2.txt 0.00122764 0.00122655 1.089e-06
498 Citeseer_feat_L2.txt 0.0010444 0.00104362 7.87e-07
499 Citeseer_feat_L2.txt 0.00114105 0.00114013 9.21e-07
500 Citeseer_feat_L2.txt 0.00114063 0.00113968 9.48e-07
501 Citeseer_feat_L2.txt 0.00116405 0.0011631 9.45e-07
502 Citeseer_feat_L2.txt 0.00119844 0.00119748 9.6e-07
503 Citeseer_feat_L2.txt 0.00118747 0.00118638 1.093e-06
504 Citeseer_feat_L2.txt 0.00102725 0.00102632 9.22e-07
505 Citeseer_feat_L2.txt 0.00111674 0.00111582 9.11e-07
506 Citeseer_feat_L2.txt 0.0010473 0.00104625 1.053e-06
507 Citeseer_feat_L2.txt 0.00103791 0.0010369 1.011e-06
508 Citeseer_feat_L2.txt 0.00111249 0.00111166 8.38e-07
509 Citeseer_feat_L2.txt 0.00112949 0.00112852 9.76e-07
510 Citeseer_feat_L2.txt 0.00112298 0.00112209 8.92e-07
511 Citeseer_feat_L2.txt 0.00104281 0.00104181 9.95e-07
512 Citeseer_feat_L2.txt 0.00103236 0.00103143 9.31e-07
513 Citeseer_feat_L2.txt 0.00106285 0.00106192 9.3e-07
514 Citeseer_feat_L2.txt 0.00107432 0.00107339 9.34e-07
515 Citeseer_feat_L2.txt 0.00102354 0.00102245 1.099e-06
516 Citeseer_feat_L2.txt 0.00103217 0.00103119 9.84e-07
517 Citeseer_feat_L2.txt 0.00102674 0.0010257 1.038e-06
518 Citeseer_feat_L2.txt 0.000957419 0.000956555 8.64e-07
519 Citeseer_feat_L2.txt 0.00108434 0.00108347 8.61e-07
520 Citeseer_feat_L2.txt 0.0010348 0.00103394 8.57e-07
521 Citeseer_feat_L2.txt 0.00114917 0.00114811 1.067e-06
522 Citeseer_feat_L2.txt 0.00102307 0.00102218 8.93e-07
523 Citeseer_feat_L2.txt 0.00101425 0.00101337 8.81e-07
524 Citeseer_feat_L2.txt 0.00107478 0.00107386 9.23e-07
525 Citeseer_feat_L2.txt 0.00102341 0.00102251 8.97e-07
526 Citeseer_feat_L2.txt 0.00104349 0.00104255 9.42e-07
527 Citeseer_feat_L2.txt 0.00101236 0.00101144 9.17e-07
528 Citeseer_feat_L2.txt 0.000941397 0.000940401 9.96e-07
529 Citeseer_feat_L2.txt 0.000944605 0.000943669 9.36e-07
530 Citeseer_feat_L2.txt 0.000968351 0.000967296 1.055e-06
531 Citeseer_feat_L2.txt 0.00105845 0.0010574 1.045e-06
532 Citeseer_feat_L2.txt 0.00103352 0.00103257 9.4e-07
533 Citeseer_feat_L2.txt 0.00100575 0.00100485 9.05e-07
534 Citeseer_feat_L2.txt 0.00108753 0.00108657 9.62e-07
535 Citeseer_feat_L2.txt 0.000965524 0.000964551 9.73e-07
536 Citeseer_feat_L2.txt 0.00105206 0.00105114 9.2e-07
537 Citeseer_feat_L2.txt 0.000955775 0.000954865 9.1e-07
538 Citeseer_feat_L2.txt 0.000987114 0.000986133 9.81e-07
539 Citeseer_feat_L2.txt 0.000977548 0.000976527 1.021e-06
540 Citeseer_feat_L2.txt 0.00107874 0.0010778 9.35e-07
541 Citeseer_feat_L2.txt 0.00114742 0.00114646 9.63e-07
542 Citeseer_feat_L2.txt 0.000999577 0.000998621 9.56e-07
543 Citeseer_feat_L2.txt 0.000994324 0.000993371 9.53e-07
544 Citeseer_feat_L2.txt 0.000928159 0.000927236 9.23e-07
545 Citeseer_feat_L2.txt 0.00102064 0.00101968 9.51e-07
546 Citeseer_feat_L2.txt 0.000927109 0.000926079 1.03e-06
547 Citeseer_feat_L2.txt 0.000919491 0.000918502 9.89e-07
548 Citeseer_feat_L2.txt 0.00110048 0.00109955 9.37e-07
549 Citeseer_feat_L2.txt 0.000968931 0.000967886 1.045e-06
550 Citeseer_feat_L2.txt 0.000990755 0.000989842 9.13e-07
551 Citeseer_feat_L2.txt 0.001031 0.00103 1.005e-06
552 Citeseer_feat_L2.txt 0.00104557 0.0010446 9.67e-07
553 Citeseer_feat_L2.txt 0.00112219 0.00112108 1.109e-06
554 Citeseer_feat_L2.txt 0.000913395 0.000912483 9.12e-07
555 Citeseer_feat_L2.txt 0.00105726 0.00105635 9.13e-07
556 Citeseer_feat_L2.txt 0.00104589 0.00104491 9.83e-07
557 Citeseer_feat_L2.txt 0.00102871 0.00102771 1.007e-06
558 Citeseer_feat_L2.txt 0.00105673 0.00105581 9.2e-07
559 Citeseer_feat_L2.txt 0.00105618 0.00105512 1.059e-06
560 Citeseer_feat_L2.txt 0.000954794 0.00095377 1.024e-06
561 Citeseer_feat_L2.txt 0.0009588 0.0009578 1e-06
562 Citeseer_feat_L2.txt 0.00101752 0.0010166 9.19e-07
563 Citeseer_feat_L2.txt 0.00100685 0.00100594 9.12e-07
564 Citeseer_feat_L2.txt 0.00106333 0.00106238 9.5e-07
565 Citeseer_feat_L2.txt 0.0009703 0.00096936 9.4e-07
566 Citeseer_feat_L2.txt 0.00111346 0.00111257 8.91e-07
567 Citeseer_feat_L2.txt 0.00113187 0.00113097 9.09e-07
568 Citeseer_feat_L2.txt 0.000974885 0.000973915 9.7e-07
569 Citeseer_feat_L2.txt 0.00111977 0.00111886 9.08e-07
570 Citeseer_feat_L2.txt 0.00104112 0.00104017 9.49e-07
571 Citeseer_feat_L2.txt 0.00114698 0.00114585 1.127e-06
572 Citeseer_feat_L2.txt 0.00112628 0.00112535 9.28e-07
573 Citeseer_feat_L2.txt 0.00105832 0.00105732 1.006e-06
574 Citeseer_feat_L2.txt 0.00107555 0.00107461 9.35e-07
575 Citeseer_feat_L2.txt 0.00106926 0.00106837 8.94e-07
576 Citeseer_feat_L2.txt 0.00103446 0.00103326 1.205e-06
577 Citeseer_feat_L2.txt 0.000957358 0.000956313 1.045e-06
578 Citeseer_feat_L2.txt 0.00109472 0.00109377 9.55e-07
579 Citeseer_feat_L2.txt 0.00111782 0.00111686 9.61e-07
580 Citeseer_feat_L2.txt 0.000980776 0.000979863 9.13e-07
581 Citeseer_feat_L2.txt 0.00122879 0.00122775 1.037e-06
582 Citeseer_feat_L2.txt 0.00106921 0.00106818 1.024e-06
583 Citeseer_feat_L2.txt 0.00110042 0.00109953 8.93e-07
584 Citeseer_feat_L2.txt 0.00104383 0.00104281 1.021e-06
585 Citeseer_feat_L2.txt 0.0010287 0.00102781 8.83e-07
586 Citeseer_feat_L2.txt 0.00111534 0.00111447 8.74e-07
587 Citeseer_feat_L2.txt 0.00108773 0.00108665 1.085e-06
588 Citeseer_feat_L2.txt 0.00114626 0.00114529 9.7e-07
589 Citeseer_feat_L2.txt 0.00106134 0.00106039 9.48e-07
590 Citeseer_feat_L2.txt 0.00111116 0.00111024 9.21e-07
591 Citeseer_feat_L2.txt 0.0011453 0.00114428 1.019e-06
592 Citeseer_feat_L2.txt 0.00114042 0.00113946 9.56e-07
593 Citeseer_feat_L2.txt 0.00108922 0.00108825 9.67e-07
594 Citeseer_feat_L2.txt 0.00104764 0.00104669 9.46e-07
595 Citeseer_feat_L2.txt 0.00111813 0.00111709 1.036e-06
596 Citeseer_feat_L2.txt 0.00111191 0.0011109 1.017e-06
597 Citeseer_feat_L2.txt 0.00104955 0.00104853 1.026e-06
598 Citeseer_feat_L2.txt 0.00102453 0.00102361 9.18e-07
599 Citeseer_feat_L2.txt 0.00104964 0.0010487 9.42e-07
600 Citeseer_feat_L2.txt 0.00108715 0.00108615 1.007e-06
601 Citeseer_feat_L2.txt 0.00104436 0.00104323 1.127e-06
602 Citeseer_feat_L2.txt 0.00106365 0.00106265 1.002e-06
603 Citeseer_feat_L2.txt 0.00112181 0.00112088 9.32e-07
604 Citeseer_feat_L2.txt 0.00100155 0.0010007 8.54e-07
605 Citeseer_feat_L2.txt 0.000989097 0.000987982 1.115e-06
606 Citeseer_feat_L2.txt 0.00111363 0.0011127 9.26e-07
607 Citeseer_feat_L2.txt 0.00117134 0.00117045 8.95e-07
608 Citeseer_feat_L2.txt 0.00101944 0.00101849 9.46e-07
609 Citeseer_feat_L2.txt 0.00120172 0.00120064 1.077e-06
610 Citeseer_feat_L2.txt 0.00112717 0.00112623 9.39e-07
611 Citeseer_feat_L2.txt 0.00113963 0.00113857 1.06e-06
612 Citeseer_feat_L2.txt 0.00104081 0.00103982 9.84e-07
613 Citeseer_feat_L2.txt 0.00104968 0.00104869 9.84e-07
614 Citeseer_feat_L2.txt 0.00110757 0.00110661 9.59e-07
615 Citeseer_feat_L2.txt 0.0010166 0.00101561 9.81e-07
616 Citeseer_feat_L2.txt 0.00102057 0.00101963 9.35e-07
617 Citeseer_feat_L2.txt 0.00102363 0.00102264 9.89e-07
618 Citeseer_feat_L2.txt 0.00110597 0.00110495 1.014e-06
619 Citeseer_feat_L2.txt 0.000988583 0.000987546 1.037e-06
620 Citeseer_feat_L2.txt 0.000979356 0.000978484 8.72e-07
621 Citeseer_feat_L2.txt 0.00110325 0.00110212 1.126e-06
622 Citeseer_feat_L2.txt 0.00108751 0.00108656 9.52e-07
623 Citeseer_feat_L2.txt 0.00115124 0.0011503 9.4e-07
624 Citeseer_feat_L2.txt 0.000951332 0.00095034 9.92e-07
625 Citeseer_feat_L2.txt 0.00115752 0.00115641 1.107e-06
626 Citeseer_feat_L2.txt 0.00110153 0.00110056 9.68e-07
627 Citeseer_feat_L2.txt 0.00114303 0.00114191 1.128e-06
628 Citeseer_feat_L2.txt 0.0010365 0.0010356 8.96e-07
629 Citeseer_feat_L2.txt 0.00114573 0.00114473 1.007e-06
630 Citeseer_feat_L2.txt 0.00117933 0.00117836 9.71e-07
631 Citeseer_feat_L2.txt 0.00110295 0.0011019 1.054e-06
632 Citeseer_feat_L2.txt 0.00099647 0.000995519 9.51e-07
633 Citeseer_feat_L2.txt 0.00113548 0.00113435 1.123e-06
634 Citeseer_feat_L2.txt 0.00118397 0.00118302 9.55e-07
635 Citeseer_feat_L2.txt 0.0010936 0.00109266 9.35e-07
636 Citeseer_feat_L2.txt 0.00111803 0.00111718 8.45e-07
637 Citeseer_feat_L2.txt 0.0010502 0.00104916 1.04e-06
638 Citeseer_feat_L2.txt 0.0010478 0.00104687 9.26e-07
639 Citeseer_feat_L2.txt 0.00108883 0.00108775 1.076e-06
640 Citeseer_feat_L2.txt 0.00109675 0.0010958 9.53e-07
641 Citeseer_feat_L2.txt 0.00103918 0.00103826 9.25e-07
642 Citeseer_feat_L2.txt 0.00110136 0.00110042 9.48e-07
643 Citeseer_feat_L2.txt 0.00109776 0.00109674 1.024e-06
644 Citeseer_feat_L2.txt 0.00107785 0.00107695 9.04e-07
645 Citeseer_feat_L2.txt 0.00100026 0.000999361 8.98e-07
646 Citeseer_feat_L2.txt 0.00109711 0.00109624 8.69e-07
647 Citeseer_feat_L2.txt 0.00110311 0.00110206 1.049e-06
648 Citeseer_feat_L2.txt 0.00100643 0.00100547 9.6e-07
649 Citeseer_feat_L2.txt 0.00115859 0.00115763 9.58e-07
650 Citeseer_feat_L2.txt 0.00110087 0.00110002 8.5e-07
651 Citeseer_feat_L2.txt 0.00113387 0.00113286 1.011e-06
652 Citeseer_feat_L2.txt 0.00115056 0.00114963 9.32e-07
653 Citeseer_feat_L2.txt 0.00105568 0.00105462 1.059e-06
654 Citeseer_feat_L2.txt 0.00111462 0.00111361 1.016e-06
655 Citeseer_feat_L2.txt 0.00111357 0.00111268 8.88e-07
656 Citeseer_feat_L2.txt 0.00091377 0.0009129 8.7e-07
657 Citeseer_feat_L2.txt 0.00102752 0.00102659 9.33e-07
658 Citeseer_feat_L2.txt 0.001103 0.00110209 9.05e-07
659 Citeseer_feat_L2.txt 0.00111267 0.00111175 9.21e-07
660 Citeseer_feat_L2.txt 0.00108906 0.00108814 9.26e-07
661 Citeseer_feat_L2.txt 0.0010811 0.00108007 1.03e-06
662 Citeseer_feat_L2.txt 0.00103624 0.00103534 8.93e-07
663 Citeseer_feat_L2.txt 0.00099197 0.000991006 9.64e-07
664 Citeseer_feat_L2.txt 0.000942522 0.000941562 9.6e-07
665 Citeseer_feat_L2.txt 0.000993593 0.000992591 1.002e-06
666 Citeseer_feat_L2.txt 0.00118932 0.00118843 8.92e-07
667 Citeseer_feat_L2.txt 0.00105032 0.00104931 1.014e-06
668 Citeseer_feat_L2.txt 0.00103968 0.00103879 8.86e-07
669 Citeseer_feat_L2.txt 0.00109275 0.00109168 1.065e-06
670 Citeseer_feat_L2.txt 0.00111392 0.00111296 9.56e-07
671 Citeseer_feat_L2.txt 0.00107199 0.00107112 8.67e-07
672 Citeseer_feat_L2.txt 0.000920922 0.000919869 1.053e-06
673 Citeseer_feat_L2.txt 0.00105442 0.00105352 9.03e-07
674 Citeseer_feat_L2.txt 0.00114356 0.00114263 9.23e-07
675 Citeseer_feat_L2.txt 0.00105595 0.0010549 1.047e-06
676 Citeseer_feat_L2.txt 0.00104869 0.00104773 9.57e-07
677 Citeseer_feat_L2.txt 0.00111973 0.0011187 1.031e-06
678 Citeseer_feat_L2.txt 0.00105608 0.00105506 1.021e-06
679 Citeseer_feat_L2.txt 0.00106695 0.001066 9.56e-07
680 Citeseer_feat_L2.txt 0.00103516 0.00103421 9.54e-07
681 Citeseer_feat_L2.txt 0.00108137 0.00108043 9.4e-07
682 Citeseer_feat_L2.txt 0.00114029 0.00113936 9.32e-07
683 Citeseer_feat_L2.txt 0.00108701 0.00108597 1.038e-06
684 Citeseer_feat_L2.txt 0.000972484 0.000971461 1.023e-06
685 Citeseer_feat_L2.txt 0.00113991 0.001139 9.09e-07
686 Citeseer_feat_L2.txt 0.00123035 0.00122938 9.77e-07
687 Citeseer_feat_L2.txt 0.00110686 0.0011058 1.058e-06
688 Citeseer_feat_L2.txt 0.00110344 0.00110254 8.99e-07
689 Citeseer_feat_L2.txt 0.00120079 0.00119984 9.48e-07
690 Citeseer_feat_L2.txt 0.00112247 0.00112155 9.22e-07
691 Citeseer_feat_L2.txt 0.00112255 0.00112151 1.041e-06
692 Citeseer_feat_L2.txt 0.00104461 0.00104365 9.62e-07
693 Citeseer_feat_L2.txt 0.00106978 0.00106891 8.71e-07
694 Citeseer_feat_L2.txt 0.00112431 0.00112338 9.25e-07
695 Citeseer_feat_L2.txt 0.00106036 0.00105939 9.75e-07
696 Citeseer_feat_L2.txt 0.00100868 0.00100771 9.69e-07
697 Citeseer_feat_L2.txt 0.00112075 0.00111967 1.077e-06
698 Citeseer_feat_L2.txt 0.00105324 0.00105228 9.62e-07
699 Citeseer_feat_L2.txt 0.00112615 0.00112519 9.63e-07
700 Citeseer_feat_L2.txt 0.00106666 0.00106583 8.28e-07
701 Citeseer_feat_L2.txt 0.00117647 0.00117549 9.79e-07
702 Citeseer_feat_L2.txt 0.00112687 0.00112586 1.007e-06
703 Citeseer_feat_L2.txt 0.00114746 0.00114653 9.26e-07
704 Citeseer_feat_L2.txt 0.000997783 0.000996788 9.95e-07
705 Citeseer_feat_L2.txt 0.00105166 0.0010506 1.06e-06
706 Citeseer_feat_L2.txt 0.00113884 0.00113793 9.15e-07
707 Citeseer_feat_L2.txt 0.00113931 0.00113826 1.049e-06
708 Citeseer_feat_L2.txt 0.00115417 0.00115324 9.38e-07
709 Citeseer_feat_L2.txt 0.00111945 0.00111845 1e-06
710 Citeseer_feat_L2.txt 0.00112862 0.00112774 8.82e-07
711 Citeseer_feat_L2.txt 0.0011576 0.00115671 8.97e-07
712 Citeseer_feat_L2.txt 0.0010597 0.00105877 9.25e-07
713 Citeseer_feat_L2.txt 0.0010469 0.00104595 9.44e-07
714 Citeseer_feat_L2.txt 0.00111796 0.00111703 9.3e-07
715 Citeseer_feat_L2.txt 0.00101354 0.00101253 1.009e-06
716 Citeseer_feat_L2.txt 0.00108227 0.00108138 8.98e-07
717 Citeseer_feat_L2.txt 0.00110009 0.00109916 9.3e-07
718 Citeseer_feat_L2.txt 0.00113226 0.00113129 9.69e-07
719 Citeseer_feat_L2.txt 0.00102337 0.00102232 1.053e-06
720 Citeseer_feat_L2.txt 0.000842794 0.000841755 1.039e-06
721 Citeseer_feat_L2.txt 0.00105356 0.00105246 1.099e-06
722 Citeseer_feat_L2.txt 0.00106026 0.00105933 9.34e-07
723 Citeseer_feat_L2.txt 0.00103702 0.00103596 1.062e-06
724 Citeseer_feat_L2.txt 0.00108207 0.00108116 9.06e-07
725 Citeseer_feat_L2.txt 0.0009422 0.000941125 1.075e-06
726 Citeseer_feat_L2.txt 0.0010859 0.00108489 1.009e-06
727 Citeseer_feat_L2.txt 0.00121177 0.0012107 1.073e-06
728 Citeseer_feat_L2.txt 0.00107926 0.00107824 1.015e-06
729 Citeseer_feat_L2.txt 0.000994727 0.000993732 9.95e-07
730 Citeseer_feat_L2.txt 0.000985017 0.000984107 9.1e-07
731 Citeseer_feat_L2.txt 0.00116718 0.0011662 9.82e-07
732 Citeseer_feat_L2.txt 0.00116887 0.00116796 9.13e-07
733 Citeseer_feat_L2.txt 0.0011527 0.00115164 1.057e-06
734 Citeseer_feat_L2.txt 0.00112101 0.00112004 9.74e-07
735 Citeseer_feat_L2.txt 0.00100281 0.00100178 1.033e-06
736 Citeseer_feat_L2.txt 0.00108131 0.0010804 9.06e-07
737 Citeseer_feat_L2.txt 0.000944292 0.000943393 8.99e-07
738 Citeseer_feat_L2.txt 0.000998972 0.000998063 9.09e-07
739 Citeseer_feat_L2.txt 0.00107899 0.00107788 1.105e-06
740 Citeseer_feat_L2.txt 0.000930326 0.000929394 9.32e-07
741 Citeseer_feat_L2.txt 0.00100808 0.00100706 1.014e-06
742 Citeseer_feat_L2.txt 0.00120487 0.00120402 8.52e-07
743 Citeseer_feat_L2.txt 0.00119308 0.00119205 1.027e-06
744 Citeseer_feat_L2.txt 0.0011417 0.00114068 1.013e-06
745 Citeseer_feat_L2.txt 0.00105208 0.00105105 1.034e-06
746 Citeseer_feat_L2.txt 0.00113637 0.00113541 9.58e-07
747 Citeseer_feat_L2.txt 0.0011277 0.00112659 1.113e-06
748 Citeseer_feat_L2.txt 0.001117 0.00111609 9.13e-07
749 Citeseer_feat_L2.txt 0.00108156 0.0010805 1.058e-06
750 Citeseer_feat_L2.txt 0.000997797 0.000996931 8.66e-07
751 Citeseer_feat_L2.txt 0.00109981 0.00109878 1.024e-06
752 Citeseer_feat_L2.txt 0.00104721 0.00104627 9.4e-07
753 Citeseer_feat_L2.txt 0.00104724 0.0010463 9.42e-07
754 Citeseer_feat_L2.txt 0.00117262 0.00117172 9.01e-07
755 Citeseer_feat_L2.txt 0.001037 0.00103591 1.097e-06
756 Citeseer_feat_L2.txt 0.00111242 0.00111155 8.7e-07
757 Citeseer_feat_L2.txt 0.00115316 0.00115228 8.81e-07
758 Citeseer_feat_L2.txt 0.000988444 0.000987515 9.29e-07
759 Citeseer_feat_L2.txt 0.00101978 0.0010188 9.79e-07
760 Citeseer_feat_L2.txt 0.0010528 0.00105181 9.89e-07
761 Citeseer_feat_L2.txt 0.0010744 0.0010735 8.98e-07
762 Citeseer_feat_L2.txt 0.00115522 0.00115434 8.78e-07
763 Citeseer_feat_L2.txt 0.00113018 0.00112918 1.009e-06
764 Citeseer_feat_L2.txt 0.00111434 0.00111337 9.66e-07
765 Citeseer_feat_L2.txt 0.00112604 0.00112515 8.91e-07
766 Citeseer_feat_L2.txt 0.00123288 0.00123194 9.38e-07
767 Citeseer_feat_L2.txt 0.00122509 0.00119201 3.3088e-05
0 Citeseer_A.txt 0.000885907 0.000885112 7.95e-07
1 Citeseer_A.txt 0.000881543 0.00088096 5.83e-07
2 Citeseer_A.txt 0.000873272 0.000872555 7.17e-07
3 Citeseer_A.txt 0.000867415 0.000866721 6.94e-07
4 Citeseer_A.txt 0.000887035 0.000886484 5.51e-07
5 Citeseer_A.txt 0.000882715 0.000882225 4.9e-07
6 Citeseer_A.txt 0.000870659 0.000870077 5.82e-07
7 Citeseer_A.txt 0.00086477 0.000864244 5.26e-07
8 Citeseer_A.txt 0.000876096 0.000875541 5.55e-07
9 Citeseer_A.txt 0.000872769 0.000872168 6.01e-07
10 Citeseer_A.txt 0.000872356 0.000871911 4.45e-07
11 Citeseer_A.txt 0.000866233 0.000865615 6.18e-07
12 Citeseer_A.txt 0.000869388 0.000868877 5.11e-07
13 Citeseer_A.txt 0.000865302 0.000864744 5.58e-07
14 Citeseer_A.txt 0.000868842 0.000868244 5.98e-07
15 Citeseer_A.txt 0.00086307 0.000862433 6.37e-07
16 Citeseer_A.txt 0.000897767 0.000897165 6.02e-07
17 Citeseer_A.txt 0.000894283 0.000893694 5.89e-07
18 Citeseer_A.txt 0.000901816 0.000901317 4.99e-07
19 Citeseer_A.txt 0.000895709 0.000895028 6.81e-07
20 Citeseer_A.txt 0.000896471 0.00089585 6.21e-07
21 Citeseer_A.txt 0.000892701 0.000892113 5.88e-07
22 Citeseer_A.txt 0.000897271 0.000896693 5.78e-07
23 Citeseer_A.txt 0.000891222 0.000890518 7.04e-07
24 Citeseer_A.txt 0.00088584 0.000885319 5.21e-07
25 Citeseer_A.txt 0.000882401 0.000881887 5.14e-07
26 Citeseer_A.txt 0.000880533 0.000879963 5.7e-07
27 Citeseer_A.txt 0.000873962 0.000873298 6.64e-07
28 Citeseer_A.txt 0.000887078 0.000886501 5.77e-07
29 Citeseer_A.txt 0.000882942 0.000882374 5.68e-07
30 Citeseer_A.txt 0.000890227 0.000889668 5.59e-07
31 Citeseer_A.txt 0.000883703 0.000883211 4.92e-07
32 Citeseer_A.txt 0.000803096 0.000802504 5.92e-07
33 Citeseer_A.txt 0.000798809 0.000798192 6.17e-07
34 Citeseer_A.txt 0.000811919 0.000811371 5.48e-07
35 Citeseer_A.txt 0.000807404 0.000806799 6.05e-07
36 Citeseer_A.txt 0.000811865 0.000811346 5.19e-07
37 Citeseer_A.txt 0.000805568 0.000805039 5.29e-07
38 Citeseer_A.txt 0.00080755 0.000806901 6.49e-07
39 Citeseer_A.txt 0.000800997 0.000800387 6.1e-07
40 Citeseer_A.txt 0.000808764 0.000808247 5.17e-07
41 Citeseer_A.txt 0.000805407 0.000804657 7.5e-07
42 Citeseer_A.txt 0.000810429 0.00080995 4.79e-07
43 Citeseer_A.txt 0.000804029 0.000803431 5.98e-07
44 Citeseer_A.txt 0.000808469 0.000807924 5.45e-07
45 Citeseer_A.txt 0.000804294 0.000803657 6.37e-07
46 Citeseer_A.txt 0.000809248 0.000808722 5.26e-07
47 Citeseer_A.txt 0.000803441 0.000802968 4.73e-07
48 Citeseer_A.txt 0.000867707 0.000867266 4.41e-07
49 Citeseer_A.txt 0.000862932 0.000862285 6.47e-07
50 Citeseer_A.txt 0.000871526 0.00087094 5.86e-07
51 Citeseer_A.txt 0.000865361 0.000864466 8.95e-07
52 Citeseer_A.txt 0.000870467 0.000869875 5.92e-07
53 Citeseer_A.txt 0.000866393 0.000865736 6.57e-07
54 Citeseer_A.txt 0.000873049 0.000872554 4.95e-07
55 Citeseer_A.txt 0.000865863 0.000865211 6.52e-07
56 Citeseer_A.txt 0.00089336 0.000892714 6.46e-07
57 Citeseer_A.txt 0.00088836 0.000887683 6.77e-07
58 Citeseer_A.txt 0.000898833 0.000898103 7.3e-07
59 Citeseer_A.txt 0.000891391 0.000890791 6e-07
60 Citeseer_A.txt 0.000873432 0.000872976 4.56e-07
61 Citeseer_A.txt 0.000868097 0.000867483 6.14e-07
62 Citeseer_A.txt 0.000894753 0.000894153 6e-07
63 Citeseer_A.txt 0.000888379 0.000887682 6.97e-07
64 Citeseer_A.txt 0.000891826 0.00089129 5.36e-07
65 Citeseer_A.txt 0.00088972 0.000889043 6.77e-07
66 Citeseer_A.txt 0.000899745 0.00089912 6.25e-07
67 Citeseer_A.txt 0.000893038 0.000892385 6.53e-07
68 Citeseer_A.txt 0.000891859 0.000891201 6.58e-07
69 Citeseer_A.txt 0.000888108 0.000887606 5.02e-07
70 Citeseer_A.txt 0.000899685 0.000899063 6.22e-07
71 Citeseer_A.txt 0.000893493 0.000892893 6e-07
72 Citeseer_A.txt 0.000883588 0.000882952 6.36e-07
73 Citeseer_A.txt 0.000879109 0.000878453 6.56e-07
74 Citeseer_A.txt 0.000888773 0.000888142 6.31e-07
75 Citeseer_A.txt 0.000882835 0.000882102 7.33e-07
76 Citeseer_A.txt 0.000880026 0.000879424 6.02e-07
77 Citeseer_A.txt 0.000875368 0.000874743 6.25e-07
78 Citeseer_A.txt 0.000881139 0.000880518 6.21e-07
79 Citeseer_A.txt 0.000874427 0.000873818 6.09e-07
80 Citeseer_A.txt 0.000810974 0.00081044 5.34e-07
81 Citeseer_A.txt 0.000806498 0.000805959 5.39e-07
82 Citeseer_A.txt 0.00081178 0.000811143 6.37e-07
83 Citeseer_A.txt 0.000805778 0.000805219 5.59e-07
84 Citeseer_A.txt 0.000808081 0.000807409 6.72e-07
85 Citeseer_A.txt 0.000803141 0.000802509 6.32e-07
86 Citeseer_A.txt 0.000807462 0.000806935 5.27e-07
87 Citeseer_A.txt 0.000801453 0.000800783 6.7e-07
88 Citeseer_A.txt 0.000806753 0.000806134 6.19e-07
89 Citeseer_A.txt 0.000803233 0.00080254 6.93e-07
90 Citeseer_A.txt 0.000811617 0.000811046 5.71e-07
91 Citeseer_A.txt 0.000805284 0.000804614 6.7e-07
92 Citeseer_A.txt 0.000806185 0.000805551 6.34e-07
93 Citeseer_A.txt 0.00080168 0.000801007 6.73e-07
94 Citeseer_A.txt 0.000807974 0.0008073 6.74e-07
95 Citeseer_A.txt 0.000803185 0.000802591 5.94e-07
96 Citeseer_A.txt 0.000870253 0.000869559 6.94e-07
97 Citeseer_A.txt 0.000866115 0.00086559 5.25e-07
98 Citeseer_A.txt 0.000861734 0.000861171 5.63e-07
99 Citeseer_A.txt 0.000854789 0.000854222 5.67e-07
100 Citeseer_A.txt 0.000859163 0.000858624 5.39e-07
101 Citeseer_A.txt 0.000855121 0.000854565 5.56e-07
102 Citeseer_A.txt 0.000859496 0.000858988 5.08e-07
103 Citeseer_A.txt 0.000853151 0.000852687 4.64e-07
104 Citeseer_A.txt 0.000867142 0.000866613 5.29e-07
105 Citeseer_A.txt 0.000862977 0.000862447 5.3e-07
106 Citeseer_A.txt 0.000866906 0.00086625 6.56e-07
107 Citeseer_A.txt 0.000860466 0.000859822 6.44e-07
108 Citeseer_A.txt 0.000869147 0.000868648 4.99e-07
109 Citeseer_A.txt 0.000865496 0.000864881 6.15e-07
110 Citeseer_A.txt 0.000876758 0.00087628 4.78e-07
111 Citeseer_A.txt 0.000870269 0.000869594 6.75e-07
112 Citeseer_A.txt 0.000883249 0.000882734 5.15e-07
113 Citeseer_A.txt 0.000879867 0.000879312 5.55e-07
114 Citeseer_A.txt 0.000887289 0.000886768 5.21e-07
115 Citeseer_A.txt 0.000881042 0.000880509 5.33e-07
116 Citeseer_A.txt 0.000880006 0.000879446 5.6e-07
117 Citeseer_A.txt 0.000875881 0.000875329 5.52e-07
118 Citeseer_A.txt 0.000881253 0.000880666 5.87e-07
119 Citeseer_A.txt 0.00087514 0.000874546 5.94e-07
120 Citeseer_A.txt 0.000868709 0.000868119 5.9e-07
121 Citeseer_A.txt 0.000863943 0.000863464 4.79e-07
122 Citeseer_A.txt 0.000866134 0.000865561 5.73e-07
123 Citeseer_A.txt 0.000859228 0.000858745 4.83e-07
124 Citeseer_A.txt 0.000869233 0.000868657 5.76e-07
125 Citeseer_A.txt 0.000864508 0.000863949 5.59e-07
126 Citeseer_A.txt 0.000863874 0.0008633 5.74e-07
127 Citeseer_A.txt 0.000856604 0.000856172 4.32e-07
128 Citeseer_A.txt 0.000800372 0.000799834 5.38e-07
129 Citeseer_A.txt 0.000796306 0.000795783 5.23e-07
130 Citeseer_A.txt 0.000800164 0.000799539 6.25e-07
131 Citeseer_A.txt 0.000793242 0.000792645 5.97e-07
132 Citeseer_A.txt 0.000795879 0.000795335 5.44e-07
133 Citeseer_A.txt 0.000792462 0.000792074 3.88e-07
134 Citeseer_A.txt 0.00079701 0.000796378 6.32e-07
135 Citeseer_A.txt 0.000791316 0.000790764 5.52e-07
136 Citeseer_A.txt 0.000797302 0.000796777 5.25e-07
137 Citeseer_A.txt 0.000794308 0.000793728 5.8e-07
138 Citeseer_A.txt 0.000801383 0.000800848 5.35e-07
139 Citeseer_A.txt 0.000795378 0.000794855 5.23e-07
140 Citeseer_A.txt 0.000801242 0.000800702 5.4e-07
141 Citeseer_A.txt 0.000796583 0.000796057 5.26e-07
142 Citeseer_A.txt 0.000800176 0.000799704 4.72e-07
143 Citeseer_A.txt 0.000795291 0.000794628 6.63e-07
144 Citeseer_A.txt 0.000856938 0.000856226 7.12e-07
145 Citeseer_A.txt 0.000853443 0.000852616 8.27e-07
146 Citeseer_A.txt 0.000859254 0.000858666 5.88e-07
147 Citeseer_A.txt 0.000852468 0.000852011 4.57e-07
148 Citeseer_A.txt 0.000856827 0.000856249 5.78e-07
149 Citeseer_A.txt 0.000853057 0.000852415 6.42e-07
150 Citeseer_A.txt 0.000857985 0.000857454 5.31e-07
151 Citeseer_A.txt 0.000852193 0.000851331 8.62e-07
152 Citeseer_A.txt 0.000861333 0.000860579 7.54e-07
153 Citeseer_A.txt 0.000857163 0.000856648 5.15e-07
154 Citeseer_A.txt 0.000861954 0.000861383 5.71e-07
155 Citeseer_A.txt 0.000854924 0.000854334 5.9e-07
156 Citeseer_A.txt 0.000863621 0.000862912 7.09e-07
157 Citeseer_A.txt 0.000859071 0.000858427 6.44e-07
158 Citeseer_A.txt 0.000859769 0.000859246 5.23e-07
159 Citeseer_A.txt 0.000852512 0.000851822 6.9e-07
160 Citeseer_A.txt 0.000881138 0.00088065 4.88e-07
161 Citeseer_A.txt 0.000877145 0.000876599 5.46e-07
162 Citeseer_A.txt 0.000883145 0.000882623 5.22e-07
163 Citeseer_A.txt 0.000876569 0.000875903 6.66e-07
164 Citeseer_A.txt 0.000877927 0.000877242 6.85e-07
165 Citeseer_A.txt 0.000873977 0.000873292 6.85e-07
166 Citeseer_A.txt 0.000879297 0.000878733 5.64e-07
167 Citeseer_A.txt 0.000873311 0.000872738 5.73e-07
168 Citeseer_A.txt 0.000863099 0.000862481 6.18e-07
169 Citeseer_A.txt 0.000858039 0.000857438 6.01e-07
170 Citeseer_A.txt 0.000874229 0.000873707 5.22e-07
171 Citeseer_A.txt 0.00086883 0.000868216 6.14e-07
172 Citeseer_A.txt 0.000863955 0.00086331 6.45e-07
173 Citeseer_A.txt 0.000859545 0.000858958 5.87e-07
174 Citeseer_A.txt 0.000866329 0.000865831 4.98e-07
175 Citeseer_A.txt 0.000860186 0.000859521 6.65e-07
176 Citeseer_A.txt 0.000797598 0.000797029 5.69e-07
177 Citeseer_A.txt 0.000793234 0.00079268 5.54e-07
178 Citeseer_A.txt 0.000792803 0.000792285 5.18e-07
179 Citeseer_A.txt 0.000786907 0.000786269 6.38e-07
180 Citeseer_A.txt 0.000798216 0.00079758 6.36e-07
181 Citeseer_A.txt 0.000792972 0.000792457 5.15e-07
182 Citeseer_A.txt 0.00079596 0.000795451 5.09e-07
183 Citeseer_A.txt 0.000789824 0.000789211 6.13e-07
184 Citeseer_A.txt 0.000792081 0.000791501 5.8e-07
185 Citeseer_A.txt 0.000787815 0.000787268 5.47e-07
186 Citeseer_A.txt 0.000795343 0.00079467 6.73e-07
187 Citeseer_A.txt 0.000788455 0.000787711 7.44e-07
188 Citeseer_A.txt 0.00079629 0.000795643 6.47e-07
189 Citeseer_A.txt 0.000792161 0.000791309 8.52e-07
190 Citeseer_A.txt 0.00079784 0.000797381 4.59e-07
191 Citeseer_A.txt 0.000791791 0.000791233 5.58e-07
192 Citeseer_A.txt 0.000860656 0.000860015 6.41e-07
193 Citeseer_A.txt 0.000856527 0.000855871 6.56e-07
194 Citeseer_A.txt 0.000864383 0.000863767 6.16e-07
195 Citeseer_A.txt 0.000856964 0.000856318 6.46e-07
196 Citeseer_A.txt 0.000864218 0.00086366 5.58e-07
197 Citeseer_A.txt 0.000861715 0.000860914 8.01e-07
198 Citeseer_A.txt 0.00086156 0.000861002 5.58e-07
199 Citeseer_A.txt 0.000855909 0.000855375 5.34e-07
200 Citeseer_A.txt 0.000858522 0.00085798 5.42e-07
201 Citeseer_A.txt 0.000854669 0.00085405 6.19e-07
202 Citeseer_A.txt 0.000862974 0.000862464 5.1e-07
203 Citeseer_A.txt 0.000856691 0.00085616 5.31e-07
204 Citeseer_A.txt 0.000861673 0.000861084 5.89e-07
205 Citeseer_A.txt 0.00085865 0.000858084 5.66e-07
206 Citeseer_A.txt 0.00086441 0.000863953 4.57e-07
207 Citeseer_A.txt 0.000858016 0.000857411 6.05e-07
208 Citeseer_A.txt 0.000892195 0.000891501 6.94e-07
209 Citeseer_A.txt 0.00088844 0.000887926 5.14e-07
210 Citeseer_A.txt 0.000895528 0.000894912 6.16e-07
211 Citeseer_A.txt 0.00088892 0.000888306 6.14e-07
212 Citeseer_A.txt 0.000885399 0.00088478 6.19e-07
213 Citeseer_A.txt 0.000881778 0.000881261 5.17e-07
214 Citeseer_A.txt 0.000887377 0.000886902 4.75e-07
215 Citeseer_A.txt 0.000881515 0.000880845 6.7e-07
216 Citeseer_A.txt 0.000867314 0.00086672 5.94e-07
217 Citeseer_A.txt 0.00086287 0.000862237 6.33e-07
218 Citeseer_A.txt 0.000870824 0.00087021 6.14e-07
219 Citeseer_A.txt 0.000863868 0.000863302 5.66e-07
220 Citeseer_A.txt 0.000866936 0.000866221 7.15e-07
221 Citeseer_A.txt 0.00086281 0.000861987 8.23e-07
222 Citeseer_A.txt 0.000869326 0.000868769 5.57e-07
223 Citeseer_A.txt 0.000863013 0.000862317 6.96e-07
224 Citeseer_A.txt 0.000800271 0.000799695 5.76e-07
225 Citeseer_A.txt 0.000795986 0.000795409 5.77e-07
226 Citeseer_A.txt 0.000803223 0.000802719 5.04e-07
227 Citeseer_A.txt 0.000797407 0.000796794 6.13e-07
228 Citeseer_A.txt 0.00080054 0.000800001 5.39e-07
229 Citeseer_A.txt 0.000796557 0.000796007 5.5e-07
230 Citeseer_A.txt 0.000804591 0.000804054 5.37e-07
231 Citeseer_A.txt 0.000798215 0.000797629 5.86e-07
232 Citeseer_A.txt 0.000794801 0.000794296 5.05e-07
233 Citeseer_A.txt 0.000791015 0.000790415 6e-07
234 Citeseer_A.txt 0.000798039 0.000797528 5.11e-07
235 Citeseer_A.txt 0.000791577 0.00079102 5.57e-07
236 Citeseer_A.txt 0.000790925 0.000790354 5.71e-07
237 Citeseer_A.txt 0.000788849 0.000788272 5.77e-07
238 Citeseer_A.txt 0.000796411 0.000795599 8.12e-07
239 Citeseer_A.txt 0.000790535 0.000789908 6.27e-07
240 Citeseer_A.txt 0.000869906 0.000869329 5.77e-07
241 Citeseer_A.txt 0.000866489 0.000866001 4.88e-07
242 Citeseer_A.txt 0.000873234 0.000872732 5.02e-07
243 Citeseer_A.txt 0.000866881 0.000866136 7.45e-07
244 Citeseer_A.txt 0.000878583 0.000878093 4.9e-07
245 Citeseer_A.txt 0.000874792 0.000874075 7.17e-07
246 Citeseer_A.txt 0.000880516 0.000879992 5.24e-07
247 Citeseer_A.txt 0.000874018 0.000873469 5.49e-07
248 Citeseer_A.txt 0.000881148 0.000880489 6.59e-07
249 Citeseer_A.txt 0.000876951 0.00087645 5.01e-07
250 Citeseer_A.txt 0.000887465 0.000886912 5.53e-07
251 Citeseer_A.txt 0.000879899 0.000879312 5.87e-07
252 Citeseer_A.txt 0.000885378 0.000884802 5.76e-07
253 Citeseer_A.txt 0.000880881 0.000880258 6.23e-07
254 Citeseer_A.txt 0.000887428 0.000886884 5.44e-07
255 Citeseer_A.txt 0.000881138 0.000880406 7.32e-07
256 Citeseer_A.txt 0.000893189 0.000892678 5.11e-07
257 Citeseer_A.txt 0.000889406 0.000888759 6.47e-07
258 Citeseer_A.txt 0.000895974 0.000895435 5.39e-07
259 Citeseer_A.txt 0.000889937 0.000889247 6.9e-07
260 Citeseer_A.txt 0.000891973 0.000891213 7.6e-07
261 Citeseer_A.txt 0.000887868 0.000887375 4.93e-07
262 Citeseer_A.txt 0.000892574 0.000891999 5.75e-07
263 Citeseer_A.txt 0.000886301 0.000885754 5.47e-07
264 Citeseer_A.txt 0.000877167 0.000876577 5.9e-07
265 Citeseer_A.txt 0.000872662 0.000872204 4.58e-07
266 Citeseer_A.txt 0.000878203 0.000877683 5.2e-07
267 Citeseer_A.txt 0.000872417 0.000871935 4.82e-07
268 Citeseer_A.txt 0.000873059 0.000872445 6.14e-07
269 Citeseer_A.txt 0.000869047 0.000868472 5.75e-07
270 Citeseer_A.txt 0.000878388 0.000877795 5.93e-07
271 Citeseer_A.txt 0.000871035 0.000870537 4.98e-07
272 Citeseer_A.txt 0.000808347 0.000807767 5.8e-07
273 Citeseer_A.txt 0.000803893 0.000803358 5.35e-07
274 Citeseer_A.txt 0.000811425 0.000810958 4.67e-07
275 Citeseer_A.txt 0.000805617 0.000804965 6.52e-07
276 Citeseer_A.txt 0.000819391 0.000818839 5.52e-07
277 Citeseer_A.txt 0.000815135 0.000814617 5.18e-07
278 Citeseer_A.txt 0.000832415 0.000831939 4.76e-07
279 Citeseer_A.txt 0.000826092 0.000825516 5.76e-07
280 Citeseer_A.txt 0.000807251 0.000806757 4.94e-07
281 Citeseer_A.txt 0.000803396 0.000802761 6.35e-07
282 Citeseer_A.txt 0.00081966 0.000819056 6.04e-07
283 Citeseer_A.txt 0.000813706 0.000812948 7.58e-07
284 Citeseer_A.txt 0.000807058 0.000806549 5.09e-07
285 Citeseer_A.txt 0.000802924 0.000802351 5.73e-07
286 Citeseer_A.txt 0.000833215 0.000832746 4.69e-07
287 Citeseer_A.txt 0.000827528 0.000826751 7.77e-07
288 Citeseer_A.txt 0.000867368 0.000866555 8.13e-07
289 Citeseer_A.txt 0.000864077 0.00086324 8.37e-07
290 Citeseer_A.txt 0.000879831 0.000879209 6.22e-07
291 Citeseer_A.txt 0.000873799 0.000873007 7.92e-07
292 Citeseer_A.txt 0.000870214 0.000869623 5.91e-07
293 Citeseer_A.txt 0.000866019 0.000865501 5.18e-07
294 Citeseer_A.txt 0.000871099 0.000870584 5.15e-07
295 Citeseer_A.txt 0.000864137 0.000863657 4.8e-07
296 Citeseer_A.txt 0.00088976 0.000889234 5.26e-07
297 Citeseer_A.txt 0.000886084 0.000885379 7.05e-07
298 Citeseer_A.txt 0.000888162 0.000887653 5.09e-07
299 Citeseer_A.txt 0.000882194 0.000881535 6.59e-07
300 Citeseer_A.txt 0.00088936 0.000888798 5.62e-07
301 Citeseer_A.txt 0.000885443 0.000884802 6.41e-07
302 Citeseer_A.txt 0.00088326 0.000882686 5.74e-07
303 Citeseer_A.txt 0.000876613 0.00087605 5.63e-07
304 Citeseer_A.txt 0.000893463 0.000892833 6.3e-07
305 Citeseer_A.txt 0.000889229 0.000888607 6.22e-07
306 Citeseer_A.txt 0.000895236 0.000894552 6.84e-07
307 Citeseer_A.txt 0.000887973 0.000887356 6.17e-07
308 Citeseer_A.txt 0.00088871 0.000888078 6.32e-07
309 Citeseer_A.txt 0.000884391 0.000883734 6.57e-07
310 Citeseer_A.txt 0.000892764 0.000892178 5.86e-07
311 Citeseer_A.txt 0.000886212 0.00088558 6.32e-07
312 Citeseer_A.txt 0.000870627 0.000870048 5.79e-07
313 Citeseer_A.txt 0.000866228 0.000865608 6.2e-07
314 Citeseer_A.txt 0.000890524 0.000890019 5.05e-07
315 Citeseer_A.txt 0.000884346 0.000883793 5.53e-07
316 Citeseer_A.txt 0.000889187 0.000888602 5.85e-07
317 Citeseer_A.txt 0.000884907 0.00088431 5.97e-07
318 Citeseer_A.txt 0.000874226 0.000873643 5.83e-07
319 Citeseer_A.txt 0.000868331 0.000867665 6.66e-07
320 Citeseer_A.txt 0.000808446 0.00080787 5.76e-07
321 Citeseer_A.txt 0.000804123 0.000803366 7.57e-07
322 Citeseer_A.txt 0.000807748 0.000807101 6.47e-07
323 Citeseer_A.txt 0.000801899 0.000801276 6.23e-07
324 Citeseer_A.txt 0.000809933 0.000809331 6.02e-07
325 Citeseer_A.txt 0.000805575 0.000804967 6.08e-07
326 Citeseer_A.txt 0.000807565 0.000806993 5.72e-07
327 Citeseer_A.txt 0.000801547 0.000800934 6.13e-07
328 Citeseer_A.txt 0.000803111 0.000802545 5.66e-07
329 Citeseer_A.txt 0.000799193 0.000798503 6.9e-07
330 Citeseer_A.txt 0.000806079 0.000805496 5.83e-07
331 Citeseer_A.txt 0.000799851 0.000799272 5.79e-07
332 Citeseer_A.txt 0.000811291 0.000810722 5.69e-07
333 Citeseer_A.txt 0.000807217 0.000806428 7.89e-07
334 Citeseer_A.txt 0.000805729 0.000804989 7.4e-07
335 Citeseer_A.txt 0.0007999 0.000799208 6.92e-07
336 Citeseer_A.txt 0.000858446 0.000857734 7.12e-07
337 Citeseer_A.txt 0.000854296 0.0008536 6.96e-07
338 Citeseer_A.txt 0.000861654 0.000861096 5.58e-07
339 Citeseer_A.txt 0.000854326 0.000853695 6.31e-07
340 Citeseer_A.txt 0.000861946 0.000861308 6.38e-07
341 Citeseer_A.txt 0.000857199 0.000856514 6.85e-07
342 Citeseer_A.txt 0.000861646 0.000860947 6.99e-07
343 Citeseer_A.txt 0.000854801 0.000854199 6.02e-07
344 Citeseer_A.txt 0.000860782 0.000860155 6.27e-07
345 Citeseer_A.txt 0.000855684 0.000855058 6.26e-07
346 Citeseer_A.txt 0.000873937 0.000873356 5.81e-07
347 Citeseer_A.txt 0.000868023 0.000867241 7.82e-07
348 Citeseer_A.txt 0.000874021 0.000873435 5.86e-07
349 Citeseer_A.txt 0.000869605 0.000869011 5.94e-07
350 Citeseer_A.txt 0.000866165 0.000865679 4.86e-07
351 Citeseer_A.txt 0.000859279 0.000858779 5e-07
352 Citeseer_A.txt 0.000884852 0.000884258 5.94e-07
353 Citeseer_A.txt 0.000879971 0.000879181 7.9e-07
354 Citeseer_A.txt 0.000887208 0.000886658 5.5e-07
355 Citeseer_A.txt 0.000881116 0.000880538 5.78e-07
356 Citeseer_A.txt 0.000882659 0.000882065 5.94e-07
357 Citeseer_A.txt 0.000877404 0.000876843 5.61e-07
358 Citeseer_A.txt 0.000885158 0.000884545 6.13e-07
359 Citeseer_A.txt 0.000878371 0.000877511 8.6e-07
360 Citeseer_A.txt 0.000875953 0.000875312 6.41e-07
361 Citeseer_A.txt 0.000871961 0.000871109 8.52e-07
362 Citeseer_A.txt 0.000878741 0.000878104 6.37e-07
363 Citeseer_A.txt 0.000871585 0.000870872 7.13e-07
364 Citeseer_A.txt 0.00087027 0.000869644 6.26e-07
365 Citeseer_A.txt 0.000868778 0.000868099 6.79e-07
366 Citeseer_A.txt 0.000874893 0.000874259 6.34e-07
367 Citeseer_A.txt 0.000867465 0.000866997 4.68e-07
368 Citeseer_A.txt 0.000797379 0.000796793 5.86e-07
369 Citeseer_A.txt 0.000793276 0.000792474 8.02e-07
370 Citeseer_A.txt 0.000801326 0.000800756 5.7e-07
371 Citeseer_A.txt 0.000795929 0.000795018 9.11e-07
372 Citeseer_A.txt 0.000800826 0.000799961 8.65e-07
373 Citeseer_A.txt 0.000796243 0.000795518 7.25e-07
374 Citeseer_A.txt 0.000801145 0.000800597 5.48e-07
375 Citeseer_A.txt 0.000794914 0.000794376 5.38e-07
376 Citeseer_A.txt 0.000802677 0.00080215 5.27e-07
377 Citeseer_A.txt 0.00079936 0.000798619 7.41e-07
378 Citeseer_A.txt 0.000803995 0.000803306 6.89e-07
379 Citeseer_A.txt 0.000797795 0.000796963 8.32e-07
380 Citeseer_A.txt 0.000800726 0.000800158 5.68e-07
381 Citeseer_A.txt 0.000796478 0.000795823 6.55e-07
382 Citeseer_A.txt 0.000802916 0.000802087 8.29e-07
383 Citeseer_A.txt 0.000796696 0.000796069 6.27e-07
384 Citeseer_A.txt 0.000865926 0.000865255 6.71e-07
385 Citeseer_A.txt 0.00086239 0.000861642 7.48e-07
386 Citeseer_A.txt 0.000870599 0.000869877 7.22e-07
387 Citeseer_A.txt 0.000864494 0.000863754 7.4e-07
388 Citeseer_A.txt 0.000855395 0.000854774 6.21e-07
389 Citeseer_A.txt 0.000851208 0.000850752 4.56e-07
390 Citeseer_A.txt 0.000857658 0.000857122 5.36e-07
391 Citeseer_A.txt 0.000851152 0.000850426 7.26e-07
392 Citeseer_A.txt 0.000854158 0.000853582 5.76e-07
393 Citeseer_A.txt 0.000850102 0.000849327 7.75e-07
394 Citeseer_A.txt 0.000861649 0.000861029 6.2e-07
395 Citeseer_A.txt 0.000855844 0.000855001 8.43e-07
396 Citeseer_A.txt 0.000856071 0.000855499 5.72e-07
397 Citeseer_A.txt 0.000852381 0.000851617 7.64e-07
398 Citeseer_A.txt 0.000865683 0.000864851 8.32e-07
399 Citeseer_A.txt 0.000859757 0.000859126 6.31e-07
400 Citeseer_A.txt 0.000888712 0.000888102 6.1e-07
401 Citeseer_A.txt 0.000884781 0.000884208 5.73e-07
402 Citeseer_A.txt 0.000890837 0.000890155 6.82e-07
403 Citeseer_A.txt 0.000884032 0.000883409 6.23e-07
404 Citeseer_A.txt 0.00088314 0.000882571 5.69e-07
405 Citeseer_A.txt 0.000879417 0.00087876 6.57e-07
406 Citeseer_A.txt 0.000889944 0.000889285 6.59e-07
407 Citeseer_A.txt 0.000883977 0.000883384 5.93e-07
408 Citeseer_A.txt 0.000862264 0.00086166 6.04e-07
409 Citeseer_A.txt 0.000856503 0.000855835 6.68e-07
410 Citeseer_A.txt 0.000865587 0.000865101 4.86e-07
411 Citeseer_A.txt 0.000858532 0.000857996 5.36e-07
412 Citeseer_A.txt 0.000869793 0.000869315 4.78e-07
413 Citeseer_A.txt 0.000865816 0.000865152 6.64e-07
414 Citeseer_A.txt 0.000867323 0.00086666 6.63e-07
415 Citeseer_A.txt 0.000861343 0.000860836 5.07e-07
416 Citeseer_A.txt 0.000798887 0.000798164 7.23e-07
417 Citeseer_A.txt 0.000794888 0.000794144 7.44e-07
418 Citeseer_A.txt 0.000802214 0.000801571 6.43e-07
419 Citeseer_A.txt 0.000796768 0.000796112 6.56e-07
420 Citeseer_A.txt 0.000800343 0.000799539 8.04e-07
421 Citeseer_A.txt 0.000796468 0.000795782 6.86e-07
422 Citeseer_A.txt 0.000799579 0.000799071 5.08e-07
423 Citeseer_A.txt 0.000792723 0.000792209 5.14e-07
424 Citeseer_A.txt 0.000794445 0.000793862 5.83e-07
425 Citeseer_A.txt 0.000790915 0.000790352 5.63e-07
426 Citeseer_A.txt 0.000796213 0.000795536 6.77e-07
427 Citeseer_A.txt 0.000788995 0.000788382 6.13e-07
428 Citeseer_A.txt 0.000795492 0.000794935 5.57e-07
429 Citeseer_A.txt 0.000791302 0.000790722 5.8e-07
430 Citeseer_A.txt 0.000797417 0.000796789 6.28e-07
431 Citeseer_A.txt 0.000791688 0.000791207 4.81e-07
432 Citeseer_A.txt 0.000855226 0.000854658 5.68e-07
433 Citeseer_A.txt 0.000852066 0.000851561 5.05e-07
434 Citeseer_A.txt 0.000854017 0.000853157 8.6e-07
435 Citeseer_A.txt 0.000848726 0.000848126 6e-07
436 Citeseer_A.txt 0.000863998 0.000863375 6.23e-07
437 Citeseer_A.txt 0.000860806 0.00086007 7.36e-07
438 Citeseer_A.txt 0.000873533 0.000873009 5.24e-07
439 Citeseer_A.txt 0.000867292 0.000866652 6.4e-07
440 Citeseer_A.txt 0.000858286 0.000857759 5.27e-07
441 Citeseer_A.txt 0.00085424 0.000853707 5.33e-07
442 Citeseer_A.txt 0.000857742 0.000857218 5.24e-07
443 Citeseer_A.txt 0.000851619 0.000850822 7.97e-07
444 Citeseer_A.txt 0.000867138 0.000866571 5.67e-07
445 Citeseer_A.txt 0.000862916 0.000862326 5.9e-07
446 Citeseer_A.txt 0.000864387 0.000863768 6.19e-07
447 Citeseer_A.txt 0.000858671 0.000857942 7.29e-07
448 Citeseer_A.txt 0.000880829 0.000880214 6.15e-07
449 Citeseer_A.txt 0.000875169 0.000874502 6.67e-07
450 Citeseer_A.txt 0.000879752 0.000879121 6.31e-07
451 Citeseer_A.txt 0.00087357 0.000873058 5.12e-07
452 Citeseer_A.txt 0.000875025 0.000874317 7.08e-07
453 Citeseer_A.txt 0.000870939 0.000870415 5.24e-07
454 Citeseer_A.txt 0.000877428 0.000876794 6.34e-07
455 Citeseer_A.txt 0.000871567 0.000870966 6.01e-07
456 Citeseer_A.txt 0.000870934 0.000870277 6.57e-07
457 Citeseer_A.txt 0.000866999 0.000866324 6.75e-07
458 Citeseer_A.txt 0.00086365 0.000863092 5.58e-07
459 Citeseer_A.txt 0.000856672 0.000856119 5.53e-07
460 Citeseer_A.txt 0.00086468 0.000863995 6.85e-07
461 Citeseer_A.txt 0.000860824 0.000860178 6.46e-07
462 Citeseer_A.txt 0.000877022 0.000876445 5.77e-07
463 Citeseer_A.txt 0.000870038 0.000869495 5.43e-07
464 Citeseer_A.txt 0.000801947 0.000801197 7.5e-07
465 Citeseer_A.txt 0.000797545 0.000796984 5.61e-07
466 Citeseer_A.txt 0.000808695 0.000808035 6.6e-07
467 Citeseer_A.txt 0.000803018 0.00080229 7.28e-07
468 Citeseer_A.txt 0.000800518 0.000799869 6.49e-07
469 Citeseer_A.txt 0.000796164 0.000795573 5.91e-07
470 Citeseer_A.txt 0.000799819 0.000799295 5.24e-07
471 Citeseer_A.txt 0.000794517 0.000793832 6.85e-07
472 Citeseer_A.txt 0.000796781 0.000796109 6.72e-07
473 Citeseer_A.txt 0.000792109 0.00079129 8.19e-07
474 Citeseer_A.txt 0.00080634 0.000805706 6.34e-07
475 Citeseer_A.txt 0.000800779 0.000799807 9.72e-07
476 Citeseer_A.txt 0.000795966 0.00079519 7.76e-07
477 Citeseer_A.txt 0.000792047 0.000791253 7.94e-07
478 Citeseer_A.txt 0.000794309 0.0007937 6.09e-07
479 Citeseer_A.txt 0.000789483 0.000788657 8.26e-07
480 Citeseer_A.txt 0.000847514 0.000846669 8.45e-07
481 Citeseer_A.txt 0.000844327 0.000843475 8.52e-07
482 Citeseer_A.txt 0.000852024 0.000851195 8.29e-07
483 Citeseer_A.txt 0.000844688 0.000843892 7.96e-07
484 Citeseer_A.txt 0.000859179 0.000858495 6.84e-07
485 Citeseer_A.txt 0.000854856 0.000854123 7.33e-07
486 Citeseer_A.txt 0.000856968 0.000856249 7.19e-07
487 Citeseer_A.txt 0.000850791 0.000850243 5.48e-07
488 Citeseer_A.txt 0.00085439 0.00085388 5.1e-07
489 Citeseer_A.txt 0.000850892 0.00085031 5.82e-07
490 Citeseer_A.txt 0.000853983 0.000853456 5.27e-07
491 Citeseer_A.txt 0.000848071 0.000847522 5.49e-07
492 Citeseer_A.txt 0.000853047 0.000852541 5.06e-07
493 Citeseer_A.txt 0.000849425 0.000848647 7.78e-07
494 Citeseer_A.txt 0.000850388 0.000849738 6.5e-07
495 Citeseer_A.txt 0.000844249 0.000843404 8.45e-07
496 Citeseer_A.txt 0.000871617 0.000870965 6.52e-07
497 Citeseer_A.txt 0.000867276 0.000866661 6.15e-07
498 Citeseer_A.txt 0.00087612 0.00087546 6.6e-07
499 Citeseer_A.txt 0.000869384 0.000868503 8.81e-07
500 Citeseer_A.txt 0.000868946 0.000868282 6.64e-07
501 Citeseer_A.txt 0.000864754 0.000864141 6.13e-07
502 Citeseer_A.txt 0.00087172 0.000871111 6.09e-07
503 Citeseer_A.txt 0.000865789 0.000864985 8.04e-07
504 Citeseer_A.txt 0.00085245 0.000851707 7.43e-07
505 Citeseer_A.txt 0.000847886 0.000847393 4.93e-07
506 Citeseer_A.txt 0.000870512 0.000869942 5.7e-07
507 Citeseer_A.txt 0.000864068 0.000863524 5.44e-07
508 Citeseer_A.txt 0.000859157 0.000858662 4.95e-07
509 Citeseer_A.txt 0.000855538 0.000854951 5.87e-07
510 Citeseer_A.txt 0.0008535 0.000852818 6.82e-07
511 Citeseer_A.txt 0.000846882 0.000846404 4.78e-07
512 Citeseer_A.txt 0.000786919 0.000786314 6.05e-07
513 Citeseer_A.txt 0.000782128 0.000781493 6.35e-07
514 Citeseer_A.txt 0.000801641 0.000800933 7.08e-07
515 Citeseer_A.txt 0.00079649 0.000795754 7.36e-07
516 Citeseer_A.txt 0.000799657 0.000798885 7.72e-07
517 Citeseer_A.txt 0.000794622 0.000793956 6.66e-07
518 Citeseer_A.txt 0.000801307 0.000800435 8.72e-07
519 Citeseer_A.txt 0.000794717 0.000793987 7.3e-07
520 Citeseer_A.txt 0.000787338 0.000786668 6.7e-07
521 Citeseer_A.txt 0.000783366 0.000782731 6.35e-07
522 Citeseer_A.txt 0.000804215 0.000803472 7.43e-07
523 Citeseer_A.txt 0.000797889 0.000797135 7.54e-07
524 Citeseer_A.txt 0.000786488 0.000785734 7.54e-07
525 Citeseer_A.txt 0.000782572 0.000781799 7.73e-07
526 Citeseer_A.txt 0.000790151 0.000789663 4.88e-07
527 Citeseer_A.txt 0.000784683 0.000783903 7.8e-07
528 Citeseer_A.txt 0.000861129 0.00086047 6.59e-07
529 Citeseer_A.txt 0.000857817 0.000857145 6.72e-07
530 Citeseer_A.txt 0.00085769 0.000856943 7.47e-07
531 Citeseer_A.txt 0.000850878 0.000850232 6.46e-07
532 Citeseer_A.txt 0.00086091 0.000860339 5.71e-07
533 Citeseer_A.txt 0.000856912 0.000856062 8.5e-07
534 Citeseer_A.txt 0.000862714 0.000861951 7.63e-07
535 Citeseer_A.txt 0.000855411 0.00085485 5.61e-07
536 Citeseer_A.txt 0.000853911 0.000853238 6.73e-07
537 Citeseer_A.txt 0.000849911 0.000849243 6.68e-07
538 Citeseer_A.txt 0.000856286 0.000855611 6.75e-07
539 Citeseer_A.txt 0.000849848 0.000849335 5.13e-07
540 Citeseer_A.txt 0.000862566 0.000861877 6.89e-07
541 Citeseer_A.txt 0.000858411 0.000857911 5e-07
542 Citeseer_A.txt 0.000856822 0.00085625 5.72e-07
543 Citeseer_A.txt 0.000850124 0.000849574 5.5e-07
544 Citeseer_A.txt 0.000891916 0.000891062 8.54e-07
545 Citeseer_A.txt 0.000886841 0.000886165 6.76e-07
546 Citeseer_A.txt 0.000894771 0.000893977 7.94e-07
547 Citeseer_A.txt 0.000888445 0.000887437 1.008e-06
548 Citeseer_A.txt 0.000888384 0.000887429 9.55e-07
549 Citeseer_A.txt 0.00088455 0.000883767 7.83e-07
550 Citeseer_A.txt 0.00089097 0.000890389 5.81e-07
551 Citeseer_A.txt 0.000884219 0.000883668 5.51e-07
552 Citeseer_A.txt 0.000871001 0.000870305 6.96e-07
553 Citeseer_A.txt 0.000865723 0.000865078 6.45e-07
554 Citeseer_A.txt 0.000869852 0.000869284 5.68e-07
555 Citeseer_A.txt 0.000863404 0.000862801 6.03e-07
556 Citeseer_A.txt 0.000869466 0.000868863 6.03e-07
557 Citeseer_A.txt 0.000864163 0.000863582 5.81e-07
558 Citeseer_A.txt 0.000867132 0.000866415 7.17e-07
559 Citeseer_A.txt 0.000860326 0.000859495 8.31e-07
560 Citeseer_A.txt 0.000801127 0.000800538 5.89e-07
561 Citeseer_A.txt 0.000797296 0.000796713 5.83e-07
562 Citeseer_A.txt 0.000796356 0.000795738 6.18e-07
563 Citeseer_A.txt 0.000790489 0.000789756 7.33e-07
564 Citeseer_A.txt 0.000808868 0.00080828 5.88e-07
565 Citeseer_A.txt 0.000804446 0.000803807 6.39e-07
566 Citeseer_A.txt 0.000798383 0.000797642 7.41e-07
567 Citeseer_A.txt 0.000791957 0.000791161 7.96e-07
568 Citeseer_A.txt 0.000817322 0.000816716 6.06e-07
569 Citeseer_A.txt 0.000811665 0.000810849 8.16e-07
570 Citeseer_A.txt 0.000801508 0.000800685 8.23e-07
571 Citeseer_A.txt 0.00079418 0.000793599 5.81e-07
572 Citeseer_A.txt 0.000812666 0.000811955 7.11e-07
573 Citeseer_A.txt 0.000809744 0.000808852 8.92e-07
574 Citeseer_A.txt 0.000793204 0.000792507 6.97e-07
575 Citeseer_A.txt 0.000787263 0.000786657 6.06e-07
576 Citeseer_A.txt 0.000851553 0.000850882 6.71e-07
577 Citeseer_A.txt 0.000848041 0.000847322 7.19e-07
578 Citeseer_A.txt 0.000850056 0.000849304 7.52e-07
579 Citeseer_A.txt 0.000844632 0.000842846 1.786e-06
580 Citeseer_A.txt 0.000857363 0.000856589 7.74e-07
581 Citeseer_A.txt 0.000852915 0.000852167 7.48e-07
582 Citeseer_A.txt 0.000853002 0.000852319 6.83e-07
583 Citeseer_A.txt 0.000845993 0.000845175 8.18e-07
584 Citeseer_A.txt 0.000849016 0.00084834 6.76e-07
585 Citeseer_A.txt 0.000844817 0.000844279 5.38e-07
586 Citeseer_A.txt 0.000853579 0.000852791 7.88e-07
587 Citeseer_A.txt 0.000847083 0.000846277 8.06e-07
588 Citeseer_A.txt 0.000852203 0.000851418 7.85e-07
589 Citeseer_A.txt 0.000848179 0.000847456 7.23e-07
590 Citeseer_A.txt 0.000849082 0.000848126 9.56e-07
591 Citeseer_A.txt 0.000842397 0.000841638 7.59e-07
592 Citeseer_A.txt 0.000871411 0.000870742 6.69e-07
593 Citeseer_A.txt 0.000869681 0.000867534 2.147e-06
594 Citeseer_A.txt 0.000875945 0.000875054 8.91e-07
595 Citeseer_A.txt 0.000869466 0.000868688 7.78e-07
596 Citeseer_A.txt 0.000872672 0.000871975 6.97e-07
597 Citeseer_A.txt 0.000868349 0.000867671 6.78e-07
598 Citeseer_A.txt 0.00087419 0.000873454 7.36e-07
599 Citeseer_A.txt 0.000869208 0.00086841 7.98e-07
600 Citeseer_A.txt 0.000856627 0.000856124 5.03e-07
601 Citeseer_A.txt 0.000852168 0.00085159 5.78e-07
602 Citeseer_A.txt 0.000862037 0.000861351 6.86e-07
603 Citeseer_A.txt 0.000855839 0.000855039 8e-07
604 Citeseer_A.txt 0.00085635 0.000855755 5.95e-07
605 Citeseer_A.txt 0.000852449 0.00085191 5.39e-07
606 Citeseer_A.txt 0.000861801 0.000861151 6.5e-07
607 Citeseer_A.txt 0.000854514 0.00085395 5.64e-07
608 Citeseer_A.txt 0.000791373 0.000790628 7.45e-07
609 Citeseer_A.txt 0.000786962 0.000786162 8e-07
610 Citeseer_A.txt 0.00079317 0.000792365 8.05e-07
611 Citeseer_A.txt 0.000787407 0.000786533 8.74e-07
612 Citeseer_A.txt 0.000789568 0.000788981 5.87e-07
613 Citeseer_A.txt 0.000783621 0.00078303 5.91e-07
614 Citeseer_A.txt 0.000792041 0.000791453 5.88e-07
615 Citeseer_A.txt 0.000786545 0.000785852 6.93e-07
616 Citeseer_A.txt 0.000795496 0.000794927 5.69e-07
617 Citeseer_A.txt 0.000792067 0.000791399 6.68e-07
618 Citeseer_A.txt 0.000785371 0.000784723 6.48e-07
619 Citeseer_A.txt 0.00077875 0.000778246 5.04e-07
620 Citeseer_A.txt 0.000788069 0.000787444 6.25e-07
621 Citeseer_A.txt 0.000783445 0.000782837 6.08e-07
622 Citeseer_A.txt 0.000790826 0.000790282 5.44e-07
623 Citeseer_A.txt 0.000785389 0.000784449 9.4e-07
624 Citeseer_A.txt 0.000846656 0.000845878 7.78e-07
625 Citeseer_A.txt 0.000840859 0.000840069 7.9e-07
626 Citeseer_A.txt 0.000847871 0.000846821 1.05e-06
627 Citeseer_A.txt 0.00083994 0.000839017 9.23e-07
628 Citeseer_A.txt 0.000846465 0.000845845 6.2e-07
629 Citeseer_A.txt 0.00084256 0.000841895 6.65e-07
630 Citeseer_A.txt 0.000845984 0.000845317 6.67e-07
631 Citeseer_A.txt 0.00083988 0.0008389 9.8e-07
632 Citeseer_A.txt 0.000838118 0.000837394 7.24e-07
633 Citeseer_A.txt 0.000833997 0.000833202 7.95e-07
634 Citeseer_A.txt 0.000841907 0.000841163 7.44e-07
635 Citeseer_A.txt 0.000835631 0.000835008 6.23e-07
636 Citeseer_A.txt 0.000857605 0.000856807 7.98e-07
637 Citeseer_A.txt 0.000854849 0.000854111 7.38e-07
638 Citeseer_A.txt 0.00084264 0.00084174 9e-07
639 Citeseer_A.txt 0.000835986 0.000835061 9.25e-07
640 Citeseer_A.txt 0.000872887 0.000872218 6.69e-07
641 Citeseer_A.txt 0.000869891 0.000869321 5.7e-07
642 Citeseer_A.txt 0.000877154 0.000876596 5.58e-07
643 Citeseer_A.txt 0.000870379 0.000869804 5.75e-07
644 Citeseer_A.txt 0.000868949 0.000868324 6.25e-07
645 Citeseer_A.txt 0.000863829 0.000863146 6.83e-07
646 Citeseer_A.txt 0.00087194 0.000870724 1.216e-06
647 Citeseer_A.txt 0.000866224 0.000865071 1.153e-06
648 Citeseer_A.txt 0.00085344 0.000852513 9.27e-07
649 Citeseer_A.txt 0.000848739 0.0008477 1.039e-06
650 Citeseer_A.txt 0.000859474 0.000858895 5.79e-07
651 Citeseer_A.txt 0.000852793 0.000852106 6.87e-07
652 Citeseer_A.txt 0.000855989 0.000855206 7.83e-07
653 Citeseer_A.txt 0.000851174 0.000850494 6.8e-07
654 Citeseer_A.txt 0.000852801 0.000852108 6.93e-07
655 Citeseer_A.txt 0.000845302 0.000844625 6.77e-07
656 Citeseer_A.txt 0.00078736 0.000786686 6.74e-07
657 Citeseer_A.txt 0.000783377 0.000782761 6.16e-07
658 Citeseer_A.txt 0.000789421 0.000788767 6.54e-07
659 Citeseer_A.txt 0.000783707 0.000782991 7.16e-07
660 Citeseer_A.txt 0.000790122 0.000789571 5.51e-07
661 Citeseer_A.txt 0.000785459 0.000784779 6.8e-07
662 Citeseer_A.txt 0.000786856 0.00078631 5.46e-07
663 Citeseer_A.txt 0.000780653 0.000779894 7.59e-07
664 Citeseer_A.txt 0.000783215 0.000782386 8.29e-07
665 Citeseer_A.txt 0.000778478 0.000777604 8.74e-07
666 Citeseer_A.txt 0.000783797 0.000783061 7.36e-07
667 Citeseer_A.txt 0.000778467 0.000777747 7.2e-07
668 Citeseer_A.txt 0.000784017 0.000783395 6.22e-07
669 Citeseer_A.txt 0.000778876 0.000778215 6.61e-07
670 Citeseer_A.txt 0.000782112 0.000781437 6.75e-07
671 Citeseer_A.txt 0.000777137 0.000776699 4.38e-07
672 Citeseer_A.txt 0.000849335 0.000848493 8.42e-07
673 Citeseer_A.txt 0.000845167 0.000844492 6.75e-07
674 Citeseer_A.txt 0.000847105 0.000846579 5.26e-07
675 Citeseer_A.txt 0.000841022 0.00084037 6.52e-07
676 Citeseer_A.txt 0.000859255 0.000858473 7.82e-07
677 Citeseer_A.txt 0.000854681 0.000853574 1.107e-06
678 Citeseer_A.txt 0.000855609 0.000854877 7.32e-07
679 Citeseer_A.txt 0.000850397 0.000849338 1.059e-06
680 Citeseer_A.txt 0.000852717 0.000852026 6.91e-07
681 Citeseer_A.txt 0.000849504 0.00084857 9.34e-07
682 Citeseer_A.txt 0.000847919 0.00084719 7.29e-07
683 Citeseer_A.txt 0.000842886 0.000842 8.86e-07
684 Citeseer_A.txt 0.000856837 0.000855953 8.84e-07
685 Citeseer_A.txt 0.000852609 0.000851762 8.47e-07
686 Citeseer_A.txt 0.000851645 0.000850873 7.72e-07
687 Citeseer_A.txt 0.000845323 0.000844662 6.61e-07
688 Citeseer_A.txt 0.000880811 0.000880259 5.52e-07
689 Citeseer_A.txt 0.000876686 0.000875954 7.32e-07
690 Citeseer_A.txt 0.000887804 0.000887094 7.1e-07
691 Citeseer_A.txt 0.000878803 0.000877925 8.78e-07
692 Citeseer_A.txt 0.000876212 0.00087558 6.32e-07
693 Citeseer_A.txt 0.000872064 0.00087134 7.24e-07
694 Citeseer_A.txt 0.000879034 0.000878407 6.27e-07
695 Citeseer_A.txt 0.000872352 0.000871669 6.83e-07
696 Citeseer_A.txt 0.000860129 0.000859289 8.4e-07
697 Citeseer_A.txt 0.000855891 0.000855271 6.2e-07
698 Citeseer_A.txt 0.000857048 0.000856327 7.21e-07
699 Citeseer_A.txt 0.000850305 0.000849533 7.72e-07
700 Citeseer_A.txt 0.000864314 0.00086361 7.04e-07
701 Citeseer_A.txt 0.000860555 0.000859797 7.58e-07
702 Citeseer_A.txt 0.000857615 0.000856785 8.3e-07
703 Citeseer_A.txt 0.000850705 0.000849624 1.081e-06
704 Citeseer_A.txt 0.000779532 0.000778529 1.003e-06
705 Citeseer_A.txt 0.000774556 0.000773769 7.87e-07
706 Citeseer_A.txt 0.000781885 0.000781216 6.69e-07
707 Citeseer_A.txt 0.000775692 0.000774861 8.31e-07
708 Citeseer_A.txt 0.000773983 0.000773336 6.47e-07
709 Citeseer_A.txt 0.000772172 0.000771423 7.49e-07
710 Citeseer_A.txt 0.000780595 0.000780073 5.22e-07
711 Citeseer_A.txt 0.000774363 0.000773504 8.59e-07
712 Citeseer_A.txt 0.000779016 0.000778402 6.14e-07
713 Citeseer_A.txt 0.000775799 0.000774963 8.36e-07
714 Citeseer_A.txt 0.000783376 0.000782661 7.15e-07
715 Citeseer_A.txt 0.000776189 0.000775483 7.06e-07
716 Citeseer_A.txt 0.000781369 0.000780808 5.61e-07
717 Citeseer_A.txt 0.000777099 0.000776484 6.15e-07
718 Citeseer_A.txt 0.000783921 0.000782977 9.44e-07
719 Citeseer_A.txt 0.000778289 0.00077733 9.59e-07
720 Citeseer_A.txt 0.000841775 0.000841058 7.17e-07
721 Citeseer_A.txt 0.000838483 0.000837737 7.46e-07
722 Citeseer_A.txt 0.000845519 0.000845011 5.08e-07
723 Citeseer_A.txt 0.000839188 0.00083853 6.58e-07
724 Citeseer_A.txt 0.000845839 0.000845311 5.28e-07
725 Citeseer_A.txt 0.000841409 0.000840897 5.12e-07
726 Citeseer_A.txt 0.000844791 0.000844282 5.09e-07
727 Citeseer_A.txt 0.000839881 0.000839155 7.26e-07
728 Citeseer_A.txt 0.000845524 0.000844845 6.79e-07
729 Citeseer_A.txt 0.000841742 0.00084078 9.62e-07
730 Citeseer_A.txt 0.000850137 0.000849409 7.28e-07
731 Citeseer_A.txt 0.000842503 0.000841759 7.44e-07
732 Citeseer_A.txt 0.000850482 0.000849748 7.34e-07
733 Citeseer_A.txt 0.000846627 0.00084601 6.17e-07
734 Citeseer_A.txt 0.000850516 0.000849807 7.09e-07
735 Citeseer_A.txt 0.000844354 0.000843497 8.57e-07
736 Citeseer_A.txt 0.000878452 0.000877516 9.36e-07
737 Citeseer_A.txt 0.000874736 0.000873828 9.08e-07
738 Citeseer_A.txt 0.000877171 0.000876499 6.72e-07
739 Citeseer_A.txt 0.000870287 0.000869758 5.29e-07
740 Citeseer_A.txt 0.000878252 0.000877556 6.96e-07
741 Citeseer_A.txt 0.000872214 0.000871567 6.47e-07
742 Citeseer_A.txt 0.000874456 0.000873782 6.74e-07
743 Citeseer_A.txt 0.000867924 0.000867069 8.55e-07
744 Citeseer_A.txt 0.000860016 0.000859346 6.7e-07
745 Citeseer_A.txt 0.00085539 0.000854823 5.67e-07
746 Citeseer_A.txt 0.000860831 0.000860295 5.36e-07
747 Citeseer_A.txt 0.000854633 0.00085413 5.03e-07
748 Citeseer_A.txt 0.000860467 0.000859944 5.23e-07
749 Citeseer_A.txt 0.000856847 0.000856229 6.18e-07
750 Citeseer_A.txt 0.000862075 0.000861405 6.7e-07
751 Citeseer_A.txt 0.000854808 0.000854162 6.46e-07
752 Citeseer_A.txt 0.00078832 0.000787741 5.79e-07
753 Citeseer_A.txt 0.000784532 0.000783746 7.86e-07
754 Citeseer_A.txt 0.000784649 0.000783999 6.5e-07
755 Citeseer_A.txt 0.000779566 0.000778786 7.8e-07
756 Citeseer_A.txt 0.000790015 0.000789166 8.49e-07
757 Citeseer_A.txt 0.000785981 0.000785138 8.43e-07
758 Citeseer_A.txt 0.000802757 0.000802153 6.04e-07
759 Citeseer_A.txt 0.000796797 0.000796047 7.5e-07
760 Citeseer_A.txt 0.000786441 0.000785552 8.89e-07
761 Citeseer_A.txt 0.000781842 0.000781123 7.19e-07
762 Citeseer_A.txt 0.000794821 0.000794204 6.17e-07
763 Citeseer_A.txt 0.000788082 0.000787191 8.91e-07
764 Citeseer_A.txt 0.000800047 0.000798806 1.241e-06
765 Citeseer_A.txt 0.000795482 0.0007946 8.82e-07
766 Citeseer_A.txt 0.000781803 0.000781068 7.35e-07
767 Citeseer_A.txt 0.00078998 0.000775006 1.4974e-05
TACC:  Shutdown complete. Exiting. 
