TACC:  Starting up job 10024616 
TACC:  Starting parallel tasks... 
0 Citeseer_feat_L2.txt 0.000814051 0.000812853 1.198e-06
1 Citeseer_feat_L2.txt 0.000762489 0.000761627 8.62e-07
2 Citeseer_feat_L2.txt 0.00113162 0.00113067 9.46e-07
3 Citeseer_feat_L2.txt 0.000861486 0.000860564 9.22e-07
4 Citeseer_feat_L2.txt 0.000951987 0.000951128 8.59e-07
5 Citeseer_feat_L2.txt 0.000862079 0.000861101 9.78e-07
6 Citeseer_feat_L2.txt 0.000893833 0.000892931 9.02e-07
7 Citeseer_feat_L2.txt 0.0011382 0.00113729 9.01e-07
8 Citeseer_feat_L2.txt 0.000817478 0.000816584 8.94e-07
9 Citeseer_feat_L2.txt 0.00108754 0.00108652 1.015e-06
10 Citeseer_feat_L2.txt 0.00106877 0.00106791 8.67e-07
11 Citeseer_feat_L2.txt 0.00103354 0.0010325 1.031e-06
12 Citeseer_feat_L2.txt 0.000889356 0.000888492 8.64e-07
13 Citeseer_feat_L2.txt 0.000869839 0.000868886 9.53e-07
14 Citeseer_feat_L2.txt 0.000961033 0.000960214 8.19e-07
15 Citeseer_feat_L2.txt 0.000888969 0.000887963 1.006e-06
16 Citeseer_feat_L2.txt 0.00100244 0.00100156 8.89e-07
17 Citeseer_feat_L2.txt 0.00100693 0.00100595 9.82e-07
18 Citeseer_feat_L2.txt 0.000883994 0.000883132 8.62e-07
19 Citeseer_feat_L2.txt 0.000868447 0.00086738 1.067e-06
20 Citeseer_feat_L2.txt 0.000875173 0.000874302 8.71e-07
21 Citeseer_feat_L2.txt 0.00112963 0.00112862 1.017e-06
22 Citeseer_feat_L2.txt 0.000889897 0.000888919 9.78e-07
23 Citeseer_feat_L2.txt 0.000942422 0.000941565 8.57e-07
24 Citeseer_feat_L2.txt 0.00101228 0.00101138 9.08e-07
25 Citeseer_feat_L2.txt 0.00107913 0.00107822 9.1e-07
26 Citeseer_feat_L2.txt 0.00097033 0.000969528 8.02e-07
27 Citeseer_feat_L2.txt 0.00102302 0.00102212 9.03e-07
28 Citeseer_feat_L2.txt 0.00101217 0.00101133 8.43e-07
29 Citeseer_feat_L2.txt 0.00104201 0.00104108 9.28e-07
30 Citeseer_feat_L2.txt 0.000996821 0.000996002 8.19e-07
31 Citeseer_feat_L2.txt 0.00107443 0.00107342 1.016e-06
32 Citeseer_feat_L2.txt 0.000919408 0.000918602 8.06e-07
33 Citeseer_feat_L2.txt 0.000935777 0.000934836 9.41e-07
34 Citeseer_feat_L2.txt 0.00100031 0.000999393 9.18e-07
35 Citeseer_feat_L2.txt 0.000944975 0.000944083 8.92e-07
36 Citeseer_feat_L2.txt 0.000967774 0.00096687 9.04e-07
37 Citeseer_feat_L2.txt 0.000861094 0.000860199 8.95e-07
38 Citeseer_feat_L2.txt 0.000948719 0.000947865 8.54e-07
39 Citeseer_feat_L2.txt 0.00105193 0.00105084 1.087e-06
40 Citeseer_feat_L2.txt 0.000974876 0.000974037 8.39e-07
41 Citeseer_feat_L2.txt 0.00100149 0.00100053 9.6e-07
42 Citeseer_feat_L2.txt 0.000948815 0.000947945 8.7e-07
43 Citeseer_feat_L2.txt 0.000880696 0.000879796 9e-07
44 Citeseer_feat_L2.txt 0.000936011 0.00093515 8.61e-07
45 Citeseer_feat_L2.txt 0.000970072 0.000968992 1.08e-06
46 Citeseer_feat_L2.txt 0.000923908 0.000923068 8.4e-07
47 Citeseer_feat_L2.txt 0.00100792 0.00100688 1.04e-06
48 Citeseer_feat_L2.txt 0.000942491 0.000940593 1.898e-06
49 Citeseer_feat_L2.txt 0.000988476 0.00098733 1.146e-06
50 Citeseer_feat_L2.txt 0.00108264 0.00108157 1.072e-06
51 Citeseer_feat_L2.txt 0.0011427 0.00114159 1.113e-06
52 Citeseer_feat_L2.txt 0.00110831 0.00110733 9.81e-07
53 Citeseer_feat_L2.txt 0.00107979 0.0010787 1.097e-06
54 Citeseer_feat_L2.txt 0.00108106 0.00108007 9.97e-07
55 Citeseer_feat_L2.txt 0.00110546 0.00110422 1.236e-06
56 Citeseer_feat_L2.txt 0.00106423 0.0010632 1.03e-06
57 Citeseer_feat_L2.txt 0.00101902 0.00101784 1.178e-06
58 Citeseer_feat_L2.txt 0.00110161 0.00110061 1.006e-06
59 Citeseer_feat_L2.txt 0.00106391 0.00106264 1.268e-06
60 Citeseer_feat_L2.txt 0.00106436 0.00106333 1.026e-06
61 Citeseer_feat_L2.txt 0.00105983 0.00105855 1.284e-06
62 Citeseer_feat_L2.txt 0.00107437 0.0010733 1.067e-06
63 Citeseer_feat_L2.txt 0.00111659 0.00111536 1.227e-06
64 Citeseer_feat_L2.txt 0.0010617 0.00106064 1.066e-06
65 Citeseer_feat_L2.txt 0.00102291 0.00102175 1.166e-06
66 Citeseer_feat_L2.txt 0.00104161 0.0010406 1.016e-06
67 Citeseer_feat_L2.txt 0.00102745 0.00102631 1.137e-06
68 Citeseer_feat_L2.txt 0.00111475 0.0011138 9.57e-07
69 Citeseer_feat_L2.txt 0.00107435 0.00107309 1.262e-06
70 Citeseer_feat_L2.txt 0.00107488 0.00107384 1.038e-06
71 Citeseer_feat_L2.txt 0.0011912 0.0011899 1.298e-06
72 Citeseer_feat_L2.txt 0.00101697 0.00101587 1.093e-06
73 Citeseer_feat_L2.txt 0.00120198 0.00120088 1.098e-06
74 Citeseer_feat_L2.txt 0.00114397 0.00114294 1.029e-06
75 Citeseer_feat_L2.txt 0.00102743 0.00102621 1.218e-06
76 Citeseer_feat_L2.txt 0.00124577 0.00124463 1.137e-06
77 Citeseer_feat_L2.txt 0.00112478 0.00112341 1.362e-06
78 Citeseer_feat_L2.txt 0.0012269 0.00122585 1.046e-06
79 Citeseer_feat_L2.txt 0.0011357 0.00113448 1.217e-06
80 Citeseer_feat_L2.txt 0.00101853 0.00101752 1.01e-06
81 Citeseer_feat_L2.txt 0.00104224 0.0010411 1.135e-06
82 Citeseer_feat_L2.txt 0.00112153 0.00112044 1.086e-06
83 Citeseer_feat_L2.txt 0.00116141 0.00116034 1.069e-06
84 Citeseer_feat_L2.txt 0.00104566 0.00104458 1.077e-06
85 Citeseer_feat_L2.txt 0.00103188 0.00103064 1.249e-06
86 Citeseer_feat_L2.txt 0.00108783 0.00108683 9.98e-07
87 Citeseer_feat_L2.txt 0.00110442 0.00110329 1.13e-06
88 Citeseer_feat_L2.txt 0.00103343 0.00103228 1.145e-06
89 Citeseer_feat_L2.txt 0.00108893 0.00108763 1.296e-06
90 Citeseer_feat_L2.txt 0.00108713 0.00108616 9.74e-07
91 Citeseer_feat_L2.txt 0.00102305 0.00102178 1.272e-06
92 Citeseer_feat_L2.txt 0.00120187 0.00120081 1.066e-06
93 Citeseer_feat_L2.txt 0.00113135 0.00113004 1.313e-06
94 Citeseer_feat_L2.txt 0.000973896 0.000972367 1.529e-06
95 Citeseer_feat_L2.txt 0.00117672 0.00117569 1.036e-06
96 Citeseer_feat_L2.txt 0.000980786 0.000979716 1.07e-06
97 Citeseer_feat_L2.txt 0.00100384 0.00100277 1.068e-06
98 Citeseer_feat_L2.txt 0.00102529 0.00102437 9.22e-07
99 Citeseer_feat_L2.txt 0.000942469 0.000941526 9.43e-07
100 Citeseer_feat_L2.txt 0.000864054 0.000863133 9.21e-07
101 Citeseer_feat_L2.txt 0.000988464 0.000987589 8.75e-07
102 Citeseer_feat_L2.txt 0.00104034 0.00103931 1.032e-06
103 Citeseer_feat_L2.txt 0.00117187 0.00117079 1.076e-06
104 Citeseer_feat_L2.txt 0.00098064 0.000979807 8.33e-07
105 Citeseer_feat_L2.txt 0.000943711 0.000942601 1.11e-06
106 Citeseer_feat_L2.txt 0.00104758 0.00104673 8.5e-07
107 Citeseer_feat_L2.txt 0.00117523 0.0011743 9.29e-07
108 Citeseer_feat_L2.txt 0.00112397 0.00112313 8.37e-07
109 Citeseer_feat_L2.txt 0.00108774 0.00108671 1.029e-06
110 Citeseer_feat_L2.txt 0.00102054 0.00101966 8.75e-07
111 Citeseer_feat_L2.txt 0.00108494 0.00108388 1.059e-06
112 Citeseer_feat_L2.txt 0.00101138 0.0010105 8.76e-07
113 Citeseer_feat_L2.txt 0.00097325 0.000972198 1.052e-06
114 Citeseer_feat_L2.txt 0.0010461 0.00104519 9.16e-07
115 Citeseer_feat_L2.txt 0.00104745 0.00104655 8.93e-07
116 Citeseer_feat_L2.txt 0.00105243 0.00105158 8.53e-07
117 Citeseer_feat_L2.txt 0.00113161 0.00113054 1.071e-06
118 Citeseer_feat_L2.txt 0.00107334 0.00107246 8.79e-07
119 Citeseer_feat_L2.txt 0.00110924 0.00110814 1.094e-06
120 Citeseer_feat_L2.txt 0.00111353 0.00111262 9.06e-07
121 Citeseer_feat_L2.txt 0.00105475 0.00105383 9.15e-07
122 Citeseer_feat_L2.txt 0.000970863 0.000969888 9.75e-07
123 Citeseer_feat_L2.txt 0.00104933 0.00104839 9.41e-07
124 Citeseer_feat_L2.txt 0.00107692 0.001076 9.12e-07
125 Citeseer_feat_L2.txt 0.0011788 0.00117782 9.73e-07
126 Citeseer_feat_L2.txt 0.00107594 0.00107503 9.1e-07
127 Citeseer_feat_L2.txt 0.0010513 0.00105023 1.07e-06
128 Citeseer_feat_L2.txt 0.000976398 0.000975462 9.36e-07
129 Citeseer_feat_L2.txt 0.00101855 0.00101763 9.17e-07
130 Citeseer_feat_L2.txt 0.00106364 0.00106272 9.15e-07
131 Citeseer_feat_L2.txt 0.00115122 0.00115024 9.84e-07
132 Citeseer_feat_L2.txt 0.00102081 0.0010199 9.09e-07
133 Citeseer_feat_L2.txt 0.00104778 0.00104675 1.029e-06
134 Citeseer_feat_L2.txt 0.00104814 0.00104717 9.73e-07
135 Citeseer_feat_L2.txt 0.000993228 0.000992328 9e-07
136 Citeseer_feat_L2.txt 0.00112597 0.00112509 8.83e-07
137 Citeseer_feat_L2.txt 0.00116149 0.00116057 9.23e-07
138 Citeseer_feat_L2.txt 0.00105157 0.00105067 9e-07
139 Citeseer_feat_L2.txt 0.00103719 0.00103617 1.022e-06
140 Citeseer_feat_L2.txt 0.000948129 0.000947239 8.9e-07
141 Citeseer_feat_L2.txt 0.00103438 0.00103334 1.043e-06
142 Citeseer_feat_L2.txt 0.00105476 0.00105389 8.7e-07
143 Citeseer_feat_L2.txt 0.00110837 0.00110733 1.041e-06
144 Citeseer_feat_L2.txt 0.000986392 0.000985408 9.84e-07
145 Citeseer_feat_L2.txt 0.00100718 0.00100624 9.36e-07
146 Citeseer_feat_L2.txt 0.00109905 0.00109815 9.06e-07
147 Citeseer_feat_L2.txt 0.00117737 0.00117634 1.032e-06
148 Citeseer_feat_L2.txt 0.00111292 0.00111206 8.59e-07
149 Citeseer_feat_L2.txt 0.00115436 0.00115323 1.13e-06
150 Citeseer_feat_L2.txt 0.00105688 0.00105593 9.47e-07
151 Citeseer_feat_L2.txt 0.00106514 0.00106423 9.08e-07
152 Citeseer_feat_L2.txt 0.00111311 0.00111229 8.25e-07
153 Citeseer_feat_L2.txt 0.00109813 0.00109725 8.77e-07
154 Citeseer_feat_L2.txt 0.00103935 0.00103849 8.65e-07
155 Citeseer_feat_L2.txt 0.0011181 0.00111712 9.8e-07
156 Citeseer_feat_L2.txt 0.00113122 0.0011303 9.16e-07
157 Citeseer_feat_L2.txt 0.00119546 0.00119454 9.21e-07
158 Citeseer_feat_L2.txt 0.00108547 0.00108441 1.06e-06
159 Citeseer_feat_L2.txt 0.00098976 0.000988863 8.97e-07
160 Citeseer_feat_L2.txt 0.00101909 0.00101824 8.47e-07
161 Citeseer_feat_L2.txt 0.00112795 0.00112688 1.066e-06
162 Citeseer_feat_L2.txt 0.00115995 0.00115911 8.42e-07
163 Citeseer_feat_L2.txt 0.00103251 0.00103159 9.21e-07
164 Citeseer_feat_L2.txt 0.00103071 0.00102991 8.04e-07
165 Citeseer_feat_L2.txt 0.00109486 0.0010938 1.067e-06
166 Citeseer_feat_L2.txt 0.00110432 0.0011035 8.22e-07
167 Citeseer_feat_L2.txt 0.00118807 0.00118714 9.28e-07
168 Citeseer_feat_L2.txt 0.00102982 0.00102889 9.27e-07
169 Citeseer_feat_L2.txt 0.00105482 0.00105392 8.94e-07
170 Citeseer_feat_L2.txt 0.00111506 0.00111417 8.85e-07
171 Citeseer_feat_L2.txt 0.00106479 0.00106379 1.004e-06
172 Citeseer_feat_L2.txt 0.00115379 0.00115279 9.94e-07
173 Citeseer_feat_L2.txt 0.00105258 0.00105165 9.32e-07
174 Citeseer_feat_L2.txt 0.0010649 0.00106403 8.71e-07
175 Citeseer_feat_L2.txt 0.00105328 0.00105234 9.39e-07
176 Citeseer_feat_L2.txt 0.000967319 0.000966407 9.12e-07
177 Citeseer_feat_L2.txt 0.00102606 0.00102511 9.44e-07
178 Citeseer_feat_L2.txt 0.0010327 0.00103178 9.13e-07
179 Citeseer_feat_L2.txt 0.00106314 0.00106225 8.87e-07
180 Citeseer_feat_L2.txt 0.00102637 0.00102548 8.97e-07
181 Citeseer_feat_L2.txt 0.00110946 0.00110842 1.039e-06
182 Citeseer_feat_L2.txt 0.000909728 0.00090885 8.78e-07
183 Citeseer_feat_L2.txt 0.0010708 0.00106967 1.139e-06
184 Citeseer_feat_L2.txt 0.00114914 0.00114818 9.63e-07
185 Citeseer_feat_L2.txt 0.00108565 0.00108472 9.3e-07
186 Citeseer_feat_L2.txt 0.000968541 0.000967677 8.64e-07
187 Citeseer_feat_L2.txt 0.00110216 0.00110114 1.021e-06
188 Citeseer_feat_L2.txt 0.0010943 0.00109339 9.14e-07
189 Citeseer_feat_L2.txt 0.0011565 0.00115531 1.188e-06
190 Citeseer_feat_L2.txt 0.00112933 0.0011283 1.025e-06
191 Citeseer_feat_L2.txt 0.00104532 0.00104427 1.045e-06
192 Citeseer_feat_L2.txt 0.000906714 0.000905594 1.12e-06
193 Citeseer_feat_L2.txt 0.0011356 0.00113459 1.007e-06
194 Citeseer_feat_L2.txt 0.000862924 0.000862036 8.88e-07
195 Citeseer_feat_L2.txt 0.00103999 0.00103889 1.097e-06
196 Citeseer_feat_L2.txt 0.000947358 0.000946492 8.66e-07
197 Citeseer_feat_L2.txt 0.00104846 0.00104741 1.047e-06
198 Citeseer_feat_L2.txt 0.00101981 0.00101884 9.75e-07
199 Citeseer_feat_L2.txt 0.00103301 0.00103202 9.88e-07
200 Citeseer_feat_L2.txt 0.00100934 0.00100846 8.77e-07
201 Citeseer_feat_L2.txt 0.00103753 0.00103642 1.109e-06
202 Citeseer_feat_L2.txt 0.00105635 0.00105543 9.13e-07
203 Citeseer_feat_L2.txt 0.00101021 0.00100917 1.031e-06
204 Citeseer_feat_L2.txt 0.00100728 0.00100636 9.28e-07
205 Citeseer_feat_L2.txt 0.00102279 0.00102171 1.083e-06
206 Citeseer_feat_L2.txt 0.00100999 0.00100904 9.5e-07
207 Citeseer_feat_L2.txt 0.000999497 0.000998614 8.83e-07
208 Citeseer_feat_L2.txt 0.00104922 0.00104835 8.7e-07
209 Citeseer_feat_L2.txt 0.00101826 0.00101726 1.002e-06
210 Citeseer_feat_L2.txt 0.00111302 0.00111214 8.82e-07
211 Citeseer_feat_L2.txt 0.00104207 0.00104097 1.099e-06
212 Citeseer_feat_L2.txt 0.00108814 0.00108733 8.12e-07
213 Citeseer_feat_L2.txt 0.00105623 0.00105518 1.055e-06
214 Citeseer_feat_L2.txt 0.000990474 0.000989629 8.45e-07
215 Citeseer_feat_L2.txt 0.00105395 0.00105299 9.57e-07
216 Citeseer_feat_L2.txt 0.00100855 0.00100763 9.16e-07
217 Citeseer_feat_L2.txt 0.00112459 0.00112365 9.38e-07
218 Citeseer_feat_L2.txt 0.0010352 0.00103434 8.62e-07
219 Citeseer_feat_L2.txt 0.001067 0.00106611 8.95e-07
220 Citeseer_feat_L2.txt 0.00105973 0.00105889 8.45e-07
221 Citeseer_feat_L2.txt 0.000981011 0.000979899 1.112e-06
222 Citeseer_feat_L2.txt 0.00113276 0.00113189 8.67e-07
223 Citeseer_feat_L2.txt 0.00107497 0.00107405 9.2e-07
224 Citeseer_feat_L2.txt 0.00100693 0.00100603 9e-07
225 Citeseer_feat_L2.txt 0.00113329 0.00113236 9.27e-07
226 Citeseer_feat_L2.txt 0.0011204 0.00111938 1.02e-06
227 Citeseer_feat_L2.txt 0.000912435 0.000911403 1.032e-06
228 Citeseer_feat_L2.txt 0.00109707 0.00109618 8.87e-07
229 Citeseer_feat_L2.txt 0.00111364 0.0011127 9.37e-07
230 Citeseer_feat_L2.txt 0.00110273 0.00110184 8.91e-07
231 Citeseer_feat_L2.txt 0.000967686 0.000966758 9.28e-07
232 Citeseer_feat_L2.txt 0.00102454 0.00102369 8.5e-07
233 Citeseer_feat_L2.txt 0.00100059 0.000999485 1.101e-06
234 Citeseer_feat_L2.txt 0.000993879 0.00099303 8.49e-07
235 Citeseer_feat_L2.txt 0.00103383 0.00103283 9.95e-07
236 Citeseer_feat_L2.txt 0.000999569 0.000998558 1.011e-06
237 Citeseer_feat_L2.txt 0.00111917 0.00111804 1.129e-06
238 Citeseer_feat_L2.txt 0.0011431 0.00114223 8.68e-07
239 Citeseer_feat_L2.txt 0.00111622 0.00111524 9.71e-07
240 Citeseer_feat_L2.txt 0.000924104 0.000923029 1.075e-06
241 Citeseer_feat_L2.txt 0.000802442 0.000801514 9.28e-07
242 Citeseer_feat_L2.txt 0.00112565 0.00112483 8.23e-07
243 Citeseer_feat_L2.txt 0.0010654 0.00106434 1.059e-06
244 Citeseer_feat_L2.txt 0.000927716 0.000926872 8.44e-07
245 Citeseer_feat_L2.txt 0.000950551 0.000949455 1.096e-06
246 Citeseer_feat_L2.txt 0.00106458 0.00106371 8.72e-07
247 Citeseer_feat_L2.txt 0.000964258 0.000963347 9.11e-07
248 Citeseer_feat_L2.txt 0.00105903 0.00105823 8.07e-07
249 Citeseer_feat_L2.txt 0.000866703 0.000865796 9.07e-07
250 Citeseer_feat_L2.txt 0.00106663 0.00106579 8.47e-07
251 Citeseer_feat_L2.txt 0.00107877 0.0010778 9.65e-07
252 Citeseer_feat_L2.txt 0.000930512 0.000929673 8.39e-07
253 Citeseer_feat_L2.txt 0.00116224 0.00116123 1.018e-06
254 Citeseer_feat_L2.txt 0.00108996 0.00108907 8.98e-07
255 Citeseer_feat_L2.txt 0.000992302 0.0009914 9.02e-07
256 Citeseer_feat_L2.txt 0.000849446 0.000848714 7.32e-07
257 Citeseer_feat_L2.txt 0.000993693 0.00099264 1.053e-06
258 Citeseer_feat_L2.txt 0.000989766 0.000988744 1.022e-06
259 Citeseer_feat_L2.txt 0.00107264 0.00107178 8.63e-07
260 Citeseer_feat_L2.txt 0.00105959 0.00105873 8.55e-07
261 Citeseer_feat_L2.txt 0.000954017 0.000952989 1.028e-06
262 Citeseer_feat_L2.txt 0.000994622 0.000993726 8.96e-07
263 Citeseer_feat_L2.txt 0.00110547 0.00110459 8.76e-07
264 Citeseer_feat_L2.txt 0.00105502 0.00105403 9.9e-07
265 Citeseer_feat_L2.txt 0.00102835 0.00102738 9.75e-07
266 Citeseer_feat_L2.txt 0.00120137 0.00120044 9.37e-07
267 Citeseer_feat_L2.txt 0.000937482 0.000936412 1.07e-06
268 Citeseer_feat_L2.txt 0.00112363 0.00112274 8.97e-07
269 Citeseer_feat_L2.txt 0.00101539 0.00101445 9.34e-07
270 Citeseer_feat_L2.txt 0.00105233 0.00105144 8.89e-07
271 Citeseer_feat_L2.txt 0.00101646 0.0010155 9.62e-07
272 Citeseer_feat_L2.txt 0.00109008 0.00108919 8.86e-07
273 Citeseer_feat_L2.txt 0.000965524 0.000964474 1.05e-06
274 Citeseer_feat_L2.txt 0.000950051 0.000949041 1.01e-06
275 Citeseer_feat_L2.txt 0.00123192 0.0012308 1.113e-06
276 Citeseer_feat_L2.txt 0.0011282 0.00112734 8.6e-07
277 Citeseer_feat_L2.txt 0.000928545 0.000927493 1.052e-06
278 Citeseer_feat_L2.txt 0.0010646 0.00106364 9.64e-07
279 Citeseer_feat_L2.txt 0.00104381 0.00104277 1.036e-06
280 Citeseer_feat_L2.txt 0.00106645 0.00106559 8.56e-07
281 Citeseer_feat_L2.txt 0.0011731 0.00117202 1.081e-06
282 Citeseer_feat_L2.txt 0.0009906 0.000989734 8.66e-07
283 Citeseer_feat_L2.txt 0.00109183 0.0010909 9.3e-07
284 Citeseer_feat_L2.txt 0.000969047 0.000968141 9.06e-07
285 Citeseer_feat_L2.txt 0.00103801 0.0010371 9.13e-07
286 Citeseer_feat_L2.txt 0.00112879 0.00112795 8.43e-07
287 Citeseer_feat_L2.txt 0.000954211 0.000953159 1.052e-06
288 Citeseer_feat_L2.txt 0.000923677 0.000922639 1.038e-06
289 Citeseer_feat_L2.txt 0.000954444 0.000953533 9.11e-07
290 Citeseer_feat_L2.txt 0.00110646 0.00110556 9.04e-07
291 Citeseer_feat_L2.txt 0.00105671 0.00105565 1.056e-06
292 Citeseer_feat_L2.txt 0.000999301 0.000998394 9.07e-07
293 Citeseer_feat_L2.txt 0.00106598 0.00106499 9.91e-07
294 Citeseer_feat_L2.txt 0.00103417 0.00103327 8.96e-07
295 Citeseer_feat_L2.txt 0.0011328 0.00113175 1.055e-06
296 Citeseer_feat_L2.txt 0.00102906 0.00102817 8.94e-07
297 Citeseer_feat_L2.txt 0.00104863 0.00104768 9.52e-07
298 Citeseer_feat_L2.txt 0.00113936 0.00113848 8.76e-07
299 Citeseer_feat_L2.txt 0.0010769 0.00107583 1.069e-06
300 Citeseer_feat_L2.txt 0.00111438 0.00111351 8.66e-07
301 Citeseer_feat_L2.txt 0.0011182 0.00111731 8.91e-07
302 Citeseer_feat_L2.txt 0.000963086 0.000962024 1.062e-06
303 Citeseer_feat_L2.txt 0.00113769 0.00113666 1.032e-06
304 Citeseer_feat_L2.txt 0.00116043 0.00115957 8.62e-07
305 Citeseer_feat_L2.txt 0.00111438 0.00111339 9.94e-07
306 Citeseer_feat_L2.txt 0.00115956 0.00115866 8.92e-07
307 Citeseer_feat_L2.txt 0.00103731 0.00103621 1.106e-06
308 Citeseer_feat_L2.txt 0.00112294 0.00112203 9.1e-07
309 Citeseer_feat_L2.txt 0.00110926 0.00110822 1.039e-06
310 Citeseer_feat_L2.txt 0.00109598 0.00109506 9.18e-07
311 Citeseer_feat_L2.txt 0.00105744 0.0010565 9.37e-07
312 Citeseer_feat_L2.txt 0.00108226 0.00108134 9.16e-07
313 Citeseer_feat_L2.txt 0.000937351 0.000936247 1.104e-06
314 Citeseer_feat_L2.txt 0.0010599 0.00105897 9.28e-07
315 Citeseer_feat_L2.txt 0.00107187 0.00107086 1.01e-06
316 Citeseer_feat_L2.txt 0.00100108 0.00100021 8.73e-07
317 Citeseer_feat_L2.txt 0.00100536 0.00100446 9.04e-07
318 Citeseer_feat_L2.txt 0.00101617 0.00101529 8.73e-07
319 Citeseer_feat_L2.txt 0.00100088 0.00100006 8.19e-07
320 Citeseer_feat_L2.txt 0.000904031 0.000903011 1.02e-06
321 Citeseer_feat_L2.txt 0.000995138 0.000994249 8.89e-07
322 Citeseer_feat_L2.txt 0.00098052 0.00097966 8.6e-07
323 Citeseer_feat_L2.txt 0.00120832 0.00120736 9.54e-07
324 Citeseer_feat_L2.txt 0.00104459 0.00104372 8.71e-07
325 Citeseer_feat_L2.txt 0.00107975 0.00107868 1.067e-06
326 Citeseer_feat_L2.txt 0.00107346 0.00107256 9.03e-07
327 Citeseer_feat_L2.txt 0.00108006 0.00107895 1.114e-06
328 Citeseer_feat_L2.txt 0.00095753 0.000956631 8.99e-07
329 Citeseer_feat_L2.txt 0.00106338 0.00106227 1.113e-06
330 Citeseer_feat_L2.txt 0.000957142 0.000956319 8.23e-07
331 Citeseer_feat_L2.txt 0.00097546 0.000974467 9.93e-07
332 Citeseer_feat_L2.txt 0.000974554 0.000973678 8.76e-07
333 Citeseer_feat_L2.txt 0.00116243 0.00116136 1.068e-06
334 Citeseer_feat_L2.txt 0.00110809 0.00110719 9.02e-07
335 Citeseer_feat_L2.txt 0.000987042 0.000986012 1.03e-06
336 Citeseer_feat_L2.txt 0.000952158 0.000951062 1.096e-06
337 Citeseer_feat_L2.txt 0.0010323 0.00103125 1.059e-06
338 Citeseer_feat_L2.txt 0.000869261 0.000868419 8.42e-07
339 Citeseer_feat_L2.txt 0.000941635 0.00094051 1.125e-06
340 Citeseer_feat_L2.txt 0.000966244 0.000965358 8.86e-07
341 Citeseer_feat_L2.txt 0.000962314 0.000961412 9.02e-07
342 Citeseer_feat_L2.txt 0.00092689 0.000926004 8.86e-07
343 Citeseer_feat_L2.txt 0.00116599 0.001165 9.84e-07
344 Citeseer_feat_L2.txt 0.00088245 0.000881496 9.54e-07
345 Citeseer_feat_L2.txt 0.00106138 0.00106037 1.008e-06
346 Citeseer_feat_L2.txt 0.00117525 0.00117438 8.75e-07
347 Citeseer_feat_L2.txt 0.000925388 0.000924342 1.046e-06
348 Citeseer_feat_L2.txt 0.00106092 0.00105989 1.025e-06
349 Citeseer_feat_L2.txt 0.0011267 0.00112567 1.034e-06
350 Citeseer_feat_L2.txt 0.00100602 0.00100512 9.06e-07
351 Citeseer_feat_L2.txt 0.00104556 0.00104453 1.029e-06
352 Citeseer_feat_L2.txt 0.00104788 0.00104698 9.05e-07
353 Citeseer_feat_L2.txt 0.00102402 0.001023 1.027e-06
354 Citeseer_feat_L2.txt 0.00104178 0.00104092 8.57e-07
355 Citeseer_feat_L2.txt 0.00112972 0.00112882 8.93e-07
356 Citeseer_feat_L2.txt 0.00114344 0.00114262 8.18e-07
357 Citeseer_feat_L2.txt 0.00102523 0.00102427 9.58e-07
358 Citeseer_feat_L2.txt 0.00116089 0.00115998 9.04e-07
359 Citeseer_feat_L2.txt 0.000922611 0.000921521 1.09e-06
360 Citeseer_feat_L2.txt 0.00100653 0.00100562 9.13e-07
361 Citeseer_feat_L2.txt 0.000928476 0.000927547 9.29e-07
362 Citeseer_feat_L2.txt 0.000972442 0.000971573 8.69e-07
363 Citeseer_feat_L2.txt 0.00104178 0.00104067 1.114e-06
364 Citeseer_feat_L2.txt 0.00096841 0.000967459 9.51e-07
365 Citeseer_feat_L2.txt 0.000887898 0.000886817 1.081e-06
366 Citeseer_feat_L2.txt 0.00107269 0.00107174 9.48e-07
367 Citeseer_feat_L2.txt 0.00103183 0.00103076 1.07e-06
368 Citeseer_feat_L2.txt 0.000944393 0.000943356 1.037e-06
369 Citeseer_feat_L2.txt 0.000916189 0.000915098 1.091e-06
370 Citeseer_feat_L2.txt 0.001028 0.00102708 9.15e-07
371 Citeseer_feat_L2.txt 0.000911451 0.000910387 1.064e-06
372 Citeseer_feat_L2.txt 0.000939332 0.000938409 9.23e-07
373 Citeseer_feat_L2.txt 0.00100077 0.000999686 1.089e-06
374 Citeseer_feat_L2.txt 0.000952833 0.000951937 8.96e-07
375 Citeseer_feat_L2.txt 0.00100606 0.00100511 9.53e-07
376 Citeseer_feat_L2.txt 0.00112171 0.0011208 9.07e-07
377 Citeseer_feat_L2.txt 0.000975009 0.000973976 1.033e-06
378 Citeseer_feat_L2.txt 0.00106784 0.00106692 9.12e-07
379 Citeseer_feat_L2.txt 0.00108474 0.00108385 8.86e-07
380 Citeseer_feat_L2.txt 0.000946862 0.000945937 9.25e-07
381 Citeseer_feat_L2.txt 0.000994449 0.000993415 1.034e-06
382 Citeseer_feat_L2.txt 0.00106659 0.00106564 9.55e-07
383 Citeseer_feat_L2.txt 0.00101076 0.00100968 1.08e-06
384 Citeseer_feat_L2.txt 0.000901504 0.000900461 1.043e-06
385 Citeseer_feat_L2.txt 0.000976732 0.000975681 1.051e-06
386 Citeseer_feat_L2.txt 0.00112323 0.00112236 8.69e-07
387 Citeseer_feat_L2.txt 0.000927223 0.00092603 1.193e-06
388 Citeseer_feat_L2.txt 0.000985283 0.000984418 8.65e-07
389 Citeseer_feat_L2.txt 0.000996444 0.000995529 9.15e-07
390 Citeseer_feat_L2.txt 0.00112284 0.00112186 9.8e-07
391 Citeseer_feat_L2.txt 0.00107739 0.00107645 9.39e-07
392 Citeseer_feat_L2.txt 0.00088177 0.000880861 9.09e-07
393 Citeseer_feat_L2.txt 0.00109376 0.00109271 1.057e-06
394 Citeseer_feat_L2.txt 0.000948155 0.000947292 8.63e-07
395 Citeseer_feat_L2.txt 0.00106808 0.0010671 9.77e-07
396 Citeseer_feat_L2.txt 0.000918077 0.00091717 9.07e-07
397 Citeseer_feat_L2.txt 0.000928573 0.000927481 1.092e-06
398 Citeseer_feat_L2.txt 0.000884872 0.000883981 8.91e-07
399 Citeseer_feat_L2.txt 0.00111383 0.00111276 1.069e-06
400 Citeseer_feat_L2.txt 0.000973269 0.000972384 8.85e-07
401 Citeseer_feat_L2.txt 0.0010057 0.00100475 9.48e-07
402 Citeseer_feat_L2.txt 0.000972446 0.000971532 9.14e-07
403 Citeseer_feat_L2.txt 0.00104012 0.00103907 1.051e-06
404 Citeseer_feat_L2.txt 0.00110714 0.00110624 8.94e-07
405 Citeseer_feat_L2.txt 0.00102335 0.00102244 9.08e-07
406 Citeseer_feat_L2.txt 0.00109324 0.00109227 9.71e-07
407 Citeseer_feat_L2.txt 0.00101472 0.0010138 9.2e-07
408 Citeseer_feat_L2.txt 0.000941183 0.000940251 9.32e-07
409 Citeseer_feat_L2.txt 0.000960127 0.000959191 9.36e-07
410 Citeseer_feat_L2.txt 0.00112143 0.00112054 8.89e-07
411 Citeseer_feat_L2.txt 0.00102448 0.00102355 9.28e-07
412 Citeseer_feat_L2.txt 0.000996211 0.000995354 8.57e-07
413 Citeseer_feat_L2.txt 0.000935638 0.000934618 1.02e-06
414 Citeseer_feat_L2.txt 0.00105463 0.00105373 8.98e-07
415 Citeseer_feat_L2.txt 0.00098939 0.000988413 9.77e-07
416 Citeseer_feat_L2.txt 0.000814692 0.00081378 9.12e-07
417 Citeseer_feat_L2.txt 0.00100772 0.0010067 1.016e-06
418 Citeseer_feat_L2.txt 0.000883053 0.000882098 9.55e-07
419 Citeseer_feat_L2.txt 0.00110765 0.00110662 1.028e-06
420 Citeseer_feat_L2.txt 0.000942705 0.000941787 9.18e-07
421 Citeseer_feat_L2.txt 0.000962266 0.000961337 9.29e-07
422 Citeseer_feat_L2.txt 0.00108124 0.00108034 9.02e-07
423 Citeseer_feat_L2.txt 0.00115782 0.00115688 9.41e-07
424 Citeseer_feat_L2.txt 0.00110797 0.0011071 8.7e-07
425 Citeseer_feat_L2.txt 0.00104367 0.00104266 1.009e-06
426 Citeseer_feat_L2.txt 0.000949757 0.000948894 8.63e-07
427 Citeseer_feat_L2.txt 0.000981283 0.000980351 9.32e-07
428 Citeseer_feat_L2.txt 0.000928374 0.000927506 8.68e-07
429 Citeseer_feat_L2.txt 0.000957622 0.000956684 9.38e-07
430 Citeseer_feat_L2.txt 0.00109361 0.00109272 8.85e-07
431 Citeseer_feat_L2.txt 0.00107432 0.00107327 1.043e-06
432 Citeseer_feat_L2.txt 0.000987509 0.000986315 1.194e-06
433 Citeseer_feat_L2.txt 0.00102869 0.00102775 9.42e-07
434 Citeseer_feat_L2.txt 0.001049 0.00104813 8.7e-07
435 Citeseer_feat_L2.txt 0.000986075 0.000985241 8.34e-07
436 Citeseer_feat_L2.txt 0.00113014 0.00112923 9.08e-07
437 Citeseer_feat_L2.txt 0.00113871 0.00113771 1.006e-06
438 Citeseer_feat_L2.txt 0.00104115 0.00104026 8.9e-07
439 Citeseer_feat_L2.txt 0.00106407 0.00106315 9.23e-07
440 Citeseer_feat_L2.txt 0.000936138 0.000935216 9.22e-07
441 Citeseer_feat_L2.txt 0.00112483 0.00112376 1.072e-06
442 Citeseer_feat_L2.txt 0.00113432 0.00113342 9.05e-07
443 Citeseer_feat_L2.txt 0.00120195 0.00120098 9.76e-07
444 Citeseer_feat_L2.txt 0.00113493 0.00113405 8.8e-07
445 Citeseer_feat_L2.txt 0.00105209 0.00105117 9.24e-07
446 Citeseer_feat_L2.txt 0.00108333 0.00108239 9.43e-07
447 Citeseer_feat_L2.txt 0.00102413 0.00102309 1.041e-06
448 Citeseer_feat_L2.txt 0.000996257 0.000995371 8.86e-07
449 Citeseer_feat_L2.txt 0.00109451 0.00109345 1.06e-06
450 Citeseer_feat_L2.txt 0.00116756 0.00116658 9.8e-07
451 Citeseer_feat_L2.txt 0.00111888 0.00111779 1.091e-06
452 Citeseer_feat_L2.txt 0.000978147 0.000977289 8.58e-07
453 Citeseer_feat_L2.txt 0.00113159 0.00113048 1.117e-06
454 Citeseer_feat_L2.txt 0.00113237 0.00113151 8.64e-07
455 Citeseer_feat_L2.txt 0.000958008 0.000957063 9.45e-07
456 Citeseer_feat_L2.txt 0.00103384 0.00103296 8.85e-07
457 Citeseer_feat_L2.txt 0.00105679 0.00105584 9.45e-07
458 Citeseer_feat_L2.txt 0.00100775 0.00100679 9.61e-07
459 Citeseer_feat_L2.txt 0.0010427 0.00104176 9.39e-07
460 Citeseer_feat_L2.txt 0.00105011 0.00104924 8.63e-07
461 Citeseer_feat_L2.txt 0.00109216 0.00109113 1.028e-06
462 Citeseer_feat_L2.txt 0.00113511 0.00113424 8.75e-07
463 Citeseer_feat_L2.txt 0.00108423 0.00108327 9.59e-07
464 Citeseer_feat_L2.txt 0.00102873 0.00102785 8.78e-07
465 Citeseer_feat_L2.txt 0.00102482 0.00102382 1e-06
466 Citeseer_feat_L2.txt 0.00108102 0.00108008 9.42e-07
467 Citeseer_feat_L2.txt 0.00103506 0.001034 1.059e-06
468 Citeseer_feat_L2.txt 0.00110782 0.00110694 8.79e-07
469 Citeseer_feat_L2.txt 0.00108795 0.00108687 1.078e-06
470 Citeseer_feat_L2.txt 0.00112394 0.00112303 9.13e-07
471 Citeseer_feat_L2.txt 0.00106859 0.0010676 9.94e-07
472 Citeseer_feat_L2.txt 0.00105663 0.0010556 1.023e-06
473 Citeseer_feat_L2.txt 0.0011674 0.00116645 9.58e-07
474 Citeseer_feat_L2.txt 0.00111463 0.0011137 9.33e-07
475 Citeseer_feat_L2.txt 0.00109283 0.0010918 1.029e-06
476 Citeseer_feat_L2.txt 0.00110084 0.00109992 9.21e-07
477 Citeseer_feat_L2.txt 0.00100792 0.001007 9.15e-07
478 Citeseer_feat_L2.txt 0.00108308 0.0010821 9.76e-07
479 Citeseer_feat_L2.txt 0.00103582 0.00103487 9.58e-07
480 Citeseer_feat_L2.txt 0.000839956 0.000838791 1.165e-06
481 Citeseer_feat_L2.txt 0.000898355 0.000897321 1.034e-06
482 Citeseer_feat_L2.txt 0.000984854 0.000983963 8.91e-07
483 Citeseer_feat_L2.txt 0.000957323 0.000956375 9.48e-07
484 Citeseer_feat_L2.txt 0.0010522 0.00105132 8.8e-07
485 Citeseer_feat_L2.txt 0.00096086 0.000959903 9.57e-07
486 Citeseer_feat_L2.txt 0.000968881 0.000968012 8.69e-07
487 Citeseer_feat_L2.txt 0.000977481 0.000976479 1.002e-06
488 Citeseer_feat_L2.txt 0.000959007 0.000958191 8.16e-07
489 Citeseer_feat_L2.txt 0.00102294 0.00102203 9.1e-07
490 Citeseer_feat_L2.txt 0.0010786 0.0010777 8.98e-07
491 Citeseer_feat_L2.txt 0.000981218 0.00098015 1.068e-06
492 Citeseer_feat_L2.txt 0.00102427 0.00102337 8.94e-07
493 Citeseer_feat_L2.txt 0.00103944 0.00103835 1.095e-06
494 Citeseer_feat_L2.txt 0.00103004 0.00102922 8.13e-07
495 Citeseer_feat_L2.txt 0.00106227 0.00106118 1.092e-06
496 Citeseer_feat_L2.txt 0.00109093 0.00109005 8.79e-07
497 Citeseer_feat_L2.txt 0.0011187 0.0011177 1e-06
498 Citeseer_feat_L2.txt 0.00102095 0.00102009 8.59e-07
499 Citeseer_feat_L2.txt 0.00112204 0.00112108 9.54e-07
500 Citeseer_feat_L2.txt 0.00106383 0.00106295 8.81e-07
501 Citeseer_feat_L2.txt 0.000957599 0.000956577 1.022e-06
502 Citeseer_feat_L2.txt 0.00107317 0.00107227 8.97e-07
503 Citeseer_feat_L2.txt 0.00107647 0.00107537 1.103e-06
504 Citeseer_feat_L2.txt 0.000988588 0.000987635 9.53e-07
505 Citeseer_feat_L2.txt 0.00102401 0.00102302 9.91e-07
506 Citeseer_feat_L2.txt 0.00107598 0.00107513 8.48e-07
507 Citeseer_feat_L2.txt 0.00103246 0.00103159 8.7e-07
508 Citeseer_feat_L2.txt 0.00112015 0.00111927 8.79e-07
509 Citeseer_feat_L2.txt 0.000991397 0.00099043 9.67e-07
510 Citeseer_feat_L2.txt 0.00105202 0.00105109 9.29e-07
511 Citeseer_feat_L2.txt 0.00113643 0.00113555 8.75e-07
512 Citeseer_feat_L2.txt 0.00101664 0.00101573 9.08e-07
513 Citeseer_feat_L2.txt 0.00108502 0.00108396 1.062e-06
514 Citeseer_feat_L2.txt 0.00107406 0.00107316 8.98e-07
515 Citeseer_feat_L2.txt 0.00103092 0.00102993 9.91e-07
516 Citeseer_feat_L2.txt 0.000965705 0.000964679 1.026e-06
517 Citeseer_feat_L2.txt 0.00101434 0.00101337 9.69e-07
518 Citeseer_feat_L2.txt 0.00102893 0.00102804 8.92e-07
519 Citeseer_feat_L2.txt 0.00103228 0.00103139 8.91e-07
520 Citeseer_feat_L2.txt 0.000988952 0.000988006 9.46e-07
521 Citeseer_feat_L2.txt 0.000996303 0.000995329 9.74e-07
522 Citeseer_feat_L2.txt 0.000986056 0.000985099 9.57e-07
523 Citeseer_feat_L2.txt 0.001065 0.00106402 9.83e-07
524 Citeseer_feat_L2.txt 0.000994515 0.000993705 8.1e-07
525 Citeseer_feat_L2.txt 0.001017 0.00101601 9.89e-07
526 Citeseer_feat_L2.txt 0.00101311 0.00101219 9.17e-07
527 Citeseer_feat_L2.txt 0.000952257 0.000951159 1.098e-06
528 Citeseer_feat_L2.txt 0.000914694 0.000913692 1.002e-06
529 Citeseer_feat_L2.txt 0.00101169 0.00101073 9.61e-07
530 Citeseer_feat_L2.txt 0.00108638 0.00108544 9.35e-07
531 Citeseer_feat_L2.txt 0.00109212 0.00109094 1.172e-06
532 Citeseer_feat_L2.txt 0.00100566 0.00100457 1.09e-06
533 Citeseer_feat_L2.txt 0.0010188 0.00101773 1.075e-06
534 Citeseer_feat_L2.txt 0.00101145 0.00101038 1.066e-06
535 Citeseer_feat_L2.txt 0.00112732 0.00112625 1.066e-06
536 Citeseer_feat_L2.txt 0.00106701 0.00106608 9.27e-07
537 Citeseer_feat_L2.txt 0.00106661 0.00106559 1.016e-06
538 Citeseer_feat_L2.txt 0.00107058 0.00106962 9.54e-07
539 Citeseer_feat_L2.txt 0.00103567 0.00103463 1.039e-06
540 Citeseer_feat_L2.txt 0.00104326 0.00104228 9.77e-07
541 Citeseer_feat_L2.txt 0.00103566 0.0010346 1.066e-06
542 Citeseer_feat_L2.txt 0.00113534 0.00113436 9.84e-07
543 Citeseer_feat_L2.txt 0.000969722 0.000968701 1.021e-06
544 Citeseer_feat_L2.txt 0.00112072 0.0011198 9.12e-07
545 Citeseer_feat_L2.txt 0.00097872 0.000977663 1.057e-06
546 Citeseer_feat_L2.txt 0.00105787 0.0010569 9.72e-07
547 Citeseer_feat_L2.txt 0.00107325 0.00107221 1.034e-06
548 Citeseer_feat_L2.txt 0.00101527 0.00101432 9.5e-07
549 Citeseer_feat_L2.txt 0.00105821 0.00105726 9.52e-07
550 Citeseer_feat_L2.txt 0.00104415 0.00104318 9.69e-07
551 Citeseer_feat_L2.txt 0.000965281 0.000964385 8.96e-07
552 Citeseer_feat_L2.txt 0.00103141 0.00103047 9.42e-07
553 Citeseer_feat_L2.txt 0.00103502 0.00103403 9.87e-07
554 Citeseer_feat_L2.txt 0.00107009 0.00106921 8.82e-07
555 Citeseer_feat_L2.txt 0.00108284 0.00108183 1.004e-06
556 Citeseer_feat_L2.txt 0.00114285 0.00114194 9.1e-07
557 Citeseer_feat_L2.txt 0.00101643 0.00101538 1.048e-06
558 Citeseer_feat_L2.txt 0.00105105 0.00105014 9.17e-07
559 Citeseer_feat_L2.txt 0.00112437 0.0011233 1.073e-06
560 Citeseer_feat_L2.txt 0.000922784 0.00092186 9.24e-07
561 Citeseer_feat_L2.txt 0.000934131 0.000933208 9.23e-07
562 Citeseer_feat_L2.txt 0.00110203 0.0011011 9.27e-07
563 Citeseer_feat_L2.txt 0.00107986 0.00107894 9.24e-07
564 Citeseer_feat_L2.txt 0.000991405 0.000990436 9.69e-07
565 Citeseer_feat_L2.txt 0.00103982 0.00103876 1.063e-06
566 Citeseer_feat_L2.txt 0.00114027 0.00113938 8.91e-07
567 Citeseer_feat_L2.txt 0.0010404 0.00103934 1.06e-06
568 Citeseer_feat_L2.txt 0.00101366 0.00101271 9.49e-07
569 Citeseer_feat_L2.txt 0.00098903 0.000988117 9.13e-07
570 Citeseer_feat_L2.txt 0.00108446 0.00108356 9.06e-07
571 Citeseer_feat_L2.txt 0.00109137 0.00109027 1.101e-06
572 Citeseer_feat_L2.txt 0.00103471 0.00103379 9.13e-07
573 Citeseer_feat_L2.txt 0.00100526 0.00100437 8.98e-07
574 Citeseer_feat_L2.txt 0.00103755 0.00103658 9.67e-07
575 Citeseer_feat_L2.txt 0.00100186 0.0010008 1.061e-06
576 Citeseer_feat_L2.txt 0.000942127 0.000940943 1.184e-06
577 Citeseer_feat_L2.txt 0.000958176 0.000957148 1.028e-06
578 Citeseer_feat_L2.txt 0.000907878 0.00090694 9.38e-07
579 Citeseer_feat_L2.txt 0.00113831 0.00113738 9.31e-07
580 Citeseer_feat_L2.txt 0.00110307 0.00110213 9.39e-07
581 Citeseer_feat_L2.txt 0.00100533 0.0010043 1.03e-06
582 Citeseer_feat_L2.txt 0.00106152 0.00106048 1.043e-06
583 Citeseer_feat_L2.txt 0.00111949 0.00111858 9.05e-07
584 Citeseer_feat_L2.txt 0.00113349 0.00113258 9.1e-07
585 Citeseer_feat_L2.txt 0.00113179 0.00113071 1.072e-06
586 Citeseer_feat_L2.txt 0.00108775 0.00108671 1.04e-06
587 Citeseer_feat_L2.txt 0.00103692 0.00103599 9.34e-07
588 Citeseer_feat_L2.txt 0.00104544 0.00104459 8.52e-07
589 Citeseer_feat_L2.txt 0.00107859 0.00107771 8.77e-07
590 Citeseer_feat_L2.txt 0.00113533 0.00113439 9.41e-07
591 Citeseer_feat_L2.txt 0.00108158 0.00108064 9.46e-07
592 Citeseer_feat_L2.txt 0.00101183 0.0010109 9.38e-07
593 Citeseer_feat_L2.txt 0.00108365 0.00108273 9.15e-07
594 Citeseer_feat_L2.txt 0.00108071 0.0010798 9.18e-07
595 Citeseer_feat_L2.txt 0.00111878 0.00111778 1.004e-06
596 Citeseer_feat_L2.txt 0.00101145 0.00101055 8.91e-07
597 Citeseer_feat_L2.txt 0.00111184 0.00111082 1.022e-06
598 Citeseer_feat_L2.txt 0.00112219 0.00112117 1.017e-06
599 Citeseer_feat_L2.txt 0.000997411 0.000996454 9.57e-07
600 Citeseer_feat_L2.txt 0.00107414 0.00107322 9.21e-07
601 Citeseer_feat_L2.txt 0.00111848 0.00111738 1.093e-06
602 Citeseer_feat_L2.txt 0.00111147 0.00111048 9.88e-07
603 Citeseer_feat_L2.txt 0.0010869 0.00108588 1.02e-06
604 Citeseer_feat_L2.txt 0.00107799 0.00107704 9.53e-07
605 Citeseer_feat_L2.txt 0.00104841 0.00104754 8.72e-07
606 Citeseer_feat_L2.txt 0.00103916 0.00103821 9.53e-07
607 Citeseer_feat_L2.txt 0.00105374 0.0010529 8.46e-07
608 Citeseer_feat_L2.txt 0.00101542 0.00101451 9.16e-07
609 Citeseer_feat_L2.txt 0.00100429 0.00100335 9.4e-07
610 Citeseer_feat_L2.txt 0.00102778 0.00102685 9.36e-07
611 Citeseer_feat_L2.txt 0.00107138 0.0010704 9.87e-07
612 Citeseer_feat_L2.txt 0.00106335 0.00106246 8.88e-07
613 Citeseer_feat_L2.txt 0.00112306 0.00112209 9.68e-07
614 Citeseer_feat_L2.txt 0.00112556 0.00112467 8.88e-07
615 Citeseer_feat_L2.txt 0.00110407 0.00110318 8.94e-07
616 Citeseer_feat_L2.txt 0.00097957 0.000978693 8.77e-07
617 Citeseer_feat_L2.txt 0.00109634 0.00109548 8.6e-07
618 Citeseer_feat_L2.txt 0.0011231 0.0011222 8.92e-07
619 Citeseer_feat_L2.txt 0.00105893 0.00105789 1.039e-06
620 Citeseer_feat_L2.txt 0.00114009 0.00113922 8.7e-07
621 Citeseer_feat_L2.txt 0.00106986 0.00106891 9.51e-07
622 Citeseer_feat_L2.txt 0.00109322 0.00109224 9.78e-07
623 Citeseer_feat_L2.txt 0.00107436 0.00107328 1.083e-06
624 Citeseer_feat_L2.txt 0.000921773 0.000920782 9.91e-07
625 Citeseer_feat_L2.txt 0.00100402 0.00100294 1.077e-06
626 Citeseer_feat_L2.txt 0.000986762 0.000985837 9.25e-07
627 Citeseer_feat_L2.txt 0.00110629 0.0011053 9.85e-07
628 Citeseer_feat_L2.txt 0.000985382 0.000984394 9.88e-07
629 Citeseer_feat_L2.txt 0.00101314 0.0010121 1.044e-06
630 Citeseer_feat_L2.txt 0.00104815 0.00104727 8.87e-07
631 Citeseer_feat_L2.txt 0.0010263 0.00102528 1.017e-06
632 Citeseer_feat_L2.txt 0.000954653 0.000953711 9.42e-07
633 Citeseer_feat_L2.txt 0.0010176 0.00101669 9.08e-07
634 Citeseer_feat_L2.txt 0.000968529 0.000967566 9.63e-07
635 Citeseer_feat_L2.txt 0.00103843 0.00103749 9.47e-07
636 Citeseer_feat_L2.txt 0.00117977 0.00117885 9.16e-07
637 Citeseer_feat_L2.txt 0.00108898 0.00108803 9.58e-07
638 Citeseer_feat_L2.txt 0.00105046 0.00104948 9.86e-07
639 Citeseer_feat_L2.txt 0.00112012 0.00111919 9.31e-07
640 Citeseer_feat_L2.txt 0.00106584 0.00106488 9.67e-07
641 Citeseer_feat_L2.txt 0.00106865 0.00106772 9.38e-07
642 Citeseer_feat_L2.txt 0.00111044 0.00110947 9.7e-07
643 Citeseer_feat_L2.txt 0.000972408 0.000971396 1.012e-06
644 Citeseer_feat_L2.txt 0.00105691 0.00105597 9.41e-07
645 Citeseer_feat_L2.txt 0.00108286 0.00108186 9.91e-07
646 Citeseer_feat_L2.txt 0.00114496 0.00114404 9.11e-07
647 Citeseer_feat_L2.txt 0.00107686 0.001076 8.6e-07
648 Citeseer_feat_L2.txt 0.00110381 0.00110284 9.71e-07
649 Citeseer_feat_L2.txt 0.00104304 0.00104212 9.21e-07
650 Citeseer_feat_L2.txt 0.00102252 0.00102155 9.76e-07
651 Citeseer_feat_L2.txt 0.00108408 0.00108301 1.077e-06
652 Citeseer_feat_L2.txt 0.00102521 0.00102424 9.68e-07
653 Citeseer_feat_L2.txt 0.00114378 0.00114271 1.069e-06
654 Citeseer_feat_L2.txt 0.00110366 0.00110271 9.4e-07
655 Citeseer_feat_L2.txt 0.00104306 0.00104213 9.26e-07
656 Citeseer_feat_L2.txt 0.000899221 0.000898372 8.49e-07
657 Citeseer_feat_L2.txt 0.00109773 0.00109663 1.093e-06
658 Citeseer_feat_L2.txt 0.00101648 0.00101552 9.57e-07
659 Citeseer_feat_L2.txt 0.00110926 0.00110833 9.33e-07
660 Citeseer_feat_L2.txt 0.00104302 0.00104209 9.3e-07
661 Citeseer_feat_L2.txt 0.00107242 0.00107147 9.49e-07
662 Citeseer_feat_L2.txt 0.00108862 0.00108764 9.77e-07
663 Citeseer_feat_L2.txt 0.00115463 0.00115368 9.57e-07
664 Citeseer_feat_L2.txt 0.00108071 0.00107976 9.53e-07
665 Citeseer_feat_L2.txt 0.00105576 0.00105466 1.096e-06
666 Citeseer_feat_L2.txt 0.00111199 0.00111092 1.071e-06
667 Citeseer_feat_L2.txt 0.00111458 0.00111367 9.16e-07
668 Citeseer_feat_L2.txt 0.00103009 0.00102921 8.81e-07
669 Citeseer_feat_L2.txt 0.00113902 0.00113794 1.088e-06
670 Citeseer_feat_L2.txt 0.00103083 0.00102982 1.014e-06
671 Citeseer_feat_L2.txt 0.00111837 0.00111732 1.048e-06
672 Citeseer_feat_L2.txt 0.000859326 0.000858358 9.68e-07
673 Citeseer_feat_L2.txt 0.0010339 0.00103288 1.022e-06
674 Citeseer_feat_L2.txt 0.000867659 0.000866684 9.75e-07
675 Citeseer_feat_L2.txt 0.00104405 0.00104299 1.06e-06
676 Citeseer_feat_L2.txt 0.00114166 0.00114074 9.16e-07
677 Citeseer_feat_L2.txt 0.00102081 0.00101985 9.62e-07
678 Citeseer_feat_L2.txt 0.00100237 0.00100139 9.77e-07
679 Citeseer_feat_L2.txt 0.00104525 0.00104418 1.072e-06
680 Citeseer_feat_L2.txt 0.00104256 0.00104161 9.48e-07
681 Citeseer_feat_L2.txt 0.00103444 0.00103333 1.104e-06
682 Citeseer_feat_L2.txt 0.00104335 0.00104247 8.77e-07
683 Citeseer_feat_L2.txt 0.00113213 0.00113112 1.01e-06
684 Citeseer_feat_L2.txt 0.00107641 0.00107544 9.7e-07
685 Citeseer_feat_L2.txt 0.0010996 0.00109861 9.9e-07
686 Citeseer_feat_L2.txt 0.00101799 0.00101706 9.33e-07
687 Citeseer_feat_L2.txt 0.000989791 0.000988742 1.049e-06
688 Citeseer_feat_L2.txt 0.00102566 0.00102474 9.22e-07
689 Citeseer_feat_L2.txt 0.00105435 0.00105343 9.18e-07
690 Citeseer_feat_L2.txt 0.000942299 0.000941362 9.37e-07
691 Citeseer_feat_L2.txt 0.00113491 0.00113397 9.39e-07
692 Citeseer_feat_L2.txt 0.000963462 0.000962524 9.38e-07
693 Citeseer_feat_L2.txt 0.000976592 0.000975542 1.05e-06
694 Citeseer_feat_L2.txt 0.00110125 0.00110028 9.7e-07
695 Citeseer_feat_L2.txt 0.00105567 0.00105478 8.89e-07
696 Citeseer_feat_L2.txt 0.00107098 0.00107001 9.78e-07
697 Citeseer_feat_L2.txt 0.00103258 0.00103159 9.84e-07
698 Citeseer_feat_L2.txt 0.001072 0.00107102 9.81e-07
699 Citeseer_feat_L2.txt 0.00101365 0.00101246 1.183e-06
700 Citeseer_feat_L2.txt 0.00106053 0.0010597 8.27e-07
701 Citeseer_feat_L2.txt 0.000989365 0.000988345 1.02e-06
702 Citeseer_feat_L2.txt 0.000916246 0.000915314 9.32e-07
703 Citeseer_feat_L2.txt 0.00100398 0.00100308 9.01e-07
704 Citeseer_feat_L2.txt 0.000852351 0.000851406 9.45e-07
705 Citeseer_feat_L2.txt 0.00105924 0.00105821 1.023e-06
706 Citeseer_feat_L2.txt 0.00101312 0.00101217 9.51e-07
707 Citeseer_feat_L2.txt 0.00102028 0.00101923 1.046e-06
708 Citeseer_feat_L2.txt 0.000967255 0.000966359 8.96e-07
709 Citeseer_feat_L2.txt 0.000984869 0.000983936 9.33e-07
710 Citeseer_feat_L2.txt 0.00120542 0.0012045 9.15e-07
711 Citeseer_feat_L2.txt 0.000998128 0.000997249 8.79e-07
712 Citeseer_feat_L2.txt 0.000958589 0.000957692 8.97e-07
713 Citeseer_feat_L2.txt 0.00117316 0.00117207 1.097e-06
714 Citeseer_feat_L2.txt 0.00103684 0.00103589 9.45e-07
715 Citeseer_feat_L2.txt 0.00103755 0.0010365 1.053e-06
716 Citeseer_feat_L2.txt 0.00102873 0.0010278 9.27e-07
717 Citeseer_feat_L2.txt 0.00106519 0.00106421 9.79e-07
718 Citeseer_feat_L2.txt 0.000995199 0.000994175 1.024e-06
719 Citeseer_feat_L2.txt 0.00102246 0.00102158 8.74e-07
720 Citeseer_feat_L2.txt 0.000869188 0.000868148 1.04e-06
721 Citeseer_feat_L2.txt 0.00111033 0.0011093 1.027e-06
722 Citeseer_feat_L2.txt 0.00102039 0.00101947 9.22e-07
723 Citeseer_feat_L2.txt 0.00112744 0.00112649 9.48e-07
724 Citeseer_feat_L2.txt 0.00111349 0.00111257 9.16e-07
725 Citeseer_feat_L2.txt 0.0010268 0.00102588 9.14e-07
726 Citeseer_feat_L2.txt 0.00124079 0.00123991 8.78e-07
727 Citeseer_feat_L2.txt 0.00104725 0.00104622 1.027e-06
728 Citeseer_feat_L2.txt 0.0010849 0.00108391 9.88e-07
729 Citeseer_feat_L2.txt 0.00115753 0.00115659 9.42e-07
730 Citeseer_feat_L2.txt 0.000981767 0.000980755 1.012e-06
731 Citeseer_feat_L2.txt 0.000965387 0.000964425 9.62e-07
732 Citeseer_feat_L2.txt 0.00110042 0.0010995 9.16e-07
733 Citeseer_feat_L2.txt 0.00106101 0.00106007 9.42e-07
734 Citeseer_feat_L2.txt 0.00105104 0.00105013 9.09e-07
735 Citeseer_feat_L2.txt 0.000996844 0.000995776 1.068e-06
736 Citeseer_feat_L2.txt 0.0010039 0.00100298 9.26e-07
737 Citeseer_feat_L2.txt 0.00107586 0.00107483 1.036e-06
738 Citeseer_feat_L2.txt 0.00109123 0.00109029 9.43e-07
739 Citeseer_feat_L2.txt 0.00101183 0.00101094 8.9e-07
740 Citeseer_feat_L2.txt 0.00101263 0.00101171 9.22e-07
741 Citeseer_feat_L2.txt 0.000982634 0.000981685 9.49e-07
742 Citeseer_feat_L2.txt 0.00101534 0.00101442 9.23e-07
743 Citeseer_feat_L2.txt 0.00112356 0.00112267 8.85e-07
744 Citeseer_feat_L2.txt 0.00109641 0.00109539 1.026e-06
745 Citeseer_feat_L2.txt 0.00119574 0.00119479 9.5e-07
746 Citeseer_feat_L2.txt 0.00100169 0.00100074 9.53e-07
747 Citeseer_feat_L2.txt 0.00108028 0.00107923 1.047e-06
748 Citeseer_feat_L2.txt 0.00101143 0.00101053 9e-07
749 Citeseer_feat_L2.txt 0.000974471 0.00097335 1.121e-06
750 Citeseer_feat_L2.txt 0.00104359 0.00104271 8.73e-07
751 Citeseer_feat_L2.txt 0.00115796 0.00115692 1.047e-06
752 Citeseer_feat_L2.txt 0.000983014 0.000982098 9.16e-07
753 Citeseer_feat_L2.txt 0.000909327 0.00090853 7.97e-07
754 Citeseer_feat_L2.txt 0.00100844 0.00100753 9.1e-07
755 Citeseer_feat_L2.txt 0.00106513 0.00106419 9.38e-07
756 Citeseer_feat_L2.txt 0.00104379 0.00104283 9.64e-07
757 Citeseer_feat_L2.txt 0.00101913 0.00101819 9.36e-07
758 Citeseer_feat_L2.txt 0.00110776 0.00110683 9.3e-07
759 Citeseer_feat_L2.txt 0.00102857 0.00102754 1.033e-06
760 Citeseer_feat_L2.txt 0.00110549 0.00110445 1.044e-06
761 Citeseer_feat_L2.txt 0.00113408 0.00113301 1.074e-06
762 Citeseer_feat_L2.txt 0.00103659 0.00103564 9.46e-07
763 Citeseer_feat_L2.txt 0.00109485 0.00109379 1.061e-06
764 Citeseer_feat_L2.txt 0.00100665 0.00100569 9.54e-07
765 Citeseer_feat_L2.txt 0.000942501 0.000941591 9.1e-07
766 Citeseer_feat_L2.txt 0.00101415 0.00101313 1.022e-06
767 Citeseer_feat_L2.txt 0.000997585 0.000968011 2.9574e-05
0 Citeseer_A.txt 0.000878462 0.000877721 7.41e-07
1 Citeseer_A.txt 0.000874221 0.000873538 6.83e-07
2 Citeseer_A.txt 0.000882488 0.000881914 5.74e-07
3 Citeseer_A.txt 0.00087548 0.000874976 5.04e-07
4 Citeseer_A.txt 0.000892752 0.000892248 5.04e-07
5 Citeseer_A.txt 0.000888507 0.00088792 5.87e-07
6 Citeseer_A.txt 0.000881445 0.000880766 6.79e-07
7 Citeseer_A.txt 0.000874324 0.000873803 5.21e-07
8 Citeseer_A.txt 0.000882983 0.000882478 5.05e-07
9 Citeseer_A.txt 0.000878763 0.000878114 6.49e-07
10 Citeseer_A.txt 0.000883962 0.000883418 5.44e-07
11 Citeseer_A.txt 0.000877037 0.000876364 6.73e-07
12 Citeseer_A.txt 0.000900441 0.00089991 5.31e-07
13 Citeseer_A.txt 0.000897547 0.000896964 5.83e-07
14 Citeseer_A.txt 0.000883422 0.000882869 5.53e-07
15 Citeseer_A.txt 0.00087818 0.000877535 6.45e-07
16 Citeseer_A.txt 0.000909042 0.000908463 5.79e-07
17 Citeseer_A.txt 0.000904729 0.000904101 6.28e-07
18 Citeseer_A.txt 0.000912868 0.000912299 5.69e-07
19 Citeseer_A.txt 0.000906479 0.000905604 8.75e-07
20 Citeseer_A.txt 0.000908637 0.000907992 6.45e-07
21 Citeseer_A.txt 0.000904895 0.000904308 5.87e-07
22 Citeseer_A.txt 0.000910753 0.000910145 6.08e-07
23 Citeseer_A.txt 0.000904306 0.000903471 8.35e-07
24 Citeseer_A.txt 0.000904063 0.000903391 6.72e-07
25 Citeseer_A.txt 0.000893878 0.000893359 5.19e-07
26 Citeseer_A.txt 0.000905679 0.000905082 5.97e-07
27 Citeseer_A.txt 0.000900136 0.000899533 6.03e-07
28 Citeseer_A.txt 0.000894036 0.000893466 5.7e-07
29 Citeseer_A.txt 0.000889441 0.000888871 5.7e-07
30 Citeseer_A.txt 0.000897317 0.000896815 5.02e-07
31 Citeseer_A.txt 0.000890864 0.000890295 5.69e-07
32 Citeseer_A.txt 0.000833114 0.000832541 5.73e-07
33 Citeseer_A.txt 0.000828729 0.000828122 6.07e-07
34 Citeseer_A.txt 0.000816468 0.000816012 4.56e-07
35 Citeseer_A.txt 0.000810871 0.0008102 6.71e-07
36 Citeseer_A.txt 0.000821515 0.000820988 5.27e-07
37 Citeseer_A.txt 0.000817183 0.00081655 6.33e-07
38 Citeseer_A.txt 0.000821672 0.000821136 5.36e-07
39 Citeseer_A.txt 0.000814654 0.000814107 5.47e-07
40 Citeseer_A.txt 0.00083189 0.000831351 5.39e-07
41 Citeseer_A.txt 0.000827644 0.000827125 5.19e-07
42 Citeseer_A.txt 0.000836214 0.000835617 5.97e-07
43 Citeseer_A.txt 0.000830347 0.00082979 5.57e-07
44 Citeseer_A.txt 0.000833298 0.000832838 4.6e-07
45 Citeseer_A.txt 0.000829353 0.000828677 6.76e-07
46 Citeseer_A.txt 0.000826257 0.000825747 5.1e-07
47 Citeseer_A.txt 0.000820473 0.000819956 5.17e-07
48 Citeseer_A.txt 0.000869898 0.000869308 5.9e-07
49 Citeseer_A.txt 0.000866347 0.000865697 6.5e-07
50 Citeseer_A.txt 0.000875869 0.000875313 5.56e-07
51 Citeseer_A.txt 0.000869169 0.000868296 8.73e-07
52 Citeseer_A.txt 0.000878541 0.000877903 6.38e-07
53 Citeseer_A.txt 0.000874988 0.000874324 6.64e-07
54 Citeseer_A.txt 0.000882476 0.00088185 6.26e-07
55 Citeseer_A.txt 0.000875734 0.000875079 6.55e-07
56 Citeseer_A.txt 0.000872446 0.000871858 5.88e-07
57 Citeseer_A.txt 0.000868474 0.000867855 6.19e-07
58 Citeseer_A.txt 0.000877425 0.000876804 6.21e-07
59 Citeseer_A.txt 0.000871109 0.000870522 5.87e-07
60 Citeseer_A.txt 0.000879102 0.000878487 6.15e-07
61 Citeseer_A.txt 0.000875089 0.000874473 6.16e-07
62 Citeseer_A.txt 0.000879392 0.00087881 5.82e-07
63 Citeseer_A.txt 0.000872736 0.000872185 5.51e-07
64 Citeseer_A.txt 0.000906752 0.000906105 6.47e-07
65 Citeseer_A.txt 0.000901674 0.000901022 6.52e-07
66 Citeseer_A.txt 0.000907394 0.000906692 7.02e-07
67 Citeseer_A.txt 0.000901331 0.000900571 7.6e-07
68 Citeseer_A.txt 0.000903142 0.000902587 5.55e-07
69 Citeseer_A.txt 0.000899278 0.000898601 6.77e-07
70 Citeseer_A.txt 0.000905268 0.000904315 9.53e-07
71 Citeseer_A.txt 0.000898156 0.000897502 6.54e-07
72 Citeseer_A.txt 0.000891757 0.000891114 6.43e-07
73 Citeseer_A.txt 0.000887491 0.000886814 6.77e-07
74 Citeseer_A.txt 0.000895818 0.000895202 6.16e-07
75 Citeseer_A.txt 0.00088932 0.000888612 7.08e-07
76 Citeseer_A.txt 0.000895022 0.000894377 6.45e-07
77 Citeseer_A.txt 0.000890761 0.000890216 5.45e-07
78 Citeseer_A.txt 0.000897589 0.000896872 7.17e-07
79 Citeseer_A.txt 0.000889524 0.0008889 6.24e-07
80 Citeseer_A.txt 0.000810503 0.000809845 6.58e-07
81 Citeseer_A.txt 0.000805569 0.000805012 5.57e-07
82 Citeseer_A.txt 0.000813866 0.000813246 6.2e-07
83 Citeseer_A.txt 0.000808214 0.000807521 6.93e-07
84 Citeseer_A.txt 0.00082962 0.000828995 6.25e-07
85 Citeseer_A.txt 0.000825341 0.000824764 5.77e-07
86 Citeseer_A.txt 0.000819798 0.000819291 5.07e-07
87 Citeseer_A.txt 0.000813642 0.000812862 7.8e-07
88 Citeseer_A.txt 0.000816491 0.000815871 6.2e-07
89 Citeseer_A.txt 0.000812775 0.000812081 6.94e-07
90 Citeseer_A.txt 0.000826732 0.000826037 6.95e-07
91 Citeseer_A.txt 0.000820262 0.000819614 6.48e-07
92 Citeseer_A.txt 0.000827197 0.000826572 6.25e-07
93 Citeseer_A.txt 0.00082293 0.000822278 6.52e-07
94 Citeseer_A.txt 0.000818947 0.000818335 6.12e-07
95 Citeseer_A.txt 0.000813418 0.000812822 5.96e-07
96 Citeseer_A.txt 0.000883217 0.000882627 5.9e-07
97 Citeseer_A.txt 0.000879565 0.000879086 4.79e-07
98 Citeseer_A.txt 0.000887047 0.000886495 5.52e-07
99 Citeseer_A.txt 0.000880336 0.000879634 7.02e-07
100 Citeseer_A.txt 0.000881646 0.000881066 5.8e-07
101 Citeseer_A.txt 0.000876699 0.000876164 5.35e-07
102 Citeseer_A.txt 0.000884606 0.000884035 5.71e-07
103 Citeseer_A.txt 0.000877735 0.000877147 5.88e-07
104 Citeseer_A.txt 0.000887233 0.000886719 5.14e-07
105 Citeseer_A.txt 0.000883698 0.000883129 5.69e-07
106 Citeseer_A.txt 0.000887372 0.000886755 6.17e-07
107 Citeseer_A.txt 0.000881671 0.000881084 5.87e-07
108 Citeseer_A.txt 0.000892661 0.000892153 5.08e-07
109 Citeseer_A.txt 0.000889148 0.000888561 5.87e-07
110 Citeseer_A.txt 0.000884273 0.000883728 5.45e-07
111 Citeseer_A.txt 0.000878568 0.000877928 6.4e-07
112 Citeseer_A.txt 0.000905862 0.000905251 6.11e-07
113 Citeseer_A.txt 0.000901831 0.000901292 5.39e-07
114 Citeseer_A.txt 0.000908583 0.000907938 6.45e-07
115 Citeseer_A.txt 0.000902566 0.000901927 6.39e-07
116 Citeseer_A.txt 0.000902786 0.000902221 5.65e-07
117 Citeseer_A.txt 0.000899183 0.000898589 5.94e-07
118 Citeseer_A.txt 0.000911235 0.000910707 5.28e-07
119 Citeseer_A.txt 0.000901217 0.000900681 5.36e-07
120 Citeseer_A.txt 0.000889383 0.000888768 6.15e-07
121 Citeseer_A.txt 0.00088517 0.000884616 5.54e-07
122 Citeseer_A.txt 0.000889904 0.000889367 5.37e-07
123 Citeseer_A.txt 0.00088322 0.000882624 5.96e-07
124 Citeseer_A.txt 0.000899756 0.000899049 7.07e-07
125 Citeseer_A.txt 0.000895941 0.000895391 5.5e-07
126 Citeseer_A.txt 0.000901104 0.000900586 5.18e-07
127 Citeseer_A.txt 0.000894714 0.000894166 5.48e-07
128 Citeseer_A.txt 0.000815682 0.000815117 5.65e-07
129 Citeseer_A.txt 0.000811352 0.000810832 5.2e-07
130 Citeseer_A.txt 0.000820623 0.00082012 5.03e-07
131 Citeseer_A.txt 0.00081553 0.00081488 6.5e-07
132 Citeseer_A.txt 0.000823168 0.000822537 6.31e-07
133 Citeseer_A.txt 0.000818587 0.000818079 5.08e-07
134 Citeseer_A.txt 0.000824452 0.000823784 6.68e-07
135 Citeseer_A.txt 0.000818705 0.000818072 6.33e-07
136 Citeseer_A.txt 0.000819053 0.000818444 6.09e-07
137 Citeseer_A.txt 0.00081468 0.000814139 5.41e-07
138 Citeseer_A.txt 0.000823599 0.00082301 5.89e-07
139 Citeseer_A.txt 0.000816722 0.00081623 4.92e-07
140 Citeseer_A.txt 0.000818906 0.000818325 5.81e-07
141 Citeseer_A.txt 0.00081515 0.000814536 6.14e-07
142 Citeseer_A.txt 0.000820558 0.000820082 4.76e-07
143 Citeseer_A.txt 0.000814911 0.00081437 5.41e-07
144 Citeseer_A.txt 0.00087083 0.000870288 5.42e-07
145 Citeseer_A.txt 0.00086711 0.000866619 4.91e-07
146 Citeseer_A.txt 0.000875072 0.00087449 5.82e-07
147 Citeseer_A.txt 0.000868558 0.000868031 5.27e-07
148 Citeseer_A.txt 0.000873312 0.000872752 5.6e-07
149 Citeseer_A.txt 0.000869454 0.000868702 7.52e-07
150 Citeseer_A.txt 0.000875535 0.000875 5.35e-07
151 Citeseer_A.txt 0.000868458 0.00086789 5.68e-07
152 Citeseer_A.txt 0.000883501 0.000882862 6.39e-07
153 Citeseer_A.txt 0.000879085 0.000878505 5.8e-07
154 Citeseer_A.txt 0.000897081 0.000896492 5.89e-07
155 Citeseer_A.txt 0.000890812 0.000890206 6.06e-07
156 Citeseer_A.txt 0.000884608 0.000884016 5.92e-07
157 Citeseer_A.txt 0.00088074 0.000880151 5.89e-07
158 Citeseer_A.txt 0.000890284 0.000889728 5.56e-07
159 Citeseer_A.txt 0.000883814 0.000883275 5.39e-07
160 Citeseer_A.txt 0.000897642 0.000897108 5.34e-07
161 Citeseer_A.txt 0.000893723 0.000893102 6.21e-07
162 Citeseer_A.txt 0.00090114 0.000900545 5.95e-07
163 Citeseer_A.txt 0.000894884 0.000894232 6.52e-07
164 Citeseer_A.txt 0.000897082 0.000896431 6.51e-07
165 Citeseer_A.txt 0.000893437 0.00089282 6.17e-07
166 Citeseer_A.txt 0.000899606 0.000898907 6.99e-07
167 Citeseer_A.txt 0.000893207 0.00089265 5.57e-07
168 Citeseer_A.txt 0.000879684 0.000879104 5.8e-07
169 Citeseer_A.txt 0.000874901 0.000874296 6.05e-07
170 Citeseer_A.txt 0.000885348 0.000884757 5.91e-07
171 Citeseer_A.txt 0.000878423 0.00087784 5.83e-07
172 Citeseer_A.txt 0.000889914 0.000889237 6.77e-07
173 Citeseer_A.txt 0.000885386 0.000884817 5.69e-07
174 Citeseer_A.txt 0.000880673 0.000880111 5.62e-07
175 Citeseer_A.txt 0.000874168 0.000873589 5.79e-07
176 Citeseer_A.txt 0.000806734 0.000806077 6.57e-07
177 Citeseer_A.txt 0.000802128 0.000801585 5.43e-07
178 Citeseer_A.txt 0.000808616 0.0008081 5.16e-07
179 Citeseer_A.txt 0.00080289 0.000802275 6.15e-07
180 Citeseer_A.txt 0.000812218 0.000811598 6.2e-07
181 Citeseer_A.txt 0.000807885 0.000807307 5.78e-07
182 Citeseer_A.txt 0.000812021 0.000811466 5.55e-07
183 Citeseer_A.txt 0.000806052 0.000805379 6.73e-07
184 Citeseer_A.txt 0.00081739 0.000816739 6.51e-07
185 Citeseer_A.txt 0.000813202 0.00081257 6.32e-07
186 Citeseer_A.txt 0.000813676 0.000813021 6.55e-07
187 Citeseer_A.txt 0.000807511 0.00080668 8.31e-07
188 Citeseer_A.txt 0.000818141 0.000817563 5.78e-07
189 Citeseer_A.txt 0.000814306 0.000813698 6.08e-07
190 Citeseer_A.txt 0.000812696 0.000812186 5.1e-07
191 Citeseer_A.txt 0.000807164 0.000806628 5.36e-07
192 Citeseer_A.txt 0.000866615 0.000866014 6.01e-07
193 Citeseer_A.txt 0.000863301 0.000862586 7.15e-07
194 Citeseer_A.txt 0.000870067 0.000869549 5.18e-07
195 Citeseer_A.txt 0.000864015 0.000863426 5.89e-07
196 Citeseer_A.txt 0.000873879 0.000873253 6.26e-07
197 Citeseer_A.txt 0.000870547 0.00087002 5.27e-07
198 Citeseer_A.txt 0.000872345 0.000871724 6.21e-07
199 Citeseer_A.txt 0.000863703 0.000863244 4.59e-07
200 Citeseer_A.txt 0.000871052 0.000870539 5.13e-07
201 Citeseer_A.txt 0.000867119 0.000866572 5.47e-07
202 Citeseer_A.txt 0.000873898 0.000873297 6.01e-07
203 Citeseer_A.txt 0.000867183 0.000866622 5.61e-07
204 Citeseer_A.txt 0.000878101 0.000877548 5.53e-07
205 Citeseer_A.txt 0.000874088 0.00087351 5.78e-07
206 Citeseer_A.txt 0.000876052 0.000875441 6.11e-07
207 Citeseer_A.txt 0.000870347 0.000869728 6.19e-07
208 Citeseer_A.txt 0.000898134 0.000897561 5.73e-07
209 Citeseer_A.txt 0.000894322 0.00089381 5.12e-07
210 Citeseer_A.txt 0.000897689 0.000897136 5.53e-07
211 Citeseer_A.txt 0.000890141 0.000889363 7.78e-07
212 Citeseer_A.txt 0.000893532 0.000892888 6.44e-07
213 Citeseer_A.txt 0.000889345 0.000888796 5.49e-07
214 Citeseer_A.txt 0.000894719 0.000894246 4.73e-07
215 Citeseer_A.txt 0.000888555 0.000887974 5.81e-07
216 Citeseer_A.txt 0.000881723 0.000880996 7.27e-07
217 Citeseer_A.txt 0.000876854 0.000876264 5.9e-07
218 Citeseer_A.txt 0.000885705 0.000885159 5.46e-07
219 Citeseer_A.txt 0.000879596 0.000879068 5.28e-07
220 Citeseer_A.txt 0.000880027 0.000879411 6.16e-07
221 Citeseer_A.txt 0.000875565 0.000874938 6.27e-07
222 Citeseer_A.txt 0.000890366 0.000889714 6.52e-07
223 Citeseer_A.txt 0.00088351 0.000882799 7.11e-07
224 Citeseer_A.txt 0.00081416 0.000813629 5.31e-07
225 Citeseer_A.txt 0.000809539 0.000808972 5.67e-07
226 Citeseer_A.txt 0.000811864 0.00081126 6.04e-07
227 Citeseer_A.txt 0.000806005 0.000805176 8.29e-07
228 Citeseer_A.txt 0.000812493 0.000811959 5.34e-07
229 Citeseer_A.txt 0.000807847 0.00080729 5.57e-07
230 Citeseer_A.txt 0.000809697 0.000809187 5.1e-07
231 Citeseer_A.txt 0.000803467 0.000802885 5.82e-07
232 Citeseer_A.txt 0.000807777 0.00080729 4.87e-07
233 Citeseer_A.txt 0.000804031 0.000803461 5.7e-07
234 Citeseer_A.txt 0.000809048 0.000808516 5.32e-07
235 Citeseer_A.txt 0.000803103 0.00080248 6.23e-07
236 Citeseer_A.txt 0.000812964 0.000812485 4.79e-07
237 Citeseer_A.txt 0.000808879 0.000808336 5.43e-07
238 Citeseer_A.txt 0.000810889 0.000810293 5.96e-07
239 Citeseer_A.txt 0.000805249 0.000804691 5.58e-07
240 Citeseer_A.txt 0.000845507 0.000844906 6.01e-07
241 Citeseer_A.txt 0.000841971 0.000841218 7.53e-07
242 Citeseer_A.txt 0.000848193 0.000847745 4.48e-07
243 Citeseer_A.txt 0.000842171 0.000841617 5.54e-07
244 Citeseer_A.txt 0.000863716 0.000863222 4.94e-07
245 Citeseer_A.txt 0.000858065 0.000857299 7.66e-07
246 Citeseer_A.txt 0.000855696 0.000855114 5.82e-07
247 Citeseer_A.txt 0.000849158 0.000848459 6.99e-07
248 Citeseer_A.txt 0.000856974 0.00085641 5.64e-07
249 Citeseer_A.txt 0.000853151 0.000852512 6.39e-07
250 Citeseer_A.txt 0.000866435 0.000865869 5.66e-07
251 Citeseer_A.txt 0.000860202 0.000859531 6.71e-07
252 Citeseer_A.txt 0.000851667 0.000851175 4.92e-07
253 Citeseer_A.txt 0.000848027 0.000847455 5.72e-07
254 Citeseer_A.txt 0.00086487 0.000864376 4.94e-07
255 Citeseer_A.txt 0.000858045 0.000857349 6.96e-07
256 Citeseer_A.txt 0.000875585 0.000875087 4.98e-07
257 Citeseer_A.txt 0.000872282 0.000871694 5.88e-07
258 Citeseer_A.txt 0.000879209 0.000878659 5.5e-07
259 Citeseer_A.txt 0.000873008 0.000872338 6.7e-07
260 Citeseer_A.txt 0.000879453 0.000878929 5.24e-07
261 Citeseer_A.txt 0.000871237 0.000870684 5.53e-07
262 Citeseer_A.txt 0.000874919 0.000874368 5.51e-07
263 Citeseer_A.txt 0.000868708 0.000868064 6.44e-07
264 Citeseer_A.txt 0.000852376 0.000851876 5e-07
265 Citeseer_A.txt 0.000847627 0.00084704 5.87e-07
266 Citeseer_A.txt 0.000867058 0.000866519 5.39e-07
267 Citeseer_A.txt 0.000860939 0.000860384 5.55e-07
268 Citeseer_A.txt 0.000861503 0.000860931 5.72e-07
269 Citeseer_A.txt 0.000857219 0.000856567 6.52e-07
270 Citeseer_A.txt 0.000867462 0.000866831 6.31e-07
271 Citeseer_A.txt 0.000861169 0.0008606 5.69e-07
272 Citeseer_A.txt 0.000791167 0.000790611 5.56e-07
273 Citeseer_A.txt 0.000786703 0.000786089 6.14e-07
274 Citeseer_A.txt 0.000792445 0.000791931 5.14e-07
275 Citeseer_A.txt 0.000786319 0.000785703 6.16e-07
276 Citeseer_A.txt 0.000791303 0.000790763 5.4e-07
277 Citeseer_A.txt 0.000786793 0.000786333 4.6e-07
278 Citeseer_A.txt 0.000791698 0.000791225 4.73e-07
279 Citeseer_A.txt 0.000785422 0.000784889 5.33e-07
280 Citeseer_A.txt 0.000785985 0.000785514 4.71e-07
281 Citeseer_A.txt 0.000781837 0.000781311 5.26e-07
282 Citeseer_A.txt 0.0007909 0.000790371 5.29e-07
283 Citeseer_A.txt 0.000784498 0.000783942 5.56e-07
284 Citeseer_A.txt 0.000790118 0.000789498 6.2e-07
285 Citeseer_A.txt 0.000785788 0.000785288 5e-07
286 Citeseer_A.txt 0.000793215 0.00079274 4.75e-07
287 Citeseer_A.txt 0.000787707 0.000787099 6.08e-07
288 Citeseer_A.txt 0.000874468 0.000873652 8.16e-07
289 Citeseer_A.txt 0.000870721 0.000870143 5.78e-07
290 Citeseer_A.txt 0.000875033 0.000874406 6.27e-07
291 Citeseer_A.txt 0.000869003 0.00086851 4.93e-07
292 Citeseer_A.txt 0.000882388 0.000881878 5.1e-07
293 Citeseer_A.txt 0.000877714 0.000877215 4.99e-07
294 Citeseer_A.txt 0.000890701 0.000890197 5.04e-07
295 Citeseer_A.txt 0.000885459 0.000884881 5.78e-07
296 Citeseer_A.txt 0.000874682 0.000874143 5.39e-07
297 Citeseer_A.txt 0.00087185 0.000871122 7.28e-07
298 Citeseer_A.txt 0.00087725 0.000876638 6.12e-07
299 Citeseer_A.txt 0.000870323 0.000869429 8.94e-07
300 Citeseer_A.txt 0.000882978 0.00088246 5.18e-07
301 Citeseer_A.txt 0.000879379 0.000878877 5.02e-07
302 Citeseer_A.txt 0.000878418 0.000877876 5.42e-07
303 Citeseer_A.txt 0.000872777 0.000872061 7.16e-07
304 Citeseer_A.txt 0.00090085 0.000900231 6.19e-07
305 Citeseer_A.txt 0.000896906 0.000896354 5.52e-07
306 Citeseer_A.txt 0.000904589 0.000903895 6.94e-07
307 Citeseer_A.txt 0.000897672 0.000897042 6.3e-07
308 Citeseer_A.txt 0.00090155 0.000900892 6.58e-07
309 Citeseer_A.txt 0.00089854 0.000897871 6.69e-07
310 Citeseer_A.txt 0.000903025 0.000902367 6.58e-07
311 Citeseer_A.txt 0.000896165 0.000895546 6.19e-07
312 Citeseer_A.txt 0.000882186 0.000881543 6.43e-07
313 Citeseer_A.txt 0.00087757 0.000876985 5.85e-07
314 Citeseer_A.txt 0.000892368 0.000891813 5.55e-07
315 Citeseer_A.txt 0.000885307 0.000884785 5.22e-07
316 Citeseer_A.txt 0.000885021 0.000884484 5.37e-07
317 Citeseer_A.txt 0.000880482 0.000879923 5.59e-07
318 Citeseer_A.txt 0.000886993 0.000886377 6.16e-07
319 Citeseer_A.txt 0.000880287 0.000879689 5.98e-07
320 Citeseer_A.txt 0.000811062 0.00081047 5.92e-07
321 Citeseer_A.txt 0.000806558 0.000805726 8.32e-07
322 Citeseer_A.txt 0.000814533 0.000813898 6.35e-07
323 Citeseer_A.txt 0.000808995 0.000808381 6.14e-07
324 Citeseer_A.txt 0.000822132 0.000821544 5.88e-07
325 Citeseer_A.txt 0.000812033 0.000811461 5.72e-07
326 Citeseer_A.txt 0.000816521 0.00081584 6.81e-07
327 Citeseer_A.txt 0.000810287 0.00080949 7.97e-07
328 Citeseer_A.txt 0.000815597 0.000815006 5.91e-07
329 Citeseer_A.txt 0.00081203 0.000811425 6.05e-07
330 Citeseer_A.txt 0.000814338 0.00081381 5.28e-07
331 Citeseer_A.txt 0.000808684 0.000807857 8.27e-07
332 Citeseer_A.txt 0.000815473 0.000814889 5.84e-07
333 Citeseer_A.txt 0.000811958 0.000811143 8.15e-07
334 Citeseer_A.txt 0.000815374 0.000814622 7.52e-07
335 Citeseer_A.txt 0.000810017 0.000809342 6.75e-07
336 Citeseer_A.txt 0.000876887 0.000876064 8.23e-07
337 Citeseer_A.txt 0.000873721 0.000872916 8.05e-07
338 Citeseer_A.txt 0.000884696 0.000884055 6.41e-07
339 Citeseer_A.txt 0.000878522 0.000878012 5.1e-07
340 Citeseer_A.txt 0.000884532 0.00088386 6.72e-07
341 Citeseer_A.txt 0.00088084 0.000880222 6.18e-07
342 Citeseer_A.txt 0.000885596 0.000884879 7.17e-07
343 Citeseer_A.txt 0.000878408 0.0008777 7.08e-07
344 Citeseer_A.txt 0.000867928 0.000867324 6.04e-07
345 Citeseer_A.txt 0.000864068 0.0008635 5.68e-07
346 Citeseer_A.txt 0.000870122 0.000869514 6.08e-07
347 Citeseer_A.txt 0.000864064 0.000863515 5.49e-07
348 Citeseer_A.txt 0.000872915 0.00087241 5.05e-07
349 Citeseer_A.txt 0.000868871 0.000868135 7.36e-07
350 Citeseer_A.txt 0.00087142 0.000870882 5.38e-07
351 Citeseer_A.txt 0.000865735 0.000865061 6.74e-07
352 Citeseer_A.txt 0.000896302 0.00089572 5.82e-07
353 Citeseer_A.txt 0.000892535 0.000891807 7.28e-07
354 Citeseer_A.txt 0.000898734 0.000898232 5.02e-07
355 Citeseer_A.txt 0.000892671 0.000892041 6.3e-07
356 Citeseer_A.txt 0.000894674 0.000894034 6.4e-07
357 Citeseer_A.txt 0.00089018 0.000889559 6.21e-07
358 Citeseer_A.txt 0.000896954 0.000896364 5.9e-07
359 Citeseer_A.txt 0.000891105 0.000890481 6.24e-07
360 Citeseer_A.txt 0.000873545 0.000872937 6.08e-07
361 Citeseer_A.txt 0.000868638 0.000868008 6.3e-07
362 Citeseer_A.txt 0.000876664 0.000875929 7.35e-07
363 Citeseer_A.txt 0.000870277 0.000869653 6.24e-07
364 Citeseer_A.txt 0.00087414 0.000873529 6.11e-07
365 Citeseer_A.txt 0.000870213 0.000869547 6.66e-07
366 Citeseer_A.txt 0.000876577 0.000875975 6.02e-07
367 Citeseer_A.txt 0.000869557 0.000869004 5.53e-07
368 Citeseer_A.txt 0.00082305 0.000822324 7.26e-07
369 Citeseer_A.txt 0.00081879 0.000817921 8.69e-07
370 Citeseer_A.txt 0.000812052 0.000811473 5.79e-07
371 Citeseer_A.txt 0.000806956 0.000805959 9.97e-07
372 Citeseer_A.txt 0.000818708 0.00081781 8.98e-07
373 Citeseer_A.txt 0.000813689 0.000812797 8.92e-07
374 Citeseer_A.txt 0.000816642 0.00081593 7.12e-07
375 Citeseer_A.txt 0.000810871 0.000810267 6.04e-07
376 Citeseer_A.txt 0.000816166 0.000815579 5.87e-07
377 Citeseer_A.txt 0.000812294 0.000811668 6.26e-07
378 Citeseer_A.txt 0.000819266 0.000818685 5.81e-07
379 Citeseer_A.txt 0.000813083 0.000812527 5.56e-07
380 Citeseer_A.txt 0.000825279 0.000824654 6.25e-07
381 Citeseer_A.txt 0.000821268 0.000820501 7.67e-07
382 Citeseer_A.txt 0.000815699 0.000814998 7.01e-07
383 Citeseer_A.txt 0.00080993 0.000809354 5.76e-07
384 Citeseer_A.txt 0.00088128 0.000880699 5.81e-07
385 Citeseer_A.txt 0.000876789 0.000876018 7.71e-07
386 Citeseer_A.txt 0.000900803 0.000900164 6.39e-07
387 Citeseer_A.txt 0.000894351 0.00089362 7.31e-07
388 Citeseer_A.txt 0.000892221 0.000891623 5.98e-07
389 Citeseer_A.txt 0.000888589 0.000888035 5.54e-07
390 Citeseer_A.txt 0.000882369 0.000881799 5.7e-07
391 Citeseer_A.txt 0.000875524 0.000874841 6.83e-07
392 Citeseer_A.txt 0.000905653 0.000904967 6.86e-07
393 Citeseer_A.txt 0.000901642 0.000901008 6.34e-07
394 Citeseer_A.txt 0.000905369 0.000904698 6.71e-07
395 Citeseer_A.txt 0.000898764 0.000898119 6.45e-07
396 Citeseer_A.txt 0.000882474 0.000881816 6.58e-07
397 Citeseer_A.txt 0.00087891 0.000878137 7.73e-07
398 Citeseer_A.txt 0.000881113 0.000880398 7.15e-07
399 Citeseer_A.txt 0.000874884 0.00087425 6.34e-07
400 Citeseer_A.txt 0.000903892 0.000903202 6.9e-07
401 Citeseer_A.txt 0.000898169 0.000897512 6.57e-07
402 Citeseer_A.txt 0.000907307 0.000906564 7.43e-07
403 Citeseer_A.txt 0.000901077 0.000900358 7.19e-07
404 Citeseer_A.txt 0.000902999 0.000902266 7.33e-07
405 Citeseer_A.txt 0.000899172 0.000898496 6.76e-07
406 Citeseer_A.txt 0.0009061 0.000905403 6.97e-07
407 Citeseer_A.txt 0.000898556 0.000897836 7.2e-07
408 Citeseer_A.txt 0.000896134 0.000895455 6.79e-07
409 Citeseer_A.txt 0.00089094 0.000890268 6.72e-07
410 Citeseer_A.txt 0.000884842 0.000884264 5.78e-07
411 Citeseer_A.txt 0.000878099 0.000877568 5.31e-07
412 Citeseer_A.txt 0.000904468 0.000903953 5.15e-07
413 Citeseer_A.txt 0.00090033 0.000899724 6.06e-07
414 Citeseer_A.txt 0.000884187 0.000883598 5.89e-07
415 Citeseer_A.txt 0.000876762 0.000876211 5.51e-07
416 Citeseer_A.txt 0.000811194 0.000810547 6.47e-07
417 Citeseer_A.txt 0.000806671 0.000805888 7.83e-07
418 Citeseer_A.txt 0.000826301 0.000825578 7.23e-07
419 Citeseer_A.txt 0.000820318 0.000819778 5.4e-07
420 Citeseer_A.txt 0.000819863 0.000818974 8.89e-07
421 Citeseer_A.txt 0.000815245 0.000814597 6.48e-07
422 Citeseer_A.txt 0.000816659 0.000816166 4.93e-07
423 Citeseer_A.txt 0.000810087 0.000809367 7.2e-07
424 Citeseer_A.txt 0.000816577 0.00081592 6.57e-07
425 Citeseer_A.txt 0.000812362 0.000811791 5.71e-07
426 Citeseer_A.txt 0.000818708 0.000818127 5.81e-07
427 Citeseer_A.txt 0.000812495 0.000811893 6.02e-07
428 Citeseer_A.txt 0.000811067 0.000810472 5.95e-07
429 Citeseer_A.txt 0.00080732 0.000806602 7.18e-07
430 Citeseer_A.txt 0.000809791 0.000809137 6.54e-07
431 Citeseer_A.txt 0.000803593 0.000802805 7.88e-07
432 Citeseer_A.txt 0.000866472 0.000865897 5.75e-07
433 Citeseer_A.txt 0.000862732 0.000861925 8.07e-07
434 Citeseer_A.txt 0.000869706 0.000868771 9.35e-07
435 Citeseer_A.txt 0.000863915 0.000863021 8.94e-07
436 Citeseer_A.txt 0.000887453 0.000886697 7.56e-07
437 Citeseer_A.txt 0.000883132 0.000882509 6.23e-07
438 Citeseer_A.txt 0.000895588 0.000894949 6.39e-07
439 Citeseer_A.txt 0.000888851 0.000888237 6.14e-07
440 Citeseer_A.txt 0.000883503 0.000882861 6.42e-07
441 Citeseer_A.txt 0.00087957 0.00087884 7.3e-07
442 Citeseer_A.txt 0.000892756 0.000892172 5.84e-07
443 Citeseer_A.txt 0.000886395 0.000885741 6.54e-07
444 Citeseer_A.txt 0.00088633 0.00088566 6.7e-07
445 Citeseer_A.txt 0.000882168 0.00088141 7.58e-07
446 Citeseer_A.txt 0.000895758 0.000895115 6.43e-07
447 Citeseer_A.txt 0.000891221 0.000890388 8.33e-07
448 Citeseer_A.txt 0.000897893 0.000897304 5.89e-07
449 Citeseer_A.txt 0.000893809 0.000893155 6.54e-07
450 Citeseer_A.txt 0.00090315 0.000902527 6.23e-07
451 Citeseer_A.txt 0.000896288 0.000895694 5.94e-07
452 Citeseer_A.txt 0.000894025 0.000893306 7.19e-07
453 Citeseer_A.txt 0.000890212 0.000889669 5.43e-07
454 Citeseer_A.txt 0.000899016 0.000898385 6.31e-07
455 Citeseer_A.txt 0.000893188 0.000892407 7.81e-07
456 Citeseer_A.txt 0.000890812 0.000889977 8.35e-07
457 Citeseer_A.txt 0.000885444 0.000884763 6.81e-07
458 Citeseer_A.txt 0.000872023 0.000871402 6.21e-07
459 Citeseer_A.txt 0.000865524 0.000864989 5.35e-07
460 Citeseer_A.txt 0.000885173 0.000884536 6.37e-07
461 Citeseer_A.txt 0.00088082 0.0008802 6.2e-07
462 Citeseer_A.txt 0.000894845 0.000894132 7.13e-07
463 Citeseer_A.txt 0.000887417 0.000886878 5.39e-07
464 Citeseer_A.txt 0.000807123 0.000806326 7.97e-07
465 Citeseer_A.txt 0.000802762 0.000802144 6.18e-07
466 Citeseer_A.txt 0.000804931 0.000804167 7.64e-07
467 Citeseer_A.txt 0.000798955 0.00079829 6.65e-07
468 Citeseer_A.txt 0.000808609 0.000807911 6.98e-07
469 Citeseer_A.txt 0.000804192 0.000803592 6e-07
470 Citeseer_A.txt 0.000808494 0.00080788 6.14e-07
471 Citeseer_A.txt 0.000802514 0.000801903 6.11e-07
472 Citeseer_A.txt 0.000802219 0.000801537 6.82e-07
473 Citeseer_A.txt 0.000797856 0.000797089 7.67e-07
474 Citeseer_A.txt 0.00080499 0.000804322 6.68e-07
475 Citeseer_A.txt 0.000798728 0.000798086 6.42e-07
476 Citeseer_A.txt 0.000809076 0.000808325 7.51e-07
477 Citeseer_A.txt 0.000802274 0.000801806 4.68e-07
478 Citeseer_A.txt 0.000803394 0.00080266 7.34e-07
479 Citeseer_A.txt 0.000797932 0.000796969 9.63e-07
480 Citeseer_A.txt 0.000869451 0.000868504 9.47e-07
481 Citeseer_A.txt 0.00086591 0.000864998 9.12e-07
482 Citeseer_A.txt 0.000871134 0.000870334 8e-07
483 Citeseer_A.txt 0.000864776 0.000863971 8.05e-07
484 Citeseer_A.txt 0.000875097 0.000874241 8.56e-07
485 Citeseer_A.txt 0.000871086 0.000870392 6.94e-07
486 Citeseer_A.txt 0.000875813 0.00087516 6.53e-07
487 Citeseer_A.txt 0.000869714 0.00086888 8.34e-07
488 Citeseer_A.txt 0.000880342 0.000879748 5.94e-07
489 Citeseer_A.txt 0.000876428 0.000875812 6.16e-07
490 Citeseer_A.txt 0.000884846 0.000884202 6.44e-07
491 Citeseer_A.txt 0.000877641 0.000876906 7.35e-07
492 Citeseer_A.txt 0.000880526 0.000879937 5.89e-07
493 Citeseer_A.txt 0.000876756 0.000876025 7.31e-07
494 Citeseer_A.txt 0.000873611 0.000873064 5.47e-07
495 Citeseer_A.txt 0.000867643 0.000866801 8.42e-07
496 Citeseer_A.txt 0.000902098 0.000901257 8.41e-07
497 Citeseer_A.txt 0.000896946 0.000896355 5.91e-07
498 Citeseer_A.txt 0.000902875 0.000902241 6.34e-07
499 Citeseer_A.txt 0.000896336 0.000895566 7.7e-07
500 Citeseer_A.txt 0.000894181 0.000893556 6.25e-07
501 Citeseer_A.txt 0.000888877 0.000888334 5.43e-07
502 Citeseer_A.txt 0.000896524 0.000895915 6.09e-07
503 Citeseer_A.txt 0.000890587 0.000889804 7.83e-07
504 Citeseer_A.txt 0.000886263 0.00088547 7.93e-07
505 Citeseer_A.txt 0.000880984 0.000880374 6.1e-07
506 Citeseer_A.txt 0.000886047 0.000885506 5.41e-07
507 Citeseer_A.txt 0.00087978 0.000879213 5.67e-07
508 Citeseer_A.txt 0.00088345 0.000882828 6.22e-07
509 Citeseer_A.txt 0.000878765 0.000878148 6.17e-07
510 Citeseer_A.txt 0.000883073 0.000882415 6.58e-07
511 Citeseer_A.txt 0.000877094 0.000876525 5.69e-07
512 Citeseer_A.txt 0.000811134 0.00081055 5.84e-07
513 Citeseer_A.txt 0.000807357 0.00080668 6.77e-07
514 Citeseer_A.txt 0.000812859 0.000812216 6.43e-07
515 Citeseer_A.txt 0.000806862 0.000806065 7.97e-07
516 Citeseer_A.txt 0.00081683 0.000816064 7.66e-07
517 Citeseer_A.txt 0.000813262 0.000812537 7.25e-07
518 Citeseer_A.txt 0.000813769 0.000812979 7.9e-07
519 Citeseer_A.txt 0.000807705 0.000807001 7.04e-07
520 Citeseer_A.txt 0.000815062 0.000814205 8.57e-07
521 Citeseer_A.txt 0.000810896 0.00081025 6.46e-07
522 Citeseer_A.txt 0.000819993 0.000819087 9.06e-07
523 Citeseer_A.txt 0.000812787 0.000812305 4.82e-07
524 Citeseer_A.txt 0.000812434 0.000811619 8.15e-07
525 Citeseer_A.txt 0.000808394 0.000807532 8.62e-07
526 Citeseer_A.txt 0.000812228 0.000811716 5.12e-07
527 Citeseer_A.txt 0.000806718 0.000805869 8.49e-07
528 Citeseer_A.txt 0.00085559 0.000854779 8.11e-07
529 Citeseer_A.txt 0.000851779 0.000851012 7.67e-07
530 Citeseer_A.txt 0.000859463 0.000858759 7.04e-07
531 Citeseer_A.txt 0.000852727 0.000852014 7.13e-07
532 Citeseer_A.txt 0.000888463 0.000887762 7.01e-07
533 Citeseer_A.txt 0.000884348 0.000883503 8.45e-07
534 Citeseer_A.txt 0.000860034 0.00085943 6.04e-07
535 Citeseer_A.txt 0.00085354 0.000852969 5.71e-07
536 Citeseer_A.txt 0.000880889 0.000880193 6.96e-07
537 Citeseer_A.txt 0.000877335 0.000876442 8.93e-07
538 Citeseer_A.txt 0.000888673 0.000887906 7.67e-07
539 Citeseer_A.txt 0.000881823 0.000881163 6.6e-07
540 Citeseer_A.txt 0.000867915 0.000867229 6.86e-07
541 Citeseer_A.txt 0.000863967 0.000863283 6.84e-07
542 Citeseer_A.txt 0.000869634 0.000869047 5.87e-07
543 Citeseer_A.txt 0.000863557 0.000862707 8.5e-07
544 Citeseer_A.txt 0.000886494 0.000885857 6.37e-07
545 Citeseer_A.txt 0.000882758 0.000882037 7.21e-07
546 Citeseer_A.txt 0.000889571 0.000888864 7.07e-07
547 Citeseer_A.txt 0.00088322 0.000882449 7.71e-07
548 Citeseer_A.txt 0.000886237 0.000885262 9.75e-07
549 Citeseer_A.txt 0.000881605 0.000881055 5.5e-07
550 Citeseer_A.txt 0.00088913 0.000888531 5.99e-07
551 Citeseer_A.txt 0.000882992 0.000882457 5.35e-07
552 Citeseer_A.txt 0.000878896 0.000878115 7.81e-07
553 Citeseer_A.txt 0.000873858 0.000873096 7.62e-07
554 Citeseer_A.txt 0.000868666 0.000868048 6.18e-07
555 Citeseer_A.txt 0.000862407 0.00086175 6.57e-07
556 Citeseer_A.txt 0.000890911 0.000890284 6.27e-07
557 Citeseer_A.txt 0.000886966 0.000886374 5.92e-07
558 Citeseer_A.txt 0.000880371 0.000879721 6.5e-07
559 Citeseer_A.txt 0.000873564 0.000872814 7.5e-07
560 Citeseer_A.txt 0.00080094 0.000800366 5.74e-07
561 Citeseer_A.txt 0.000796783 0.000796203 5.8e-07
562 Citeseer_A.txt 0.00080262 0.000801912 7.08e-07
563 Citeseer_A.txt 0.000796658 0.00079595 7.08e-07
564 Citeseer_A.txt 0.000803383 0.000802751 6.32e-07
565 Citeseer_A.txt 0.000799266 0.00079865 6.16e-07
566 Citeseer_A.txt 0.000800634 0.000799926 7.08e-07
567 Citeseer_A.txt 0.00079429 0.000793519 7.71e-07
568 Citeseer_A.txt 0.000805989 0.000805411 5.78e-07
569 Citeseer_A.txt 0.000801934 0.000801273 6.61e-07
570 Citeseer_A.txt 0.000801527 0.000800806 7.21e-07
571 Citeseer_A.txt 0.000794792 0.000794248 5.44e-07
572 Citeseer_A.txt 0.000803708 0.000803055 6.53e-07
573 Citeseer_A.txt 0.000799418 0.000798851 5.67e-07
574 Citeseer_A.txt 0.000800937 0.000800103 8.34e-07
575 Citeseer_A.txt 0.000795559 0.000794865 6.94e-07
576 Citeseer_A.txt 0.000887751 0.000887125 6.26e-07
577 Citeseer_A.txt 0.000882049 0.000881503 5.46e-07
578 Citeseer_A.txt 0.000883124 0.000882558 5.66e-07
579 Citeseer_A.txt 0.000877995 0.000876202 1.793e-06
580 Citeseer_A.txt 0.000881732 0.000880811 9.21e-07
581 Citeseer_A.txt 0.000877211 0.00087646 7.51e-07
582 Citeseer_A.txt 0.000881248 0.000880559 6.89e-07
583 Citeseer_A.txt 0.000874618 0.000873989 6.29e-07
584 Citeseer_A.txt 0.00088666 0.000886041 6.19e-07
585 Citeseer_A.txt 0.000882711 0.00088198 7.31e-07
586 Citeseer_A.txt 0.000882472 0.000881713 7.59e-07
587 Citeseer_A.txt 0.000875975 0.00087515 8.25e-07
588 Citeseer_A.txt 0.000884609 0.000883802 8.07e-07
589 Citeseer_A.txt 0.000880638 0.000879884 7.54e-07
590 Citeseer_A.txt 0.000884412 0.000883386 1.026e-06
591 Citeseer_A.txt 0.000877885 0.00087723 6.55e-07
592 Citeseer_A.txt 0.000905379 0.000904683 6.96e-07
593 Citeseer_A.txt 0.000902327 0.000900358 1.969e-06
594 Citeseer_A.txt 0.000908746 0.00090792 8.26e-07
595 Citeseer_A.txt 0.000902519 0.000901689 8.3e-07
596 Citeseer_A.txt 0.000903961 0.000903356 6.05e-07
597 Citeseer_A.txt 0.000898697 0.000897885 8.12e-07
598 Citeseer_A.txt 0.000906141 0.000905349 7.92e-07
599 Citeseer_A.txt 0.000900679 0.00089989 7.89e-07
600 Citeseer_A.txt 0.0008913 0.000890698 6.02e-07
601 Citeseer_A.txt 0.000886839 0.000886288 5.51e-07
602 Citeseer_A.txt 0.000892409 0.000891713 6.96e-07
603 Citeseer_A.txt 0.000885008 0.000884469 5.39e-07
604 Citeseer_A.txt 0.00088848 0.000887887 5.93e-07
605 Citeseer_A.txt 0.000884585 0.000884022 5.63e-07
606 Citeseer_A.txt 0.000888005 0.000887458 5.47e-07
607 Citeseer_A.txt 0.00088056 0.000879931 6.29e-07
608 Citeseer_A.txt 0.000833603 0.00083286 7.43e-07
609 Citeseer_A.txt 0.000829262 0.000828576 6.86e-07
610 Citeseer_A.txt 0.00083191 0.000831141 7.69e-07
611 Citeseer_A.txt 0.000825454 0.000824753 7.01e-07
612 Citeseer_A.txt 0.000832938 0.000832232 7.06e-07
613 Citeseer_A.txt 0.000829312 0.000828744 5.68e-07
614 Citeseer_A.txt 0.000821826 0.000821186 6.4e-07
615 Citeseer_A.txt 0.000805447 0.000804729 7.18e-07
616 Citeseer_A.txt 0.000833291 0.000832658 6.33e-07
617 Citeseer_A.txt 0.000829596 0.00082868 9.16e-07
618 Citeseer_A.txt 0.000833429 0.000832749 6.8e-07
619 Citeseer_A.txt 0.000823634 0.00082284 7.94e-07
620 Citeseer_A.txt 0.000828973 0.000828322 6.51e-07
621 Citeseer_A.txt 0.000824482 0.000823675 8.07e-07
622 Citeseer_A.txt 0.000820206 0.000819708 4.98e-07
623 Citeseer_A.txt 0.000804883 0.000804094 7.89e-07
624 Citeseer_A.txt 0.000858353 0.00085759 7.63e-07
625 Citeseer_A.txt 0.000854727 0.000853695 1.032e-06
626 Citeseer_A.txt 0.000863446 0.000862665 7.81e-07
627 Citeseer_A.txt 0.000857153 0.000856165 9.88e-07
628 Citeseer_A.txt 0.000861867 0.000861207 6.6e-07
629 Citeseer_A.txt 0.000857323 0.000856614 7.09e-07
630 Citeseer_A.txt 0.000858902 0.000858152 7.5e-07
631 Citeseer_A.txt 0.000852621 0.000851715 9.06e-07
632 Citeseer_A.txt 0.000847528 0.000846877 6.51e-07
633 Citeseer_A.txt 0.000843218 0.000842805 4.13e-07
634 Citeseer_A.txt 0.000861449 0.000860741 7.08e-07
635 Citeseer_A.txt 0.000854463 0.000853652 8.11e-07
636 Citeseer_A.txt 0.000859413 0.00085858 8.33e-07
637 Citeseer_A.txt 0.000854902 0.000854243 6.59e-07
638 Citeseer_A.txt 0.000863324 0.000862483 8.41e-07
639 Citeseer_A.txt 0.000856424 0.000855547 8.77e-07
640 Citeseer_A.txt 0.000878259 0.000877625 6.34e-07
641 Citeseer_A.txt 0.00087453 0.000873963 5.67e-07
642 Citeseer_A.txt 0.000878143 0.000877614 5.29e-07
643 Citeseer_A.txt 0.000871646 0.000870883 7.63e-07
644 Citeseer_A.txt 0.00087483 0.000874208 6.22e-07
645 Citeseer_A.txt 0.000870341 0.000869723 6.18e-07
646 Citeseer_A.txt 0.000876143 0.000874869 1.274e-06
647 Citeseer_A.txt 0.000870339 0.000869461 8.78e-07
648 Citeseer_A.txt 0.000862095 0.000861133 9.62e-07
649 Citeseer_A.txt 0.000857971 0.000856991 9.8e-07
650 Citeseer_A.txt 0.00086702 0.000866422 5.98e-07
651 Citeseer_A.txt 0.000860191 0.000859543 6.48e-07
652 Citeseer_A.txt 0.000848305 0.000847569 7.36e-07
653 Citeseer_A.txt 0.000843883 0.000843265 6.18e-07
654 Citeseer_A.txt 0.000861834 0.000861198 6.36e-07
655 Citeseer_A.txt 0.000855356 0.000854566 7.9e-07
656 Citeseer_A.txt 0.000787343 0.000786633 7.1e-07
657 Citeseer_A.txt 0.000783052 0.000782375 6.77e-07
658 Citeseer_A.txt 0.000787974 0.00078725 7.24e-07
659 Citeseer_A.txt 0.000782292 0.000781548 7.44e-07
660 Citeseer_A.txt 0.00079868 0.000798092 5.88e-07
661 Citeseer_A.txt 0.000794101 0.000793444 6.57e-07
662 Citeseer_A.txt 0.000788842 0.000788174 6.68e-07
663 Citeseer_A.txt 0.000782428 0.000781559 8.69e-07
664 Citeseer_A.txt 0.000800743 0.000800026 7.17e-07
665 Citeseer_A.txt 0.000796685 0.000795928 7.57e-07
666 Citeseer_A.txt 0.000786208 0.000785481 7.27e-07
667 Citeseer_A.txt 0.000780522 0.000779591 9.31e-07
668 Citeseer_A.txt 0.00079945 0.000798709 7.41e-07
669 Citeseer_A.txt 0.000794943 0.000794317 6.26e-07
670 Citeseer_A.txt 0.000783854 0.00078322 6.34e-07
671 Citeseer_A.txt 0.000777904 0.000777439 4.65e-07
672 Citeseer_A.txt 0.000854223 0.000853352 8.71e-07
673 Citeseer_A.txt 0.000851227 0.000850244 9.83e-07
674 Citeseer_A.txt 0.000858363 0.000857711 6.52e-07
675 Citeseer_A.txt 0.000852117 0.000851529 5.88e-07
676 Citeseer_A.txt 0.00085919 0.000858416 7.74e-07
677 Citeseer_A.txt 0.000855599 0.000854539 1.06e-06
678 Citeseer_A.txt 0.000860377 0.000859761 6.16e-07
679 Citeseer_A.txt 0.000854711 0.000853785 9.26e-07
680 Citeseer_A.txt 0.000863832 0.000863122 7.1e-07
681 Citeseer_A.txt 0.000859637 0.000858937 7e-07
682 Citeseer_A.txt 0.000867808 0.000866947 8.61e-07
683 Citeseer_A.txt 0.000861858 0.000860865 9.93e-07
684 Citeseer_A.txt 0.000860263 0.000859391 8.72e-07
685 Citeseer_A.txt 0.00085623 0.00085539 8.4e-07
686 Citeseer_A.txt 0.00086274 0.000861898 8.42e-07
687 Citeseer_A.txt 0.000856097 0.000855442 6.55e-07
688 Citeseer_A.txt 0.000885784 0.000885266 5.18e-07
689 Citeseer_A.txt 0.000881239 0.000880536 7.03e-07
690 Citeseer_A.txt 0.000887832 0.00088707 7.62e-07
691 Citeseer_A.txt 0.000881399 0.000880335 1.064e-06
692 Citeseer_A.txt 0.000881691 0.000881 6.91e-07
693 Citeseer_A.txt 0.00087744 0.000876575 8.65e-07
694 Citeseer_A.txt 0.000885833 0.000885195 6.38e-07
695 Citeseer_A.txt 0.000878774 0.000878098 6.76e-07
696 Citeseer_A.txt 0.000865914 0.000865194 7.2e-07
697 Citeseer_A.txt 0.000860504 0.00085992 5.84e-07
698 Citeseer_A.txt 0.000868411 0.000867646 7.65e-07
699 Citeseer_A.txt 0.000862038 0.000861285 7.53e-07
700 Citeseer_A.txt 0.000866804 0.000866216 5.88e-07
701 Citeseer_A.txt 0.000863087 0.000862347 7.4e-07
702 Citeseer_A.txt 0.000871693 0.000870844 8.49e-07
703 Citeseer_A.txt 0.000864365 0.000863306 1.059e-06
704 Citeseer_A.txt 0.000798196 0.000797208 9.88e-07
705 Citeseer_A.txt 0.000793491 0.000792568 9.23e-07
706 Citeseer_A.txt 0.000798151 0.000797545 6.06e-07
707 Citeseer_A.txt 0.000792142 0.000791307 8.35e-07
708 Citeseer_A.txt 0.000803035 0.000802354 6.81e-07
709 Citeseer_A.txt 0.000799027 0.000798177 8.5e-07
710 Citeseer_A.txt 0.000797429 0.000796991 4.38e-07
711 Citeseer_A.txt 0.000790734 0.000789965 7.69e-07
712 Citeseer_A.txt 0.000800441 0.000799883 5.58e-07
713 Citeseer_A.txt 0.00079684 0.000796133 7.07e-07
714 Citeseer_A.txt 0.000799972 0.000799295 6.77e-07
715 Citeseer_A.txt 0.000794155 0.00079343 7.25e-07
716 Citeseer_A.txt 0.00079443 0.000793772 6.58e-07
717 Citeseer_A.txt 0.000789969 0.000789309 6.6e-07
718 Citeseer_A.txt 0.00079556 0.000794743 8.17e-07
719 Citeseer_A.txt 0.000789704 0.000788849 8.55e-07
720 Citeseer_A.txt 0.000870101 0.000860973 9.128e-06
721 Citeseer_A.txt 0.00085707 0.00085651 5.6e-07
722 Citeseer_A.txt 0.000873206 0.000872723 4.83e-07
723 Citeseer_A.txt 0.000855801 0.000855272 5.29e-07
724 Citeseer_A.txt 0.000880296 0.000879702 5.94e-07
725 Citeseer_A.txt 0.000875095 0.000874608 4.87e-07
726 Citeseer_A.txt 0.000871153 0.000870666 4.87e-07
727 Citeseer_A.txt 0.000858702 0.000858141 5.61e-07
728 Citeseer_A.txt 0.000888986 0.000888156 8.3e-07
729 Citeseer_A.txt 0.000884981 0.000884198 7.83e-07
730 Citeseer_A.txt 0.000890917 0.000890033 8.84e-07
731 Citeseer_A.txt 0.000884385 0.000883728 6.57e-07
732 Citeseer_A.txt 0.000882471 0.000881839 6.32e-07
733 Citeseer_A.txt 0.000878684 0.00087805 6.34e-07
734 Citeseer_A.txt 0.000873701 0.000872833 8.68e-07
735 Citeseer_A.txt 0.000860033 0.000859191 8.42e-07
736 Citeseer_A.txt 0.000896183 0.000895187 9.96e-07
737 Citeseer_A.txt 0.000892803 0.00089194 8.63e-07
738 Citeseer_A.txt 0.000904349 0.000903814 5.35e-07
739 Citeseer_A.txt 0.000897567 0.000896952 6.15e-07
740 Citeseer_A.txt 0.000891152 0.000890449 7.03e-07
741 Citeseer_A.txt 0.000887074 0.000886337 7.37e-07
742 Citeseer_A.txt 0.000900312 0.000899655 6.57e-07
743 Citeseer_A.txt 0.000893059 0.00089224 8.19e-07
744 Citeseer_A.txt 0.000880484 0.000879693 7.91e-07
745 Citeseer_A.txt 0.000874545 0.000873997 5.48e-07
746 Citeseer_A.txt 0.000888378 0.000887757 6.21e-07
747 Citeseer_A.txt 0.000882445 0.000881914 5.31e-07
748 Citeseer_A.txt 0.00087836 0.000877786 5.74e-07
749 Citeseer_A.txt 0.000874585 0.000873981 6.04e-07
750 Citeseer_A.txt 0.000880512 0.000879827 6.85e-07
751 Citeseer_A.txt 0.000874499 0.000873804 6.95e-07
752 Citeseer_A.txt 0.000799531 0.000798796 7.35e-07
753 Citeseer_A.txt 0.000795543 0.000794809 7.34e-07
754 Citeseer_A.txt 0.000805561 0.000804923 6.38e-07
755 Citeseer_A.txt 0.000798938 0.000798115 8.23e-07
756 Citeseer_A.txt 0.000805654 0.000804839 8.15e-07
757 Citeseer_A.txt 0.000801441 0.000800611 8.3e-07
758 Citeseer_A.txt 0.000805743 0.000805104 6.39e-07
759 Citeseer_A.txt 0.000799586 0.000798827 7.59e-07
760 Citeseer_A.txt 0.000801592 0.000800723 8.69e-07
761 Citeseer_A.txt 0.000797517 0.000796716 8.01e-07
762 Citeseer_A.txt 0.000805172 0.000804463 7.09e-07
763 Citeseer_A.txt 0.00079857 0.000797763 8.07e-07
764 Citeseer_A.txt 0.000810633 0.000809523 1.11e-06
765 Citeseer_A.txt 0.000805741 0.000804999 7.42e-07
766 Citeseer_A.txt 0.00081133 0.000810698 6.32e-07
767 Citeseer_A.txt 0.000819564 0.00080455 1.5014e-05
TACC:  Shutdown complete. Exiting. 
