TACC:  Starting up job 10024616 
TACC:  Starting parallel tasks... 
0 Reddit_feat_L1.txt 0.00213901 0.00211589 2.3124e-05
1 Reddit_feat_L1.txt 0.00155241 0.00152164 3.0767e-05
2 Reddit_feat_L1.txt 0.00212677 0.00209739 2.9381e-05
3 Reddit_feat_L1.txt 0.00161868 0.00159258 2.6106e-05
4 Reddit_feat_L1.txt 0.00225508 0.00222444 3.0639e-05
5 Reddit_feat_L1.txt 0.00153596 0.0015044 3.1559e-05
6 Reddit_feat_L1.txt 0.00204794 0.00201432 3.3621e-05
7 Reddit_feat_L1.txt 0.00148459 0.0014531 3.1493e-05
8 Reddit_feat_L1.txt 0.00212243 0.00209039 3.2038e-05
9 Reddit_feat_L1.txt 0.00153245 0.00150533 2.7122e-05
10 Reddit_feat_L1.txt 0.00212609 0.002097 2.9085e-05
11 Reddit_feat_L1.txt 0.0016574 0.00162936 2.8041e-05
12 Reddit_feat_L1.txt 0.00244379 0.00241269 3.1103e-05
13 Reddit_feat_L1.txt 0.00158974 0.00156116 2.8581e-05
14 Reddit_feat_L1.txt 0.00225799 0.00223027 2.772e-05
15 Reddit_feat_L1.txt 0.0014883 0.00146118 2.7117e-05
16 Reddit_feat_L1.txt 0.00217016 0.00214093 2.9235e-05
17 Reddit_feat_L1.txt 0.00159226 0.00156074 3.1517e-05
18 Reddit_feat_L1.txt 0.00211147 0.00208119 3.0278e-05
19 Reddit_feat_L1.txt 0.00155461 0.00152826 2.635e-05
20 Reddit_feat_L1.txt 0.00198289 0.00195224 3.0641e-05
21 Reddit_feat_L1.txt 0.00155019 0.00151272 3.7464e-05
22 Reddit_feat_L1.txt 0.00211182 0.00208074 3.1084e-05
23 Reddit_feat_L1.txt 0.00160994 0.00157579 3.4152e-05
24 Reddit_feat_L1.txt 0.00210202 0.00207417 2.7851e-05
25 Reddit_feat_L1.txt 0.00160917 0.00158531 2.386e-05
26 Reddit_feat_L1.txt 0.00200464 0.00197672 2.7919e-05
27 Reddit_feat_L1.txt 0.00149007 0.00146318 2.6888e-05
28 Reddit_feat_L1.txt 0.00198695 0.00195666 3.0293e-05
29 Reddit_feat_L1.txt 0.00149405 0.00146168 3.2373e-05
30 Reddit_feat_L1.txt 0.00218746 0.00216113 2.6333e-05
31 Reddit_feat_L1.txt 0.0014425 0.0014163 2.62e-05
32 Reddit_feat_L1.txt 0.00215808 0.00213114 2.6936e-05
33 Reddit_feat_L1.txt 0.00152619 0.00149705 2.9145e-05
34 Reddit_feat_L1.txt 0.00228733 0.0022573 3.0031e-05
35 Reddit_feat_L1.txt 0.00171835 0.00168967 2.8679e-05
36 Reddit_feat_L1.txt 0.00209573 0.00206924 2.6487e-05
37 Reddit_feat_L1.txt 0.0015057 0.00147925 2.6447e-05
38 Reddit_feat_L1.txt 0.00221459 0.00218793 2.6664e-05
39 Reddit_feat_L1.txt 0.00154715 0.00152063 2.6519e-05
40 Reddit_feat_L1.txt 0.00213973 0.00211117 2.8556e-05
41 Reddit_feat_L1.txt 0.00173462 0.00170408 3.0547e-05
42 Reddit_feat_L1.txt 0.00217329 0.00214666 2.663e-05
43 Reddit_feat_L1.txt 0.00160564 0.00158272 2.2911e-05
44 Reddit_feat_L1.txt 0.00221466 0.00218731 2.7346e-05
45 Reddit_feat_L1.txt 0.00159654 0.00156769 2.8848e-05
46 Reddit_feat_L1.txt 0.00210531 0.00207263 3.2683e-05
47 Reddit_feat_L1.txt 0.00150072 0.00147191 2.881e-05
48 Reddit_feat_L1.txt 0.00192131 0.00189204 2.9274e-05
49 Reddit_feat_L1.txt 0.00160078 0.00156831 3.2474e-05
50 Reddit_feat_L1.txt 0.00197684 0.0019439 3.2937e-05
51 Reddit_feat_L1.txt 0.00156929 0.00153777 3.1514e-05
52 Reddit_feat_L1.txt 0.00191925 0.00188696 3.2289e-05
53 Reddit_feat_L1.txt 0.00157525 0.00155087 2.4371e-05
54 Reddit_feat_L1.txt 0.00189797 0.0018653 3.2669e-05
55 Reddit_feat_L1.txt 0.00151509 0.00148847 2.6618e-05
56 Reddit_feat_L1.txt 0.00248841 0.00246005 2.8354e-05
57 Reddit_feat_L1.txt 0.00156169 0.00153529 2.64e-05
58 Reddit_feat_L1.txt 0.0020123 0.00198532 2.698e-05
59 Reddit_feat_L1.txt 0.00163127 0.00159858 3.2695e-05
60 Reddit_feat_L1.txt 0.00200407 0.00197375 3.0311e-05
61 Reddit_feat_L1.txt 0.00151486 0.00148008 3.4774e-05
62 Reddit_feat_L1.txt 0.00220198 0.00217191 3.0069e-05
63 Reddit_feat_L1.txt 0.00156865 0.00153078 3.7872e-05
64 Reddit_feat_L1.txt 0.00224981 0.00221508 3.4731e-05
65 Reddit_feat_L1.txt 0.00170845 0.00167063 3.7829e-05
66 Reddit_feat_L1.txt 0.00214192 0.00211654 2.538e-05
67 Reddit_feat_L1.txt 0.00162952 0.00159673 3.2793e-05
68 Reddit_feat_L1.txt 0.00222458 0.00219643 2.8143e-05
69 Reddit_feat_L1.txt 0.00166195 0.00162878 3.3172e-05
70 Reddit_feat_L1.txt 0.0023797 0.00234989 2.9801e-05
71 Reddit_feat_L1.txt 0.00166079 0.00163515 2.564e-05
72 Reddit_feat_L1.txt 0.00215791 0.00212901 2.8901e-05
73 Reddit_feat_L1.txt 0.00161729 0.0015809 3.6393e-05
74 Reddit_feat_L1.txt 0.00213152 0.00209509 3.6428e-05
75 Reddit_feat_L1.txt 0.00164148 0.00161447 2.7006e-05
76 Reddit_feat_L1.txt 0.00275814 0.00272805 3.009e-05
77 Reddit_feat_L1.txt 0.0016859 0.00165512 3.0777e-05
78 Reddit_feat_L1.txt 0.00243776 0.0024077 3.0064e-05
79 Reddit_feat_L1.txt 0.00156864 0.0015394 2.9235e-05
80 Reddit_feat_L1.txt 0.00239493 0.00236313 3.1794e-05
81 Reddit_feat_L1.txt 0.00163766 0.00160483 3.2836e-05
82 Reddit_feat_L1.txt 0.00215257 0.00211949 3.3082e-05
83 Reddit_feat_L1.txt 0.00160815 0.00158166 2.6492e-05
84 Reddit_feat_L1.txt 0.00216074 0.00213406 2.668e-05
85 Reddit_feat_L1.txt 0.00160959 0.00157978 2.9815e-05
86 Reddit_feat_L1.txt 0.00215781 0.00213096 2.6849e-05
87 Reddit_feat_L1.txt 0.00162871 0.00159748 3.1223e-05
88 Reddit_feat_L1.txt 0.0024428 0.00241634 2.6454e-05
89 Reddit_feat_L1.txt 0.00160646 0.00158054 2.5928e-05
90 Reddit_feat_L1.txt 0.00245836 0.00242544 3.2914e-05
91 Reddit_feat_L1.txt 0.00164038 0.00160807 3.2306e-05
92 Reddit_feat_L1.txt 0.00243429 0.00240444 2.9858e-05
93 Reddit_feat_L1.txt 0.00162353 0.00158886 3.4677e-05
94 Reddit_feat_L1.txt 0.00224581 0.00221765 2.8155e-05
95 Reddit_feat_L1.txt 0.00162421 0.00159416 3.0054e-05
96 Reddit_feat_L1.txt 0.00224797 0.00221263 3.5345e-05
97 Reddit_feat_L1.txt 0.00166921 0.00163448 3.4733e-05
98 Reddit_feat_L1.txt 0.00233391 0.00230734 2.6578e-05
99 Reddit_feat_L1.txt 0.00167811 0.00165367 2.4441e-05
100 Reddit_feat_L1.txt 0.00219841 0.00217051 2.7898e-05
101 Reddit_feat_L1.txt 0.00166147 0.00163089 3.058e-05
102 Reddit_feat_L1.txt 0.00212495 0.00209533 2.9621e-05
103 Reddit_feat_L1.txt 0.0015896 0.00156175 2.7851e-05
104 Reddit_feat_L1.txt 0.00213795 0.00211101 2.6943e-05
105 Reddit_feat_L1.txt 0.00156364 0.00153821 2.5429e-05
106 Reddit_feat_L1.txt 0.00219491 0.0021682 2.671e-05
107 Reddit_feat_L1.txt 0.00156571 0.00153813 2.7579e-05
108 Reddit_feat_L1.txt 0.00230874 0.00228095 2.7798e-05
109 Reddit_feat_L1.txt 0.00167311 0.0016361 3.7016e-05
110 Reddit_feat_L1.txt 0.00226926 0.00223055 3.8713e-05
111 Reddit_feat_L1.txt 0.00157151 0.00154013 3.1378e-05
112 Reddit_feat_L1.txt 0.00213459 0.00210299 3.1595e-05
113 Reddit_feat_L1.txt 0.00160194 0.00156872 3.3216e-05
114 Reddit_feat_L1.txt 0.00199278 0.00196252 3.0262e-05
115 Reddit_feat_L1.txt 0.00153713 0.00149987 3.7266e-05
116 Reddit_feat_L1.txt 0.00189329 0.00186034 3.2953e-05
117 Reddit_feat_L1.txt 0.00156672 0.00153822 2.8505e-05
118 Reddit_feat_L1.txt 0.00196683 0.00193508 3.1748e-05
119 Reddit_feat_L1.txt 0.00154567 0.00151293 3.274e-05
120 Reddit_feat_L1.txt 0.0021495 0.00211549 3.4015e-05
121 Reddit_feat_L1.txt 0.00155898 0.00152916 2.9828e-05
122 Reddit_feat_L1.txt 0.00202185 0.00199138 3.0473e-05
123 Reddit_feat_L1.txt 0.00156694 0.00153631 3.0635e-05
124 Reddit_feat_L1.txt 0.00189834 0.00187304 2.5298e-05
125 Reddit_feat_L1.txt 0.00153094 0.00150235 2.8585e-05
126 Reddit_feat_L1.txt 0.00215393 0.00212666 2.727e-05
127 Reddit_feat_L1.txt 0.00153402 0.00150331 3.0716e-05
128 Reddit_feat_L1.txt 0.00260283 0.00257089 3.194e-05
129 Reddit_feat_L1.txt 0.00167577 0.00163912 3.6648e-05
130 Reddit_feat_L1.txt 0.00214114 0.00210428 3.6853e-05
131 Reddit_feat_L1.txt 0.00171035 0.00167337 3.6978e-05
132 Reddit_feat_L1.txt 0.00221571 0.00218114 3.4568e-05
133 Reddit_feat_L1.txt 0.00161808 0.00158511 3.2966e-05
134 Reddit_feat_L1.txt 0.00209764 0.00205902 3.8616e-05
135 Reddit_feat_L1.txt 0.00159442 0.00156065 3.3765e-05
136 Reddit_feat_L1.txt 0.00211436 0.00208466 2.9692e-05
137 Reddit_feat_L1.txt 0.00157137 0.0015429 2.8472e-05
138 Reddit_feat_L1.txt 0.00213859 0.00210727 3.1321e-05
139 Reddit_feat_L1.txt 0.00158466 0.00155297 3.1688e-05
140 Reddit_feat_L1.txt 0.00234746 0.00232084 2.6622e-05
141 Reddit_feat_L1.txt 0.00162649 0.00159597 3.0525e-05
142 Reddit_feat_L1.txt 0.00216888 0.00214267 2.6208e-05
143 Reddit_feat_L1.txt 0.00151983 0.00148622 3.3611e-05
144 Reddit_feat_L1.txt 0.00203758 0.00200084 3.6736e-05
145 Reddit_feat_L1.txt 0.00153434 0.00149674 3.7605e-05
146 Reddit_feat_L1.txt 0.00208051 0.0020452 3.5309e-05
147 Reddit_feat_L1.txt 0.00156032 0.00152758 3.2735e-05
148 Reddit_feat_L1.txt 0.00208138 0.00205318 2.8201e-05
149 Reddit_feat_L1.txt 0.00157589 0.00154703 2.8858e-05
150 Reddit_feat_L1.txt 0.00202809 0.00200055 2.7538e-05
151 Reddit_feat_L1.txt 0.00166184 0.0016326 2.924e-05
152 Reddit_feat_L1.txt 0.00210619 0.00207207 3.4126e-05
153 Reddit_feat_L1.txt 0.00163004 0.00160192 2.8117e-05
154 Reddit_feat_L1.txt 0.00210959 0.0020787 3.089e-05
155 Reddit_feat_L1.txt 0.00167382 0.00164224 3.1575e-05
156 Reddit_feat_L1.txt 0.0020934 0.00206276 3.0642e-05
157 Reddit_feat_L1.txt 0.00153316 0.00150347 2.9697e-05
158 Reddit_feat_L1.txt 0.00223172 0.00219966 3.2064e-05
159 Reddit_feat_L1.txt 0.00155707 0.00152846 2.8617e-05
160 Reddit_feat_L1.txt 0.00229604 0.00226508 3.0961e-05
161 Reddit_feat_L1.txt 0.00161273 0.00158137 3.1364e-05
162 Reddit_feat_L1.txt 0.00238431 0.00235793 2.6381e-05
163 Reddit_feat_L1.txt 0.0015646 0.00153895 2.5651e-05
164 Reddit_feat_L1.txt 0.0024817 0.00245161 3.009e-05
165 Reddit_feat_L1.txt 0.00157398 0.00154416 2.9819e-05
166 Reddit_feat_L1.txt 0.00211402 0.00208783 2.6191e-05
167 Reddit_feat_L1.txt 0.00162668 0.00159679 2.9888e-05
168 Reddit_feat_L1.txt 0.00227327 0.00224181 3.1458e-05
169 Reddit_feat_L1.txt 0.00168417 0.00165838 2.5796e-05
170 Reddit_feat_L1.txt 0.00229478 0.00226682 2.7957e-05
171 Reddit_feat_L1.txt 0.00171156 0.00167973 3.1835e-05
172 Reddit_feat_L1.txt 0.00228668 0.00225543 3.1256e-05
173 Reddit_feat_L1.txt 0.00166118 0.00162928 3.1902e-05
174 Reddit_feat_L1.txt 0.00224606 0.00221728 2.8776e-05
175 Reddit_feat_L1.txt 0.00148922 0.00145854 3.0686e-05
176 Reddit_feat_L1.txt 0.00197922 0.0019485 3.0721e-05
177 Reddit_feat_L1.txt 0.00153967 0.00151416 2.5503e-05
178 Reddit_feat_L1.txt 0.00198272 0.00195228 3.0442e-05
179 Reddit_feat_L1.txt 0.00166226 0.00163747 2.4788e-05
180 Reddit_feat_L1.txt 0.00185854 0.001833 2.5539e-05
181 Reddit_feat_L1.txt 0.0015075 0.00147608 3.1416e-05
182 Reddit_feat_L1.txt 0.00183871 0.00181249 2.622e-05
183 Reddit_feat_L1.txt 0.00164422 0.00161532 2.8902e-05
184 Reddit_feat_L1.txt 0.00253725 0.00250832 2.8936e-05
185 Reddit_feat_L1.txt 0.00164646 0.00161785 2.8603e-05
186 Reddit_feat_L1.txt 0.00203256 0.00199793 3.4632e-05
187 Reddit_feat_L1.txt 0.0015 0.00147322 2.6778e-05
188 Reddit_feat_L1.txt 0.00195332 0.0019219 3.1421e-05
189 Reddit_feat_L1.txt 0.00160021 0.00157533 2.4885e-05
190 Reddit_feat_L1.txt 0.00214136 0.00211167 2.969e-05
191 Reddit_feat_L1.txt 0.00152114 0.00149279 2.8356e-05
192 Reddit_feat_L1.txt 0.00220706 0.0021754 3.166e-05
193 Reddit_feat_L1.txt 0.0016736 0.00164204 3.1564e-05
194 Reddit_feat_L1.txt 0.00222266 0.00218943 3.3232e-05
195 Reddit_feat_L1.txt 0.00155838 0.00152781 3.0568e-05
196 Reddit_feat_L1.txt 0.00230374 0.00227339 3.0343e-05
197 Reddit_feat_L1.txt 0.0016051 0.0015719 3.3203e-05
198 Reddit_feat_L1.txt 0.00234919 0.00231349 3.5702e-05
199 Reddit_feat_L1.txt 0.00163865 0.00160442 3.4234e-05
200 Reddit_feat_L1.txt 0.00213123 0.00209867 3.256e-05
201 Reddit_feat_L1.txt 0.00160015 0.00156812 3.2029e-05
202 Reddit_feat_L1.txt 0.00211731 0.00208894 2.837e-05
203 Reddit_feat_L1.txt 0.00152016 0.00149388 2.6274e-05
204 Reddit_feat_L1.txt 0.00229408 0.00226565 2.8436e-05
205 Reddit_feat_L1.txt 0.00162247 0.00159086 3.1614e-05
206 Reddit_feat_L1.txt 0.00231442 0.00228346 3.0959e-05
207 Reddit_feat_L1.txt 0.00149431 0.00146169 3.2624e-05
208 Reddit_feat_L1.txt 0.00223038 0.00219633 3.4047e-05
209 Reddit_feat_L1.txt 0.00146918 0.00143172 3.7465e-05
210 Reddit_feat_L1.txt 0.00199788 0.0019622 3.5677e-05
211 Reddit_feat_L1.txt 0.00144566 0.00141044 3.5221e-05
212 Reddit_feat_L1.txt 0.00209527 0.00206042 3.4847e-05
213 Reddit_feat_L1.txt 0.00145473 0.0014222 3.2535e-05
214 Reddit_feat_L1.txt 0.00203397 0.00199821 3.5764e-05
215 Reddit_feat_L1.txt 0.00153304 0.00150077 3.2271e-05
216 Reddit_feat_L1.txt 0.00254092 0.00251228 2.864e-05
217 Reddit_feat_L1.txt 0.0015355 0.00150265 3.2858e-05
218 Reddit_feat_L1.txt 0.0024279 0.00239606 3.1838e-05
219 Reddit_feat_L1.txt 0.00150979 0.00147614 3.3641e-05
220 Reddit_feat_L1.txt 0.00240171 0.00236884 3.2869e-05
221 Reddit_feat_L1.txt 0.00154475 0.00150746 3.729e-05
222 Reddit_feat_L1.txt 0.00229494 0.00226254 3.24e-05
223 Reddit_feat_L1.txt 0.00159942 0.00156911 3.0312e-05
224 Reddit_feat_L1.txt 0.00207632 0.00204511 3.121e-05
225 Reddit_feat_L1.txt 0.00161047 0.00157675 3.3723e-05
226 Reddit_feat_L1.txt 0.00226177 0.00222924 3.2533e-05
227 Reddit_feat_L1.txt 0.00152601 0.00149349 3.2521e-05
228 Reddit_feat_L1.txt 0.00219086 0.00215997 3.0891e-05
229 Reddit_feat_L1.txt 0.00159184 0.00156073 3.1116e-05
230 Reddit_feat_L1.txt 0.00213662 0.00210791 2.8709e-05
231 Reddit_feat_L1.txt 0.0015271 0.00150022 2.6875e-05
232 Reddit_feat_L1.txt 0.00217237 0.00214101 3.136e-05
233 Reddit_feat_L1.txt 0.00158486 0.00155528 2.9584e-05
234 Reddit_feat_L1.txt 0.00223477 0.0021989 3.5869e-05
235 Reddit_feat_L1.txt 0.00159091 0.00155602 3.489e-05
236 Reddit_feat_L1.txt 0.00233379 0.00229924 3.4546e-05
237 Reddit_feat_L1.txt 0.00161528 0.00158778 2.7496e-05
238 Reddit_feat_L1.txt 0.00221931 0.00219021 2.9105e-05
239 Reddit_feat_L1.txt 0.0014658 0.00143333 3.2478e-05
240 Reddit_feat_L1.txt 0.00215669 0.00211899 3.7702e-05
241 Reddit_feat_L1.txt 0.00150032 0.00146612 3.42e-05
242 Reddit_feat_L1.txt 0.00206303 0.00203151 3.1514e-05
243 Reddit_feat_L1.txt 0.00150971 0.00147657 3.314e-05
244 Reddit_feat_L1.txt 0.00193587 0.00190313 3.2745e-05
245 Reddit_feat_L1.txt 0.00144817 0.00141405 3.4117e-05
246 Reddit_feat_L1.txt 0.00192681 0.00189698 2.9829e-05
247 Reddit_feat_L1.txt 0.00146541 0.00143977 2.5643e-05
248 Reddit_feat_L1.txt 0.00230454 0.00226923 3.5312e-05
249 Reddit_feat_L1.txt 0.00146405 0.00142898 3.5071e-05
250 Reddit_feat_L1.txt 0.00202778 0.00199527 3.2506e-05
251 Reddit_feat_L1.txt 0.00145385 0.00141956 3.4286e-05
252 Reddit_feat_L1.txt 0.00197791 0.00193962 3.8294e-05
253 Reddit_feat_L1.txt 0.00143606 0.001401 3.5053e-05
254 Reddit_feat_L1.txt 0.00253779 0.0025039 3.3888e-05
255 Reddit_feat_L1.txt 0.00143224 0.00140249 2.9749e-05
256 Reddit_feat_L1.txt 0.00221417 0.00218565 2.8518e-05
257 Reddit_feat_L1.txt 0.00155707 0.00152619 3.0873e-05
258 Reddit_feat_L1.txt 0.00214988 0.00212176 2.812e-05
259 Reddit_feat_L1.txt 0.00156567 0.00154011 2.5563e-05
260 Reddit_feat_L1.txt 0.00227822 0.00224422 3.4004e-05
261 Reddit_feat_L1.txt 0.00157782 0.0015381 3.9724e-05
262 Reddit_feat_L1.txt 0.00211552 0.00208317 3.2352e-05
263 Reddit_feat_L1.txt 0.00163824 0.00160884 2.9396e-05
264 Reddit_feat_L1.txt 0.00216776 0.00213277 3.4987e-05
265 Reddit_feat_L1.txt 0.00153628 0.0015031 3.3187e-05
266 Reddit_feat_L1.txt 0.00215153 0.002118 3.3526e-05
267 Reddit_feat_L1.txt 0.00154115 0.00151022 3.0937e-05
268 Reddit_feat_L1.txt 0.00233849 0.00230261 3.588e-05
269 Reddit_feat_L1.txt 0.00161525 0.00158035 3.4903e-05
270 Reddit_feat_L1.txt 0.00231266 0.00228121 3.1444e-05
271 Reddit_feat_L1.txt 0.00154143 0.00151182 2.9606e-05
272 Reddit_feat_L1.txt 0.00212654 0.00209533 3.1213e-05
273 Reddit_feat_L1.txt 0.00151689 0.0014829 3.3994e-05
274 Reddit_feat_L1.txt 0.00213371 0.00209789 3.582e-05
275 Reddit_feat_L1.txt 0.00157695 0.00154316 3.3784e-05
276 Reddit_feat_L1.txt 0.0021207 0.00208405 3.6649e-05
277 Reddit_feat_L1.txt 0.00158665 0.00155308 3.3563e-05
278 Reddit_feat_L1.txt 0.00208942 0.00205334 3.6085e-05
279 Reddit_feat_L1.txt 0.00158869 0.00155094 3.775e-05
280 Reddit_feat_L1.txt 0.00212947 0.00209541 3.4061e-05
281 Reddit_feat_L1.txt 0.00161644 0.00158562 3.0822e-05
282 Reddit_feat_L1.txt 0.00212926 0.00209611 3.3152e-05
283 Reddit_feat_L1.txt 0.00156882 0.00153252 3.6296e-05
284 Reddit_feat_L1.txt 0.00214632 0.00211177 3.4549e-05
285 Reddit_feat_L1.txt 0.00152042 0.00148562 3.4802e-05
286 Reddit_feat_L1.txt 0.00232416 0.00229927 2.489e-05
287 Reddit_feat_L1.txt 0.00152577 0.00150077 2.5001e-05
288 Reddit_feat_L1.txt 0.0022677 0.00223937 2.8331e-05
289 Reddit_feat_L1.txt 0.00161044 0.00157427 3.6171e-05
290 Reddit_feat_L1.txt 0.00223155 0.00219722 3.4331e-05
291 Reddit_feat_L1.txt 0.00149851 0.00146708 3.1424e-05
292 Reddit_feat_L1.txt 0.00206239 0.00203397 2.8415e-05
293 Reddit_feat_L1.txt 0.00156271 0.00153307 2.9635e-05
294 Reddit_feat_L1.txt 0.00217928 0.00215117 2.8114e-05
295 Reddit_feat_L1.txt 0.00167192 0.00164271 2.9216e-05
296 Reddit_feat_L1.txt 0.00210025 0.00207015 3.01e-05
297 Reddit_feat_L1.txt 0.00152895 0.00149985 2.9102e-05
298 Reddit_feat_L1.txt 0.00229822 0.00226996 2.826e-05
299 Reddit_feat_L1.txt 0.00146792 0.0014376 3.0315e-05
300 Reddit_feat_L1.txt 0.00226242 0.00223451 2.7917e-05
301 Reddit_feat_L1.txt 0.00168137 0.00165023 3.1131e-05
302 Reddit_feat_L1.txt 0.0021488 0.00212137 2.7433e-05
303 Reddit_feat_L1.txt 0.00145171 0.00142298 2.8736e-05
304 Reddit_feat_L1.txt 0.00191786 0.00189279 2.5065e-05
305 Reddit_feat_L1.txt 0.00156876 0.00154075 2.8007e-05
306 Reddit_feat_L1.txt 0.0019594 0.00192991 2.9486e-05
307 Reddit_feat_L1.txt 0.00147659 0.00144241 3.4188e-05
308 Reddit_feat_L1.txt 0.00189949 0.00186345 3.6042e-05
309 Reddit_feat_L1.txt 0.00145501 0.00142386 3.1151e-05
310 Reddit_feat_L1.txt 0.00188733 0.00186129 2.6037e-05
311 Reddit_feat_L1.txt 0.00158042 0.00155268 2.7744e-05
312 Reddit_feat_L1.txt 0.00236634 0.00234166 2.4675e-05
313 Reddit_feat_L1.txt 0.0014548 0.00142496 2.9837e-05
314 Reddit_feat_L1.txt 0.00198092 0.00194984 3.1082e-05
315 Reddit_feat_L1.txt 0.00155925 0.00153476 2.4492e-05
316 Reddit_feat_L1.txt 0.00196692 0.00194097 2.5947e-05
317 Reddit_feat_L1.txt 0.00148934 0.0014573 3.2045e-05
318 Reddit_feat_L1.txt 0.0022132 0.00218371 2.9485e-05
319 Reddit_feat_L1.txt 0.0014309 0.00139955 3.1352e-05
320 Reddit_feat_L1.txt 0.00210685 0.0020741 3.2753e-05
321 Reddit_feat_L1.txt 0.00151217 0.00148148 3.0691e-05
322 Reddit_feat_L1.txt 0.0021297 0.00209767 3.2034e-05
323 Reddit_feat_L1.txt 0.00151192 0.00147599 3.5936e-05
324 Reddit_feat_L1.txt 0.00223438 0.00220057 3.3808e-05
325 Reddit_feat_L1.txt 0.00153057 0.00149497 3.5595e-05
326 Reddit_feat_L1.txt 0.00240344 0.00236689 3.6549e-05
327 Reddit_feat_L1.txt 0.00155301 0.00151539 3.7625e-05
328 Reddit_feat_L1.txt 0.00205876 0.00202621 3.255e-05
329 Reddit_feat_L1.txt 0.00160908 0.00157122 3.7855e-05
330 Reddit_feat_L1.txt 0.00206485 0.00202907 3.5776e-05
331 Reddit_feat_L1.txt 0.00157757 0.00154065 3.6924e-05
332 Reddit_feat_L1.txt 0.00269578 0.00265844 3.7344e-05
333 Reddit_feat_L1.txt 0.00154408 0.00150472 3.9356e-05
334 Reddit_feat_L1.txt 0.00234274 0.0023064 3.634e-05
335 Reddit_feat_L1.txt 0.00141573 0.00138331 3.2423e-05
336 Reddit_feat_L1.txt 0.00231067 0.00227846 3.2215e-05
337 Reddit_feat_L1.txt 0.00156881 0.00152904 3.9775e-05
338 Reddit_feat_L1.txt 0.00206297 0.00202712 3.5849e-05
339 Reddit_feat_L1.txt 0.00163838 0.00159866 3.9721e-05
340 Reddit_feat_L1.txt 0.0021179 0.00208374 3.4153e-05
341 Reddit_feat_L1.txt 0.00155855 0.00152072 3.7828e-05
342 Reddit_feat_L1.txt 0.00209325 0.00205258 4.0666e-05
343 Reddit_feat_L1.txt 0.00152461 0.00148599 3.8618e-05
344 Reddit_feat_L1.txt 0.00243692 0.00239993 3.6988e-05
345 Reddit_feat_L1.txt 0.00157068 0.00153128 3.9399e-05
346 Reddit_feat_L1.txt 0.00235611 0.00230149 5.4621e-05
347 Reddit_feat_L1.txt 0.00157887 0.00153955 3.9321e-05
348 Reddit_feat_L1.txt 0.00241469 0.00236274 5.195e-05
349 Reddit_feat_L1.txt 0.00154343 0.00150986 3.3569e-05
350 Reddit_feat_L1.txt 0.00227765 0.00223847 3.9186e-05
351 Reddit_feat_L1.txt 0.00154657 0.00151349 3.3075e-05
352 Reddit_feat_L1.txt 0.00218542 0.00214993 3.5488e-05
353 Reddit_feat_L1.txt 0.00158453 0.00154266 4.1878e-05
354 Reddit_feat_L1.txt 0.0022497 0.00222191 2.7789e-05
355 Reddit_feat_L1.txt 0.00156942 0.00152404 4.5382e-05
356 Reddit_feat_L1.txt 0.0022398 0.00220325 3.655e-05
357 Reddit_feat_L1.txt 0.00156633 0.00153449 3.1842e-05
358 Reddit_feat_L1.txt 0.00218555 0.00214413 4.1418e-05
359 Reddit_feat_L1.txt 0.00159116 0.00154422 4.6941e-05
360 Reddit_feat_L1.txt 0.0022171 0.00218557 3.1535e-05
361 Reddit_feat_L1.txt 0.00161956 0.0015869 3.2651e-05
362 Reddit_feat_L1.txt 0.00218133 0.00214437 3.6968e-05
363 Reddit_feat_L1.txt 0.0015113 0.00148549 2.5814e-05
364 Reddit_feat_L1.txt 0.00224792 0.00221623 3.1692e-05
365 Reddit_feat_L1.txt 0.00153751 0.00151052 2.6991e-05
366 Reddit_feat_L1.txt 0.00220196 0.00217036 3.1597e-05
367 Reddit_feat_L1.txt 0.00150519 0.0014736 3.1588e-05
368 Reddit_feat_L1.txt 0.00222131 0.0021862 3.5112e-05
369 Reddit_feat_L1.txt 0.00150149 0.00146937 3.2118e-05
370 Reddit_feat_L1.txt 0.00204809 0.00201472 3.3373e-05
371 Reddit_feat_L1.txt 0.00159407 0.00156547 2.86e-05
372 Reddit_feat_L1.txt 0.00197898 0.00194323 3.5752e-05
373 Reddit_feat_L1.txt 0.00158666 0.00155504 3.1622e-05
374 Reddit_feat_L1.txt 0.00196045 0.00192859 3.186e-05
375 Reddit_feat_L1.txt 0.00153515 0.00150591 2.9239e-05
376 Reddit_feat_L1.txt 0.00215154 0.00211723 3.4309e-05
377 Reddit_feat_L1.txt 0.0016448 0.00160947 3.5332e-05
378 Reddit_feat_L1.txt 0.00208041 0.00204642 3.3995e-05
379 Reddit_feat_L1.txt 0.00151156 0.00147609 3.547e-05
380 Reddit_feat_L1.txt 0.0019187 0.00188671 3.1991e-05
381 Reddit_feat_L1.txt 0.00161202 0.00158406 2.7966e-05
382 Reddit_feat_L1.txt 0.00212484 0.00209514 2.9703e-05
383 Reddit_feat_L1.txt 0.00146398 0.0014322 3.1781e-05
384 Reddit_feat_L1.txt 0.00252733 0.0024927 3.4629e-05
385 Reddit_feat_L1.txt 0.00147018 0.00143478 3.54e-05
386 Reddit_feat_L1.txt 0.00211801 0.0020829 3.5118e-05
387 Reddit_feat_L1.txt 0.00160544 0.00156934 3.61e-05
388 Reddit_feat_L1.txt 0.00224617 0.00220753 3.8643e-05
389 Reddit_feat_L1.txt 0.00144215 0.00140933 3.2817e-05
390 Reddit_feat_L1.txt 0.00200276 0.00197492 2.7837e-05
391 Reddit_feat_L1.txt 0.00141083 0.0013805 3.0334e-05
392 Reddit_feat_L1.txt 0.00205317 0.00202476 2.8411e-05
393 Reddit_feat_L1.txt 0.00151827 0.00148249 3.5785e-05
394 Reddit_feat_L1.txt 0.00205248 0.00202238 3.0102e-05
395 Reddit_feat_L1.txt 0.00145854 0.00142392 3.4621e-05
396 Reddit_feat_L1.txt 0.00237314 0.00234163 3.1505e-05
397 Reddit_feat_L1.txt 0.00156136 0.00152956 3.1806e-05
398 Reddit_feat_L1.txt 0.00218026 0.00214887 3.1398e-05
399 Reddit_feat_L1.txt 0.00145689 0.00142481 3.2089e-05
400 Reddit_feat_L1.txt 0.00198034 0.00195401 2.6322e-05
401 Reddit_feat_L1.txt 0.00152075 0.00148703 3.3721e-05
402 Reddit_feat_L1.txt 0.00211637 0.00208618 3.0192e-05
403 Reddit_feat_L1.txt 0.00146975 0.00143997 2.9785e-05
404 Reddit_feat_L1.txt 0.00198089 0.00195041 3.0482e-05
405 Reddit_feat_L1.txt 0.00149915 0.001471 2.8141e-05
406 Reddit_feat_L1.txt 0.00213297 0.00210127 3.17e-05
407 Reddit_feat_L1.txt 0.00149418 0.00146723 2.6947e-05
408 Reddit_feat_L1.txt 0.00192413 0.00189343 3.0699e-05
409 Reddit_feat_L1.txt 0.00152722 0.00150121 2.6016e-05
410 Reddit_feat_L1.txt 0.00205453 0.00202183 3.27e-05
411 Reddit_feat_L1.txt 0.00155517 0.0015205 3.4671e-05
412 Reddit_feat_L1.txt 0.00201631 0.00197844 3.7877e-05
413 Reddit_feat_L1.txt 0.00147577 0.00144492 3.0846e-05
414 Reddit_feat_L1.txt 0.00212624 0.00209641 2.9833e-05
415 Reddit_feat_L1.txt 0.00150839 0.00147802 3.0371e-05
416 Reddit_feat_L1.txt 0.00221197 0.00218343 2.8546e-05
417 Reddit_feat_L1.txt 0.00164156 0.0016138 2.7761e-05
418 Reddit_feat_L1.txt 0.0022219 0.00219382 2.8078e-05
419 Reddit_feat_L1.txt 0.00147082 0.00144429 2.6538e-05
420 Reddit_feat_L1.txt 0.00244444 0.00241377 3.0677e-05
421 Reddit_feat_L1.txt 0.00152408 0.00149522 2.8855e-05
422 Reddit_feat_L1.txt 0.00224703 0.00221906 2.7973e-05
423 Reddit_feat_L1.txt 0.00156212 0.00153478 2.7344e-05
424 Reddit_feat_L1.txt 0.00216017 0.00212912 3.1057e-05
425 Reddit_feat_L1.txt 0.00154068 0.00150991 3.0761e-05
426 Reddit_feat_L1.txt 0.00212863 0.00210116 2.7467e-05
427 Reddit_feat_L1.txt 0.00155358 0.00152507 2.8511e-05
428 Reddit_feat_L1.txt 0.00234822 0.00231466 3.356e-05
429 Reddit_feat_L1.txt 0.00165534 0.00162872 2.6624e-05
430 Reddit_feat_L1.txt 0.00209662 0.00206743 2.9198e-05
431 Reddit_feat_L1.txt 0.00152519 0.00149767 2.7514e-05
432 Reddit_feat_L1.txt 0.00183631 0.00180745 2.8861e-05
433 Reddit_feat_L1.txt 0.00149659 0.00146755 2.9037e-05
434 Reddit_feat_L1.txt 0.00199942 0.00196797 3.1455e-05
435 Reddit_feat_L1.txt 0.00148113 0.00144854 3.2594e-05
436 Reddit_feat_L1.txt 0.00182922 0.00179668 3.2541e-05
437 Reddit_feat_L1.txt 0.0015425 0.0015113 3.1198e-05
438 Reddit_feat_L1.txt 0.00200229 0.00197547 2.6813e-05
439 Reddit_feat_L1.txt 0.00162822 0.00159769 3.0529e-05
440 Reddit_feat_L1.txt 0.00236921 0.00234217 2.7034e-05
441 Reddit_feat_L1.txt 0.0015669 0.00153977 2.713e-05
442 Reddit_feat_L1.txt 0.00191833 0.00189352 2.4802e-05
443 Reddit_feat_L1.txt 0.00147963 0.00145359 2.6041e-05
444 Reddit_feat_L1.txt 0.00189694 0.00186795 2.8986e-05
445 Reddit_feat_L1.txt 0.00146764 0.0014365 3.1141e-05
446 Reddit_feat_L1.txt 0.00207798 0.00205342 2.4563e-05
447 Reddit_feat_L1.txt 0.00145585 0.00142603 2.9827e-05
448 Reddit_feat_L1.txt 0.00219016 0.00216271 2.7448e-05
449 Reddit_feat_L1.txt 0.00156014 0.00153318 2.6966e-05
450 Reddit_feat_L1.txt 0.00210238 0.00207131 3.1064e-05
451 Reddit_feat_L1.txt 0.00155883 0.00153062 2.8212e-05
452 Reddit_feat_L1.txt 0.00215661 0.00212692 2.9683e-05
453 Reddit_feat_L1.txt 0.00157126 0.00154225 2.9004e-05
454 Reddit_feat_L1.txt 0.00238123 0.00235094 3.0289e-05
455 Reddit_feat_L1.txt 0.00153309 0.00149976 3.3328e-05
456 Reddit_feat_L1.txt 0.00207868 0.0020489 2.9782e-05
457 Reddit_feat_L1.txt 0.0015298 0.00149752 3.2277e-05
458 Reddit_feat_L1.txt 0.00214058 0.00211307 2.7514e-05
459 Reddit_feat_L1.txt 0.00157207 0.00153757 3.4504e-05
460 Reddit_feat_L1.txt 0.00234922 0.00231362 3.56e-05
461 Reddit_feat_L1.txt 0.00156814 0.00152515 4.2995e-05
462 Reddit_feat_L1.txt 0.00240544 0.00236645 3.8986e-05
463 Reddit_feat_L1.txt 0.00141634 0.00138063 3.5704e-05
464 Reddit_feat_L1.txt 0.00230873 0.00227542 3.3308e-05
465 Reddit_feat_L1.txt 0.00145505 0.0014211 3.3953e-05
466 Reddit_feat_L1.txt 0.00210566 0.00206366 4.2004e-05
467 Reddit_feat_L1.txt 0.00145774 0.00142088 3.6851e-05
468 Reddit_feat_L1.txt 0.00206402 0.00202038 4.3634e-05
469 Reddit_feat_L1.txt 0.00159661 0.00156136 3.5253e-05
470 Reddit_feat_L1.txt 0.00212382 0.00207753 4.6288e-05
471 Reddit_feat_L1.txt 0.00146706 0.00142811 3.8949e-05
472 Reddit_feat_L1.txt 0.00260144 0.00256792 3.3524e-05
473 Reddit_feat_L1.txt 0.0015356 0.00150558 3.0027e-05
474 Reddit_feat_L1.txt 0.00230171 0.00227311 2.8604e-05
475 Reddit_feat_L1.txt 0.00157646 0.00154852 2.794e-05
476 Reddit_feat_L1.txt 0.00236246 0.00233106 3.14e-05
477 Reddit_feat_L1.txt 0.00146425 0.00143614 2.8109e-05
478 Reddit_feat_L1.txt 0.00219843 0.00217262 2.5813e-05
479 Reddit_feat_L1.txt 0.00158285 0.00154915 3.3696e-05
480 Reddit_feat_L1.txt 0.00214747 0.00210556 4.1911e-05
481 Reddit_feat_L1.txt 0.00152263 0.00148403 3.8598e-05
482 Reddit_feat_L1.txt 0.00230058 0.00226161 3.8966e-05
483 Reddit_feat_L1.txt 0.0015945 0.00155275 4.1741e-05
484 Reddit_feat_L1.txt 0.00213738 0.00209672 4.0658e-05
485 Reddit_feat_L1.txt 0.00151453 0.00147819 3.6349e-05
486 Reddit_feat_L1.txt 0.00215681 0.00212034 3.6469e-05
487 Reddit_feat_L1.txt 0.0015328 0.00148489 4.7914e-05
488 Reddit_feat_L1.txt 0.00213019 0.00209175 3.844e-05
489 Reddit_feat_L1.txt 0.00151263 0.00146513 4.7501e-05
490 Reddit_feat_L1.txt 0.00211879 0.00208036 3.8438e-05
491 Reddit_feat_L1.txt 0.00152062 0.00146993 5.0699e-05
492 Reddit_feat_L1.txt 0.00224358 0.00221138 3.2196e-05
493 Reddit_feat_L1.txt 0.00153057 0.00149829 3.2274e-05
494 Reddit_feat_L1.txt 0.00216126 0.00212498 3.6274e-05
495 Reddit_feat_L1.txt 0.00138598 0.00134957 3.6413e-05
496 Reddit_feat_L1.txt 0.00203674 0.00200067 3.6071e-05
497 Reddit_feat_L1.txt 0.00146744 0.00143186 3.5583e-05
498 Reddit_feat_L1.txt 0.00193368 0.00189716 3.6513e-05
499 Reddit_feat_L1.txt 0.00145322 0.00141851 3.4712e-05
500 Reddit_feat_L1.txt 0.00191091 0.0018799 3.1012e-05
501 Reddit_feat_L1.txt 0.00149071 0.00145217 3.8543e-05
502 Reddit_feat_L1.txt 0.00189583 0.00186173 3.41e-05
503 Reddit_feat_L1.txt 0.00146396 0.0014309 3.3061e-05
504 Reddit_feat_L1.txt 0.00216757 0.00213544 3.2126e-05
505 Reddit_feat_L1.txt 0.00148345 0.00145128 3.2175e-05
506 Reddit_feat_L1.txt 0.00199356 0.00195968 3.3871e-05
507 Reddit_feat_L1.txt 0.00144606 0.0014154 3.0667e-05
508 Reddit_feat_L1.txt 0.00194578 0.00191474 3.1042e-05
509 Reddit_feat_L1.txt 0.00149507 0.00145943 3.5645e-05
510 Reddit_feat_L1.txt 0.00239515 0.00236368 3.1475e-05
511 Reddit_feat_L1.txt 0.00152194 0.00148694 3.5005e-05
512 Reddit_feat_L1.txt 0.00211948 0.00208717 3.2316e-05
513 Reddit_feat_L1.txt 0.00163593 0.00160246 3.347e-05
514 Reddit_feat_L1.txt 0.0021523 0.00212146 3.0842e-05
515 Reddit_feat_L1.txt 0.00167201 0.00163319 3.8813e-05
516 Reddit_feat_L1.txt 0.0021922 0.00215546 3.674e-05
517 Reddit_feat_L1.txt 0.00156931 0.00153054 3.8769e-05
518 Reddit_feat_L1.txt 0.00207332 0.00204088 3.2436e-05
519 Reddit_feat_L1.txt 0.00157089 0.00153955 3.1348e-05
520 Reddit_feat_L1.txt 0.00214603 0.00211525 3.0778e-05
521 Reddit_feat_L1.txt 0.00166618 0.0016312 3.4985e-05
522 Reddit_feat_L1.txt 0.00217439 0.00213909 3.5305e-05
523 Reddit_feat_L1.txt 0.00149947 0.00146107 3.8405e-05
524 Reddit_feat_L1.txt 0.0023882 0.0023565 3.1698e-05
525 Reddit_feat_L1.txt 0.0015333 0.00150864 2.4659e-05
526 Reddit_feat_L1.txt 0.00227524 0.00225254 2.2699e-05
527 Reddit_feat_L1.txt 0.00163518 0.00160443 3.0756e-05
528 Reddit_feat_L1.txt 0.00210357 0.00206422 3.9358e-05
529 Reddit_feat_L1.txt 0.00159258 0.00155503 3.7545e-05
530 Reddit_feat_L1.txt 0.00210965 0.00207339 3.6252e-05
531 Reddit_feat_L1.txt 0.00157822 0.00154483 3.339e-05
532 Reddit_feat_L1.txt 0.00206335 0.00202855 3.4808e-05
533 Reddit_feat_L1.txt 0.00159212 0.00155134 4.0785e-05
534 Reddit_feat_L1.txt 0.00204541 0.00201242 3.2984e-05
535 Reddit_feat_L1.txt 0.00160467 0.00157123 3.3446e-05
536 Reddit_feat_L1.txt 0.00206908 0.00203611 3.2962e-05
537 Reddit_feat_L1.txt 0.00168877 0.0016545 3.4268e-05
538 Reddit_feat_L1.txt 0.00205986 0.00202531 3.4549e-05
539 Reddit_feat_L1.txt 0.00167664 0.0016381 3.8544e-05
540 Reddit_feat_L1.txt 0.00207097 0.00204252 2.8448e-05
541 Reddit_feat_L1.txt 0.00158134 0.00154668 3.4656e-05
542 Reddit_feat_L1.txt 0.00224944 0.0022147 3.4735e-05
543 Reddit_feat_L1.txt 0.00168591 0.00165523 3.0683e-05
544 Reddit_feat_L1.txt 0.0022026 0.0021654 3.7198e-05
545 Reddit_feat_L1.txt 0.00159344 0.00155834 3.5102e-05
546 Reddit_feat_L1.txt 0.00223137 0.00219915 3.2216e-05
547 Reddit_feat_L1.txt 0.00162406 0.00158763 3.643e-05
548 Reddit_feat_L1.txt 0.00218362 0.00215041 3.3219e-05
549 Reddit_feat_L1.txt 0.00160292 0.00156809 3.4838e-05
550 Reddit_feat_L1.txt 0.00215078 0.00211633 3.4448e-05
551 Reddit_feat_L1.txt 0.00160444 0.00156717 3.727e-05
552 Reddit_feat_L1.txt 0.00217048 0.00214128 2.9205e-05
553 Reddit_feat_L1.txt 0.00168727 0.00165211 3.5163e-05
554 Reddit_feat_L1.txt 0.00223213 0.00219603 3.6097e-05
555 Reddit_feat_L1.txt 0.00158345 0.00154362 3.9836e-05
556 Reddit_feat_L1.txt 0.00225026 0.00221273 3.7534e-05
557 Reddit_feat_L1.txt 0.00165975 0.00162112 3.8622e-05
558 Reddit_feat_L1.txt 0.00223644 0.00219752 3.8925e-05
559 Reddit_feat_L1.txt 0.00152938 0.00149212 3.7268e-05
560 Reddit_feat_L1.txt 0.00194705 0.00191616 3.089e-05
561 Reddit_feat_L1.txt 0.00164914 0.00161921 2.9921e-05
562 Reddit_feat_L1.txt 0.00196181 0.00192263 3.9181e-05
563 Reddit_feat_L1.txt 0.00168244 0.00164223 4.0214e-05
564 Reddit_feat_L1.txt 0.00195239 0.00191874 3.3653e-05
565 Reddit_feat_L1.txt 0.00162394 0.00158746 3.6481e-05
566 Reddit_feat_L1.txt 0.00197241 0.00193775 3.4659e-05
567 Reddit_feat_L1.txt 0.00150579 0.00147192 3.3869e-05
568 Reddit_feat_L1.txt 0.00239764 0.00236126 3.6372e-05
569 Reddit_feat_L1.txt 0.00160554 0.0015693 3.6245e-05
570 Reddit_feat_L1.txt 0.00198314 0.00194725 3.5888e-05
571 Reddit_feat_L1.txt 0.00153462 0.00149974 3.4876e-05
572 Reddit_feat_L1.txt 0.00198693 0.00195137 3.5562e-05
573 Reddit_feat_L1.txt 0.0016 0.00157133 2.867e-05
574 Reddit_feat_L1.txt 0.00219351 0.00216077 3.2746e-05
575 Reddit_feat_L1.txt 0.00162239 0.00158989 3.2497e-05
576 Reddit_feat_L1.txt 0.00219986 0.00216106 3.8804e-05
577 Reddit_feat_L1.txt 0.00164696 0.00161144 3.5521e-05
578 Reddit_feat_L1.txt 0.00216342 0.00212663 3.6798e-05
579 Reddit_feat_L1.txt 0.00156376 0.0015307 3.3061e-05
580 Reddit_feat_L1.txt 0.00216964 0.00213811 3.1525e-05
581 Reddit_feat_L1.txt 0.00156695 0.00153531 3.1638e-05
582 Reddit_feat_L1.txt 0.00239025 0.00236142 2.8828e-05
583 Reddit_feat_L1.txt 0.00158325 0.00154858 3.4667e-05
584 Reddit_feat_L1.txt 0.00205958 0.00202488 3.4703e-05
585 Reddit_feat_L1.txt 0.00156801 0.00152989 3.8123e-05
586 Reddit_feat_L1.txt 0.00214804 0.00210617 4.187e-05
587 Reddit_feat_L1.txt 0.0015317 0.0014988 3.2897e-05
588 Reddit_feat_L1.txt 0.00239271 0.0023646 2.8114e-05
589 Reddit_feat_L1.txt 0.00157779 0.00154793 2.9853e-05
590 Reddit_feat_L1.txt 0.0023836 0.00234855 3.5056e-05
591 Reddit_feat_L1.txt 0.00156623 0.00152512 4.1111e-05
592 Reddit_feat_L1.txt 0.00199854 0.00196701 3.153e-05
593 Reddit_feat_L1.txt 0.0015454 0.00151017 3.5228e-05
594 Reddit_feat_L1.txt 0.00208911 0.00205709 3.2016e-05
595 Reddit_feat_L1.txt 0.00158897 0.00155578 3.3197e-05
596 Reddit_feat_L1.txt 0.0020344 0.00200005 3.435e-05
597 Reddit_feat_L1.txt 0.00151733 0.00148428 3.3048e-05
598 Reddit_feat_L1.txt 0.00203003 0.00200119 2.8845e-05
599 Reddit_feat_L1.txt 0.001602 0.00156889 3.3103e-05
600 Reddit_feat_L1.txt 0.00238578 0.0023541 3.1682e-05
601 Reddit_feat_L1.txt 0.00161937 0.00158998 2.9382e-05
602 Reddit_feat_L1.txt 0.00234957 0.00231514 3.4435e-05
603 Reddit_feat_L1.txt 0.00152611 0.00149151 3.46e-05
604 Reddit_feat_L1.txt 0.00234815 0.00231253 3.5614e-05
605 Reddit_feat_L1.txt 0.00153115 0.0014968 3.4353e-05
606 Reddit_feat_L1.txt 0.00223823 0.00220532 3.2915e-05
607 Reddit_feat_L1.txt 0.00157112 0.00154152 2.9593e-05
608 Reddit_feat_L1.txt 0.00214057 0.00210125 3.9323e-05
609 Reddit_feat_L1.txt 0.0015623 0.00152824 3.4062e-05
610 Reddit_feat_L1.txt 0.0023029 0.00227175 3.1147e-05
611 Reddit_feat_L1.txt 0.0016457 0.00161185 3.3843e-05
612 Reddit_feat_L1.txt 0.00209501 0.00206404 3.0975e-05
613 Reddit_feat_L1.txt 0.00158504 0.00154601 3.9036e-05
614 Reddit_feat_L1.txt 0.00209046 0.00205686 3.3598e-05
615 Reddit_feat_L1.txt 0.00155499 0.00152052 3.4462e-05
616 Reddit_feat_L1.txt 0.00225845 0.00221265 4.58e-05
617 Reddit_feat_L1.txt 0.001664 0.00162505 3.8956e-05
618 Reddit_feat_L1.txt 0.00221028 0.00217288 3.7399e-05
619 Reddit_feat_L1.txt 0.00154359 0.00150467 3.8918e-05
620 Reddit_feat_L1.txt 0.00230788 0.00226875 3.9131e-05
621 Reddit_feat_L1.txt 0.00157691 0.00153754 3.9378e-05
622 Reddit_feat_L1.txt 0.0021958 0.00215691 3.8889e-05
623 Reddit_feat_L1.txt 0.00148047 0.00144876 3.1715e-05
624 Reddit_feat_L1.txt 0.00210838 0.00206938 3.9e-05
625 Reddit_feat_L1.txt 0.0014729 0.00143873 3.4169e-05
626 Reddit_feat_L1.txt 0.00204647 0.00201572 3.0746e-05
627 Reddit_feat_L1.txt 0.00156837 0.00152972 3.8658e-05
628 Reddit_feat_L1.txt 0.00195773 0.00191611 4.1619e-05
629 Reddit_feat_L1.txt 0.0016088 0.0015708 3.8002e-05
630 Reddit_feat_L1.txt 0.00187734 0.00184152 3.5814e-05
631 Reddit_feat_L1.txt 0.00152978 0.00148621 4.3566e-05
632 Reddit_feat_L1.txt 0.00214039 0.00210071 3.9678e-05
633 Reddit_feat_L1.txt 0.00159456 0.00155641 3.8148e-05
634 Reddit_feat_L1.txt 0.00204571 0.00199564 5.0075e-05
635 Reddit_feat_L1.txt 0.00162363 0.00158474 3.8892e-05
636 Reddit_feat_L1.txt 0.00199414 0.00195945 3.4687e-05
637 Reddit_feat_L1.txt 0.00148314 0.00144902 3.4118e-05
638 Reddit_feat_L1.txt 0.00221146 0.00216919 4.227e-05
639 Reddit_feat_L1.txt 0.00152069 0.00147782 4.2869e-05
640 Reddit_feat_L1.txt 0.00217606 0.00213282 4.3243e-05
641 Reddit_feat_L1.txt 0.00158004 0.00154624 3.3801e-05
642 Reddit_feat_L1.txt 0.00216661 0.00211945 4.7164e-05
643 Reddit_feat_L1.txt 0.00160172 0.00155889 4.2829e-05
644 Reddit_feat_L1.txt 0.00221237 0.0021677 4.4674e-05
645 Reddit_feat_L1.txt 0.00166765 0.00163191 3.574e-05
646 Reddit_feat_L1.txt 0.00209722 0.00205952 3.7692e-05
647 Reddit_feat_L1.txt 0.00157745 0.00153741 4.004e-05
648 Reddit_feat_L1.txt 0.00204784 0.00200907 3.8773e-05
649 Reddit_feat_L1.txt 0.00157027 0.00152998 4.0293e-05
650 Reddit_feat_L1.txt 0.00207917 0.00204147 3.7703e-05
651 Reddit_feat_L1.txt 0.00159471 0.00156719 2.7528e-05
652 Reddit_feat_L1.txt 0.00233597 0.00230752 2.8446e-05
653 Reddit_feat_L1.txt 0.00155257 0.00152206 3.0509e-05
654 Reddit_feat_L1.txt 0.00205857 0.00203015 2.8417e-05
655 Reddit_feat_L1.txt 0.00145128 0.00142595 2.533e-05
656 Reddit_feat_L1.txt 0.00205775 0.0020299 2.7845e-05
657 Reddit_feat_L1.txt 0.00158463 0.00155578 2.8845e-05
658 Reddit_feat_L1.txt 0.00203751 0.00200687 3.0641e-05
659 Reddit_feat_L1.txt 0.0015504 0.00152299 2.7411e-05
660 Reddit_feat_L1.txt 0.00211366 0.00208699 2.6664e-05
661 Reddit_feat_L1.txt 0.0015919 0.00156147 3.0423e-05
662 Reddit_feat_L1.txt 0.00216896 0.002141 2.7959e-05
663 Reddit_feat_L1.txt 0.00159508 0.00156343 3.1655e-05
664 Reddit_feat_L1.txt 0.00203411 0.00200917 2.4946e-05
665 Reddit_feat_L1.txt 0.0015499 0.00152168 2.8221e-05
666 Reddit_feat_L1.txt 0.00217535 0.00214716 2.8191e-05
667 Reddit_feat_L1.txt 0.00152931 0.00150462 2.4684e-05
668 Reddit_feat_L1.txt 0.00203308 0.00200422 2.8857e-05
669 Reddit_feat_L1.txt 0.00154053 0.00151198 2.855e-05
670 Reddit_feat_L1.txt 0.00228835 0.00226033 2.8019e-05
671 Reddit_feat_L1.txt 0.00153686 0.00150853 2.833e-05
672 Reddit_feat_L1.txt 0.00208824 0.00204672 4.1522e-05
673 Reddit_feat_L1.txt 0.00165605 0.0016168 3.9247e-05
674 Reddit_feat_L1.txt 0.00238535 0.00234817 3.7176e-05
675 Reddit_feat_L1.txt 0.00145531 0.00141914 3.6166e-05
676 Reddit_feat_L1.txt 0.00217258 0.00213604 3.654e-05
677 Reddit_feat_L1.txt 0.0015972 0.00156028 3.692e-05
678 Reddit_feat_L1.txt 0.00202822 0.00199276 3.5456e-05
679 Reddit_feat_L1.txt 0.00165834 0.00162412 3.4216e-05
680 Reddit_feat_L1.txt 0.00217587 0.00214249 3.3384e-05
681 Reddit_feat_L1.txt 0.00156485 0.00153358 3.127e-05
682 Reddit_feat_L1.txt 0.00214845 0.00211421 3.4243e-05
683 Reddit_feat_L1.txt 0.00163146 0.00159132 4.0141e-05
684 Reddit_feat_L1.txt 0.002117 0.00208359 3.3407e-05
685 Reddit_feat_L1.txt 0.00169916 0.001665 3.4162e-05
686 Reddit_feat_L1.txt 0.00219149 0.00215535 3.6141e-05
687 Reddit_feat_L1.txt 0.00142719 0.00139761 2.9588e-05
688 Reddit_feat_L1.txt 0.00195853 0.00192173 3.6806e-05
689 Reddit_feat_L1.txt 0.00147262 0.00143803 3.4593e-05
690 Reddit_feat_L1.txt 0.00198147 0.00194915 3.232e-05
691 Reddit_feat_L1.txt 0.00145683 0.0014233 3.3536e-05
692 Reddit_feat_L1.txt 0.00193213 0.00189645 3.5679e-05
693 Reddit_feat_L1.txt 0.00163651 0.00159864 3.7866e-05
694 Reddit_feat_L1.txt 0.00182646 0.00178872 3.7741e-05
695 Reddit_feat_L1.txt 0.00157343 0.00153853 3.4898e-05
696 Reddit_feat_L1.txt 0.00243382 0.00240858 2.5237e-05
697 Reddit_feat_L1.txt 0.00157187 0.00153 4.1869e-05
698 Reddit_feat_L1.txt 0.00193147 0.00190259 2.8882e-05
699 Reddit_feat_L1.txt 0.00146694 0.00143622 3.072e-05
700 Reddit_feat_L1.txt 0.00188462 0.00185426 3.0355e-05
701 Reddit_feat_L1.txt 0.00155511 0.0015252 2.9912e-05
702 Reddit_feat_L1.txt 0.00203491 0.0020067 2.8209e-05
703 Reddit_feat_L1.txt 0.00139512 0.0013627 3.2426e-05
704 Reddit_feat_L1.txt 0.00209171 0.00205631 3.5391e-05
705 Reddit_feat_L1.txt 0.00165667 0.00162509 3.1583e-05
706 Reddit_feat_L1.txt 0.00214276 0.00211126 3.1498e-05
707 Reddit_feat_L1.txt 0.001624 0.00158673 3.7267e-05
708 Reddit_feat_L1.txt 0.00220606 0.00215188 5.4179e-05
709 Reddit_feat_L1.txt 0.00160457 0.00156935 3.5222e-05
710 Reddit_feat_L1.txt 0.00233747 0.00230144 3.603e-05
711 Reddit_feat_L1.txt 0.00163961 0.00159827 4.1344e-05
712 Reddit_feat_L1.txt 0.00219684 0.00215538 4.1462e-05
713 Reddit_feat_L1.txt 0.00164075 0.00160053 4.0224e-05
714 Reddit_feat_L1.txt 0.00223472 0.00219599 3.8723e-05
715 Reddit_feat_L1.txt 0.00144629 0.00141369 3.2596e-05
716 Reddit_feat_L1.txt 0.00238314 0.0023339 4.9238e-05
717 Reddit_feat_L1.txt 0.00157473 0.0015371 3.7629e-05
718 Reddit_feat_L1.txt 0.0022286 0.00219365 3.4944e-05
719 Reddit_feat_L1.txt 0.0015504 0.00151916 3.1239e-05
720 Reddit_feat_L1.txt 0.00224301 0.00220419 3.8823e-05
721 Reddit_feat_L1.txt 0.00155282 0.00151521 3.7616e-05
722 Reddit_feat_L1.txt 0.00207748 0.00203767 3.981e-05
723 Reddit_feat_L1.txt 0.00158352 0.00155081 3.2716e-05
724 Reddit_feat_L1.txt 0.00215115 0.00211156 3.9583e-05
725 Reddit_feat_L1.txt 0.00160313 0.00156553 3.7601e-05
726 Reddit_feat_L1.txt 0.00220674 0.00216975 3.6998e-05
727 Reddit_feat_L1.txt 0.00158291 0.0015472 3.5713e-05
728 Reddit_feat_L1.txt 0.00246918 0.00243712 3.2053e-05
729 Reddit_feat_L1.txt 0.00157753 0.00153655 4.0983e-05
730 Reddit_feat_L1.txt 0.00247379 0.00243088 4.291e-05
731 Reddit_feat_L1.txt 0.00159884 0.00157144 2.7397e-05
732 Reddit_feat_L1.txt 0.00245383 0.00241979 3.4046e-05
733 Reddit_feat_L1.txt 0.00161985 0.00158388 3.5963e-05
734 Reddit_feat_L1.txt 0.00233124 0.00229303 3.8213e-05
735 Reddit_feat_L1.txt 0.00155144 0.00151399 3.7448e-05
736 Reddit_feat_L1.txt 0.00219496 0.0021473 4.766e-05
737 Reddit_feat_L1.txt 0.00161829 0.00158292 3.5368e-05
738 Reddit_feat_L1.txt 0.00230565 0.00227512 3.0528e-05
739 Reddit_feat_L1.txt 0.00160447 0.00157453 2.9944e-05
740 Reddit_feat_L1.txt 0.00218912 0.0021534 3.5724e-05
741 Reddit_feat_L1.txt 0.00156021 0.00152485 3.5363e-05
742 Reddit_feat_L1.txt 0.00224254 0.0022096 3.294e-05
743 Reddit_feat_L1.txt 0.00159356 0.001557 3.6557e-05
744 Reddit_feat_L1.txt 0.00220781 0.00216694 4.0868e-05
745 Reddit_feat_L1.txt 0.00154639 0.00151373 3.2666e-05
746 Reddit_feat_L1.txt 0.00225756 0.00222995 2.761e-05
747 Reddit_feat_L1.txt 0.00157471 0.00153801 3.6702e-05
748 Reddit_feat_L1.txt 0.00236213 0.00233687 2.5257e-05
749 Reddit_feat_L1.txt 0.0016605 0.00162736 3.3143e-05
750 Reddit_feat_L1.txt 0.00219762 0.00217033 2.7287e-05
751 Reddit_feat_L1.txt 0.00144923 0.00142529 2.3946e-05
752 Reddit_feat_L1.txt 0.00211804 0.00209049 2.7556e-05
753 Reddit_feat_L1.txt 0.00145823 0.00142765 3.0583e-05
754 Reddit_feat_L1.txt 0.00196918 0.00194396 2.5221e-05
755 Reddit_feat_L1.txt 0.00144939 0.00141724 3.2144e-05
756 Reddit_feat_L1.txt 0.0020195 0.00198574 3.3761e-05
757 Reddit_feat_L1.txt 0.00149928 0.00146104 3.8238e-05
758 Reddit_feat_L1.txt 0.00200802 0.00196911 3.8909e-05
759 Reddit_feat_L1.txt 0.00144182 0.00141074 3.1082e-05
760 Reddit_feat_L1.txt 0.00228703 0.00225009 3.6947e-05
761 Reddit_feat_L1.txt 0.00146759 0.00143153 3.606e-05
762 Reddit_feat_L1.txt 0.00206009 0.00202609 3.4e-05
763 Reddit_feat_L1.txt 0.00147788 0.00144561 3.2274e-05
764 Reddit_feat_L1.txt 0.00203946 0.00200331 3.6157e-05
765 Reddit_feat_L1.txt 0.00142073 0.00139199 2.8735e-05
766 Reddit_feat_L1.txt 0.00249322 0.00245653 3.6692e-05
767 Reddit_feat_L1.txt 0.00210578 0.00142307 0.000682702
0 Reddit_A.txt 0.0270167 0.026922 9.4679e-05
1 Reddit_A.txt 0.0270297 0.0269206 0.000109125
2 Reddit_A.txt 0.0270533 0.0269295 0.000123763
3 Reddit_A.txt 0.0270952 0.0269142 0.000181009
4 Reddit_A.txt 0.0271027 0.026913 0.000189733
5 Reddit_A.txt 0.0270834 0.0268895 0.000193996
6 Reddit_A.txt 0.0271187 0.0268949 0.000223791
7 Reddit_A.txt 0.0271216 0.0268752 0.000246369
8 Reddit_A.txt 0.0271683 0.0268778 0.000290452
9 Reddit_A.txt 0.0272892 0.0268978 0.000391439
10 Reddit_A.txt 0.0271018 0.0269179 0.000183874
11 Reddit_A.txt 0.0271722 0.026933 0.000239227
12 Reddit_A.txt 0.0272793 0.0269244 0.000354838
13 Reddit_A.txt 0.0271142 0.0269389 0.000175325
14 Reddit_A.txt 0.0272344 0.0269523 0.000282031
15 Reddit_A.txt 0.0272924 0.0269769 0.000315478
16 Reddit_A.txt 0.0273964 0.0269882 0.000408236
17 Reddit_A.txt 0.0275403 0.0269687 0.000571655
18 Reddit_A.txt 0.0275622 0.0269751 0.000587106
19 Reddit_A.txt 0.0275546 0.026968 0.000586683
20 Reddit_A.txt 0.027542 0.0269875 0.000554452
21 Reddit_A.txt 0.0273359 0.0269908 0.000345095
22 Reddit_A.txt 0.0272681 0.0269959 0.000272211
23 Reddit_A.txt 0.0275072 0.0269915 0.00051568
24 Reddit_A.txt 0.0272216 0.0269951 0.000226532
25 Reddit_A.txt 0.0276858 0.0269896 0.00069623
26 Reddit_A.txt 0.0280384 0.0269671 0.00107135
27 Reddit_A.txt 0.0276951 0.0269634 0.000731681
28 Reddit_A.txt 0.0277057 0.0269626 0.000743144
29 Reddit_A.txt 0.0278597 0.0269401 0.000919614
30 Reddit_A.txt 0.0279475 0.0269415 0.00100595
31 Reddit_A.txt 0.0278941 0.0269125 0.000981558
32 Reddit_A.txt 0.0278008 0.026907 0.000893798
33 Reddit_A.txt 0.0275555 0.0268885 0.000667025
34 Reddit_A.txt 0.0272402 0.0268911 0.000349133
35 Reddit_A.txt 0.0272141 0.0268576 0.00035643
36 Reddit_A.txt 0.0274232 0.0268496 0.00057362
37 Reddit_A.txt 0.0271727 0.0268503 0.000322393
38 Reddit_A.txt 0.0276732 0.0268267 0.00084652
39 Reddit_A.txt 0.0276899 0.0268201 0.000869768
40 Reddit_A.txt 0.0278328 0.026811 0.00102171
41 Reddit_A.txt 0.0282546 0.0267928 0.00146181
42 Reddit_A.txt 0.0281286 0.0267631 0.00136551
43 Reddit_A.txt 0.0281079 0.0267628 0.00134511
44 Reddit_A.txt 0.0280083 0.0267328 0.0012755
45 Reddit_A.txt 0.028395 0.0267299 0.00166509
46 Reddit_A.txt 0.0279109 0.0267051 0.00120574
47 Reddit_A.txt 0.0282354 0.0267043 0.00153111
48 Reddit_A.txt 0.0282668 0.026693 0.00157378
49 Reddit_A.txt 0.0279174 0.0266886 0.00122878
50 Reddit_A.txt 0.0276454 0.026672 0.000973418
51 Reddit_A.txt 0.0274805 0.0266547 0.000825768
52 Reddit_A.txt 0.0270783 0.0266392 0.000439103
53 Reddit_A.txt 0.0275844 0.0266322 0.000952215
54 Reddit_A.txt 0.0279999 0.0266228 0.00137704
55 Reddit_A.txt 0.0275014 0.0266179 0.000883536
56 Reddit_A.txt 0.0272446 0.0266055 0.000639068
57 Reddit_A.txt 0.0272658 0.0266017 0.000664101
58 Reddit_A.txt 0.0285611 0.0265955 0.00196558
59 Reddit_A.txt 0.0275617 0.0265774 0.000984289
60 Reddit_A.txt 0.0279775 0.0265699 0.00140764
61 Reddit_A.txt 0.027983 0.0266057 0.00137735
62 Reddit_A.txt 0.0271884 0.0265834 0.000605036
63 Reddit_A.txt 0.0275639 0.0265883 0.000975594
64 Reddit_A.txt 0.0275085 0.0265648 0.000943756
65 Reddit_A.txt 0.0273865 0.0265609 0.000825591
66 Reddit_A.txt 0.0273989 0.0265663 0.000832612
67 Reddit_A.txt 0.0272142 0.02656 0.000654187
68 Reddit_A.txt 0.0273909 0.0265681 0.000822777
69 Reddit_A.txt 0.0272835 0.0265303 0.000753187
70 Reddit_A.txt 0.0273379 0.0265388 0.000799144
71 Reddit_A.txt 0.0269896 0.0265142 0.000475424
72 Reddit_A.txt 0.0273018 0.0265139 0.000787877
73 Reddit_A.txt 0.0271899 0.0265136 0.000676282
74 Reddit_A.txt 0.0280207 0.0264867 0.00153398
75 Reddit_A.txt 0.0283793 0.0264657 0.00191358
76 Reddit_A.txt 0.0271744 0.0264637 0.000710655
77 Reddit_A.txt 0.0273397 0.0264675 0.000872277
78 Reddit_A.txt 0.0290486 0.0264427 0.00260588
79 Reddit_A.txt 0.028896 0.0264287 0.00246732
80 Reddit_A.txt 0.0273876 0.0264305 0.000957067
81 Reddit_A.txt 0.0271043 0.0264251 0.000679221
82 Reddit_A.txt 0.0270373 0.0264193 0.000617951
83 Reddit_A.txt 0.027002 0.0264088 0.000593236
84 Reddit_A.txt 0.0273708 0.0263861 0.000984677
85 Reddit_A.txt 0.0273928 0.0263895 0.00100333
86 Reddit_A.txt 0.027312 0.0263677 0.00094431
87 Reddit_A.txt 0.02713 0.0263612 0.000768825
88 Reddit_A.txt 0.0271985 0.0263482 0.000850256
89 Reddit_A.txt 0.0272321 0.0263405 0.000891636
90 Reddit_A.txt 0.0272845 0.0263356 0.000948865
91 Reddit_A.txt 0.0274234 0.0263049 0.00111853
92 Reddit_A.txt 0.027828 0.0262781 0.00154996
93 Reddit_A.txt 0.0276206 0.0262719 0.00134874
94 Reddit_A.txt 0.0277442 0.0262578 0.00148646
95 Reddit_A.txt 0.0279929 0.0262563 0.00173668
96 Reddit_A.txt 0.0278756 0.0262412 0.00163443
97 Reddit_A.txt 0.0279283 0.026232 0.00169625
98 Reddit_A.txt 0.0280821 0.0262255 0.00185655
99 Reddit_A.txt 0.0276443 0.0262096 0.00143466
100 Reddit_A.txt 0.0280394 0.026217 0.00182244
101 Reddit_A.txt 0.0279612 0.026156 0.00180522
102 Reddit_A.txt 0.0278964 0.0261501 0.00174624
103 Reddit_A.txt 0.0279244 0.0261374 0.00178697
104 Reddit_A.txt 0.0275018 0.0261141 0.00138762
105 Reddit_A.txt 0.027737 0.026103 0.00163403
106 Reddit_A.txt 0.0276064 0.02609 0.0015164
107 Reddit_A.txt 0.0276329 0.0260767 0.00155627
108 Reddit_A.txt 0.0275616 0.0260698 0.00149174
109 Reddit_A.txt 0.0270372 0.0260582 0.000978958
110 Reddit_A.txt 0.0272314 0.0260659 0.00116551
111 Reddit_A.txt 0.0274737 0.026042 0.00143172
112 Reddit_A.txt 0.0271989 0.0260099 0.00118904
113 Reddit_A.txt 0.0273271 0.0259911 0.00133608
114 Reddit_A.txt 0.0274841 0.0259813 0.00150277
115 Reddit_A.txt 0.0273902 0.025978 0.0014122
116 Reddit_A.txt 0.0271231 0.0259712 0.0011519
117 Reddit_A.txt 0.0274658 0.025965 0.00150082
118 Reddit_A.txt 0.0271809 0.0259393 0.00124159
119 Reddit_A.txt 0.0271039 0.0259015 0.00120247
120 Reddit_A.txt 0.0274278 0.0259049 0.00152291
121 Reddit_A.txt 0.0280393 0.025888 0.00215125
122 Reddit_A.txt 0.0284004 0.0258791 0.00252132
123 Reddit_A.txt 0.0284045 0.0258531 0.00255139
124 Reddit_A.txt 0.0270613 0.0258464 0.00121492
125 Reddit_A.txt 0.0269865 0.0258211 0.00116538
126 Reddit_A.txt 0.0273495 0.0258082 0.00154128
127 Reddit_A.txt 0.02776 0.0257995 0.00196054
128 Reddit_A.txt 0.0279082 0.0257871 0.00212113
129 Reddit_A.txt 0.027843 0.0257787 0.00206425
130 Reddit_A.txt 0.0272969 0.0257737 0.00152315
131 Reddit_A.txt 0.0268111 0.0257602 0.00105086
132 Reddit_A.txt 0.0268274 0.0257543 0.00107305
133 Reddit_A.txt 0.0275205 0.0257334 0.00178703
134 Reddit_A.txt 0.0269352 0.0257198 0.00121543
135 Reddit_A.txt 0.0287904 0.0257097 0.00308067
136 Reddit_A.txt 0.0275101 0.025673 0.00183703
137 Reddit_A.txt 0.0274598 0.0256573 0.00180247
138 Reddit_A.txt 0.0271049 0.0256441 0.00146081
139 Reddit_A.txt 0.0272335 0.0256357 0.00159778
140 Reddit_A.txt 0.0273592 0.0256297 0.0017296
141 Reddit_A.txt 0.0271032 0.0256247 0.00147853
142 Reddit_A.txt 0.0276402 0.0256172 0.00202299
143 Reddit_A.txt 0.027394 0.0256206 0.00177341
144 Reddit_A.txt 0.0269311 0.0256282 0.00130292
145 Reddit_A.txt 0.0269345 0.0256192 0.00131531
146 Reddit_A.txt 0.0269236 0.0256078 0.00131586
147 Reddit_A.txt 0.0271805 0.0256028 0.00157769
148 Reddit_A.txt 0.027099 0.0255941 0.00150494
149 Reddit_A.txt 0.0269713 0.0255554 0.00141591
150 Reddit_A.txt 0.0271589 0.0255435 0.00161539
151 Reddit_A.txt 0.0277604 0.025534 0.00222638
152 Reddit_A.txt 0.0269961 0.0255213 0.0014748
153 Reddit_A.txt 0.0272243 0.0255119 0.00171239
154 Reddit_A.txt 0.0269648 0.0255001 0.00146463
155 Reddit_A.txt 0.0279224 0.0254914 0.00243096
156 Reddit_A.txt 0.0276384 0.0254841 0.00215426
157 Reddit_A.txt 0.0272787 0.0254801 0.00179854
158 Reddit_A.txt 0.027026 0.025468 0.00155798
159 Reddit_A.txt 0.0272959 0.0254549 0.00184109
160 Reddit_A.txt 0.0270694 0.0254375 0.00163198
161 Reddit_A.txt 0.0272465 0.0254322 0.00181431
162 Reddit_A.txt 0.0276079 0.0254237 0.00218425
163 Reddit_A.txt 0.0271019 0.025407 0.00169494
164 Reddit_A.txt 0.0270287 0.0253912 0.00163746
165 Reddit_A.txt 0.0273271 0.0253749 0.00195224
166 Reddit_A.txt 0.0274568 0.0253721 0.00208467
167 Reddit_A.txt 0.0278581 0.0253612 0.00249692
168 Reddit_A.txt 0.0272295 0.0253503 0.0018792
169 Reddit_A.txt 0.026879 0.0253391 0.00153997
170 Reddit_A.txt 0.0266254 0.0253372 0.00128826
171 Reddit_A.txt 0.027348 0.0253223 0.00202567
172 Reddit_A.txt 0.027089 0.0253174 0.00177158
173 Reddit_A.txt 0.0271756 0.0253112 0.00186436
174 Reddit_A.txt 0.027436 0.0253043 0.00213166
175 Reddit_A.txt 0.0276039 0.025293 0.00231089
176 Reddit_A.txt 0.0271742 0.0252736 0.00190059
177 Reddit_A.txt 0.0274499 0.0252598 0.00219004
178 Reddit_A.txt 0.0273273 0.0252457 0.0020816
179 Reddit_A.txt 0.0289592 0.0252295 0.00372969
180 Reddit_A.txt 0.031492 0.0252228 0.00626921
181 Reddit_A.txt 0.0273689 0.0252045 0.00216441
182 Reddit_A.txt 0.0271522 0.0251963 0.00195592
183 Reddit_A.txt 0.026941 0.0251759 0.00176516
184 Reddit_A.txt 0.0278076 0.0251669 0.0026407
185 Reddit_A.txt 0.0267516 0.0251361 0.00161542
186 Reddit_A.txt 0.0274929 0.0251343 0.00235855
187 Reddit_A.txt 0.0269944 0.0251123 0.00188212
188 Reddit_A.txt 0.0281316 0.0250958 0.00303579
189 Reddit_A.txt 0.0267421 0.025088 0.0016541
190 Reddit_A.txt 0.0270406 0.0250594 0.00198123
191 Reddit_A.txt 0.0274366 0.025056 0.00238061
192 Reddit_A.txt 0.0268825 0.025057 0.00182556
193 Reddit_A.txt 0.027373 0.0250414 0.00233156
194 Reddit_A.txt 0.0270662 0.025036 0.00203018
195 Reddit_A.txt 0.027139 0.0250199 0.00211915
196 Reddit_A.txt 0.0272392 0.0249797 0.00225945
197 Reddit_A.txt 0.0282395 0.0249655 0.00327405
198 Reddit_A.txt 0.0274087 0.0249434 0.00246529
199 Reddit_A.txt 0.0267063 0.0249325 0.00177379
200 Reddit_A.txt 0.0273272 0.0249185 0.00240872
201 Reddit_A.txt 0.0271264 0.0248972 0.0022292
202 Reddit_A.txt 0.0269784 0.0248922 0.00208618
203 Reddit_A.txt 0.0271584 0.0248663 0.00229211
204 Reddit_A.txt 0.0267728 0.0248538 0.00191904
205 Reddit_A.txt 0.0291889 0.0248435 0.00434544
206 Reddit_A.txt 0.0269134 0.0248384 0.00207496
207 Reddit_A.txt 0.0266884 0.0248282 0.00186019
208 Reddit_A.txt 0.0269089 0.0248206 0.00208836
209 Reddit_A.txt 0.0278629 0.0248121 0.00305074
210 Reddit_A.txt 0.0267796 0.0248029 0.00197667
211 Reddit_A.txt 0.026583 0.0247916 0.00179138
212 Reddit_A.txt 0.0269932 0.0247866 0.00220663
213 Reddit_A.txt 0.0271672 0.0247702 0.00239696
214 Reddit_A.txt 0.0270628 0.0247648 0.00229797
215 Reddit_A.txt 0.0271812 0.0247448 0.00243638
216 Reddit_A.txt 0.0269078 0.0247351 0.00217276
217 Reddit_A.txt 0.0274376 0.0247275 0.00271017
218 Reddit_A.txt 0.026782 0.0247194 0.0020626
219 Reddit_A.txt 0.027008 0.0247006 0.00230736
220 Reddit_A.txt 0.0274299 0.0246959 0.00273401
221 Reddit_A.txt 0.0275037 0.0246828 0.00282089
222 Reddit_A.txt 0.0302621 0.0246831 0.00557897
223 Reddit_A.txt 0.0281247 0.0246599 0.00346479
224 Reddit_A.txt 0.0270725 0.0246391 0.00243337
225 Reddit_A.txt 0.0280395 0.024634 0.00340551
226 Reddit_A.txt 0.0269691 0.0246137 0.00235541
227 Reddit_A.txt 0.0274952 0.0245981 0.00289715
228 Reddit_A.txt 0.0274123 0.024588 0.00282429
229 Reddit_A.txt 0.0272819 0.0245843 0.0026976
230 Reddit_A.txt 0.0294222 0.0245669 0.00485524
231 Reddit_A.txt 0.0277739 0.0245537 0.00322025
232 Reddit_A.txt 0.0264291 0.0245179 0.00191123
233 Reddit_A.txt 0.026567 0.0245048 0.00206227
234 Reddit_A.txt 0.0276216 0.0244973 0.00312426
235 Reddit_A.txt 0.0276667 0.0244846 0.00318216
236 Reddit_A.txt 0.0268573 0.0244628 0.00239454
237 Reddit_A.txt 0.0266543 0.0244484 0.00220592
238 Reddit_A.txt 0.0266021 0.0244398 0.00216232
239 Reddit_A.txt 0.026897 0.0244258 0.00247111
240 Reddit_A.txt 0.0270834 0.024422 0.00266139
241 Reddit_A.txt 0.0280476 0.0244109 0.0036367
242 Reddit_A.txt 0.0272417 0.0243959 0.00284586
243 Reddit_A.txt 0.0273077 0.0243872 0.00292041
244 Reddit_A.txt 0.0266653 0.024352 0.00231322
245 Reddit_A.txt 0.0287602 0.0243338 0.00442648
246 Reddit_A.txt 0.0269389 0.0243156 0.00262325
247 Reddit_A.txt 0.0280355 0.024303 0.00373256
248 Reddit_A.txt 0.0274076 0.0242778 0.00312972
249 Reddit_A.txt 0.0266439 0.0242692 0.00237471
250 Reddit_A.txt 0.0284435 0.0242652 0.00417828
251 Reddit_A.txt 0.026911 0.0242348 0.00267624
252 Reddit_A.txt 0.0270341 0.0242265 0.00280752
253 Reddit_A.txt 0.0272323 0.0242135 0.00301881
254 Reddit_A.txt 0.028881 0.024201 0.00467996
255 Reddit_A.txt 0.0274179 0.0241815 0.00323636
256 Reddit_A.txt 0.0270278 0.024173 0.0028548
257 Reddit_A.txt 0.0280836 0.0241553 0.00392831
258 Reddit_A.txt 0.0273017 0.0241449 0.00315679
259 Reddit_A.txt 0.0268637 0.0241297 0.00273398
260 Reddit_A.txt 0.0263085 0.0241215 0.00218694
261 Reddit_A.txt 0.0269318 0.0241068 0.00282502
262 Reddit_A.txt 0.0268342 0.0241009 0.00273325
263 Reddit_A.txt 0.0268588 0.0240875 0.0027713
264 Reddit_A.txt 0.0267612 0.0240713 0.00268991
265 Reddit_A.txt 0.0263672 0.0240762 0.00229103
266 Reddit_A.txt 0.0267413 0.0240422 0.0026991
267 Reddit_A.txt 0.0276352 0.0240332 0.00360201
268 Reddit_A.txt 0.0278573 0.0240216 0.00383568
269 Reddit_A.txt 0.0267772 0.024013 0.00276424
270 Reddit_A.txt 0.0283827 0.0240079 0.00437486
271 Reddit_A.txt 0.0283978 0.0239814 0.0044164
272 Reddit_A.txt 0.0260675 0.0239637 0.00210382
273 Reddit_A.txt 0.026582 0.0239444 0.00263759
274 Reddit_A.txt 0.0262298 0.0239368 0.00229301
275 Reddit_A.txt 0.0277154 0.0239218 0.00379361
276 Reddit_A.txt 0.0271648 0.0239151 0.00324962
277 Reddit_A.txt 0.0270717 0.0239079 0.00316382
278 Reddit_A.txt 0.027018 0.023899 0.00311896
279 Reddit_A.txt 0.0272765 0.0238917 0.0033848
280 Reddit_A.txt 0.0283615 0.0238803 0.0044812
281 Reddit_A.txt 0.026736 0.0238556 0.00288042
282 Reddit_A.txt 0.0272386 0.0238474 0.00339129
283 Reddit_A.txt 0.0273356 0.0238295 0.00350615
284 Reddit_A.txt 0.0286048 0.023827 0.00477774
285 Reddit_A.txt 0.0264971 0.0237923 0.0027048
286 Reddit_A.txt 0.0266396 0.0237821 0.00285758
287 Reddit_A.txt 0.0335285 0.0303938 0.00313467
288 Reddit_A.txt 0.033929 0.0303914 0.0035376
289 Reddit_A.txt 0.032865 0.0303833 0.00248166
290 Reddit_A.txt 0.0330417 0.0303666 0.00267511
291 Reddit_A.txt 0.0353045 0.0303524 0.00495218
292 Reddit_A.txt 0.0344807 0.030337 0.00414371
293 Reddit_A.txt 0.0351862 0.0303297 0.00485655
294 Reddit_A.txt 0.0329242 0.0303219 0.00260228
295 Reddit_A.txt 0.0337829 0.0303023 0.00348054
296 Reddit_A.txt 0.0365108 0.0302998 0.006211
297 Reddit_A.txt 0.0332745 0.0302808 0.00299369
298 Reddit_A.txt 0.0340815 0.0302789 0.00380255
299 Reddit_A.txt 0.0333305 0.0302651 0.00306542
300 Reddit_A.txt 0.0330979 0.0302568 0.00284112
301 Reddit_A.txt 0.0341895 0.0302501 0.00393945
302 Reddit_A.txt 0.0332012 0.0302394 0.00296172
303 Reddit_A.txt 0.0343856 0.0302216 0.00416398
304 Reddit_A.txt 0.0328686 0.0302175 0.00265111
305 Reddit_A.txt 0.0331253 0.0301935 0.00293173
306 Reddit_A.txt 0.032526 0.0301844 0.00234159
307 Reddit_A.txt 0.0340437 0.0301671 0.00387656
308 Reddit_A.txt 0.0329178 0.0301618 0.00275599
309 Reddit_A.txt 0.0358767 0.0301502 0.00572651
310 Reddit_A.txt 0.0350033 0.0301295 0.00487389
311 Reddit_A.txt 0.0345764 0.0301229 0.00445347
312 Reddit_A.txt 0.0332154 0.0301171 0.0030983
313 Reddit_A.txt 0.0337244 0.0301001 0.00362429
314 Reddit_A.txt 0.0343051 0.0300973 0.00420785
315 Reddit_A.txt 0.0336178 0.0300804 0.00353736
316 Reddit_A.txt 0.0336598 0.0300702 0.00358953
317 Reddit_A.txt 0.0335353 0.0300542 0.00348112
318 Reddit_A.txt 0.0351019 0.0300473 0.00505463
319 Reddit_A.txt 0.033449 0.0300316 0.00341733
320 Reddit_A.txt 0.0328886 0.0300238 0.00286479
321 Reddit_A.txt 0.0335721 0.0300173 0.00355479
322 Reddit_A.txt 0.0336728 0.0299995 0.00367333
323 Reddit_A.txt 0.0335015 0.0299837 0.00351782
324 Reddit_A.txt 0.03439 0.0299771 0.00441288
325 Reddit_A.txt 0.0331923 0.0299672 0.00322512
326 Reddit_A.txt 0.0329971 0.0299619 0.00303515
327 Reddit_A.txt 0.0343594 0.029945 0.00441444
328 Reddit_A.txt 0.0353822 0.0299346 0.00544767
329 Reddit_A.txt 0.0351362 0.0299214 0.00521477
330 Reddit_A.txt 0.033189 0.0299104 0.00327855
331 Reddit_A.txt 0.0334713 0.0298952 0.00357613
332 Reddit_A.txt 0.0336079 0.0298841 0.00372379
333 Reddit_A.txt 0.0326964 0.0298733 0.00282316
334 Reddit_A.txt 0.0331319 0.0298607 0.00327124
335 Reddit_A.txt 0.0332995 0.0298558 0.00344367
336 Reddit_A.txt 0.0340898 0.0298582 0.00423154
337 Reddit_A.txt 0.0339696 0.0298494 0.00412016
338 Reddit_A.txt 0.034636 0.0298371 0.00479899
339 Reddit_A.txt 0.0322744 0.0298204 0.00245408
340 Reddit_A.txt 0.0338459 0.0298043 0.00404159
341 Reddit_A.txt 0.0335132 0.0297956 0.00371761
342 Reddit_A.txt 0.0330401 0.0297871 0.00325298
343 Reddit_A.txt 0.0335581 0.0297724 0.00378564
344 Reddit_A.txt 0.0320962 0.029757 0.00233913
345 Reddit_A.txt 0.0334177 0.0297465 0.00367124
346 Reddit_A.txt 0.0357899 0.0297425 0.00604742
347 Reddit_A.txt 0.0335755 0.0297294 0.00384611
348 Reddit_A.txt 0.0336815 0.0297281 0.00395341
349 Reddit_A.txt 0.0364503 0.0297181 0.00673223
350 Reddit_A.txt 0.0329421 0.0297092 0.00323292
351 Reddit_A.txt 0.0331041 0.0297049 0.00339915
352 Reddit_A.txt 0.0326369 0.0296988 0.00293819
353 Reddit_A.txt 0.0341109 0.0296687 0.00444217
354 Reddit_A.txt 0.0341689 0.0296627 0.00450627
355 Reddit_A.txt 0.0332086 0.02965 0.00355858
356 Reddit_A.txt 0.0364145 0.0296436 0.00677083
357 Reddit_A.txt 0.0367508 0.0296273 0.00712351
358 Reddit_A.txt 0.0343238 0.0296096 0.00471423
359 Reddit_A.txt 0.0329224 0.0296026 0.0033198
360 Reddit_A.txt 0.0329849 0.0296002 0.00338475
361 Reddit_A.txt 0.0341864 0.0295866 0.00459983
362 Reddit_A.txt 0.0316224 0.0295816 0.00204082
363 Reddit_A.txt 0.0334255 0.0295657 0.00385977
364 Reddit_A.txt 0.0349933 0.0295549 0.00543842
365 Reddit_A.txt 0.0338505 0.0295428 0.00430771
366 Reddit_A.txt 0.0340029 0.0295283 0.00447461
367 Reddit_A.txt 0.0336617 0.029525 0.0041367
368 Reddit_A.txt 0.0349594 0.0295045 0.00545493
369 Reddit_A.txt 0.032849 0.0294847 0.00336426
370 Reddit_A.txt 0.0361338 0.0294699 0.00666391
371 Reddit_A.txt 0.0340283 0.0294595 0.00456873
372 Reddit_A.txt 0.0330039 0.0294479 0.00355609
373 Reddit_A.txt 0.0364949 0.0294308 0.00706409
374 Reddit_A.txt 0.0321133 0.0294236 0.00268965
375 Reddit_A.txt 0.0334469 0.0294147 0.00403222
376 Reddit_A.txt 0.0334673 0.0294134 0.00405396
377 Reddit_A.txt 0.0335937 0.029393 0.00420066
378 Reddit_A.txt 0.034443 0.0293813 0.00506166
379 Reddit_A.txt 0.0330734 0.0293763 0.00369711
380 Reddit_A.txt 0.0338335 0.0293648 0.00446862
381 Reddit_A.txt 0.0346485 0.0293616 0.00528695
382 Reddit_A.txt 0.0331115 0.0293491 0.00376236
383 Reddit_A.txt 0.0338306 0.0293358 0.00449476
384 Reddit_A.txt 0.0336428 0.0293321 0.00431072
385 Reddit_A.txt 0.0330675 0.0293202 0.0037473
386 Reddit_A.txt 0.0336304 0.0293125 0.00431788
387 Reddit_A.txt 0.0369143 0.0292992 0.0076151
388 Reddit_A.txt 0.0361825 0.0292947 0.00688784
389 Reddit_A.txt 0.0342309 0.0292762 0.00495468
390 Reddit_A.txt 0.0339551 0.0292606 0.00469448
391 Reddit_A.txt 0.0358228 0.0292566 0.00656623
392 Reddit_A.txt 0.0324951 0.029242 0.00325317
393 Reddit_A.txt 0.0328341 0.029224 0.00361011
394 Reddit_A.txt 0.0333148 0.0292149 0.00409993
395 Reddit_A.txt 0.033971 0.0291911 0.00477995
396 Reddit_A.txt 0.0326626 0.02919 0.00347259
397 Reddit_A.txt 0.0326044 0.0291772 0.00342718
398 Reddit_A.txt 0.0331342 0.02916 0.00397423
399 Reddit_A.txt 0.0339806 0.0291603 0.00482035
400 Reddit_A.txt 0.0343131 0.0291318 0.00518135
401 Reddit_A.txt 0.0345058 0.0291268 0.00537906
402 Reddit_A.txt 0.0332228 0.0291098 0.00411292
403 Reddit_A.txt 0.0320271 0.0291021 0.00292504
404 Reddit_A.txt 0.037027 0.0290863 0.00794072
405 Reddit_A.txt 0.038623 0.0290786 0.00954445
406 Reddit_A.txt 0.0353533 0.0290724 0.00628094
407 Reddit_A.txt 0.0338127 0.0290556 0.00475706
408 Reddit_A.txt 0.0334405 0.029051 0.0043895
409 Reddit_A.txt 0.0366899 0.0290438 0.00764612
410 Reddit_A.txt 0.033898 0.0290194 0.00487861
411 Reddit_A.txt 0.033625 0.0290237 0.00460132
412 Reddit_A.txt 0.0350597 0.0290115 0.00604816
413 Reddit_A.txt 0.03425 0.029004 0.00524599
414 Reddit_A.txt 0.033108 0.028986 0.00412201
415 Reddit_A.txt 0.0343677 0.0289744 0.00539333
416 Reddit_A.txt 0.032227 0.0289621 0.00326494
417 Reddit_A.txt 0.0327981 0.028961 0.00383711
418 Reddit_A.txt 0.032394 0.0289432 0.00345078
419 Reddit_A.txt 0.031688 0.0289347 0.00275327
420 Reddit_A.txt 0.0357494 0.0289299 0.00681955
421 Reddit_A.txt 0.0334884 0.0289052 0.00458315
422 Reddit_A.txt 0.0401711 0.0289069 0.0112642
423 Reddit_A.txt 0.03656 0.0288877 0.00767237
424 Reddit_A.txt 0.0335563 0.0288826 0.00467367
425 Reddit_A.txt 0.0331946 0.028872 0.00432264
426 Reddit_A.txt 0.0326639 0.0288598 0.00380404
427 Reddit_A.txt 0.0344186 0.0288549 0.00556373
428 Reddit_A.txt 0.0340697 0.0288504 0.00521922
429 Reddit_A.txt 0.0332852 0.02883 0.00445525
430 Reddit_A.txt 0.0358032 0.0288168 0.00698648
431 Reddit_A.txt 0.0361546 0.0288123 0.00734226
432 Reddit_A.txt 0.0333746 0.0288075 0.00456712
433 Reddit_A.txt 0.0343831 0.0288032 0.00557991
434 Reddit_A.txt 0.0326728 0.0287904 0.00388241
435 Reddit_A.txt 0.0326723 0.0287773 0.00389506
436 Reddit_A.txt 0.0331336 0.0287738 0.00435979
437 Reddit_A.txt 0.0341992 0.0287586 0.00544055
438 Reddit_A.txt 0.0352833 0.0287507 0.00653264
439 Reddit_A.txt 0.0364679 0.0287575 0.00771034
440 Reddit_A.txt 0.0328673 0.0287607 0.0041066
441 Reddit_A.txt 0.0326805 0.0287492 0.00393129
442 Reddit_A.txt 0.0347832 0.0287418 0.0060414
443 Reddit_A.txt 0.0330204 0.0287282 0.00429215
444 Reddit_A.txt 0.0341892 0.0287224 0.00546685
445 Reddit_A.txt 0.0357742 0.0286912 0.00708307
446 Reddit_A.txt 0.0342897 0.0286747 0.005615
447 Reddit_A.txt 0.0371969 0.0286548 0.00854218
448 Reddit_A.txt 0.034963 0.028638 0.00632501
449 Reddit_A.txt 0.035695 0.0286127 0.00708228
450 Reddit_A.txt 0.0327822 0.0286118 0.00417043
451 Reddit_A.txt 0.0323001 0.0285772 0.00372291
452 Reddit_A.txt 0.0336057 0.0285729 0.00503278
453 Reddit_A.txt 0.0330472 0.0285533 0.00449393
454 Reddit_A.txt 0.0323498 0.028547 0.0038028
455 Reddit_A.txt 0.0359244 0.0285357 0.00738868
456 Reddit_A.txt 0.0380929 0.0285311 0.00956178
457 Reddit_A.txt 0.034571 0.0285103 0.00606065
458 Reddit_A.txt 0.0313658 0.0284991 0.00286672
459 Reddit_A.txt 0.0343923 0.0284897 0.00590258
460 Reddit_A.txt 0.0331136 0.0284823 0.00463134
461 Reddit_A.txt 0.0341239 0.0284781 0.00564586
462 Reddit_A.txt 0.0359577 0.0284653 0.00749241
463 Reddit_A.txt 0.0322052 0.0284672 0.00373803
464 Reddit_A.txt 0.0344885 0.0284426 0.00604591
465 Reddit_A.txt 0.0355355 0.028434 0.00710145
466 Reddit_A.txt 0.0326253 0.0284281 0.00419724
467 Reddit_A.txt 0.0333415 0.0284141 0.00492742
468 Reddit_A.txt 0.0344909 0.0283951 0.00609588
469 Reddit_A.txt 0.0369422 0.0283794 0.00856289
470 Reddit_A.txt 0.0336047 0.0283679 0.00523681
471 Reddit_A.txt 0.0332521 0.0283569 0.00489517
472 Reddit_A.txt 0.0326666 0.0283474 0.00431912
473 Reddit_A.txt 0.034341 0.0283365 0.00600453
474 Reddit_A.txt 0.0361686 0.0283223 0.00784622
475 Reddit_A.txt 0.0322581 0.0283096 0.00394851
476 Reddit_A.txt 0.0368264 0.0282945 0.00853192
477 Reddit_A.txt 0.0348906 0.0282813 0.00660928
478 Reddit_A.txt 0.0340602 0.0282794 0.00578082
479 Reddit_A.txt 0.0343694 0.0282681 0.00610132
480 Reddit_A.txt 0.0338733 0.028262 0.0056113
481 Reddit_A.txt 0.0318173 0.0282525 0.00356478
482 Reddit_A.txt 0.033456 0.0282482 0.00520778
483 Reddit_A.txt 0.034678 0.0282347 0.00644332
484 Reddit_A.txt 0.0325307 0.0282252 0.00430551
485 Reddit_A.txt 0.0323776 0.0282059 0.00417173
486 Reddit_A.txt 0.0337409 0.0281975 0.00554339
487 Reddit_A.txt 0.0348534 0.0281869 0.0066665
488 Reddit_A.txt 0.0355152 0.0281837 0.00733154
489 Reddit_A.txt 0.035307 0.0281589 0.00714816
490 Reddit_A.txt 0.0364794 0.0281539 0.00832544
491 Reddit_A.txt 0.0325956 0.0281425 0.00445315
492 Reddit_A.txt 0.0370271 0.0281364 0.00889069
493 Reddit_A.txt 0.035873 0.0281276 0.00774542
494 Reddit_A.txt 0.0378983 0.0281158 0.00978251
495 Reddit_A.txt 0.0357194 0.0281012 0.00761819
496 Reddit_A.txt 0.03255 0.0280959 0.00445405
497 Reddit_A.txt 0.0354023 0.0280856 0.00731664
498 Reddit_A.txt 0.0360915 0.0280815 0.00801
499 Reddit_A.txt 0.0325458 0.028072 0.00447378
500 Reddit_A.txt 0.0334422 0.0280613 0.00538093
501 Reddit_A.txt 0.0324798 0.028038 0.00444186
502 Reddit_A.txt 0.0335273 0.0280243 0.00550298
503 Reddit_A.txt 0.0327121 0.0280238 0.00468835
504 Reddit_A.txt 0.0317973 0.0280102 0.00378708
505 Reddit_A.txt 0.034223 0.0279928 0.00623022
506 Reddit_A.txt 0.0353894 0.0279947 0.00739476
507 Reddit_A.txt 0.0347671 0.0279841 0.00678302
508 Reddit_A.txt 0.0341052 0.0279432 0.00616201
509 Reddit_A.txt 0.035377 0.0279381 0.00743891
510 Reddit_A.txt 0.032775 0.0279304 0.00484457
511 Reddit_A.txt 0.0357584 0.0279185 0.00783989
512 Reddit_A.txt 0.0344672 0.0279032 0.00656403
513 Reddit_A.txt 0.0386022 0.0278916 0.0107106
514 Reddit_A.txt 0.0397631 0.027883 0.0118801
515 Reddit_A.txt 0.0328593 0.0278579 0.0050014
516 Reddit_A.txt 0.0343233 0.0278438 0.00647948
517 Reddit_A.txt 0.0354178 0.0278371 0.00758069
518 Reddit_A.txt 0.0354067 0.0278461 0.00756057
519 Reddit_A.txt 0.0394368 0.0278264 0.0116104
520 Reddit_A.txt 0.0337618 0.0278137 0.00594803
521 Reddit_A.txt 0.0329004 0.0278036 0.00509682
522 Reddit_A.txt 0.0330366 0.027793 0.00524363
523 Reddit_A.txt 0.0366574 0.0277818 0.00887563
524 Reddit_A.txt 0.0355381 0.0277628 0.00777538
525 Reddit_A.txt 0.0349951 0.027752 0.00724316
526 Reddit_A.txt 0.0323377 0.0277549 0.00458282
527 Reddit_A.txt 0.042977 0.0297908 0.0131862
528 Reddit_A.txt 0.0360597 0.0298033 0.00625643
529 Reddit_A.txt 0.0389623 0.0297941 0.00916819
530 Reddit_A.txt 0.0395023 0.0297819 0.00972036
531 Reddit_A.txt 0.0382875 0.0297707 0.00851677
532 Reddit_A.txt 0.0385713 0.0297574 0.00881397
533 Reddit_A.txt 0.0346522 0.0297397 0.00491248
534 Reddit_A.txt 0.0345608 0.0297345 0.0048263
535 Reddit_A.txt 0.0375603 0.0297219 0.00783844
536 Reddit_A.txt 0.0349416 0.0297091 0.00523254
537 Reddit_A.txt 0.0362801 0.0296946 0.00658551
538 Reddit_A.txt 0.0390842 0.0296862 0.00939797
539 Reddit_A.txt 0.0356001 0.0296848 0.0059153
540 Reddit_A.txt 0.0361128 0.0296712 0.0064416
541 Reddit_A.txt 0.0353625 0.0296661 0.00569647
542 Reddit_A.txt 0.0352828 0.0296465 0.00563637
543 Reddit_A.txt 0.0366193 0.0296435 0.00697581
544 Reddit_A.txt 0.0395265 0.0296332 0.00989331
545 Reddit_A.txt 0.0347153 0.0296296 0.00508575
546 Reddit_A.txt 0.036723 0.0296119 0.00711115
547 Reddit_A.txt 0.0358021 0.0295985 0.00620358
548 Reddit_A.txt 0.0367297 0.0295906 0.00713902
549 Reddit_A.txt 0.0339038 0.0295797 0.00432403
550 Reddit_A.txt 0.0367726 0.0295709 0.00720169
551 Reddit_A.txt 0.0344148 0.0295664 0.00484835
552 Reddit_A.txt 0.0344736 0.0295645 0.00490908
553 Reddit_A.txt 0.0361407 0.0295532 0.00658742
554 Reddit_A.txt 0.038217 0.0295408 0.00867622
555 Reddit_A.txt 0.0358552 0.0295362 0.00631902
556 Reddit_A.txt 0.0356771 0.029517 0.00616012
557 Reddit_A.txt 0.0423753 0.0295031 0.0128722
558 Reddit_A.txt 0.0339185 0.0294928 0.00442575
559 Reddit_A.txt 0.0341056 0.0294928 0.00461284
560 Reddit_A.txt 0.0410909 0.029347 0.0117438
561 Reddit_A.txt 0.0426616 0.029339 0.0133225
562 Reddit_A.txt 0.0367251 0.0293292 0.00739587
563 Reddit_A.txt 0.0385908 0.0293169 0.00927391
564 Reddit_A.txt 0.0365135 0.0293087 0.0072048
565 Reddit_A.txt 0.0368094 0.0292966 0.00751279
566 Reddit_A.txt 0.035658 0.0292825 0.00637548
567 Reddit_A.txt 0.0333762 0.0292763 0.00409999
568 Reddit_A.txt 0.03402 0.0292641 0.00475582
569 Reddit_A.txt 0.0360863 0.0292577 0.00682866
570 Reddit_A.txt 0.0332888 0.0292468 0.00404193
571 Reddit_A.txt 0.0358168 0.029238 0.00657882
572 Reddit_A.txt 0.0373549 0.0292267 0.00812825
573 Reddit_A.txt 0.0364221 0.0292094 0.00721268
574 Reddit_A.txt 0.0351566 0.0292022 0.00595437
575 Reddit_A.txt 0.0404571 0.0304304 0.0100266
576 Reddit_A.txt 0.0368552 0.0304206 0.00643458
577 Reddit_A.txt 0.0371048 0.0303887 0.00671609
578 Reddit_A.txt 0.0359508 0.0303619 0.00558892
579 Reddit_A.txt 0.0394897 0.0303475 0.00914223
580 Reddit_A.txt 0.035488 0.0303369 0.00515112
581 Reddit_A.txt 0.0371 0.0303158 0.00678419
582 Reddit_A.txt 0.0359192 0.0303007 0.00561854
583 Reddit_A.txt 0.0334928 0.0302821 0.00321077
584 Reddit_A.txt 0.0378987 0.0302619 0.00763683
585 Reddit_A.txt 0.0364224 0.0302447 0.00617771
586 Reddit_A.txt 0.036329 0.0302309 0.00609809
587 Reddit_A.txt 0.0385127 0.0302124 0.0083003
588 Reddit_A.txt 0.03698 0.030199 0.00678098
589 Reddit_A.txt 0.0353074 0.030184 0.00512345
590 Reddit_A.txt 0.0363891 0.0301737 0.00621538
591 Reddit_A.txt 0.0385411 0.0301701 0.00837098
592 Reddit_A.txt 0.0411394 0.0301512 0.0109882
593 Reddit_A.txt 0.0387241 0.03014 0.00858406
594 Reddit_A.txt 0.0358595 0.0301287 0.00573079
595 Reddit_A.txt 0.0397249 0.0301099 0.00961496
596 Reddit_A.txt 0.0377831 0.0300942 0.00768898
597 Reddit_A.txt 0.0366437 0.0300817 0.006562
598 Reddit_A.txt 0.0359308 0.030064 0.00586686
599 Reddit_A.txt 0.036872 0.0300565 0.00681549
600 Reddit_A.txt 0.0349573 0.0300447 0.00491257
601 Reddit_A.txt 0.0366 0.0300226 0.00657739
602 Reddit_A.txt 0.0360777 0.0300122 0.00606548
603 Reddit_A.txt 0.0358089 0.0300078 0.00580112
604 Reddit_A.txt 0.0344822 0.0300132 0.00446898
605 Reddit_A.txt 0.036915 0.0300291 0.00688585
606 Reddit_A.txt 0.0391268 0.0300394 0.00908741
607 Reddit_A.txt 0.0393084 0.0300052 0.00930321
608 Reddit_A.txt 0.0379176 0.0299996 0.00791805
609 Reddit_A.txt 0.0354734 0.0299977 0.00547563
610 Reddit_A.txt 0.0366033 0.0299781 0.00662521
611 Reddit_A.txt 0.0385425 0.029956 0.00858646
612 Reddit_A.txt 0.0401878 0.0299522 0.0102356
613 Reddit_A.txt 0.0368254 0.029957 0.00686841
614 Reddit_A.txt 0.0369061 0.0299253 0.00698082
615 Reddit_A.txt 0.0376543 0.0299224 0.00773196
616 Reddit_A.txt 0.0352426 0.0299197 0.00532298
617 Reddit_A.txt 0.0372287 0.029897 0.00733171
618 Reddit_A.txt 0.0364762 0.0298893 0.00658688
619 Reddit_A.txt 0.0379306 0.0298797 0.00805095
620 Reddit_A.txt 0.0359362 0.0298754 0.00606073
621 Reddit_A.txt 0.0417613 0.0298711 0.0118902
622 Reddit_A.txt 0.0371178 0.029854 0.00726378
623 Reddit_A.txt 0.0357619 0.0300844 0.00567754
624 Reddit_A.txt 0.0370112 0.0300815 0.00692974
625 Reddit_A.txt 0.0344365 0.0300679 0.00436864
626 Reddit_A.txt 0.0388573 0.0300565 0.00880078
627 Reddit_A.txt 0.0395195 0.0300506 0.00946894
628 Reddit_A.txt 0.0398154 0.0300363 0.00977915
629 Reddit_A.txt 0.037408 0.030021 0.007387
630 Reddit_A.txt 0.036716 0.0300105 0.00670546
631 Reddit_A.txt 0.0353898 0.0299927 0.00539703
632 Reddit_A.txt 0.0362322 0.0299821 0.00625014
633 Reddit_A.txt 0.0369888 0.0299744 0.00701444
634 Reddit_A.txt 0.0340674 0.029963 0.00410436
635 Reddit_A.txt 0.0372069 0.0299519 0.00725502
636 Reddit_A.txt 0.0371515 0.0299248 0.00722675
637 Reddit_A.txt 0.0396174 0.0299157 0.00970168
638 Reddit_A.txt 0.0357534 0.0299097 0.00584367
639 Reddit_A.txt 0.0383094 0.0298961 0.00841334
640 Reddit_A.txt 0.0369317 0.029892 0.00703962
641 Reddit_A.txt 0.0347072 0.0298734 0.00483386
642 Reddit_A.txt 0.0350419 0.0298713 0.00517067
643 Reddit_A.txt 0.0384947 0.0298556 0.00863912
644 Reddit_A.txt 0.036184 0.0298503 0.00633374
645 Reddit_A.txt 0.0345146 0.0298304 0.00468424
646 Reddit_A.txt 0.0366221 0.0298184 0.0068037
647 Reddit_A.txt 0.0382971 0.0298094 0.00848765
648 Reddit_A.txt 0.0403992 0.0297857 0.0106135
649 Reddit_A.txt 0.0419959 0.0297744 0.0122214
650 Reddit_A.txt 0.0357814 0.0297695 0.00601187
651 Reddit_A.txt 0.0348437 0.0297568 0.0050869
652 Reddit_A.txt 0.034969 0.0298992 0.00506982
653 Reddit_A.txt 0.0397554 0.0300848 0.00967064
654 Reddit_A.txt 0.0378615 0.0301031 0.00775837
655 Reddit_A.txt 0.0400435 0.0301077 0.00993582
656 Reddit_A.txt 0.0390996 0.0301108 0.00898873
657 Reddit_A.txt 0.0378881 0.0301208 0.00776735
658 Reddit_A.txt 0.0408983 0.0300932 0.0108051
659 Reddit_A.txt 0.0415382 0.0300616 0.0114765
660 Reddit_A.txt 0.0323504 0.0300494 0.00230098
661 Reddit_A.txt 0.0388977 0.0300479 0.00884981
662 Reddit_A.txt 0.0346688 0.030037 0.00463184
663 Reddit_A.txt 0.0367241 0.0300316 0.00669255
664 Reddit_A.txt 0.0386992 0.0300262 0.00867292
665 Reddit_A.txt 0.0374234 0.0300206 0.00740278
666 Reddit_A.txt 0.0445453 0.0300079 0.0145374
667 Reddit_A.txt 0.0401081 0.0300054 0.0101028
668 Reddit_A.txt 0.0380812 0.0300003 0.00808089
669 Reddit_A.txt 0.0384792 0.0299771 0.00850202
670 Reddit_A.txt 0.036924 0.0299799 0.00694413
671 Reddit_A.txt 0.040705 0.0307246 0.00998039
672 Reddit_A.txt 0.0411561 0.0307166 0.0104395
673 Reddit_A.txt 0.0391131 0.0307036 0.00840954
674 Reddit_A.txt 0.0370398 0.0307071 0.00633264
675 Reddit_A.txt 0.0410351 0.0306947 0.0103404
676 Reddit_A.txt 0.0391292 0.0306784 0.00845072
677 Reddit_A.txt 0.0386457 0.0306664 0.0079793
678 Reddit_A.txt 0.0361733 0.0306441 0.0055292
679 Reddit_A.txt 0.0433355 0.0306371 0.0126984
680 Reddit_A.txt 0.0371058 0.0306241 0.0064817
681 Reddit_A.txt 0.0370587 0.0306133 0.00644534
682 Reddit_A.txt 0.0364593 0.0305871 0.00587223
683 Reddit_A.txt 0.0425715 0.0305788 0.0119927
684 Reddit_A.txt 0.039954 0.030574 0.00938002
685 Reddit_A.txt 0.0397553 0.0305598 0.00919553
686 Reddit_A.txt 0.0361706 0.0305482 0.00562238
687 Reddit_A.txt 0.044355 0.0305343 0.0138206
688 Reddit_A.txt 0.0400077 0.030533 0.00947469
689 Reddit_A.txt 0.0389208 0.0305177 0.00840312
690 Reddit_A.txt 0.0366484 0.0304998 0.00614856
691 Reddit_A.txt 0.0383534 0.0304985 0.00785482
692 Reddit_A.txt 0.0374224 0.0304871 0.00693527
693 Reddit_A.txt 0.0416744 0.0304736 0.0112008
694 Reddit_A.txt 0.0399219 0.030463 0.00945888
695 Reddit_A.txt 0.0420318 0.0304599 0.0115719
696 Reddit_A.txt 0.0408829 0.0308145 0.0100684
697 Reddit_A.txt 0.03859 0.0308205 0.00776949
698 Reddit_A.txt 0.0373784 0.0308211 0.00655737
699 Reddit_A.txt 0.0376705 0.0308011 0.00686946
700 Reddit_A.txt 0.0383958 0.0308049 0.00759093
701 Reddit_A.txt 0.0385173 0.0307833 0.00773396
702 Reddit_A.txt 0.0380288 0.0307833 0.00724553
703 Reddit_A.txt 0.0403237 0.0307689 0.0095548
704 Reddit_A.txt 0.0351411 0.0307653 0.0043758
705 Reddit_A.txt 0.0409888 0.0307637 0.0102251
706 Reddit_A.txt 0.0421327 0.0307386 0.0113942
707 Reddit_A.txt 0.0405445 0.0307342 0.00981028
708 Reddit_A.txt 0.0414862 0.0307262 0.01076
709 Reddit_A.txt 0.0420759 0.0307128 0.0113631
710 Reddit_A.txt 0.0408998 0.0307009 0.0101989
711 Reddit_A.txt 0.0457014 0.0306913 0.0150101
712 Reddit_A.txt 0.0387344 0.0306841 0.0080503
713 Reddit_A.txt 0.0377519 0.0306737 0.00707819
714 Reddit_A.txt 0.0372033 0.030851 0.00635229
715 Reddit_A.txt 0.0357512 0.0308554 0.00489576
716 Reddit_A.txt 0.038215 0.0308528 0.00736222
717 Reddit_A.txt 0.0382329 0.0308554 0.00737751
718 Reddit_A.txt 0.0399594 0.0308522 0.00910714
719 Reddit_A.txt 0.0436145 0.0311427 0.0124718
720 Reddit_A.txt 0.0404599 0.0311485 0.0093114
721 Reddit_A.txt 0.0441509 0.0311481 0.0130027
722 Reddit_A.txt 0.0409088 0.0311326 0.0097762
723 Reddit_A.txt 0.0388069 0.0311187 0.00768825
724 Reddit_A.txt 0.0410245 0.0311022 0.00992236
725 Reddit_A.txt 0.03898 0.0311048 0.00787528
726 Reddit_A.txt 0.0432467 0.0310871 0.0121597
727 Reddit_A.txt 0.0411722 0.0310804 0.0100918
728 Reddit_A.txt 0.0391009 0.0310627 0.00803815
729 Reddit_A.txt 0.0426216 0.0310596 0.011562
730 Reddit_A.txt 0.0398775 0.0310504 0.00882711
731 Reddit_A.txt 0.0431389 0.0310338 0.0121051
732 Reddit_A.txt 0.0408225 0.0312144 0.00960803
733 Reddit_A.txt 0.0394905 0.0312207 0.00826986
734 Reddit_A.txt 0.0411404 0.0312224 0.00991795
735 Reddit_A.txt 0.0435703 0.0312015 0.0123688
736 Reddit_A.txt 0.0396208 0.0312015 0.00841934
737 Reddit_A.txt 0.0386105 0.0311717 0.00743879
738 Reddit_A.txt 0.0436169 0.0313586 0.0122583
739 Reddit_A.txt 0.0427691 0.0313852 0.0113839
740 Reddit_A.txt 0.0407566 0.0313815 0.00937508
741 Reddit_A.txt 0.0413077 0.0313816 0.00992612
742 Reddit_A.txt 0.0419521 0.03133 0.0106221
743 Reddit_A.txt 0.0394532 0.0312961 0.00815705
744 Reddit_A.txt 0.0395243 0.0314824 0.00804183
745 Reddit_A.txt 0.0402495 0.0315049 0.00874461
746 Reddit_A.txt 0.0410326 0.0315129 0.00951969
747 Reddit_A.txt 0.0430142 0.0315287 0.0114856
748 Reddit_A.txt 0.0393669 0.0315425 0.00782441
749 Reddit_A.txt 0.0385214 0.0315564 0.00696497
750 Reddit_A.txt 0.0431995 0.0315571 0.0116424
751 Reddit_A.txt 0.0440479 0.0315654 0.0124825
752 Reddit_A.txt 0.0416688 0.0315877 0.0100811
753 Reddit_A.txt 0.0457998 0.0315973 0.0142025
754 Reddit_A.txt 0.0894602 0.031605 0.0578551
755 Reddit_A.txt 0.0937029 0.0316159 0.0620869
756 Reddit_A.txt 0.0776063 0.0316305 0.0459758
757 Reddit_A.txt 0.0702723 0.0316412 0.038631
758 Reddit_A.txt 0.0641759 0.0316435 0.0325324
759 Reddit_A.txt 0.0599992 0.0316633 0.0283359
760 Reddit_A.txt 0.055886 0.0316719 0.0242141
761 Reddit_A.txt 0.0522048 0.0316865 0.0205183
762 Reddit_A.txt 0.0492344 0.0316831 0.0175512
763 Reddit_A.txt 0.0458941 0.0316967 0.0141974
764 Reddit_A.txt 0.0432811 0.0317118 0.0115693
765 Reddit_A.txt 0.0400311 0.0317324 0.00829871
766 Reddit_A.txt 0.0370495 0.0317174 0.00533205
767 Reddit_A.txt 0.0297739 0.0269278 0.00284611
TACC:  Shutdown complete. Exiting. 
