TACC:  Starting up job 10024616 
TACC:  Starting parallel tasks... 
0 Reddit_feat_L2.txt 0.00219873 0.00197096 0.000227764
1 Reddit_feat_L2.txt 0.00153135 0.00132127 0.000210074
2 Reddit_feat_L2.txt 0.00224253 0.00201625 0.000226279
3 Reddit_feat_L2.txt 0.00149971 0.00125889 0.000240821
4 Reddit_feat_L2.txt 0.00213483 0.00191746 0.000217372
5 Reddit_feat_L2.txt 0.00153165 0.00132828 0.000203369
6 Reddit_feat_L2.txt 0.00213339 0.00194235 0.000191042
7 Reddit_feat_L2.txt 0.00139282 0.00119953 0.000193284
8 Reddit_feat_L2.txt 0.00213772 0.00189902 0.000238697
9 Reddit_feat_L2.txt 0.00151807 0.00125538 0.000262694
10 Reddit_feat_L2.txt 0.00212671 0.001982 0.000144717
11 Reddit_feat_L2.txt 0.00139427 0.00124057 0.000153692
12 Reddit_feat_L2.txt 0.00226194 0.00204257 0.000219373
13 Reddit_feat_L2.txt 0.00154055 0.00141135 0.000129207
14 Reddit_feat_L2.txt 0.00214053 0.00198774 0.000152786
15 Reddit_feat_L2.txt 0.00139399 0.00121613 0.000177858
16 Reddit_feat_L2.txt 0.00202571 0.00186922 0.000156492
17 Reddit_feat_L2.txt 0.00146964 0.00125389 0.00021575
18 Reddit_feat_L2.txt 0.00225961 0.00199299 0.000266629
19 Reddit_feat_L2.txt 0.00155782 0.00125812 0.000299698
20 Reddit_feat_L2.txt 0.00213053 0.00185303 0.000277502
21 Reddit_feat_L2.txt 0.00142336 0.00125182 0.000171538
22 Reddit_feat_L2.txt 0.00204679 0.00192941 0.000117383
23 Reddit_feat_L2.txt 0.00139389 0.00122517 0.000168713
24 Reddit_feat_L2.txt 0.00206033 0.00196526 9.5077e-05
25 Reddit_feat_L2.txt 0.00146511 0.00134914 0.000115977
26 Reddit_feat_L2.txt 0.00224743 0.00196859 0.000278838
27 Reddit_feat_L2.txt 0.00165455 0.00135902 0.000295531
28 Reddit_feat_L2.txt 0.00229161 0.0019902 0.000301408
29 Reddit_feat_L2.txt 0.00169205 0.0013929 0.000299155
30 Reddit_feat_L2.txt 0.00245477 0.002154 0.000300769
31 Reddit_feat_L2.txt 0.00149785 0.001198 0.000299849
32 Reddit_feat_L2.txt 0.00256994 0.00226901 0.000300936
33 Reddit_feat_L2.txt 0.00157793 0.00131784 0.000260096
34 Reddit_feat_L2.txt 0.00212246 0.00201001 0.000112447
35 Reddit_feat_L2.txt 0.00136861 0.00127564 9.2977e-05
36 Reddit_feat_L2.txt 0.0020024 0.0018127 0.000189697
37 Reddit_feat_L2.txt 0.00147526 0.00133715 0.000138112
38 Reddit_feat_L2.txt 0.00222005 0.00198013 0.000239925
39 Reddit_feat_L2.txt 0.00153681 0.00123805 0.000298763
40 Reddit_feat_L2.txt 0.00219616 0.00189523 0.000300929
41 Reddit_feat_L2.txt 0.00160519 0.0013064 0.00029879
42 Reddit_feat_L2.txt 0.00274007 0.00243705 0.000303017
43 Reddit_feat_L2.txt 0.00156932 0.00127027 0.000299046
44 Reddit_feat_L2.txt 0.00230784 0.00200669 0.000301155
45 Reddit_feat_L2.txt 0.00165237 0.0013527 0.00029967
46 Reddit_feat_L2.txt 0.0021986 0.00189701 0.000301587
47 Reddit_feat_L2.txt 0.0015647 0.00126523 0.000299468
48 Reddit_feat_L2.txt 0.00242179 0.00211979 0.000302
49 Reddit_feat_L2.txt 0.00157198 0.00126613 0.000305859
50 Reddit_feat_L2.txt 0.00216786 0.00192458 0.000243283
51 Reddit_feat_L2.txt 0.0013302 0.00119526 0.000134939
52 Reddit_feat_L2.txt 0.00209662 0.0020153 8.1324e-05
53 Reddit_feat_L2.txt 0.00156353 0.00138417 0.000179366
54 Reddit_feat_L2.txt 0.00211604 0.00185646 0.000259582
55 Reddit_feat_L2.txt 0.00140092 0.0011997 0.000201224
56 Reddit_feat_L2.txt 0.00212769 0.00203323 9.4461e-05
57 Reddit_feat_L2.txt 0.00137603 0.00127794 9.8091e-05
58 Reddit_feat_L2.txt 0.00223141 0.00194801 0.000283401
59 Reddit_feat_L2.txt 0.00149864 0.00119894 0.000299696
60 Reddit_feat_L2.txt 0.00232777 0.00204708 0.000280684
61 Reddit_feat_L2.txt 0.00157731 0.00128596 0.000291357
62 Reddit_feat_L2.txt 0.00215487 0.00204804 0.000106828
63 Reddit_feat_L2.txt 0.00130074 0.00119197 0.000108766
64 Reddit_feat_L2.txt 0.00206416 0.00193406 0.000130104
65 Reddit_feat_L2.txt 0.00138723 0.00130222 8.5016e-05
66 Reddit_feat_L2.txt 0.00216865 0.00204629 0.000122364
67 Reddit_feat_L2.txt 0.00126854 0.00119317 7.5371e-05
68 Reddit_feat_L2.txt 0.00205655 0.00194204 0.000114517
69 Reddit_feat_L2.txt 0.00137898 0.00127554 0.00010344
70 Reddit_feat_L2.txt 0.00198394 0.00190856 7.5383e-05
71 Reddit_feat_L2.txt 0.00130233 0.00121362 8.8708e-05
72 Reddit_feat_L2.txt 0.00210998 0.00202317 8.6813e-05
73 Reddit_feat_L2.txt 0.00135619 0.00127018 8.6012e-05
74 Reddit_feat_L2.txt 0.00197307 0.00192419 4.8884e-05
75 Reddit_feat_L2.txt 0.00129407 0.00123917 5.4904e-05
76 Reddit_feat_L2.txt 0.00209676 0.00200919 8.7569e-05
77 Reddit_feat_L2.txt 0.00145269 0.00130898 0.00014371
78 Reddit_feat_L2.txt 0.0021417 0.00192731 0.000214383
79 Reddit_feat_L2.txt 0.00142611 0.00121604 0.000210067
80 Reddit_feat_L2.txt 0.00197676 0.00181653 0.000160233
81 Reddit_feat_L2.txt 0.00137539 0.00131828 5.711e-05
82 Reddit_feat_L2.txt 0.00205378 0.00194267 0.000111109
83 Reddit_feat_L2.txt 0.00128621 0.00122264 6.3568e-05
84 Reddit_feat_L2.txt 0.00195822 0.00182276 0.000135466
85 Reddit_feat_L2.txt 0.00143052 0.00131713 0.000113394
86 Reddit_feat_L2.txt 0.00198875 0.00190287 8.5877e-05
87 Reddit_feat_L2.txt 0.00123922 0.00118119 5.8028e-05
88 Reddit_feat_L2.txt 0.00196731 0.00189094 7.637e-05
89 Reddit_feat_L2.txt 0.00141317 0.00132587 8.7301e-05
90 Reddit_feat_L2.txt 0.00207551 0.00195612 0.000119391
91 Reddit_feat_L2.txt 0.00124784 0.00117358 7.4262e-05
92 Reddit_feat_L2.txt 0.0020808 0.00196326 0.000117542
93 Reddit_feat_L2.txt 0.00161924 0.00131332 0.000305927
94 Reddit_feat_L2.txt 0.00240033 0.00210283 0.000297501
95 Reddit_feat_L2.txt 0.00152108 0.00121554 0.000305537
96 Reddit_feat_L2.txt 0.0024164 0.00211173 0.000304664
97 Reddit_feat_L2.txt 0.0016551 0.001373 0.000282099
98 Reddit_feat_L2.txt 0.0022539 0.0020163 0.000237597
99 Reddit_feat_L2.txt 0.0014777 0.0011788 0.000298906
100 Reddit_feat_L2.txt 0.0022246 0.00192347 0.000301128
101 Reddit_feat_L2.txt 0.00160776 0.00130563 0.000302124
102 Reddit_feat_L2.txt 0.00229151 0.0020467 0.00024481
103 Reddit_feat_L2.txt 0.0016126 0.00132442 0.000288189
104 Reddit_feat_L2.txt 0.00217046 0.00204679 0.000123667
105 Reddit_feat_L2.txt 0.00152069 0.00138417 0.000136524
106 Reddit_feat_L2.txt 0.00241866 0.0022677 0.000150959
107 Reddit_feat_L2.txt 0.00136517 0.00121295 0.000152225
108 Reddit_feat_L2.txt 0.0020944 0.00197223 0.000122169
109 Reddit_feat_L2.txt 0.00140999 0.00134033 6.9661e-05
110 Reddit_feat_L2.txt 0.00213072 0.00205005 8.0671e-05
111 Reddit_feat_L2.txt 0.00130724 0.00119631 0.00011093
112 Reddit_feat_L2.txt 0.00203937 0.00190826 0.000131113
113 Reddit_feat_L2.txt 0.00138873 0.00132228 6.6451e-05
114 Reddit_feat_L2.txt 0.00198976 0.00189582 9.3932e-05
115 Reddit_feat_L2.txt 0.00138228 0.00126948 0.000112802
116 Reddit_feat_L2.txt 0.00204968 0.00195515 9.4534e-05
117 Reddit_feat_L2.txt 0.00136887 0.00129102 7.7846e-05
118 Reddit_feat_L2.txt 0.0018955 0.00181777 7.7727e-05
119 Reddit_feat_L2.txt 0.00131229 0.00119946 0.000112838
120 Reddit_feat_L2.txt 0.00203866 0.00196608 7.2577e-05
121 Reddit_feat_L2.txt 0.00142529 0.00134162 8.3674e-05
122 Reddit_feat_L2.txt 0.00208602 0.00197433 0.000111698
123 Reddit_feat_L2.txt 0.00131739 0.00122506 9.2332e-05
124 Reddit_feat_L2.txt 0.00215133 0.00206727 8.4063e-05
125 Reddit_feat_L2.txt 0.00140501 0.00134121 6.3799e-05
126 Reddit_feat_L2.txt 0.00204454 0.00198565 5.889e-05
127 Reddit_feat_L2.txt 0.00136573 0.00128493 8.0803e-05
128 Reddit_feat_L2.txt 0.00207064 0.00198863 8.2017e-05
129 Reddit_feat_L2.txt 0.00140099 0.00132531 7.5677e-05
130 Reddit_feat_L2.txt 0.00209535 0.00202507 7.0283e-05
131 Reddit_feat_L2.txt 0.0013432 0.00125142 9.178e-05
132 Reddit_feat_L2.txt 0.00206054 0.00198086 7.9679e-05
133 Reddit_feat_L2.txt 0.0013686 0.00128466 8.3942e-05
134 Reddit_feat_L2.txt 0.00195784 0.00189496 6.2879e-05
135 Reddit_feat_L2.txt 0.00130763 0.00124779 5.9833e-05
136 Reddit_feat_L2.txt 0.00217457 0.00207705 9.7517e-05
137 Reddit_feat_L2.txt 0.00129058 0.00123542 5.5164e-05
138 Reddit_feat_L2.txt 0.00214889 0.00201519 0.000133706
139 Reddit_feat_L2.txt 0.0012449 0.00118594 5.8962e-05
140 Reddit_feat_L2.txt 0.00214792 0.00204891 9.9011e-05
141 Reddit_feat_L2.txt 0.00145876 0.00132621 0.000132551
142 Reddit_feat_L2.txt 0.00210862 0.00202029 8.8332e-05
143 Reddit_feat_L2.txt 0.00142985 0.00132966 0.000100187
144 Reddit_feat_L2.txt 0.00185623 0.00178771 6.8524e-05
145 Reddit_feat_L2.txt 0.00143035 0.00135976 7.059e-05
146 Reddit_feat_L2.txt 0.00205763 0.00198308 7.4553e-05
147 Reddit_feat_L2.txt 0.00124681 0.00117148 7.5322e-05
148 Reddit_feat_L2.txt 0.00184365 0.00176048 8.3171e-05
149 Reddit_feat_L2.txt 0.00136756 0.00129796 6.9595e-05
150 Reddit_feat_L2.txt 0.00201509 0.00190912 0.000105975
151 Reddit_feat_L2.txt 0.00121519 0.00114176 7.3425e-05
152 Reddit_feat_L2.txt 0.00189043 0.00183107 5.936e-05
153 Reddit_feat_L2.txt 0.00136406 0.00131351 5.055e-05
154 Reddit_feat_L2.txt 0.00202547 0.00196635 5.9126e-05
155 Reddit_feat_L2.txt 0.0012493 0.00118303 6.6271e-05
156 Reddit_feat_L2.txt 0.00203357 0.0019669 6.6671e-05
157 Reddit_feat_L2.txt 0.00139676 0.00132661 7.0148e-05
158 Reddit_feat_L2.txt 0.00224666 0.00219439 5.2274e-05
159 Reddit_feat_L2.txt 0.00122735 0.00114106 8.6289e-05
160 Reddit_feat_L2.txt 0.00203489 0.00198162 5.3272e-05
161 Reddit_feat_L2.txt 0.00136298 0.00130424 5.8736e-05
162 Reddit_feat_L2.txt 0.00214588 0.00206504 8.0844e-05
163 Reddit_feat_L2.txt 0.00132399 0.00118956 0.00013443
164 Reddit_feat_L2.txt 0.00192477 0.00181662 0.000108151
165 Reddit_feat_L2.txt 0.0013671 0.00131015 5.6943e-05
166 Reddit_feat_L2.txt 0.00206567 0.00201064 5.5027e-05
167 Reddit_feat_L2.txt 0.00128307 0.00117606 0.000107005
168 Reddit_feat_L2.txt 0.00198357 0.001928 5.5568e-05
169 Reddit_feat_L2.txt 0.00149309 0.00140201 9.1084e-05
170 Reddit_feat_L2.txt 0.00239193 0.00233284 5.9093e-05
171 Reddit_feat_L2.txt 0.00127349 0.00117104 0.00010245
172 Reddit_feat_L2.txt 0.00200389 0.0019451 5.8786e-05
173 Reddit_feat_L2.txt 0.00143528 0.00132715 0.00010813
174 Reddit_feat_L2.txt 0.00201381 0.00195764 5.6168e-05
175 Reddit_feat_L2.txt 0.00128462 0.00120674 7.7878e-05
176 Reddit_feat_L2.txt 0.00237663 0.00232127 5.5356e-05
177 Reddit_feat_L2.txt 0.00134304 0.00128507 5.7964e-05
178 Reddit_feat_L2.txt 0.00196265 0.00189398 6.8672e-05
179 Reddit_feat_L2.txt 0.00132628 0.00118326 0.000143022
180 Reddit_feat_L2.txt 0.00219429 0.00197887 0.000215428
181 Reddit_feat_L2.txt 0.00133996 0.0012595 8.0457e-05
182 Reddit_feat_L2.txt 0.0019126 0.00184994 6.2663e-05
183 Reddit_feat_L2.txt 0.00134811 0.00125511 9.2999e-05
184 Reddit_feat_L2.txt 0.00201198 0.0019324 7.958e-05
185 Reddit_feat_L2.txt 0.00137135 0.00131393 5.7421e-05
186 Reddit_feat_L2.txt 0.00204229 0.00197061 7.1684e-05
187 Reddit_feat_L2.txt 0.00130648 0.00123064 7.5842e-05
188 Reddit_feat_L2.txt 0.00222858 0.00216427 6.4308e-05
189 Reddit_feat_L2.txt 0.001409 0.00133776 7.1245e-05
190 Reddit_feat_L2.txt 0.00216868 0.00205302 0.000115667
191 Reddit_feat_L2.txt 0.00138379 0.00126704 0.000116749
192 Reddit_feat_L2.txt 0.00214091 0.00200912 0.000131783
193 Reddit_feat_L2.txt 0.00143099 0.00137775 5.3242e-05
194 Reddit_feat_L2.txt 0.00208555 0.00202083 6.4712e-05
195 Reddit_feat_L2.txt 0.00132329 0.00124726 7.603e-05
196 Reddit_feat_L2.txt 0.00213533 0.00200855 0.000126787
197 Reddit_feat_L2.txt 0.00145911 0.00139218 6.6925e-05
198 Reddit_feat_L2.txt 0.00214668 0.00201347 0.000133211
199 Reddit_feat_L2.txt 0.00140217 0.00130751 9.4657e-05
200 Reddit_feat_L2.txt 0.00219782 0.00210449 9.3331e-05
201 Reddit_feat_L2.txt 0.00150006 0.00139331 0.000106753
202 Reddit_feat_L2.txt 0.00210922 0.00202291 8.6302e-05
203 Reddit_feat_L2.txt 0.00136556 0.00124847 0.000117087
204 Reddit_feat_L2.txt 0.00215493 0.00209432 6.0615e-05
205 Reddit_feat_L2.txt 0.00142644 0.00137729 4.9157e-05
206 Reddit_feat_L2.txt 0.00215635 0.00202961 0.000126745
207 Reddit_feat_L2.txt 0.00133656 0.00127066 6.5898e-05
208 Reddit_feat_L2.txt 0.00198828 0.00193163 5.6654e-05
209 Reddit_feat_L2.txt 0.00139671 0.0013431 5.3606e-05
210 Reddit_feat_L2.txt 0.00206655 0.00201537 5.1183e-05
211 Reddit_feat_L2.txt 0.00133365 0.00123905 9.4595e-05
212 Reddit_feat_L2.txt 0.00190936 0.00186045 4.8905e-05
213 Reddit_feat_L2.txt 0.00136599 0.00131861 4.7372e-05
214 Reddit_feat_L2.txt 0.00199192 0.0019424 4.9513e-05
215 Reddit_feat_L2.txt 0.0013175 0.0012376 7.9896e-05
216 Reddit_feat_L2.txt 0.00191755 0.0018775 4.0042e-05
217 Reddit_feat_L2.txt 0.00139833 0.00135961 3.8718e-05
218 Reddit_feat_L2.txt 0.00210173 0.00201143 9.0297e-05
219 Reddit_feat_L2.txt 0.00131478 0.00126225 5.2522e-05
220 Reddit_feat_L2.txt 0.0020631 0.00200498 5.8114e-05
221 Reddit_feat_L2.txt 0.00137567 0.00133341 4.2254e-05
222 Reddit_feat_L2.txt 0.00223319 0.00218849 4.4704e-05
223 Reddit_feat_L2.txt 0.00132134 0.0012693 5.2035e-05
224 Reddit_feat_L2.txt 0.00210616 0.00205906 4.7099e-05
225 Reddit_feat_L2.txt 0.00151277 0.0013583 0.00015447
226 Reddit_feat_L2.txt 0.00220355 0.00212825 7.5302e-05
227 Reddit_feat_L2.txt 0.00132575 0.00126935 5.6408e-05
228 Reddit_feat_L2.txt 0.00192103 0.00187374 4.7293e-05
229 Reddit_feat_L2.txt 0.00138061 0.00133573 4.4876e-05
230 Reddit_feat_L2.txt 0.00204501 0.00199322 5.1789e-05
231 Reddit_feat_L2.txt 0.00133249 0.00126059 7.1902e-05
232 Reddit_feat_L2.txt 0.00201693 0.00196385 5.3079e-05
233 Reddit_feat_L2.txt 0.00137649 0.00132999 4.6497e-05
234 Reddit_feat_L2.txt 0.00242533 0.00233808 8.7251e-05
235 Reddit_feat_L2.txt 0.00135478 0.00129866 5.6129e-05
236 Reddit_feat_L2.txt 0.00203295 0.00198548 4.7467e-05
237 Reddit_feat_L2.txt 0.00145635 0.00135631 0.00010004
238 Reddit_feat_L2.txt 0.00206731 0.00198203 8.5274e-05
239 Reddit_feat_L2.txt 0.00133808 0.00124018 9.7897e-05
240 Reddit_feat_L2.txt 0.00185301 0.00178443 6.858e-05
241 Reddit_feat_L2.txt 0.00123616 0.00119007 4.6083e-05
242 Reddit_feat_L2.txt 0.00191229 0.00182114 9.1153e-05
243 Reddit_feat_L2.txt 0.00127679 0.00116235 0.000114442
244 Reddit_feat_L2.txt 0.00197861 0.00193706 4.1556e-05
245 Reddit_feat_L2.txt 0.00124551 0.00116425 8.1257e-05
246 Reddit_feat_L2.txt 0.00201413 0.00192529 8.8841e-05
247 Reddit_feat_L2.txt 0.00131619 0.00126552 5.0663e-05
248 Reddit_feat_L2.txt 0.00191805 0.00187513 4.2918e-05
249 Reddit_feat_L2.txt 0.00129291 0.00121404 7.8866e-05
250 Reddit_feat_L2.txt 0.00194292 0.00189944 4.3473e-05
251 Reddit_feat_L2.txt 0.00124959 0.00120633 4.3263e-05
252 Reddit_feat_L2.txt 0.00203592 0.00197985 5.6067e-05
253 Reddit_feat_L2.txt 0.00136493 0.00128541 7.9518e-05
254 Reddit_feat_L2.txt 0.00204957 0.00198961 5.9962e-05
255 Reddit_feat_L2.txt 0.00133325 0.00129183 4.1414e-05
256 Reddit_feat_L2.txt 0.00201384 0.00192138 9.246e-05
257 Reddit_feat_L2.txt 0.00126116 0.00122215 3.9018e-05
258 Reddit_feat_L2.txt 0.00195942 0.00189972 5.9701e-05
259 Reddit_feat_L2.txt 0.00121532 0.00112737 8.7945e-05
260 Reddit_feat_L2.txt 0.00190241 0.00185346 4.8949e-05
261 Reddit_feat_L2.txt 0.00130781 0.00123749 7.0324e-05
262 Reddit_feat_L2.txt 0.0018722 0.00181263 5.9571e-05
263 Reddit_feat_L2.txt 0.00117403 0.00112558 4.8452e-05
264 Reddit_feat_L2.txt 0.00209069 0.00199471 9.5988e-05
265 Reddit_feat_L2.txt 0.00130523 0.00124818 5.7045e-05
266 Reddit_feat_L2.txt 0.00200294 0.00192176 8.1181e-05
267 Reddit_feat_L2.txt 0.00126748 0.00120413 6.3344e-05
268 Reddit_feat_L2.txt 0.00212134 0.00200923 0.000112113
269 Reddit_feat_L2.txt 0.0013901 0.00129228 9.7828e-05
270 Reddit_feat_L2.txt 0.00196585 0.00188186 8.3996e-05
271 Reddit_feat_L2.txt 0.00125426 0.00116407 9.0189e-05
272 Reddit_feat_L2.txt 0.00192451 0.00185454 6.9968e-05
273 Reddit_feat_L2.txt 0.00134683 0.00127061 7.6223e-05
274 Reddit_feat_L2.txt 0.00204717 0.00201459 3.258e-05
275 Reddit_feat_L2.txt 0.00123814 0.00120184 3.6296e-05
276 Reddit_feat_L2.txt 0.00180012 0.00171046 8.9665e-05
277 Reddit_feat_L2.txt 0.00140398 0.00134438 5.96e-05
278 Reddit_feat_L2.txt 0.00190318 0.00185068 5.2493e-05
279 Reddit_feat_L2.txt 0.0012096 0.00117256 3.7035e-05
280 Reddit_feat_L2.txt 0.00186753 0.00179949 6.8045e-05
281 Reddit_feat_L2.txt 0.00133733 0.00128162 5.5703e-05
282 Reddit_feat_L2.txt 0.00201737 0.00192912 8.8251e-05
283 Reddit_feat_L2.txt 0.0013281 0.00128312 4.4977e-05
284 Reddit_feat_L2.txt 0.00200749 0.00196129 4.6207e-05
285 Reddit_feat_L2.txt 0.00144606 0.00140429 4.1763e-05
286 Reddit_feat_L2.txt 0.00216427 0.00207961 8.4651e-05
287 Reddit_feat_L2.txt 0.00117893 0.00112494 5.3985e-05
288 Reddit_feat_L2.txt 0.00245016 0.00236346 8.67e-05
289 Reddit_feat_L2.txt 0.0014385 0.00133969 9.881e-05
290 Reddit_feat_L2.txt 0.00221274 0.0021472 6.5543e-05
291 Reddit_feat_L2.txt 0.00129886 0.0012607 3.8165e-05
292 Reddit_feat_L2.txt 0.00194844 0.00190234 4.6106e-05
293 Reddit_feat_L2.txt 0.00144098 0.0013628 7.8183e-05
294 Reddit_feat_L2.txt 0.00213476 0.002088 4.6753e-05
295 Reddit_feat_L2.txt 0.00134521 0.00127841 6.6793e-05
296 Reddit_feat_L2.txt 0.00201837 0.00195652 6.1848e-05
297 Reddit_feat_L2.txt 0.00137925 0.00132131 5.794e-05
298 Reddit_feat_L2.txt 0.00241581 0.00237134 4.4469e-05
299 Reddit_feat_L2.txt 0.00132621 0.0012239 0.000102305
300 Reddit_feat_L2.txt 0.00216592 0.00202687 0.000139052
301 Reddit_feat_L2.txt 0.00139037 0.00134723 4.3147e-05
302 Reddit_feat_L2.txt 0.00206579 0.00198589 7.9899e-05
303 Reddit_feat_L2.txt 0.00127187 0.0012209 5.097e-05
304 Reddit_feat_L2.txt 0.00225925 0.0021626 9.6654e-05
305 Reddit_feat_L2.txt 0.00145109 0.00134101 0.000110084
306 Reddit_feat_L2.txt 0.00211866 0.00195052 0.000168145
307 Reddit_feat_L2.txt 0.00133339 0.001276 5.739e-05
308 Reddit_feat_L2.txt 0.00204096 0.00199752 4.3436e-05
309 Reddit_feat_L2.txt 0.00140055 0.00135359 4.6957e-05
310 Reddit_feat_L2.txt 0.00196317 0.00189993 6.3242e-05
311 Reddit_feat_L2.txt 0.00124499 0.00120947 3.5521e-05
312 Reddit_feat_L2.txt 0.00198377 0.00190462 7.9153e-05
313 Reddit_feat_L2.txt 0.00142769 0.00138917 3.8518e-05
314 Reddit_feat_L2.txt 0.00202134 0.00197381 4.7526e-05
315 Reddit_feat_L2.txt 0.00144249 0.00124714 0.00019535
316 Reddit_feat_L2.txt 0.00218685 0.00205674 0.000130111
317 Reddit_feat_L2.txt 0.00145939 0.00140518 5.4207e-05
318 Reddit_feat_L2.txt 0.00215633 0.002112 4.4331e-05
319 Reddit_feat_L2.txt 0.00129556 0.00120978 8.5783e-05
320 Reddit_feat_L2.txt 0.00196984 0.0019244 4.5442e-05
321 Reddit_feat_L2.txt 0.00131354 0.00126614 4.7399e-05
322 Reddit_feat_L2.txt 0.00214351 0.00210596 3.7552e-05
323 Reddit_feat_L2.txt 0.00130694 0.00122085 8.6093e-05
324 Reddit_feat_L2.txt 0.0019866 0.0019363 5.0293e-05
325 Reddit_feat_L2.txt 0.00129502 0.00125436 4.0661e-05
326 Reddit_feat_L2.txt 0.00203565 0.00199151 4.4143e-05
327 Reddit_feat_L2.txt 0.00122837 0.00119111 3.7252e-05
328 Reddit_feat_L2.txt 0.002002 0.00195882 4.3178e-05
329 Reddit_feat_L2.txt 0.00131793 0.0012715 4.6435e-05
330 Reddit_feat_L2.txt 0.0020262 0.0019888 3.7396e-05
331 Reddit_feat_L2.txt 0.00125938 0.0012206 3.8782e-05
332 Reddit_feat_L2.txt 0.00212284 0.00206469 5.8151e-05
333 Reddit_feat_L2.txt 0.0013043 0.00126548 3.8823e-05
334 Reddit_feat_L2.txt 0.00211952 0.00198883 0.000130693
335 Reddit_feat_L2.txt 0.00128238 0.0011951 8.7274e-05
336 Reddit_feat_L2.txt 0.0018725 0.00179252 7.9972e-05
337 Reddit_feat_L2.txt 0.00135291 0.00128963 6.328e-05
338 Reddit_feat_L2.txt 0.00201757 0.00195867 5.8902e-05
339 Reddit_feat_L2.txt 0.00128639 0.00120557 8.0813e-05
340 Reddit_feat_L2.txt 0.00182523 0.00178353 4.17e-05
341 Reddit_feat_L2.txt 0.00143773 0.00137797 5.9762e-05
342 Reddit_feat_L2.txt 0.00193155 0.00186927 6.2278e-05
343 Reddit_feat_L2.txt 0.00133396 0.00128367 5.0284e-05
344 Reddit_feat_L2.txt 0.00187926 0.00182873 5.0523e-05
345 Reddit_feat_L2.txt 0.00131613 0.00126433 5.18e-05
346 Reddit_feat_L2.txt 0.00193354 0.00189234 4.1192e-05
347 Reddit_feat_L2.txt 0.0012479 0.00119285 5.5051e-05
348 Reddit_feat_L2.txt 0.00198824 0.00192702 6.1227e-05
349 Reddit_feat_L2.txt 0.00131479 0.00126903 4.5762e-05
350 Reddit_feat_L2.txt 0.00221916 0.00209494 0.00012422
351 Reddit_feat_L2.txt 0.00132013 0.00115649 0.00016364
352 Reddit_feat_L2.txt 0.00210492 0.00200603 9.8893e-05
353 Reddit_feat_L2.txt 0.00129563 0.00124859 4.7038e-05
354 Reddit_feat_L2.txt 0.00210824 0.00206501 4.3234e-05
355 Reddit_feat_L2.txt 0.00124714 0.00119515 5.1993e-05
356 Reddit_feat_L2.txt 0.00191257 0.00178656 0.00012601
357 Reddit_feat_L2.txt 0.0015174 0.00126188 0.000255518
358 Reddit_feat_L2.txt 0.00204525 0.00191224 0.000133004
359 Reddit_feat_L2.txt 0.00124895 0.00121059 3.8356e-05
360 Reddit_feat_L2.txt 0.00200564 0.00196428 4.1357e-05
361 Reddit_feat_L2.txt 0.00131611 0.00123253 8.3589e-05
362 Reddit_feat_L2.txt 0.00255944 0.0023779 0.000181533
363 Reddit_feat_L2.txt 0.00133681 0.00128453 5.2281e-05
364 Reddit_feat_L2.txt 0.00211359 0.00205194 6.1655e-05
365 Reddit_feat_L2.txt 0.00142289 0.00135936 6.3534e-05
366 Reddit_feat_L2.txt 0.0020415 0.00200583 3.5665e-05
367 Reddit_feat_L2.txt 0.00130444 0.00126435 4.0092e-05
368 Reddit_feat_L2.txt 0.00190278 0.00184381 5.8967e-05
369 Reddit_feat_L2.txt 0.00145719 0.00140237 5.4817e-05
370 Reddit_feat_L2.txt 0.00199656 0.0019595 3.706e-05
371 Reddit_feat_L2.txt 0.00127309 0.0012389 3.4191e-05
372 Reddit_feat_L2.txt 0.00201182 0.00197563 3.6196e-05
373 Reddit_feat_L2.txt 0.00136585 0.00132405 4.1797e-05
374 Reddit_feat_L2.txt 0.0018785 0.00180434 7.4163e-05
375 Reddit_feat_L2.txt 0.00129999 0.00125117 4.8816e-05
376 Reddit_feat_L2.txt 0.00205265 0.00189063 0.000162016
377 Reddit_feat_L2.txt 0.00132932 0.00125869 7.0633e-05
378 Reddit_feat_L2.txt 0.00202426 0.00197535 4.8904e-05
379 Reddit_feat_L2.txt 0.00125712 0.00119836 5.8759e-05
380 Reddit_feat_L2.txt 0.00203642 0.00198326 5.3156e-05
381 Reddit_feat_L2.txt 0.00140472 0.00135755 4.7173e-05
382 Reddit_feat_L2.txt 0.00220196 0.00209155 0.000110412
383 Reddit_feat_L2.txt 0.00124835 0.00114306 0.000105298
384 Reddit_feat_L2.txt 0.00213111 0.00197156 0.00015955
385 Reddit_feat_L2.txt 0.00135125 0.00130502 4.6229e-05
386 Reddit_feat_L2.txt 0.00204657 0.00201165 3.492e-05
387 Reddit_feat_L2.txt 0.0012651 0.00118926 7.5844e-05
388 Reddit_feat_L2.txt 0.00206636 0.00195629 0.000110071
389 Reddit_feat_L2.txt 0.00135274 0.00127162 8.1125e-05
390 Reddit_feat_L2.txt 0.00193331 0.0018861 4.7216e-05
391 Reddit_feat_L2.txt 0.00127175 0.00123899 3.2765e-05
392 Reddit_feat_L2.txt 0.00209985 0.00202294 7.6908e-05
393 Reddit_feat_L2.txt 0.00150301 0.00133975 0.000163255
394 Reddit_feat_L2.txt 0.00199418 0.00193148 6.2702e-05
395 Reddit_feat_L2.txt 0.00134073 0.00128191 5.8818e-05
396 Reddit_feat_L2.txt 0.00212404 0.00202479 9.9256e-05
397 Reddit_feat_L2.txt 0.00137096 0.00130931 6.1647e-05
398 Reddit_feat_L2.txt 0.00203602 0.00198756 4.846e-05
399 Reddit_feat_L2.txt 0.00122162 0.00118318 3.8441e-05
400 Reddit_feat_L2.txt 0.00188541 0.00183183 5.3583e-05
401 Reddit_feat_L2.txt 0.00134264 0.00127793 6.4712e-05
402 Reddit_feat_L2.txt 0.00204007 0.00199642 4.3646e-05
403 Reddit_feat_L2.txt 0.0012706 0.00122562 4.498e-05
404 Reddit_feat_L2.txt 0.00192804 0.00187674 5.1298e-05
405 Reddit_feat_L2.txt 0.00129999 0.00126618 3.3813e-05
406 Reddit_feat_L2.txt 0.00196289 0.00192735 3.5537e-05
407 Reddit_feat_L2.txt 0.00123801 0.00117665 6.1359e-05
408 Reddit_feat_L2.txt 0.00189546 0.00185652 3.8934e-05
409 Reddit_feat_L2.txt 0.00133159 0.00127661 5.4985e-05
410 Reddit_feat_L2.txt 0.00201634 0.00196133 5.5009e-05
411 Reddit_feat_L2.txt 0.00139214 0.00129043 0.000101708
412 Reddit_feat_L2.txt 0.00222405 0.00204406 0.000179984
413 Reddit_feat_L2.txt 0.00138966 0.00129092 9.8737e-05
414 Reddit_feat_L2.txt 0.00219617 0.00209737 9.88e-05
415 Reddit_feat_L2.txt 0.00127529 0.00121741 5.7879e-05
416 Reddit_feat_L2.txt 0.00209903 0.00203898 6.005e-05
417 Reddit_feat_L2.txt 0.00140239 0.00130516 9.7233e-05
418 Reddit_feat_L2.txt 0.00226903 0.00215446 0.000114571
419 Reddit_feat_L2.txt 0.00134127 0.00127639 6.4887e-05
420 Reddit_feat_L2.txt 0.00192148 0.00184302 7.846e-05
421 Reddit_feat_L2.txt 0.00141456 0.00130396 0.000110593
422 Reddit_feat_L2.txt 0.00213222 0.00204154 9.0683e-05
423 Reddit_feat_L2.txt 0.00129293 0.00120479 8.8139e-05
424 Reddit_feat_L2.txt 0.00199094 0.00193622 5.4713e-05
425 Reddit_feat_L2.txt 0.00144397 0.0013925 5.1471e-05
426 Reddit_feat_L2.txt 0.00240148 0.00234121 6.0262e-05
427 Reddit_feat_L2.txt 0.00136851 0.00130191 6.6594e-05
428 Reddit_feat_L2.txt 0.00200451 0.001953 5.1509e-05
429 Reddit_feat_L2.txt 0.00137613 0.00132674 4.9392e-05
430 Reddit_feat_L2.txt 0.00204951 0.00198493 6.4584e-05
431 Reddit_feat_L2.txt 0.00119103 0.00115789 3.3135e-05
432 Reddit_feat_L2.txt 0.00240277 0.00232867 7.4101e-05
433 Reddit_feat_L2.txt 0.00127946 0.00124123 3.8223e-05
434 Reddit_feat_L2.txt 0.00205398 0.00194905 0.000104938
435 Reddit_feat_L2.txt 0.00123388 0.00119528 3.86e-05
436 Reddit_feat_L2.txt 0.00206562 0.00201415 5.1468e-05
437 Reddit_feat_L2.txt 0.00135445 0.00131648 3.7971e-05
438 Reddit_feat_L2.txt 0.002 0.00189445 0.000105545
439 Reddit_feat_L2.txt 0.00116795 0.00113749 3.0461e-05
440 Reddit_feat_L2.txt 0.0020122 0.00187328 0.000138926
441 Reddit_feat_L2.txt 0.00134205 0.00129001 5.205e-05
442 Reddit_feat_L2.txt 0.00203137 0.00199397 3.74e-05
443 Reddit_feat_L2.txt 0.00125082 0.00121011 4.0708e-05
444 Reddit_feat_L2.txt 0.00201797 0.00196422 5.3752e-05
445 Reddit_feat_L2.txt 0.00137807 0.00134428 3.3796e-05
446 Reddit_feat_L2.txt 0.00209796 0.00206342 3.4543e-05
447 Reddit_feat_L2.txt 0.00126939 0.00123261 3.678e-05
448 Reddit_feat_L2.txt 0.00189738 0.00184454 5.2832e-05
449 Reddit_feat_L2.txt 0.00150274 0.00129321 0.000209536
450 Reddit_feat_L2.txt 0.00214029 0.00198396 0.000156334
451 Reddit_feat_L2.txt 0.00113169 0.00108529 4.6393e-05
452 Reddit_feat_L2.txt 0.00208303 0.00203973 4.3296e-05
453 Reddit_feat_L2.txt 0.00129858 0.00125428 4.4307e-05
454 Reddit_feat_L2.txt 0.00201325 0.00197264 4.0612e-05
455 Reddit_feat_L2.txt 0.00114531 0.00110594 3.9368e-05
456 Reddit_feat_L2.txt 0.00188249 0.00183236 5.0132e-05
457 Reddit_feat_L2.txt 0.00131016 0.00126267 4.7494e-05
458 Reddit_feat_L2.txt 0.00187868 0.00182238 5.6302e-05
459 Reddit_feat_L2.txt 0.00118689 0.00113659 5.0298e-05
460 Reddit_feat_L2.txt 0.00211981 0.00208407 3.5741e-05
461 Reddit_feat_L2.txt 0.00119485 0.00115724 3.7603e-05
462 Reddit_feat_L2.txt 0.00197569 0.00188673 8.8966e-05
463 Reddit_feat_L2.txt 0.00139502 0.00130521 8.981e-05
464 Reddit_feat_L2.txt 0.00187967 0.00180635 7.3324e-05
465 Reddit_feat_L2.txt 0.00133458 0.00128334 5.1245e-05
466 Reddit_feat_L2.txt 0.00189198 0.00184726 4.472e-05
467 Reddit_feat_L2.txt 0.00128226 0.00124066 4.1598e-05
468 Reddit_feat_L2.txt 0.00176152 0.00170275 5.8774e-05
469 Reddit_feat_L2.txt 0.00123738 0.00119591 4.1478e-05
470 Reddit_feat_L2.txt 0.00190853 0.00186152 4.7011e-05
471 Reddit_feat_L2.txt 0.00112531 0.00107205 5.3258e-05
472 Reddit_feat_L2.txt 0.00190568 0.0018479 5.7779e-05
473 Reddit_feat_L2.txt 0.00142731 0.00137835 4.8962e-05
474 Reddit_feat_L2.txt 0.00193556 0.00189914 3.6419e-05
475 Reddit_feat_L2.txt 0.00120875 0.00109515 0.000113594
476 Reddit_feat_L2.txt 0.00195345 0.00189663 5.6822e-05
477 Reddit_feat_L2.txt 0.00133427 0.00129394 4.033e-05
478 Reddit_feat_L2.txt 0.00205463 0.00197335 8.1275e-05
479 Reddit_feat_L2.txt 0.00130326 0.00126305 4.0204e-05
480 Reddit_feat_L2.txt 0.00208297 0.00203463 4.8345e-05
481 Reddit_feat_L2.txt 0.00132235 0.00128764 3.4702e-05
482 Reddit_feat_L2.txt 0.00218938 0.00214631 4.3071e-05
483 Reddit_feat_L2.txt 0.00134196 0.00128582 5.6137e-05
484 Reddit_feat_L2.txt 0.00209888 0.00190637 0.000192502
485 Reddit_feat_L2.txt 0.00130056 0.00126003 4.0529e-05
486 Reddit_feat_L2.txt 0.00218314 0.00208981 9.3332e-05
487 Reddit_feat_L2.txt 0.00135569 0.00131137 4.432e-05
488 Reddit_feat_L2.txt 0.00203166 0.00198569 4.5976e-05
489 Reddit_feat_L2.txt 0.00133387 0.00128184 5.203e-05
490 Reddit_feat_L2.txt 0.00232801 0.00229166 3.6352e-05
491 Reddit_feat_L2.txt 0.00129659 0.00120439 9.2208e-05
492 Reddit_feat_L2.txt 0.0020217 0.00198626 3.5432e-05
493 Reddit_feat_L2.txt 0.00136312 0.00132957 3.3546e-05
494 Reddit_feat_L2.txt 0.00199471 0.0019623 3.241e-05
495 Reddit_feat_L2.txt 0.0012749 0.00123644 3.8464e-05
496 Reddit_feat_L2.txt 0.00194002 0.00188774 5.2279e-05
497 Reddit_feat_L2.txt 0.00138363 0.00133328 5.0346e-05
498 Reddit_feat_L2.txt 0.0019579 0.00189259 6.5314e-05
499 Reddit_feat_L2.txt 0.00133638 0.00126723 6.9157e-05
500 Reddit_feat_L2.txt 0.00200066 0.00192007 8.059e-05
501 Reddit_feat_L2.txt 0.00125975 0.00121847 4.1274e-05
502 Reddit_feat_L2.txt 0.00198487 0.00193164 5.3239e-05
503 Reddit_feat_L2.txt 0.00129934 0.00126621 3.313e-05
504 Reddit_feat_L2.txt 0.00217124 0.00205136 0.000119881
505 Reddit_feat_L2.txt 0.00130553 0.00126194 4.3586e-05
506 Reddit_feat_L2.txt 0.00203217 0.00199328 3.8889e-05
507 Reddit_feat_L2.txt 0.00126246 0.00121735 4.511e-05
508 Reddit_feat_L2.txt 0.00209364 0.00205077 4.2867e-05
509 Reddit_feat_L2.txt 0.00134646 0.00130866 3.7794e-05
510 Reddit_feat_L2.txt 0.00213488 0.00208952 4.5359e-05
511 Reddit_feat_L2.txt 0.00124998 0.00120868 4.1302e-05
512 Reddit_feat_L2.txt 0.00202873 0.00198845 4.0282e-05
513 Reddit_feat_L2.txt 0.00137721 0.00131463 6.2574e-05
514 Reddit_feat_L2.txt 0.00209526 0.00205957 3.5687e-05
515 Reddit_feat_L2.txt 0.0013155 0.0012669 4.8607e-05
516 Reddit_feat_L2.txt 0.00201775 0.00197896 3.8791e-05
517 Reddit_feat_L2.txt 0.0014346 0.00134625 8.835e-05
518 Reddit_feat_L2.txt 0.00194705 0.00190126 4.5782e-05
519 Reddit_feat_L2.txt 0.00131299 0.00126492 4.807e-05
520 Reddit_feat_L2.txt 0.00197766 0.0019384 3.9258e-05
521 Reddit_feat_L2.txt 0.00141358 0.0013452 6.8383e-05
522 Reddit_feat_L2.txt 0.0020403 0.00193481 0.000105481
523 Reddit_feat_L2.txt 0.00128832 0.00124069 4.7628e-05
524 Reddit_feat_L2.txt 0.00203824 0.00199786 4.0387e-05
525 Reddit_feat_L2.txt 0.00131171 0.00127276 3.8948e-05
526 Reddit_feat_L2.txt 0.00211767 0.00207474 4.2935e-05
527 Reddit_feat_L2.txt 0.0012572 0.00121948 3.7721e-05
528 Reddit_feat_L2.txt 0.00201936 0.00186295 0.000156416
529 Reddit_feat_L2.txt 0.00153698 0.00131786 0.000219125
530 Reddit_feat_L2.txt 0.00201516 0.0019763 3.8867e-05
531 Reddit_feat_L2.txt 0.0012324 0.00119182 4.0582e-05
532 Reddit_feat_L2.txt 0.00188198 0.00183444 4.7546e-05
533 Reddit_feat_L2.txt 0.00133286 0.0012831 4.9762e-05
534 Reddit_feat_L2.txt 0.00196896 0.00191292 5.604e-05
535 Reddit_feat_L2.txt 0.00119726 0.00114668 5.0575e-05
536 Reddit_feat_L2.txt 0.00191849 0.00187807 4.0424e-05
537 Reddit_feat_L2.txt 0.00140242 0.00133123 7.1197e-05
538 Reddit_feat_L2.txt 0.00201288 0.00197131 4.1573e-05
539 Reddit_feat_L2.txt 0.00127113 0.00123104 4.0095e-05
540 Reddit_feat_L2.txt 0.00202214 0.00198257 3.9571e-05
541 Reddit_feat_L2.txt 0.00143251 0.00131708 0.000115429
542 Reddit_feat_L2.txt 0.00234148 0.00215639 0.000185094
543 Reddit_feat_L2.txt 0.00135338 0.00129852 5.4864e-05
544 Reddit_feat_L2.txt 0.00229124 0.0022428 4.8442e-05
545 Reddit_feat_L2.txt 0.00133819 0.00126416 7.403e-05
546 Reddit_feat_L2.txt 0.00213771 0.00210133 3.6378e-05
547 Reddit_feat_L2.txt 0.00130011 0.00125279 4.7324e-05
548 Reddit_feat_L2.txt 0.00196872 0.00192594 4.2782e-05
549 Reddit_feat_L2.txt 0.00136256 0.00131546 4.7103e-05
550 Reddit_feat_L2.txt 0.00200161 0.00195793 4.3687e-05
551 Reddit_feat_L2.txt 0.00144213 0.00129711 0.000145023
552 Reddit_feat_L2.txt 0.00207089 0.00196831 0.000102582
553 Reddit_feat_L2.txt 0.00141242 0.00136458 4.7844e-05
554 Reddit_feat_L2.txt 0.00225833 0.0022177 4.063e-05
555 Reddit_feat_L2.txt 0.00122261 0.0011044 0.000118203
556 Reddit_feat_L2.txt 0.0019544 0.00186084 9.3569e-05
557 Reddit_feat_L2.txt 0.00125273 0.00120255 5.0172e-05
558 Reddit_feat_L2.txt 0.00190479 0.00185839 4.64e-05
559 Reddit_feat_L2.txt 0.00137863 0.00123962 0.000139011
560 Reddit_feat_L2.txt 0.00210275 0.00205311 4.9637e-05
561 Reddit_feat_L2.txt 0.00121227 0.00117574 3.653e-05
562 Reddit_feat_L2.txt 0.00187419 0.00182811 4.6082e-05
563 Reddit_feat_L2.txt 0.00125541 0.00118159 7.3824e-05
564 Reddit_feat_L2.txt 0.001846 0.00180959 3.6407e-05
565 Reddit_feat_L2.txt 0.0012602 0.00122061 3.9585e-05
566 Reddit_feat_L2.txt 0.00177396 0.00173505 3.8917e-05
567 Reddit_feat_L2.txt 0.00121478 0.00116218 5.2598e-05
568 Reddit_feat_L2.txt 0.00199125 0.0018569 0.000134354
569 Reddit_feat_L2.txt 0.00139462 0.00127245 0.000122168
570 Reddit_feat_L2.txt 0.00203869 0.00183242 0.000206273
571 Reddit_feat_L2.txt 0.00112502 0.0010653 5.9723e-05
572 Reddit_feat_L2.txt 0.00202137 0.00197806 4.331e-05
573 Reddit_feat_L2.txt 0.00125483 0.00120596 4.8871e-05
574 Reddit_feat_L2.txt 0.0020451 0.00200188 4.3214e-05
575 Reddit_feat_L2.txt 0.00132784 0.00127161 5.6229e-05
576 Reddit_feat_L2.txt 0.002019 0.00196454 5.4456e-05
577 Reddit_feat_L2.txt 0.00135767 0.00130601 5.1662e-05
578 Reddit_feat_L2.txt 0.00202653 0.0019848 4.1728e-05
579 Reddit_feat_L2.txt 0.00134039 0.00129033 5.0066e-05
580 Reddit_feat_L2.txt 0.0020091 0.00195412 5.4975e-05
581 Reddit_feat_L2.txt 0.00138469 0.00134742 3.7267e-05
582 Reddit_feat_L2.txt 0.00207188 0.00202745 4.4435e-05
583 Reddit_feat_L2.txt 0.00126593 0.00121267 5.3264e-05
584 Reddit_feat_L2.txt 0.002007 0.00197023 3.6774e-05
585 Reddit_feat_L2.txt 0.00135647 0.00131088 4.5589e-05
586 Reddit_feat_L2.txt 0.00206168 0.00202678 3.4899e-05
587 Reddit_feat_L2.txt 0.00142886 0.00133137 9.7491e-05
588 Reddit_feat_L2.txt 0.00209936 0.00205587 4.3495e-05
589 Reddit_feat_L2.txt 0.00147574 0.00140181 7.3922e-05
590 Reddit_feat_L2.txt 0.00201347 0.00197447 3.8997e-05
591 Reddit_feat_L2.txt 0.00132429 0.00127341 5.0875e-05
592 Reddit_feat_L2.txt 0.00192489 0.00188503 3.9852e-05
593 Reddit_feat_L2.txt 0.0014077 0.00136955 3.8156e-05
594 Reddit_feat_L2.txt 0.00211698 0.00204413 7.2857e-05
595 Reddit_feat_L2.txt 0.00129169 0.00123138 6.0306e-05
596 Reddit_feat_L2.txt 0.00191674 0.00183318 8.3564e-05
597 Reddit_feat_L2.txt 0.00136816 0.0013134 5.4762e-05
598 Reddit_feat_L2.txt 0.0019769 0.0019287 4.8199e-05
599 Reddit_feat_L2.txt 0.00126995 0.0012275 4.2444e-05
600 Reddit_feat_L2.txt 0.00188734 0.00184504 4.2299e-05
601 Reddit_feat_L2.txt 0.00138346 0.00134187 4.159e-05
602 Reddit_feat_L2.txt 0.00204025 0.00199349 4.6764e-05
603 Reddit_feat_L2.txt 0.00125283 0.00120149 5.1343e-05
604 Reddit_feat_L2.txt 0.00203963 0.00200172 3.7913e-05
605 Reddit_feat_L2.txt 0.00142714 0.00139181 3.5322e-05
606 Reddit_feat_L2.txt 0.00222517 0.00218671 3.8464e-05
607 Reddit_feat_L2.txt 0.00133207 0.00128664 4.5427e-05
608 Reddit_feat_L2.txt 0.0021396 0.00209104 4.8561e-05
609 Reddit_feat_L2.txt 0.00137361 0.00128806 8.5551e-05
610 Reddit_feat_L2.txt 0.00217397 0.00213372 4.025e-05
611 Reddit_feat_L2.txt 0.00131751 0.00126629 5.1229e-05
612 Reddit_feat_L2.txt 0.0019531 0.00190494 4.816e-05
613 Reddit_feat_L2.txt 0.00138999 0.00135125 3.8732e-05
614 Reddit_feat_L2.txt 0.00205767 0.00202101 3.6657e-05
615 Reddit_feat_L2.txt 0.0013324 0.00124796 8.4442e-05
616 Reddit_feat_L2.txt 0.00210976 0.00197064 0.000139122
617 Reddit_feat_L2.txt 0.00141148 0.0013725 3.8979e-05
618 Reddit_feat_L2.txt 0.00240522 0.00234824 5.6984e-05
619 Reddit_feat_L2.txt 0.00127804 0.00122542 5.2619e-05
620 Reddit_feat_L2.txt 0.00210109 0.00204024 6.0852e-05
621 Reddit_feat_L2.txt 0.001421 0.00138192 3.9071e-05
622 Reddit_feat_L2.txt 0.0020495 0.00200975 3.9744e-05
623 Reddit_feat_L2.txt 0.00135675 0.00130231 5.4448e-05
624 Reddit_feat_L2.txt 0.00187658 0.00181182 6.4762e-05
625 Reddit_feat_L2.txt 0.00140517 0.0013534 5.1765e-05
626 Reddit_feat_L2.txt 0.00203492 0.00196193 7.2991e-05
627 Reddit_feat_L2.txt 0.00121474 0.00116008 5.4658e-05
628 Reddit_feat_L2.txt 0.00191503 0.00187714 3.7886e-05
629 Reddit_feat_L2.txt 0.00139724 0.00134282 5.4417e-05
630 Reddit_feat_L2.txt 0.00192289 0.00183057 9.2321e-05
631 Reddit_feat_L2.txt 0.00121611 0.00114909 6.7017e-05
632 Reddit_feat_L2.txt 0.00198623 0.00194134 4.4895e-05
633 Reddit_feat_L2.txt 0.00140634 0.00135903 4.7314e-05
634 Reddit_feat_L2.txt 0.00202014 0.00193083 8.9312e-05
635 Reddit_feat_L2.txt 0.00123767 0.00118564 5.2029e-05
636 Reddit_feat_L2.txt 0.00208368 0.00202682 5.686e-05
637 Reddit_feat_L2.txt 0.00139952 0.00135346 4.6056e-05
638 Reddit_feat_L2.txt 0.00205496 0.00201593 3.903e-05
639 Reddit_feat_L2.txt 0.00131324 0.00121265 0.000100583
640 Reddit_feat_L2.txt 0.00198332 0.00194168 4.1647e-05
641 Reddit_feat_L2.txt 0.00132916 0.00128834 4.082e-05
642 Reddit_feat_L2.txt 0.00200573 0.00196784 3.7893e-05
643 Reddit_feat_L2.txt 0.00133128 0.00128985 4.1429e-05
644 Reddit_feat_L2.txt 0.00197396 0.0019336 4.0363e-05
645 Reddit_feat_L2.txt 0.00129756 0.00124821 4.9345e-05
646 Reddit_feat_L2.txt 0.00192828 0.00185269 7.5586e-05
647 Reddit_feat_L2.txt 0.00125294 0.00119272 6.0212e-05
648 Reddit_feat_L2.txt 0.00201128 0.00195667 5.4607e-05
649 Reddit_feat_L2.txt 0.00130668 0.00125722 4.9463e-05
650 Reddit_feat_L2.txt 0.00200187 0.00194574 5.6128e-05
651 Reddit_feat_L2.txt 0.0013459 0.00125426 9.164e-05
652 Reddit_feat_L2.txt 0.00205362 0.00201216 4.1459e-05
653 Reddit_feat_L2.txt 0.00130039 0.00124095 5.9443e-05
654 Reddit_feat_L2.txt 0.00197181 0.00192632 4.5491e-05
655 Reddit_feat_L2.txt 0.00129301 0.00125227 4.0737e-05
656 Reddit_feat_L2.txt 0.00184607 0.00179985 4.6224e-05
657 Reddit_feat_L2.txt 0.00131448 0.0012413 7.3179e-05
658 Reddit_feat_L2.txt 0.00212338 0.00208277 4.0609e-05
659 Reddit_feat_L2.txt 0.00122262 0.00117865 4.3974e-05
660 Reddit_feat_L2.txt 0.00199489 0.00189443 0.000100459
661 Reddit_feat_L2.txt 0.00148398 0.00135837 0.000125604
662 Reddit_feat_L2.txt 0.00222939 0.0019694 0.000259996
663 Reddit_feat_L2.txt 0.00125262 0.00118626 6.636e-05
664 Reddit_feat_L2.txt 0.0019752 0.00190791 6.7283e-05
665 Reddit_feat_L2.txt 0.00141833 0.00134597 7.2359e-05
666 Reddit_feat_L2.txt 0.0020608 0.00200535 5.5451e-05
667 Reddit_feat_L2.txt 0.00125473 0.00121561 3.9115e-05
668 Reddit_feat_L2.txt 0.00198777 0.00195008 3.7697e-05
669 Reddit_feat_L2.txt 0.00136691 0.00130992 5.6994e-05
670 Reddit_feat_L2.txt 0.00214586 0.00210868 3.7177e-05
671 Reddit_feat_L2.txt 0.00121921 0.00117754 4.1672e-05
672 Reddit_feat_L2.txt 0.00199946 0.00190059 9.8871e-05
673 Reddit_feat_L2.txt 0.00128084 0.00121691 6.3924e-05
674 Reddit_feat_L2.txt 0.00197482 0.00193474 4.0081e-05
675 Reddit_feat_L2.txt 0.00128883 0.00125019 3.8646e-05
676 Reddit_feat_L2.txt 0.00186613 0.00182279 4.3342e-05
677 Reddit_feat_L2.txt 0.00143865 0.00140077 3.7884e-05
678 Reddit_feat_L2.txt 0.0019136 0.00187188 4.1722e-05
679 Reddit_feat_L2.txt 0.00114855 0.00110367 4.4876e-05
680 Reddit_feat_L2.txt 0.00203456 0.00198837 4.6192e-05
681 Reddit_feat_L2.txt 0.00148923 0.0014406 4.8639e-05
682 Reddit_feat_L2.txt 0.00220494 0.00215419 5.0748e-05
683 Reddit_feat_L2.txt 0.00114651 0.00110054 4.5967e-05
684 Reddit_feat_L2.txt 0.00195221 0.00189428 5.7931e-05
685 Reddit_feat_L2.txt 0.00125332 0.00120239 5.0927e-05
686 Reddit_feat_L2.txt 0.00196878 0.00191383 5.4949e-05
687 Reddit_feat_L2.txt 0.00113601 0.00109793 3.8073e-05
688 Reddit_feat_L2.txt 0.0022631 0.00221758 4.5519e-05
689 Reddit_feat_L2.txt 0.00133323 0.0012765 5.6731e-05
690 Reddit_feat_L2.txt 0.00204956 0.00199318 5.6386e-05
691 Reddit_feat_L2.txt 0.00122986 0.0011792 5.0658e-05
692 Reddit_feat_L2.txt 0.00199834 0.00196355 3.4791e-05
693 Reddit_feat_L2.txt 0.00136907 0.00131899 5.008e-05
694 Reddit_feat_L2.txt 0.00203996 0.00199803 4.193e-05
695 Reddit_feat_L2.txt 0.00130304 0.00125551 4.7535e-05
696 Reddit_feat_L2.txt 0.0020215 0.00198352 3.7975e-05
697 Reddit_feat_L2.txt 0.00141418 0.00127074 0.000143442
698 Reddit_feat_L2.txt 0.0021104 0.00190687 0.000203534
699 Reddit_feat_L2.txt 0.00132369 0.00123909 8.4605e-05
700 Reddit_feat_L2.txt 0.00219741 0.00215968 3.7737e-05
701 Reddit_feat_L2.txt 0.00138537 0.00133805 4.7325e-05
702 Reddit_feat_L2.txt 0.00213322 0.00209349 3.9724e-05
703 Reddit_feat_L2.txt 0.00125628 0.0012119 4.4381e-05
704 Reddit_feat_L2.txt 0.00201984 0.00187849 0.000141346
705 Reddit_feat_L2.txt 0.00130945 0.00127029 3.9162e-05
706 Reddit_feat_L2.txt 0.00212595 0.00207911 4.6843e-05
707 Reddit_feat_L2.txt 0.00137345 0.00133604 3.7411e-05
708 Reddit_feat_L2.txt 0.00198577 0.0019455 4.0267e-05
709 Reddit_feat_L2.txt 0.00147276 0.00141676 5.5999e-05
710 Reddit_feat_L2.txt 0.00194735 0.00190015 4.7198e-05
711 Reddit_feat_L2.txt 0.00136867 0.00132756 4.111e-05
712 Reddit_feat_L2.txt 0.0021467 0.00203252 0.000114175
713 Reddit_feat_L2.txt 0.00143903 0.00137778 6.1251e-05
714 Reddit_feat_L2.txt 0.00217792 0.00207569 0.000102224
715 Reddit_feat_L2.txt 0.00139478 0.00121349 0.000181292
716 Reddit_feat_L2.txt 0.00219814 0.00206343 0.000134709
717 Reddit_feat_L2.txt 0.00142757 0.00136345 6.4119e-05
718 Reddit_feat_L2.txt 0.00215071 0.00193248 0.000218238
719 Reddit_feat_L2.txt 0.00134006 0.00128723 5.2827e-05
720 Reddit_feat_L2.txt 0.00194316 0.00190146 4.1704e-05
721 Reddit_feat_L2.txt 0.00137745 0.00133246 4.4992e-05
722 Reddit_feat_L2.txt 0.00200796 0.00195887 4.9087e-05
723 Reddit_feat_L2.txt 0.00130639 0.00127014 3.6251e-05
724 Reddit_feat_L2.txt 0.00184612 0.00180352 4.2603e-05
725 Reddit_feat_L2.txt 0.0013709 0.00126669 0.000104213
726 Reddit_feat_L2.txt 0.0019724 0.00192137 5.1036e-05
727 Reddit_feat_L2.txt 0.00131609 0.00127583 4.0254e-05
728 Reddit_feat_L2.txt 0.00193723 0.00189625 4.0978e-05
729 Reddit_feat_L2.txt 0.00133928 0.00129694 4.2339e-05
730 Reddit_feat_L2.txt 0.00200316 0.00194656 5.6608e-05
731 Reddit_feat_L2.txt 0.00129118 0.00123715 5.4026e-05
732 Reddit_feat_L2.txt 0.00201429 0.00192571 8.8585e-05
733 Reddit_feat_L2.txt 0.00130947 0.0012634 4.6065e-05
734 Reddit_feat_L2.txt 0.00214722 0.00209947 4.7745e-05
735 Reddit_feat_L2.txt 0.00124223 0.00120157 4.0667e-05
736 Reddit_feat_L2.txt 0.00215828 0.00210916 4.9119e-05
737 Reddit_feat_L2.txt 0.00133442 0.00129892 3.5503e-05
738 Reddit_feat_L2.txt 0.00212868 0.0020812 4.7476e-05
739 Reddit_feat_L2.txt 0.001347 0.00129863 4.8365e-05
740 Reddit_feat_L2.txt 0.00189728 0.00185203 4.5248e-05
741 Reddit_feat_L2.txt 0.00132899 0.00129488 3.4108e-05
742 Reddit_feat_L2.txt 0.00198516 0.00194355 4.1614e-05
743 Reddit_feat_L2.txt 0.00135319 0.0013004 5.2789e-05
744 Reddit_feat_L2.txt 0.00194733 0.00188904 5.8287e-05
745 Reddit_feat_L2.txt 0.00133647 0.00128976 4.6703e-05
746 Reddit_feat_L2.txt 0.00245456 0.00236344 9.1117e-05
747 Reddit_feat_L2.txt 0.00124117 0.00119789 4.328e-05
748 Reddit_feat_L2.txt 0.0020389 0.00199596 4.2945e-05
749 Reddit_feat_L2.txt 0.00144708 0.00139273 5.4343e-05
750 Reddit_feat_L2.txt 0.00200302 0.00195729 4.5722e-05
751 Reddit_feat_L2.txt 0.00122403 0.00118029 4.3732e-05
752 Reddit_feat_L2.txt 0.00184508 0.00179696 4.8126e-05
753 Reddit_feat_L2.txt 0.00138648 0.00134239 4.4081e-05
754 Reddit_feat_L2.txt 0.00199941 0.0019182 8.1209e-05
755 Reddit_feat_L2.txt 0.00135516 0.00132161 3.3547e-05
756 Reddit_feat_L2.txt 0.00195768 0.00192172 3.5963e-05
757 Reddit_feat_L2.txt 0.00126945 0.00123357 3.5887e-05
758 Reddit_feat_L2.txt 0.00186468 0.00182905 3.5634e-05
759 Reddit_feat_L2.txt 0.00134138 0.00130793 3.3445e-05
760 Reddit_feat_L2.txt 0.00202803 0.00199305 3.4978e-05
761 Reddit_feat_L2.txt 0.00130431 0.00126481 3.9508e-05
762 Reddit_feat_L2.txt 0.00198239 0.00194038 4.2011e-05
763 Reddit_feat_L2.txt 0.00124639 0.00119975 4.6642e-05
764 Reddit_feat_L2.txt 0.00207208 0.00202163 5.0448e-05
765 Reddit_feat_L2.txt 0.00137803 0.00134115 3.6882e-05
766 Reddit_feat_L2.txt 0.00207396 0.00203466 3.9297e-05
767 Reddit_feat_L2.txt 0.00136848 0.00127574 9.2741e-05
0 Reddit_A.txt 0.0633553 0.0632072 0.000148121
1 Reddit_A.txt 0.06341 0.0631839 0.000226101
2 Reddit_A.txt 0.063455 0.0631455 0.000309425
3 Reddit_A.txt 0.0635516 0.0631308 0.000420808
4 Reddit_A.txt 0.0635827 0.0631228 0.000459897
5 Reddit_A.txt 0.0635396 0.0631086 0.000430998
6 Reddit_A.txt 0.0636204 0.0630984 0.000522012
7 Reddit_A.txt 0.0636312 0.0630767 0.00055446
8 Reddit_A.txt 0.0636842 0.0630359 0.000648264
9 Reddit_A.txt 0.0638786 0.0630052 0.000873378
10 Reddit_A.txt 0.0633435 0.062945 0.000398544
11 Reddit_A.txt 0.0634648 0.0629292 0.000535612
12 Reddit_A.txt 0.063676 0.062874 0.000802007
13 Reddit_A.txt 0.0632259 0.0628635 0.000362441
14 Reddit_A.txt 0.0634787 0.0628577 0.000620964
15 Reddit_A.txt 0.0635638 0.0628281 0.000735713
16 Reddit_A.txt 0.06361 0.0627881 0.000821813
17 Reddit_A.txt 0.0639585 0.0627672 0.00119123
18 Reddit_A.txt 0.0640728 0.0627379 0.0013349
19 Reddit_A.txt 0.0641144 0.0627283 0.00138606
20 Reddit_A.txt 0.0639302 0.0626924 0.00123783
21 Reddit_A.txt 0.0634922 0.0626662 0.000825966
22 Reddit_A.txt 0.0632467 0.0626634 0.000583299
23 Reddit_A.txt 0.0638001 0.0626425 0.00115751
24 Reddit_A.txt 0.063083 0.0626359 0.00044705
25 Reddit_A.txt 0.0640882 0.0625948 0.00149341
26 Reddit_A.txt 0.0651503 0.0625839 0.00256644
27 Reddit_A.txt 0.0642091 0.0625063 0.00170278
28 Reddit_A.txt 0.0642156 0.0624858 0.00172979
29 Reddit_A.txt 0.0645892 0.0624075 0.00218169
30 Reddit_A.txt 0.0647652 0.0623973 0.00236786
31 Reddit_A.txt 0.064685 0.0623736 0.00231146
32 Reddit_A.txt 0.0644421 0.0623585 0.00208352
33 Reddit_A.txt 0.0638412 0.0623097 0.00153156
34 Reddit_A.txt 0.0630149 0.0622657 0.000749225
35 Reddit_A.txt 0.0630144 0.0622529 0.000761515
36 Reddit_A.txt 0.0634355 0.0622159 0.00121964
37 Reddit_A.txt 0.0628863 0.0621945 0.000691787
38 Reddit_A.txt 0.0640616 0.0621324 0.00192922
39 Reddit_A.txt 0.064204 0.0621267 0.00207736
40 Reddit_A.txt 0.0645379 0.0620981 0.00243982
41 Reddit_A.txt 0.0656144 0.0620782 0.00353621
42 Reddit_A.txt 0.0652606 0.0620231 0.00323753
43 Reddit_A.txt 0.06529 0.0620019 0.00328813
44 Reddit_A.txt 0.0650995 0.06197 0.00312947
45 Reddit_A.txt 0.0659752 0.0619648 0.00401042
46 Reddit_A.txt 0.0648099 0.0618871 0.00292279
47 Reddit_A.txt 0.065306 0.0618502 0.00345571
48 Reddit_A.txt 0.0668982 0.0632178 0.00368039
49 Reddit_A.txt 0.0660257 0.0631753 0.00285049
50 Reddit_A.txt 0.0653009 0.0631278 0.00217304
51 Reddit_A.txt 0.0647837 0.0631077 0.00167603
52 Reddit_A.txt 0.0639273 0.0630689 0.000858436
53 Reddit_A.txt 0.0650832 0.0630612 0.002022
54 Reddit_A.txt 0.0660988 0.063025 0.00307373
55 Reddit_A.txt 0.0648125 0.0629975 0.00181501
56 Reddit_A.txt 0.0641924 0.0629685 0.00122386
57 Reddit_A.txt 0.0642926 0.0629457 0.00134691
58 Reddit_A.txt 0.0675171 0.0629275 0.00458956
59 Reddit_A.txt 0.0650669 0.0628956 0.00217127
60 Reddit_A.txt 0.0661715 0.0628731 0.00329835
61 Reddit_A.txt 0.0660046 0.062829 0.00317558
62 Reddit_A.txt 0.0640216 0.0628214 0.00120026
63 Reddit_A.txt 0.0647884 0.06276 0.00202841
64 Reddit_A.txt 0.0647692 0.0627328 0.00203642
65 Reddit_A.txt 0.0644148 0.0626864 0.00172843
66 Reddit_A.txt 0.0642172 0.0626398 0.0015774
67 Reddit_A.txt 0.0638896 0.0626195 0.00127006
68 Reddit_A.txt 0.0642243 0.0625772 0.00164714
69 Reddit_A.txt 0.0640824 0.0625639 0.00151848
70 Reddit_A.txt 0.0641298 0.062489 0.00164076
71 Reddit_A.txt 0.0633711 0.0624827 0.000888417
72 Reddit_A.txt 0.0641598 0.0624921 0.00166768
73 Reddit_A.txt 0.0637658 0.0624211 0.00134461
74 Reddit_A.txt 0.066143 0.0624039 0.00373909
75 Reddit_A.txt 0.0670092 0.062349 0.00466019
76 Reddit_A.txt 0.0637878 0.0623383 0.00144953
77 Reddit_A.txt 0.0642225 0.0623283 0.00189425
78 Reddit_A.txt 0.0686006 0.0622824 0.00631813
79 Reddit_A.txt 0.068176 0.0622222 0.00595379
80 Reddit_A.txt 0.0641557 0.0621811 0.00197467
81 Reddit_A.txt 0.0635657 0.0621703 0.00139543
82 Reddit_A.txt 0.0633946 0.0621663 0.00122827
83 Reddit_A.txt 0.0632876 0.0621573 0.0011303
84 Reddit_A.txt 0.0642137 0.062141 0.00207279
85 Reddit_A.txt 0.0641711 0.0620555 0.00211565
86 Reddit_A.txt 0.0639661 0.0620201 0.00194603
87 Reddit_A.txt 0.0635671 0.0620071 0.00155993
88 Reddit_A.txt 0.063681 0.0619698 0.00171113
89 Reddit_A.txt 0.0638099 0.0619518 0.00185811
90 Reddit_A.txt 0.0638567 0.0619069 0.00194988
91 Reddit_A.txt 0.0643478 0.0618977 0.00245008
92 Reddit_A.txt 0.0652868 0.0618906 0.00339612
93 Reddit_A.txt 0.065004 0.061885 0.00311892
94 Reddit_A.txt 0.0652927 0.0618184 0.00347431
95 Reddit_A.txt 0.0657823 0.061794 0.00398826
96 Reddit_A.txt 0.0640367 0.060346 0.00369061
97 Reddit_A.txt 0.0641756 0.0602642 0.00391146
98 Reddit_A.txt 0.0644418 0.0602252 0.0042166
99 Reddit_A.txt 0.0635051 0.0602123 0.00329276
100 Reddit_A.txt 0.064383 0.0601344 0.00424856
101 Reddit_A.txt 0.0643182 0.0601298 0.00418831
102 Reddit_A.txt 0.0640595 0.0601099 0.00394966
103 Reddit_A.txt 0.064223 0.0600971 0.00412586
104 Reddit_A.txt 0.0630889 0.0600898 0.00299911
105 Reddit_A.txt 0.0637532 0.0600655 0.00368767
106 Reddit_A.txt 0.0633929 0.0600565 0.00333638
107 Reddit_A.txt 0.0634903 0.0600439 0.00344645
108 Reddit_A.txt 0.0631587 0.0599719 0.00318684
109 Reddit_A.txt 0.0619143 0.0599311 0.0019832
110 Reddit_A.txt 0.0621936 0.0598606 0.002333
111 Reddit_A.txt 0.0628433 0.0598483 0.002995
112 Reddit_A.txt 0.0622764 0.0598372 0.00243917
113 Reddit_A.txt 0.0626128 0.0598298 0.00278302
114 Reddit_A.txt 0.0630107 0.0597826 0.00322807
115 Reddit_A.txt 0.0627136 0.0597858 0.0029278
116 Reddit_A.txt 0.0620706 0.0597225 0.00234801
117 Reddit_A.txt 0.0628204 0.0597168 0.00310361
118 Reddit_A.txt 0.0622067 0.0596758 0.00253088
119 Reddit_A.txt 0.0621267 0.059668 0.00245872
120 Reddit_A.txt 0.0629647 0.0596355 0.00332919
121 Reddit_A.txt 0.0642917 0.0596168 0.00467492
122 Reddit_A.txt 0.0655682 0.0595808 0.00598747
123 Reddit_A.txt 0.0654225 0.0595685 0.00585403
124 Reddit_A.txt 0.0619798 0.0595004 0.00247942
125 Reddit_A.txt 0.0617566 0.0594938 0.00226277
126 Reddit_A.txt 0.0626153 0.0594656 0.00314973
127 Reddit_A.txt 0.0636666 0.0594363 0.00423033
128 Reddit_A.txt 0.0642164 0.0593953 0.00482117
129 Reddit_A.txt 0.0640018 0.0593791 0.0046227
130 Reddit_A.txt 0.0625597 0.0593682 0.00319144
131 Reddit_A.txt 0.0613756 0.0592965 0.00207909
132 Reddit_A.txt 0.0613296 0.0592571 0.00207247
133 Reddit_A.txt 0.0628952 0.0592127 0.00368253
134 Reddit_A.txt 0.0616516 0.0591889 0.00246276
135 Reddit_A.txt 0.0663108 0.0591876 0.00712322
136 Reddit_A.txt 0.0629201 0.059148 0.00377213
137 Reddit_A.txt 0.0630661 0.0591358 0.00393035
138 Reddit_A.txt 0.0620103 0.0590678 0.00294247
139 Reddit_A.txt 0.0623453 0.059037 0.00330832
140 Reddit_A.txt 0.0627164 0.0590231 0.00369327
141 Reddit_A.txt 0.062108 0.058958 0.00315
142 Reddit_A.txt 0.0634565 0.0589025 0.00455391
143 Reddit_A.txt 0.0624647 0.0588298 0.00363492
144 Reddit_A.txt 0.0628754 0.0602239 0.00265156
145 Reddit_A.txt 0.0627907 0.0602112 0.00257948
146 Reddit_A.txt 0.0627584 0.0601941 0.00256421
147 Reddit_A.txt 0.0633867 0.0601816 0.00320509
148 Reddit_A.txt 0.0632818 0.0601651 0.00311661
149 Reddit_A.txt 0.0628526 0.0600898 0.00276273
150 Reddit_A.txt 0.0632244 0.0600666 0.00315777
151 Reddit_A.txt 0.0648333 0.0600283 0.00480503
152 Reddit_A.txt 0.0628334 0.05995 0.0028834
153 Reddit_A.txt 0.0634969 0.0599392 0.00355773
154 Reddit_A.txt 0.0629337 0.059892 0.00304169
155 Reddit_A.txt 0.0649381 0.0598737 0.0050644
156 Reddit_A.txt 0.0644094 0.0598495 0.00455996
157 Reddit_A.txt 0.0636178 0.0598091 0.00380874
158 Reddit_A.txt 0.0627637 0.0598133 0.00295043
159 Reddit_A.txt 0.0634064 0.0596889 0.00371748
160 Reddit_A.txt 0.0630229 0.0596866 0.00333629
161 Reddit_A.txt 0.063602 0.0596307 0.00397135
162 Reddit_A.txt 0.0640478 0.0596116 0.00443624
163 Reddit_A.txt 0.0631663 0.0595843 0.003582
164 Reddit_A.txt 0.0626176 0.0595312 0.00308641
165 Reddit_A.txt 0.0637589 0.0595273 0.00423159
166 Reddit_A.txt 0.0640319 0.0595071 0.00452481
167 Reddit_A.txt 0.0649752 0.059431 0.00554417
168 Reddit_A.txt 0.063223 0.0593385 0.00388455
169 Reddit_A.txt 0.0625016 0.059302 0.00319964
170 Reddit_A.txt 0.061841 0.0592779 0.00256313
171 Reddit_A.txt 0.0633471 0.0592289 0.00411821
172 Reddit_A.txt 0.062876 0.0592154 0.00366065
173 Reddit_A.txt 0.062951 0.059199 0.003752
174 Reddit_A.txt 0.0635723 0.0591274 0.00444499
175 Reddit_A.txt 0.0639665 0.0590922 0.00487437
176 Reddit_A.txt 0.0630322 0.0590856 0.00394661
177 Reddit_A.txt 0.063548 0.0590798 0.00446822
178 Reddit_A.txt 0.0633965 0.0590389 0.0043576
179 Reddit_A.txt 0.0674299 0.0589995 0.00843041
180 Reddit_A.txt 0.0742256 0.0589522 0.0152734
181 Reddit_A.txt 0.0636456 0.0589085 0.00473707
182 Reddit_A.txt 0.0628347 0.0588947 0.00394009
183 Reddit_A.txt 0.0624796 0.0588721 0.00360754
184 Reddit_A.txt 0.0646374 0.0588301 0.00580737
185 Reddit_A.txt 0.0619815 0.058754 0.00322753
186 Reddit_A.txt 0.0637076 0.0586524 0.00505519
187 Reddit_A.txt 0.0625059 0.0586523 0.00385355
188 Reddit_A.txt 0.0655459 0.058632 0.00691386
189 Reddit_A.txt 0.0619364 0.0585984 0.00333794
190 Reddit_A.txt 0.0626765 0.0585392 0.00413728
191 Reddit_A.txt 0.0632981 0.0584867 0.0048114
192 Reddit_A.txt 0.0607315 0.0570729 0.00365866
193 Reddit_A.txt 0.0619923 0.057049 0.0049433
194 Reddit_A.txt 0.061184 0.0570112 0.00417279
195 Reddit_A.txt 0.0614337 0.056986 0.00444773
196 Reddit_A.txt 0.0617781 0.0569795 0.00479866
197 Reddit_A.txt 0.0643522 0.0569335 0.00741868
198 Reddit_A.txt 0.0620215 0.0568917 0.00512984
199 Reddit_A.txt 0.0607988 0.0568332 0.00396564
200 Reddit_A.txt 0.0616309 0.056733 0.00489787
201 Reddit_A.txt 0.0614809 0.0567008 0.00478016
202 Reddit_A.txt 0.0609746 0.0566908 0.00428371
203 Reddit_A.txt 0.0615758 0.056684 0.00489179
204 Reddit_A.txt 0.060575 0.0566566 0.00391845
205 Reddit_A.txt 0.0668453 0.0566272 0.0102182
206 Reddit_A.txt 0.0607412 0.0565828 0.00415839
207 Reddit_A.txt 0.0602092 0.0564986 0.00371058
208 Reddit_A.txt 0.0608286 0.0564958 0.00433282
209 Reddit_A.txt 0.0631015 0.0564552 0.00664633
210 Reddit_A.txt 0.0605463 0.0564034 0.00414287
211 Reddit_A.txt 0.060174 0.0563865 0.00378753
212 Reddit_A.txt 0.0608829 0.0563086 0.00457425
213 Reddit_A.txt 0.0613441 0.0563 0.0050441
214 Reddit_A.txt 0.0611053 0.0563005 0.00480485
215 Reddit_A.txt 0.0614779 0.0562505 0.00522739
216 Reddit_A.txt 0.0606705 0.0562479 0.00442263
217 Reddit_A.txt 0.0619054 0.0562062 0.00569922
218 Reddit_A.txt 0.0601964 0.0561959 0.00400053
219 Reddit_A.txt 0.0607051 0.0561567 0.00454839
220 Reddit_A.txt 0.0617697 0.0561523 0.00561739
221 Reddit_A.txt 0.0618814 0.056143 0.00573848
222 Reddit_A.txt 0.0595862 0.0464043 0.0131818
223 Reddit_A.txt 0.0541426 0.0464046 0.00773796
224 Reddit_A.txt 0.0516045 0.0463989 0.0052056
225 Reddit_A.txt 0.0539672 0.0464211 0.00754617
226 Reddit_A.txt 0.0514038 0.0464663 0.0049375
227 Reddit_A.txt 0.0525623 0.0464726 0.00608976
228 Reddit_A.txt 0.0525338 0.0464436 0.00609024
229 Reddit_A.txt 0.0521876 0.0464437 0.00574397
230 Reddit_A.txt 0.0580062 0.0464859 0.0115203
231 Reddit_A.txt 0.0536106 0.0465095 0.00710111
232 Reddit_A.txt 0.0501993 0.0465074 0.00369184
233 Reddit_A.txt 0.0509735 0.0465064 0.0044672
234 Reddit_A.txt 0.0529204 0.0464723 0.00644803
235 Reddit_A.txt 0.0535239 0.0464982 0.00702568
236 Reddit_A.txt 0.0514968 0.0464865 0.00501024
237 Reddit_A.txt 0.0507315 0.0464871 0.00424439
238 Reddit_A.txt 0.0506285 0.0464258 0.00420271
239 Reddit_A.txt 0.0513281 0.0464229 0.00490529
240 Reddit_A.txt 0.0533632 0.0478114 0.00555171
241 Reddit_A.txt 0.056277 0.0478028 0.00847415
242 Reddit_A.txt 0.0542271 0.0478449 0.00638225
243 Reddit_A.txt 0.0543261 0.0478776 0.00644848
244 Reddit_A.txt 0.0529949 0.0478763 0.00511862
245 Reddit_A.txt 0.0581264 0.0478901 0.0102364
246 Reddit_A.txt 0.0538649 0.0479192 0.00594575
247 Reddit_A.txt 0.0565369 0.0479343 0.00860261
248 Reddit_A.txt 0.05487 0.0479602 0.00690983
249 Reddit_A.txt 0.0529061 0.0478971 0.00500901
250 Reddit_A.txt 0.0573625 0.0478971 0.00946535
251 Reddit_A.txt 0.0538071 0.0478443 0.0059628
252 Reddit_A.txt 0.0538192 0.0478467 0.00597254
253 Reddit_A.txt 0.054463 0.0478452 0.0066178
254 Reddit_A.txt 0.0557798 0.0477939 0.00798586
255 Reddit_A.txt 0.0552806 0.0477991 0.00748156
256 Reddit_A.txt 0.0539944 0.0477907 0.00620371
257 Reddit_A.txt 0.0568077 0.0477327 0.00907507
258 Reddit_A.txt 0.0545705 0.0477274 0.0068431
259 Reddit_A.txt 0.0536892 0.0477174 0.00597182
260 Reddit_A.txt 0.0521386 0.0477117 0.00442699
261 Reddit_A.txt 0.0537007 0.0476793 0.00602136
262 Reddit_A.txt 0.0534129 0.0476813 0.00573156
263 Reddit_A.txt 0.0534945 0.0476249 0.0058696
264 Reddit_A.txt 0.0533274 0.0476398 0.00568759
265 Reddit_A.txt 0.052401 0.0476211 0.00477985
266 Reddit_A.txt 0.0532681 0.0476177 0.00565036
267 Reddit_A.txt 0.0556483 0.0475548 0.00809351
268 Reddit_A.txt 0.0567135 0.0475181 0.00919537
269 Reddit_A.txt 0.0534939 0.0475166 0.00597738
270 Reddit_A.txt 0.0575964 0.0474765 0.0101199
271 Reddit_A.txt 0.0579327 0.047475 0.0104576
272 Reddit_A.txt 0.0518731 0.0474125 0.00446059
273 Reddit_A.txt 0.052875 0.0474124 0.00546268
274 Reddit_A.txt 0.0525219 0.047346 0.00517584
275 Reddit_A.txt 0.0559297 0.0473422 0.00858753
276 Reddit_A.txt 0.0545994 0.0473355 0.00726385
277 Reddit_A.txt 0.0541694 0.0472764 0.00689292
278 Reddit_A.txt 0.0538842 0.0472671 0.00661709
279 Reddit_A.txt 0.0546037 0.0472172 0.00738653
280 Reddit_A.txt 0.0572329 0.0471833 0.0100497
281 Reddit_A.txt 0.0537115 0.0471803 0.00653128
282 Reddit_A.txt 0.0545764 0.0471146 0.00746172
283 Reddit_A.txt 0.0549062 0.0471039 0.00780225
284 Reddit_A.txt 0.0583626 0.0470844 0.0112783
285 Reddit_A.txt 0.0526812 0.0470747 0.00560651
286 Reddit_A.txt 0.0530933 0.0470165 0.00607679
287 Reddit_A.txt 0.0553419 0.0469735 0.00836842
288 Reddit_A.txt 0.0531531 0.0455837 0.00756938
289 Reddit_A.txt 0.0507754 0.045571 0.00520448
290 Reddit_A.txt 0.0513919 0.0455589 0.005833
291 Reddit_A.txt 0.0571308 0.0455535 0.0115773
292 Reddit_A.txt 0.0549021 0.045549 0.00935306
293 Reddit_A.txt 0.0567544 0.0454707 0.0112837
294 Reddit_A.txt 0.051056 0.0454661 0.00558996
295 Reddit_A.txt 0.052869 0.0454617 0.00740738
296 Reddit_A.txt 0.0600866 0.0454114 0.0146752
297 Reddit_A.txt 0.0520119 0.0454008 0.0066112
298 Reddit_A.txt 0.0540528 0.0453908 0.008662
299 Reddit_A.txt 0.0520783 0.0453359 0.0067424
300 Reddit_A.txt 0.051746 0.0453278 0.00641821
301 Reddit_A.txt 0.0542424 0.0452379 0.00900453
302 Reddit_A.txt 0.0516873 0.045217 0.00647034
303 Reddit_A.txt 0.0548726 0.0451967 0.00967594
304 Reddit_A.txt 0.0508658 0.0451618 0.00570399
305 Reddit_A.txt 0.0512525 0.0451521 0.00610044
306 Reddit_A.txt 0.0502128 0.045149 0.00506375
307 Reddit_A.txt 0.0537493 0.0451382 0.00861105
308 Reddit_A.txt 0.0509344 0.0451254 0.00580906
309 Reddit_A.txt 0.0583644 0.0450629 0.0133015
310 Reddit_A.txt 0.0564872 0.0450479 0.0114393
311 Reddit_A.txt 0.0555233 0.0450069 0.0105164
312 Reddit_A.txt 0.0516549 0.0450033 0.00665158
313 Reddit_A.txt 0.0527752 0.0449596 0.00781554
314 Reddit_A.txt 0.0541813 0.0449461 0.00923518
315 Reddit_A.txt 0.0530768 0.0448929 0.00818393
316 Reddit_A.txt 0.0525754 0.0448782 0.00769725
317 Reddit_A.txt 0.052267 0.0448341 0.00743294
318 Reddit_A.txt 0.0562638 0.044824 0.0114398
319 Reddit_A.txt 0.0523379 0.0448055 0.00753248
320 Reddit_A.txt 0.0508106 0.0447716 0.00603899
321 Reddit_A.txt 0.0524439 0.0447572 0.00768671
322 Reddit_A.txt 0.0527498 0.0446978 0.00805196
323 Reddit_A.txt 0.0524075 0.0446456 0.00776189
324 Reddit_A.txt 0.054511 0.0446292 0.0098818
325 Reddit_A.txt 0.0517794 0.0445864 0.00719306
326 Reddit_A.txt 0.0510172 0.0445737 0.00644354
327 Reddit_A.txt 0.0545012 0.0445325 0.0099687
328 Reddit_A.txt 0.0570034 0.0445267 0.0124767
329 Reddit_A.txt 0.0566666 0.044516 0.0121507
330 Reddit_A.txt 0.0516015 0.0444759 0.00712567
331 Reddit_A.txt 0.0523483 0.0444594 0.00788887
332 Reddit_A.txt 0.0524088 0.0443685 0.00804039
333 Reddit_A.txt 0.0501338 0.0443087 0.00582513
334 Reddit_A.txt 0.051403 0.0443042 0.00709876
335 Reddit_A.txt 0.0512981 0.0443032 0.00699488
336 Reddit_A.txt 0.0551317 0.0456904 0.00944125
337 Reddit_A.txt 0.0548703 0.0456773 0.0091929
338 Reddit_A.txt 0.0566331 0.0456726 0.0109605
339 Reddit_A.txt 0.0506726 0.0456175 0.00505512
340 Reddit_A.txt 0.0547251 0.045582 0.00914313
341 Reddit_A.txt 0.0539035 0.0455686 0.00833492
342 Reddit_A.txt 0.0524116 0.0455403 0.00687132
343 Reddit_A.txt 0.0541322 0.0455016 0.00863056
344 Reddit_A.txt 0.0503532 0.0454886 0.00486463
345 Reddit_A.txt 0.0534977 0.0454782 0.00801952
346 Reddit_A.txt 0.0596116 0.0454752 0.0141364
347 Reddit_A.txt 0.0539577 0.0454676 0.00849016
348 Reddit_A.txt 0.0540608 0.0454571 0.00860374
349 Reddit_A.txt 0.0611899 0.0454041 0.0157858
350 Reddit_A.txt 0.0526998 0.0453782 0.00732157
351 Reddit_A.txt 0.0528823 0.0452908 0.0075915
352 Reddit_A.txt 0.0513798 0.0452925 0.00608736
353 Reddit_A.txt 0.0553614 0.045246 0.0101155
354 Reddit_A.txt 0.0553906 0.0452345 0.010156
355 Reddit_A.txt 0.0531235 0.04519 0.00793353
356 Reddit_A.txt 0.0611164 0.0451785 0.0159378
357 Reddit_A.txt 0.0624405 0.0451236 0.0173169
358 Reddit_A.txt 0.0562241 0.0451165 0.0111076
359 Reddit_A.txt 0.0525824 0.0450831 0.00749925
360 Reddit_A.txt 0.0528043 0.0450816 0.00772266
361 Reddit_A.txt 0.0555723 0.0450609 0.0105114
362 Reddit_A.txt 0.0495542 0.0450355 0.00451872
363 Reddit_A.txt 0.0534813 0.0450223 0.00845897
364 Reddit_A.txt 0.0577468 0.044966 0.0127808
365 Reddit_A.txt 0.0548074 0.0449539 0.0098535
366 Reddit_A.txt 0.0551146 0.0449436 0.010171
367 Reddit_A.txt 0.0540205 0.0448985 0.00912191
368 Reddit_A.txt 0.0573438 0.0448934 0.0124505
369 Reddit_A.txt 0.0523012 0.0448199 0.00748129
370 Reddit_A.txt 0.0605627 0.0448016 0.0157611
371 Reddit_A.txt 0.0555247 0.0447461 0.0107786
372 Reddit_A.txt 0.0526338 0.0447398 0.00789397
373 Reddit_A.txt 0.0614456 0.0446734 0.0167722
374 Reddit_A.txt 0.0504586 0.0446534 0.00580522
375 Reddit_A.txt 0.0539944 0.0446051 0.00938932
376 Reddit_A.txt 0.0540245 0.0445946 0.00942987
377 Reddit_A.txt 0.0539408 0.0445765 0.00936428
378 Reddit_A.txt 0.0562654 0.0445476 0.0117178
379 Reddit_A.txt 0.0528934 0.044523 0.0083704
380 Reddit_A.txt 0.0547874 0.0445073 0.0102801
381 Reddit_A.txt 0.0567204 0.0444998 0.0122207
382 Reddit_A.txt 0.0530869 0.0444883 0.00859856
383 Reddit_A.txt 0.054341 0.0444717 0.00986932
384 Reddit_A.txt 0.0525396 0.0430207 0.00951896
385 Reddit_A.txt 0.0509965 0.0429857 0.00801077
386 Reddit_A.txt 0.0527172 0.0429747 0.00974249
387 Reddit_A.txt 0.061088 0.0429631 0.0181249
388 Reddit_A.txt 0.0596707 0.0429028 0.0167678
389 Reddit_A.txt 0.0547 0.0428935 0.0118065
390 Reddit_A.txt 0.05382 0.0428746 0.0109454
391 Reddit_A.txt 0.05848 0.0428433 0.0156367
392 Reddit_A.txt 0.050059 0.0428332 0.00722574
393 Reddit_A.txt 0.0508976 0.0427769 0.00812065
394 Reddit_A.txt 0.0520298 0.042763 0.00926679
395 Reddit_A.txt 0.0538488 0.0427232 0.0111256
396 Reddit_A.txt 0.0503452 0.0427171 0.00762812
397 Reddit_A.txt 0.049957 0.0427028 0.00725424
398 Reddit_A.txt 0.0514957 0.0426474 0.00884828
399 Reddit_A.txt 0.0539928 0.0426262 0.0113666
400 Reddit_A.txt 0.0543936 0.0426251 0.0117685
401 Reddit_A.txt 0.0543647 0.0426114 0.0117532
402 Reddit_A.txt 0.0517924 0.042575 0.00921742
403 Reddit_A.txt 0.0488863 0.0425534 0.00633297
404 Reddit_A.txt 0.0613274 0.0425152 0.0188122
405 Reddit_A.txt 0.0656871 0.0425114 0.0231757
406 Reddit_A.txt 0.0572337 0.0424454 0.0147883
407 Reddit_A.txt 0.0534104 0.0424393 0.0109711
408 Reddit_A.txt 0.052373 0.0423982 0.00997481
409 Reddit_A.txt 0.0605636 0.0423752 0.0181883
410 Reddit_A.txt 0.0539093 0.0423583 0.011551
411 Reddit_A.txt 0.0528293 0.0423464 0.0104829
412 Reddit_A.txt 0.0565746 0.0423252 0.0142494
413 Reddit_A.txt 0.0545931 0.0422837 0.0123094
414 Reddit_A.txt 0.0515987 0.0422675 0.00933122
415 Reddit_A.txt 0.054715 0.0422442 0.0124708
416 Reddit_A.txt 0.0494214 0.0422028 0.00721864
417 Reddit_A.txt 0.0505873 0.0421838 0.00840345
418 Reddit_A.txt 0.049945 0.0421397 0.00780529
419 Reddit_A.txt 0.0480869 0.0421137 0.00597316
420 Reddit_A.txt 0.058337 0.0421086 0.0162284
421 Reddit_A.txt 0.052682 0.0420947 0.0105874
422 Reddit_A.txt 0.0694536 0.0420347 0.0274189
423 Reddit_A.txt 0.0607354 0.0420323 0.0187031
424 Reddit_A.txt 0.0527845 0.0420238 0.0107607
425 Reddit_A.txt 0.0516316 0.0420096 0.00962204
426 Reddit_A.txt 0.0504661 0.0419595 0.0085066
427 Reddit_A.txt 0.0549264 0.0419225 0.0130039
428 Reddit_A.txt 0.053845 0.0419156 0.0119294
429 Reddit_A.txt 0.0523162 0.0419166 0.0103996
430 Reddit_A.txt 0.0581628 0.0418788 0.016284
431 Reddit_A.txt 0.0590584 0.0418771 0.0171812
432 Reddit_A.txt 0.0534264 0.0431978 0.0102286
433 Reddit_A.txt 0.0560159 0.0431786 0.0128373
434 Reddit_A.txt 0.0518679 0.0431656 0.00870226
435 Reddit_A.txt 0.0525067 0.0431266 0.00938002
436 Reddit_A.txt 0.0530261 0.0431141 0.00991196
437 Reddit_A.txt 0.0555494 0.0430737 0.0124757
438 Reddit_A.txt 0.0587014 0.0430653 0.0156361
439 Reddit_A.txt 0.0614182 0.0430471 0.0183711
440 Reddit_A.txt 0.0522552 0.0430427 0.00921254
441 Reddit_A.txt 0.0515755 0.0430276 0.00854795
442 Reddit_A.txt 0.0570892 0.0430148 0.0140744
443 Reddit_A.txt 0.053283 0.042999 0.010284
444 Reddit_A.txt 0.0555311 0.0429197 0.0126113
445 Reddit_A.txt 0.0602073 0.0429043 0.0173029
446 Reddit_A.txt 0.0559829 0.0429097 0.0130732
447 Reddit_A.txt 0.0630381 0.0428724 0.0201658
448 Reddit_A.txt 0.0581672 0.0428679 0.0152994
449 Reddit_A.txt 0.059596 0.0428695 0.0167265
450 Reddit_A.txt 0.0526274 0.0428173 0.00981004
451 Reddit_A.txt 0.0511934 0.0427846 0.00840885
452 Reddit_A.txt 0.054161 0.0427672 0.0113938
453 Reddit_A.txt 0.0528363 0.0427617 0.0100746
454 Reddit_A.txt 0.0512035 0.0427503 0.00845316
455 Reddit_A.txt 0.0604001 0.0427442 0.017656
456 Reddit_A.txt 0.0657545 0.0427476 0.0230069
457 Reddit_A.txt 0.056953 0.0427411 0.0142119
458 Reddit_A.txt 0.0488414 0.0426774 0.00616397
459 Reddit_A.txt 0.0563023 0.0426737 0.0136286
460 Reddit_A.txt 0.0531914 0.0426608 0.0105305
461 Reddit_A.txt 0.0556548 0.0426485 0.0130063
462 Reddit_A.txt 0.0604659 0.042642 0.0178239
463 Reddit_A.txt 0.0510546 0.0426312 0.00842343
464 Reddit_A.txt 0.0565122 0.0425817 0.0139305
465 Reddit_A.txt 0.0597577 0.0425642 0.0171935
466 Reddit_A.txt 0.0519376 0.0425482 0.00938933
467 Reddit_A.txt 0.0537518 0.0425288 0.0112229
468 Reddit_A.txt 0.0567528 0.0425194 0.0142334
469 Reddit_A.txt 0.0631025 0.0424915 0.020611
470 Reddit_A.txt 0.0544699 0.0424864 0.0119835
471 Reddit_A.txt 0.0535751 0.0424735 0.0111016
472 Reddit_A.txt 0.0520722 0.0424625 0.00960971
473 Reddit_A.txt 0.0564021 0.0424621 0.0139399
474 Reddit_A.txt 0.06097 0.042447 0.0185231
475 Reddit_A.txt 0.0511945 0.0424325 0.00876198
476 Reddit_A.txt 0.0624514 0.0423876 0.0200639
477 Reddit_A.txt 0.0580105 0.0423767 0.0156338
478 Reddit_A.txt 0.0556674 0.0423554 0.013312
479 Reddit_A.txt 0.0777839 0.0662746 0.0115092
480 Reddit_A.txt 0.0778805 0.0648841 0.0129965
481 Reddit_A.txt 0.0730966 0.0648755 0.00822111
482 Reddit_A.txt 0.0773361 0.0648596 0.0124764
483 Reddit_A.txt 0.0806215 0.0648485 0.0157729
484 Reddit_A.txt 0.0775308 0.0675707 0.00996011
485 Reddit_A.txt 0.0771194 0.0675651 0.0095543
486 Reddit_A.txt 0.0811154 0.0684106 0.0127048
487 Reddit_A.txt 0.085391 0.0697596 0.0156315
488 Reddit_A.txt 0.0871643 0.0699019 0.0172624
489 Reddit_A.txt 0.086861 0.069949 0.016912
490 Reddit_A.txt 0.0894293 0.0699261 0.0195032
491 Reddit_A.txt 0.0801218 0.069926 0.0101958
492 Reddit_A.txt 0.0909028 0.0699249 0.0209779
493 Reddit_A.txt 0.0879436 0.0698777 0.0180659
494 Reddit_A.txt 0.0927544 0.0698703 0.0228841
495 Reddit_A.txt 0.0866244 0.0698122 0.0168122
496 Reddit_A.txt 0.0800149 0.0697842 0.0102308
497 Reddit_A.txt 0.0861691 0.0697844 0.0163846
498 Reddit_A.txt 0.0891847 0.0697245 0.0194601
499 Reddit_A.txt 0.0798686 0.0697267 0.0101419
500 Reddit_A.txt 0.0821103 0.069722 0.0123883
501 Reddit_A.txt 0.0796007 0.0696693 0.00993144
502 Reddit_A.txt 0.0822105 0.0696651 0.0125454
503 Reddit_A.txt 0.080576 0.0696272 0.0109488
504 Reddit_A.txt 0.078464 0.0696226 0.00884137
505 Reddit_A.txt 0.0842405 0.0696114 0.0146291
506 Reddit_A.txt 0.0871929 0.0696171 0.0175758
507 Reddit_A.txt 0.0854389 0.0695993 0.0158396
508 Reddit_A.txt 0.0841696 0.0695671 0.0146025
509 Reddit_A.txt 0.0872834 0.0695675 0.0177159
510 Reddit_A.txt 0.0808997 0.0695716 0.0113281
511 Reddit_A.txt 0.088118 0.0695578 0.0185602
512 Reddit_A.txt 0.0854057 0.0695352 0.0158705
513 Reddit_A.txt 0.0949324 0.0695057 0.0254267
514 Reddit_A.txt 0.0983438 0.0695058 0.028838
515 Reddit_A.txt 0.0811448 0.0695071 0.0116376
516 Reddit_A.txt 0.084974 0.0694342 0.0155399
517 Reddit_A.txt 0.0872511 0.0694345 0.0178165
518 Reddit_A.txt 0.084567 0.069365 0.015202
519 Reddit_A.txt 0.0973581 0.0693613 0.0279967
520 Reddit_A.txt 0.0836417 0.0692879 0.0143538
521 Reddit_A.txt 0.0809271 0.0692845 0.0116427
522 Reddit_A.txt 0.0811994 0.0692266 0.0119728
523 Reddit_A.txt 0.0902696 0.0692209 0.0210487
524 Reddit_A.txt 0.0875948 0.069221 0.0183738
525 Reddit_A.txt 0.0862752 0.0692176 0.0170576
526 Reddit_A.txt 0.0799589 0.069203 0.0107559
527 Reddit_A.txt 0.102203 0.0691941 0.0330087
528 Reddit_A.txt 0.0857596 0.070555 0.0152047
529 Reddit_A.txt 0.0925781 0.0705437 0.0220344
530 Reddit_A.txt 0.0936548 0.0705327 0.023122
531 Reddit_A.txt 0.0908573 0.0705202 0.0203371
532 Reddit_A.txt 0.091515 0.070521 0.020994
533 Reddit_A.txt 0.0816618 0.0705073 0.0111545
534 Reddit_A.txt 0.0816832 0.070498 0.0111852
535 Reddit_A.txt 0.0890676 0.0704662 0.0186014
536 Reddit_A.txt 0.0829163 0.070463 0.0124532
537 Reddit_A.txt 0.0860058 0.0704224 0.0155833
538 Reddit_A.txt 0.0931436 0.0704107 0.0227329
539 Reddit_A.txt 0.0839565 0.0703589 0.0135975
540 Reddit_A.txt 0.0854644 0.0703584 0.015106
541 Reddit_A.txt 0.0834334 0.070282 0.0131514
542 Reddit_A.txt 0.0837797 0.0702777 0.013502
543 Reddit_A.txt 0.0867261 0.0702451 0.0164811
544 Reddit_A.txt 0.0940174 0.0702485 0.0237689
545 Reddit_A.txt 0.0816867 0.0702076 0.0114792
546 Reddit_A.txt 0.086918 0.0702072 0.0167107
547 Reddit_A.txt 0.0848186 0.0701708 0.0146478
548 Reddit_A.txt 0.0869702 0.0701752 0.016795
549 Reddit_A.txt 0.0802236 0.070132 0.0100916
550 Reddit_A.txt 0.0872216 0.0701271 0.0170946
551 Reddit_A.txt 0.0815484 0.0700663 0.0114821
552 Reddit_A.txt 0.08137 0.070052 0.011318
553 Reddit_A.txt 0.085231 0.0700433 0.0151878
554 Reddit_A.txt 0.0909341 0.0700291 0.0209049
555 Reddit_A.txt 0.0851661 0.0700208 0.0151453
556 Reddit_A.txt 0.0845143 0.0700058 0.0145084
557 Reddit_A.txt 0.101379 0.0699986 0.0313808
558 Reddit_A.txt 0.0802011 0.0699648 0.0102363
559 Reddit_A.txt 0.0808238 0.069945 0.0108788
560 Reddit_A.txt 0.0984135 0.0698904 0.0285231
561 Reddit_A.txt 0.10176 0.069868 0.0318924
562 Reddit_A.txt 0.0876742 0.0698578 0.0178164
563 Reddit_A.txt 0.0920158 0.0697957 0.0222201
564 Reddit_A.txt 0.0870318 0.0697774 0.0172544
565 Reddit_A.txt 0.0874364 0.0697584 0.017678
566 Reddit_A.txt 0.084953 0.0697017 0.0152513
567 Reddit_A.txt 0.0792752 0.0696835 0.00959173
568 Reddit_A.txt 0.0808519 0.069636 0.011216
569 Reddit_A.txt 0.0860722 0.0696335 0.0164387
570 Reddit_A.txt 0.0791119 0.0696248 0.00948716
571 Reddit_A.txt 0.085042 0.0696132 0.0154287
572 Reddit_A.txt 0.0892751 0.0695516 0.0197235
573 Reddit_A.txt 0.0866314 0.0695091 0.0171223
574 Reddit_A.txt 0.0837471 0.0694944 0.0142527
575 Reddit_A.txt 0.090959 0.0694785 0.0214805
576 Reddit_A.txt 0.0832484 0.0680899 0.0151585
577 Reddit_A.txt 0.0838879 0.068076 0.015812
578 Reddit_A.txt 0.0812672 0.0680655 0.0132017
579 Reddit_A.txt 0.0900199 0.0680605 0.0219595
580 Reddit_A.txt 0.0804521 0.0680444 0.0124077
581 Reddit_A.txt 0.084233 0.0680357 0.0161972
582 Reddit_A.txt 0.0813094 0.0680179 0.0132915
583 Reddit_A.txt 0.0752935 0.0679945 0.00729892
584 Reddit_A.txt 0.08634 0.0679915 0.0183485
585 Reddit_A.txt 0.0827882 0.0679574 0.0148308
586 Reddit_A.txt 0.0825312 0.0679603 0.0145709
587 Reddit_A.txt 0.0879227 0.0679578 0.0199649
588 Reddit_A.txt 0.0837399 0.0679216 0.0158183
589 Reddit_A.txt 0.079925 0.0679199 0.0120051
590 Reddit_A.txt 0.0827985 0.0678899 0.0149086
591 Reddit_A.txt 0.0884525 0.0678823 0.0205702
592 Reddit_A.txt 0.0944137 0.0678193 0.0265943
593 Reddit_A.txt 0.0884899 0.0677954 0.0206945
594 Reddit_A.txt 0.0812052 0.0677742 0.013431
595 Reddit_A.txt 0.0910087 0.0677551 0.0232536
596 Reddit_A.txt 0.0861678 0.067676 0.0184918
597 Reddit_A.txt 0.0833192 0.0676515 0.0156677
598 Reddit_A.txt 0.0815486 0.0676113 0.0139373
599 Reddit_A.txt 0.084213 0.0676021 0.0166108
600 Reddit_A.txt 0.0791717 0.0675405 0.0116313
601 Reddit_A.txt 0.0831605 0.0674854 0.0156751
602 Reddit_A.txt 0.0816493 0.0674421 0.0142072
603 Reddit_A.txt 0.0811255 0.0674389 0.0136865
604 Reddit_A.txt 0.0778879 0.0674074 0.0104805
605 Reddit_A.txt 0.0837434 0.0674083 0.0163351
606 Reddit_A.txt 0.0892245 0.0673673 0.0218572
607 Reddit_A.txt 0.089214 0.0673621 0.0218519
608 Reddit_A.txt 0.0861628 0.0673426 0.0188202
609 Reddit_A.txt 0.0802204 0.0673352 0.0128852
610 Reddit_A.txt 0.0834231 0.0673205 0.0161026
611 Reddit_A.txt 0.0877423 0.0673166 0.0204257
612 Reddit_A.txt 0.0919865 0.067276 0.0247105
613 Reddit_A.txt 0.0833929 0.067268 0.0161249
614 Reddit_A.txt 0.0835598 0.0672249 0.0163349
615 Reddit_A.txt 0.0853819 0.0672239 0.018158
616 Reddit_A.txt 0.0801318 0.0671924 0.0129395
617 Reddit_A.txt 0.0847442 0.0671866 0.0175576
618 Reddit_A.txt 0.0829644 0.0671631 0.0158013
619 Reddit_A.txt 0.0864343 0.0671562 0.0192781
620 Reddit_A.txt 0.0816206 0.0671234 0.0144972
621 Reddit_A.txt 0.0958276 0.0671142 0.0287133
622 Reddit_A.txt 0.0844951 0.0670808 0.0174143
623 Reddit_A.txt 0.0799392 0.0670609 0.0128783
624 Reddit_A.txt 0.0848485 0.0684036 0.0164449
625 Reddit_A.txt 0.0784676 0.0683727 0.0100949
626 Reddit_A.txt 0.0893923 0.0683379 0.0210544
627 Reddit_A.txt 0.0913866 0.0683175 0.023069
628 Reddit_A.txt 0.092094 0.0682468 0.0238472
629 Reddit_A.txt 0.085724 0.068213 0.017511
630 Reddit_A.txt 0.0838999 0.0681931 0.0157068
631 Reddit_A.txt 0.081033 0.0681558 0.0128772
632 Reddit_A.txt 0.0830312 0.0681437 0.0148875
633 Reddit_A.txt 0.0850498 0.0681346 0.0169152
634 Reddit_A.txt 0.0772254 0.0681145 0.00911094
635 Reddit_A.txt 0.0854754 0.0680959 0.0173795
636 Reddit_A.txt 0.08531 0.068078 0.0172321
637 Reddit_A.txt 0.0912314 0.0680325 0.0231989
638 Reddit_A.txt 0.0817843 0.0679923 0.013792
639 Reddit_A.txt 0.0881121 0.0679333 0.0201788
640 Reddit_A.txt 0.084428 0.0679286 0.0164994
641 Reddit_A.txt 0.0788432 0.0679237 0.0109194
642 Reddit_A.txt 0.0801738 0.0678531 0.0123207
643 Reddit_A.txt 0.0882171 0.0678385 0.0203785
644 Reddit_A.txt 0.0825537 0.0677796 0.0147741
645 Reddit_A.txt 0.0790194 0.0677559 0.0112634
646 Reddit_A.txt 0.0839987 0.0676884 0.0163103
647 Reddit_A.txt 0.087864 0.0676583 0.0202057
648 Reddit_A.txt 0.0933799 0.0676663 0.0257136
649 Reddit_A.txt 0.0973002 0.0676553 0.0296449
650 Reddit_A.txt 0.0824947 0.0676331 0.0148616
651 Reddit_A.txt 0.0796676 0.0676128 0.0120548
652 Reddit_A.txt 0.0796799 0.0675932 0.0120867
653 Reddit_A.txt 0.0912221 0.0675834 0.0236387
654 Reddit_A.txt 0.0864641 0.0675151 0.0189489
655 Reddit_A.txt 0.0914626 0.0674823 0.0239803
656 Reddit_A.txt 0.0893361 0.0674791 0.021857
657 Reddit_A.txt 0.0860257 0.0674822 0.0185435
658 Reddit_A.txt 0.0939036 0.0674592 0.0264444
659 Reddit_A.txt 0.0951886 0.0674289 0.0277596
660 Reddit_A.txt 0.072858 0.0674261 0.00543189
661 Reddit_A.txt 0.0886972 0.0674102 0.021287
662 Reddit_A.txt 0.0786375 0.0673829 0.0112545
663 Reddit_A.txt 0.0837901 0.0673802 0.0164099
664 Reddit_A.txt 0.0882502 0.0673289 0.0209213
665 Reddit_A.txt 0.0850753 0.0673187 0.0177566
666 Reddit_A.txt 0.102821 0.0672812 0.0355398
667 Reddit_A.txt 0.0917288 0.0672519 0.024477
668 Reddit_A.txt 0.0869525 0.0672334 0.0197191
669 Reddit_A.txt 0.0877501 0.067198 0.0205521
670 Reddit_A.txt 0.0842658 0.0671867 0.0170791
671 Reddit_A.txt 0.091816 0.0671389 0.0246771
672 Reddit_A.txt 0.0911564 0.0657577 0.0253987
673 Reddit_A.txt 0.0860861 0.0657167 0.0203694
674 Reddit_A.txt 0.0808607 0.0656977 0.015163
675 Reddit_A.txt 0.0910109 0.065679 0.0253319
676 Reddit_A.txt 0.085996 0.0656128 0.0203831
677 Reddit_A.txt 0.0847453 0.0655994 0.0191459
678 Reddit_A.txt 0.0786329 0.0655843 0.0130485
679 Reddit_A.txt 0.0964134 0.0655757 0.0308377
680 Reddit_A.txt 0.0811144 0.0655749 0.0155394
681 Reddit_A.txt 0.0808182 0.0655553 0.0152629
682 Reddit_A.txt 0.0793166 0.0655255 0.0137911
683 Reddit_A.txt 0.0946128 0.06553 0.0290828
684 Reddit_A.txt 0.0881231 0.0654616 0.0226615
685 Reddit_A.txt 0.0877121 0.0653908 0.0223213
686 Reddit_A.txt 0.0786641 0.0653258 0.0133384
687 Reddit_A.txt 0.0992316 0.0652945 0.0339371
688 Reddit_A.txt 0.0882036 0.0652928 0.0229107
689 Reddit_A.txt 0.0856059 0.0652281 0.0203778
690 Reddit_A.txt 0.0798783 0.0651928 0.0146855
691 Reddit_A.txt 0.0837254 0.0651897 0.0185357
692 Reddit_A.txt 0.0820513 0.0651811 0.0168702
693 Reddit_A.txt 0.092728 0.0651764 0.0275516
694 Reddit_A.txt 0.0877918 0.0651529 0.0226389
695 Reddit_A.txt 0.0932299 0.0651634 0.0280665
696 Reddit_A.txt 0.0894586 0.0651556 0.0243031
697 Reddit_A.txt 0.0835006 0.065142 0.0183586
698 Reddit_A.txt 0.0807291 0.0650837 0.0156454
699 Reddit_A.txt 0.0813389 0.0650778 0.0162611
700 Reddit_A.txt 0.0831095 0.0650321 0.0180773
701 Reddit_A.txt 0.0833957 0.0650283 0.0183674
702 Reddit_A.txt 0.0822078 0.0650162 0.0171916
703 Reddit_A.txt 0.0882031 0.065001 0.0232022
704 Reddit_A.txt 0.0751447 0.0649602 0.0101845
705 Reddit_A.txt 0.0899358 0.0649191 0.0250167
706 Reddit_A.txt 0.0928525 0.0649122 0.0279403
707 Reddit_A.txt 0.0890425 0.0649097 0.0241328
708 Reddit_A.txt 0.0911372 0.064903 0.0262341
709 Reddit_A.txt 0.0923551 0.0648297 0.0275254
710 Reddit_A.txt 0.0895423 0.0647756 0.0247667
711 Reddit_A.txt 0.101565 0.0647061 0.0368584
712 Reddit_A.txt 0.0838474 0.0646478 0.0191996
713 Reddit_A.txt 0.0814962 0.0646419 0.0168543
714 Reddit_A.txt 0.0793304 0.0646279 0.0147025
715 Reddit_A.txt 0.0761226 0.0646134 0.0115091
716 Reddit_A.txt 0.0823167 0.0645888 0.0177279
717 Reddit_A.txt 0.0821689 0.0645811 0.0175878
718 Reddit_A.txt 0.087027 0.0645638 0.0224631
719 Reddit_A.txt 0.0951992 0.0645514 0.0306478
720 Reddit_A.txt 0.0878163 0.0658977 0.0219186
721 Reddit_A.txt 0.0975079 0.0658739 0.031634
722 Reddit_A.txt 0.0892932 0.0658434 0.0234498
723 Reddit_A.txt 0.0839149 0.0658261 0.0180888
724 Reddit_A.txt 0.0897233 0.0658125 0.0239108
725 Reddit_A.txt 0.0846494 0.0657975 0.0188519
726 Reddit_A.txt 0.0949218 0.0657586 0.0291632
727 Reddit_A.txt 0.0897916 0.0657116 0.02408
728 Reddit_A.txt 0.0847353 0.0657074 0.0190279
729 Reddit_A.txt 0.0934101 0.0656924 0.0277177
730 Reddit_A.txt 0.0865685 0.0656703 0.0208982
731 Reddit_A.txt 0.0949101 0.065618 0.0292921
732 Reddit_A.txt 0.088755 0.0656076 0.0231474
733 Reddit_A.txt 0.0848916 0.0655875 0.0193041
734 Reddit_A.txt 0.0891089 0.0655276 0.0235812
735 Reddit_A.txt 0.0952123 0.0654193 0.0297931
736 Reddit_A.txt 0.0855507 0.0654084 0.0201424
737 Reddit_A.txt 0.0831419 0.065358 0.0177839
738 Reddit_A.txt 0.0948289 0.0653532 0.0294758
739 Reddit_A.txt 0.0927244 0.0653143 0.0274101
740 Reddit_A.txt 0.0879316 0.0653004 0.0226312
741 Reddit_A.txt 0.0888717 0.0652543 0.0236174
742 Reddit_A.txt 0.0904821 0.0652405 0.0252416
743 Reddit_A.txt 0.0847204 0.0651938 0.0195266
744 Reddit_A.txt 0.0836351 0.0651804 0.0184547
745 Reddit_A.txt 0.0854856 0.0651253 0.0203603
746 Reddit_A.txt 0.0875143 0.0651078 0.0224065
747 Reddit_A.txt 0.0922737 0.0651024 0.0271713
748 Reddit_A.txt 0.0831752 0.0650861 0.0180891
749 Reddit_A.txt 0.0810436 0.0650852 0.0159584
750 Reddit_A.txt 0.0917554 0.0650302 0.0267252
751 Reddit_A.txt 0.0943466 0.065023 0.0293236
752 Reddit_A.txt 0.0886604 0.0649634 0.023697
753 Reddit_A.txt 0.0983585 0.0649512 0.0334073
754 Reddit_A.txt 0.212812 0.0649024 0.14791
755 Reddit_A.txt 0.222852 0.0648898 0.157963
756 Reddit_A.txt 0.18263 0.06488 0.11775
757 Reddit_A.txt 0.162685 0.0648703 0.0978152
758 Reddit_A.txt 0.145735 0.0648581 0.0808772
759 Reddit_A.txt 0.13637 0.0648448 0.0715249
760 Reddit_A.txt 0.125627 0.0648419 0.0607846
761 Reddit_A.txt 0.116169 0.0648358 0.0513336
762 Reddit_A.txt 0.108517 0.0648244 0.0436924
763 Reddit_A.txt 0.100506 0.0647735 0.0357325
764 Reddit_A.txt 0.0930751 0.0647539 0.0283211
765 Reddit_A.txt 0.0853402 0.0647257 0.0206145
766 Reddit_A.txt 0.0779058 0.0647245 0.0131813
767 Reddit_A.txt 0.0725851 0.0645827 0.00800239
TACC:  Shutdown complete. Exiting. 
