TACC:  Starting up job 10024616 
TACC:  Starting parallel tasks... 
0 Pubmed_feat_L1.txt 0.00231471 0.00229081 2.3897e-05
1 Pubmed_feat_L1.txt 0.00152892 0.00149696 3.1951e-05
2 Pubmed_feat_L1.txt 0.00249758 0.00246707 3.0507e-05
3 Pubmed_feat_L1.txt 0.00138453 0.00135735 2.7186e-05
4 Pubmed_feat_L1.txt 0.00243928 0.00240733 3.1953e-05
5 Pubmed_feat_L1.txt 0.001409 0.00137624 3.2756e-05
6 Pubmed_feat_L1.txt 0.00242956 0.00239493 3.4636e-05
7 Pubmed_feat_L1.txt 0.00141637 0.00138351 3.2862e-05
8 Pubmed_feat_L1.txt 0.00241631 0.00238323 3.308e-05
9 Pubmed_feat_L1.txt 0.00148613 0.00145763 2.8499e-05
10 Pubmed_feat_L1.txt 0.00239276 0.00235615 3.6609e-05
11 Pubmed_feat_L1.txt 0.00137638 0.00134677 2.9611e-05
12 Pubmed_feat_L1.txt 0.00248221 0.00244972 3.2494e-05
13 Pubmed_feat_L1.txt 0.00144784 0.00141814 2.9699e-05
14 Pubmed_feat_L1.txt 0.00245224 0.00242355 2.8691e-05
15 Pubmed_feat_L1.txt 0.00137949 0.00134548 3.4009e-05
16 Pubmed_feat_L1.txt 0.0021065 0.00207601 3.0499e-05
17 Pubmed_feat_L1.txt 0.00140842 0.00137566 3.276e-05
18 Pubmed_feat_L1.txt 0.00208969 0.00205858 3.1108e-05
19 Pubmed_feat_L1.txt 0.00141608 0.00138844 2.7641e-05
20 Pubmed_feat_L1.txt 0.00217552 0.00214386 3.1653e-05
21 Pubmed_feat_L1.txt 0.00149126 0.00145223 3.903e-05
22 Pubmed_feat_L1.txt 0.00227611 0.002244 3.2109e-05
23 Pubmed_feat_L1.txt 0.00152176 0.00148619 3.5566e-05
24 Pubmed_feat_L1.txt 0.00205028 0.00202201 2.8272e-05
25 Pubmed_feat_L1.txt 0.00143827 0.00141465 2.3622e-05
26 Pubmed_feat_L1.txt 0.00224645 0.00221855 2.7891e-05
27 Pubmed_feat_L1.txt 0.00136408 0.00132902 3.5061e-05
28 Pubmed_feat_L1.txt 0.00234651 0.00231657 2.9941e-05
29 Pubmed_feat_L1.txt 0.00145759 0.00141729 4.0304e-05
30 Pubmed_feat_L1.txt 0.00253776 0.0025112 2.6557e-05
31 Pubmed_feat_L1.txt 0.00139699 0.00136156 3.5425e-05
32 Pubmed_feat_L1.txt 0.00212018 0.00209302 2.716e-05
33 Pubmed_feat_L1.txt 0.00141429 0.00138514 2.9157e-05
34 Pubmed_feat_L1.txt 0.00225851 0.00222836 3.0154e-05
35 Pubmed_feat_L1.txt 0.00141198 0.0013833 2.8683e-05
36 Pubmed_feat_L1.txt 0.00224607 0.00221965 2.6422e-05
37 Pubmed_feat_L1.txt 0.00153902 0.00151262 2.6396e-05
38 Pubmed_feat_L1.txt 0.00215361 0.0021272 2.6409e-05
39 Pubmed_feat_L1.txt 0.00146903 0.00143528 3.3754e-05
40 Pubmed_feat_L1.txt 0.00235618 0.00232765 2.8534e-05
41 Pubmed_feat_L1.txt 0.00139684 0.00136622 3.0627e-05
42 Pubmed_feat_L1.txt 0.00219246 0.00216623 2.6231e-05
43 Pubmed_feat_L1.txt 0.00144423 0.00142124 2.2986e-05
44 Pubmed_feat_L1.txt 0.00228388 0.00225626 2.7616e-05
45 Pubmed_feat_L1.txt 0.00136664 0.00132969 3.6948e-05
46 Pubmed_feat_L1.txt 0.00224023 0.00220786 3.2366e-05
47 Pubmed_feat_L1.txt 0.00146772 0.00143188 3.5846e-05
48 Pubmed_feat_L1.txt 0.00219668 0.00216745 2.9228e-05
49 Pubmed_feat_L1.txt 0.00142155 0.00138956 3.1989e-05
50 Pubmed_feat_L1.txt 0.00232467 0.00229168 3.2985e-05
51 Pubmed_feat_L1.txt 0.00141939 0.00138796 3.1427e-05
52 Pubmed_feat_L1.txt 0.00226905 0.00223699 3.2058e-05
53 Pubmed_feat_L1.txt 0.00140956 0.00138533 2.4226e-05
54 Pubmed_feat_L1.txt 0.00227372 0.00224102 3.2696e-05
55 Pubmed_feat_L1.txt 0.00144163 0.00141578 2.5853e-05
56 Pubmed_feat_L1.txt 0.00217418 0.00214576 2.8426e-05
57 Pubmed_feat_L1.txt 0.00138778 0.00136077 2.7009e-05
58 Pubmed_feat_L1.txt 0.00233031 0.00230375 2.6565e-05
59 Pubmed_feat_L1.txt 0.00133125 0.00129884 3.2403e-05
60 Pubmed_feat_L1.txt 0.00245976 0.00242925 3.0516e-05
61 Pubmed_feat_L1.txt 0.00141714 0.00138313 3.4014e-05
62 Pubmed_feat_L1.txt 0.00230461 0.00227465 2.9954e-05
63 Pubmed_feat_L1.txt 0.00144503 0.00140821 3.6822e-05
64 Pubmed_feat_L1.txt 0.002425 0.00239024 3.476e-05
65 Pubmed_feat_L1.txt 0.00142236 0.00138899 3.3375e-05
66 Pubmed_feat_L1.txt 0.00254191 0.00251687 2.5033e-05
67 Pubmed_feat_L1.txt 0.00144538 0.00141805 2.7329e-05
68 Pubmed_feat_L1.txt 0.00252643 0.0024983 2.8127e-05
69 Pubmed_feat_L1.txt 0.00140128 0.00137314 2.8143e-05
70 Pubmed_feat_L1.txt 0.00241883 0.00238887 2.9959e-05
71 Pubmed_feat_L1.txt 0.00142049 0.00139481 2.5673e-05
72 Pubmed_feat_L1.txt 0.00252995 0.00250122 2.8731e-05
73 Pubmed_feat_L1.txt 0.00144718 0.00141902 2.8163e-05
74 Pubmed_feat_L1.txt 0.00246848 0.00243211 3.6372e-05
75 Pubmed_feat_L1.txt 0.0015152 0.00148857 2.663e-05
76 Pubmed_feat_L1.txt 0.00255205 0.00252207 2.9983e-05
77 Pubmed_feat_L1.txt 0.00140623 0.00137544 3.0784e-05
78 Pubmed_feat_L1.txt 0.00250706 0.00247696 3.0106e-05
79 Pubmed_feat_L1.txt 0.001426 0.00139695 2.9058e-05
80 Pubmed_feat_L1.txt 0.00216415 0.00213252 3.1627e-05
81 Pubmed_feat_L1.txt 0.00138678 0.0013538 3.2986e-05
82 Pubmed_feat_L1.txt 0.00215312 0.00211987 3.3249e-05
83 Pubmed_feat_L1.txt 0.00143973 0.00141331 2.6428e-05
84 Pubmed_feat_L1.txt 0.00208914 0.00206272 2.6429e-05
85 Pubmed_feat_L1.txt 0.00141546 0.00138559 2.9862e-05
86 Pubmed_feat_L1.txt 0.00231216 0.00228562 2.6544e-05
87 Pubmed_feat_L1.txt 0.00140482 0.00137354 3.1284e-05
88 Pubmed_feat_L1.txt 0.00197703 0.00195056 2.647e-05
89 Pubmed_feat_L1.txt 0.00151157 0.00148562 2.5955e-05
90 Pubmed_feat_L1.txt 0.00216534 0.00213299 3.2349e-05
91 Pubmed_feat_L1.txt 0.00141775 0.0013854 3.2344e-05
92 Pubmed_feat_L1.txt 0.00218445 0.0021549 2.9551e-05
93 Pubmed_feat_L1.txt 0.00140899 0.00137409 3.4893e-05
94 Pubmed_feat_L1.txt 0.00245189 0.00242353 2.8363e-05
95 Pubmed_feat_L1.txt 0.00139877 0.00136821 3.0561e-05
96 Pubmed_feat_L1.txt 0.00215952 0.00212424 3.5281e-05
97 Pubmed_feat_L1.txt 0.00143548 0.00140059 3.4892e-05
98 Pubmed_feat_L1.txt 0.00218093 0.00215449 2.6436e-05
99 Pubmed_feat_L1.txt 0.00142518 0.00140083 2.4358e-05
100 Pubmed_feat_L1.txt 0.00218155 0.0021537 2.7857e-05
101 Pubmed_feat_L1.txt 0.00141362 0.00137585 3.7767e-05
102 Pubmed_feat_L1.txt 0.00215816 0.00212857 2.9582e-05
103 Pubmed_feat_L1.txt 0.00136693 0.00133902 2.7914e-05
104 Pubmed_feat_L1.txt 0.00222334 0.00219618 2.7165e-05
105 Pubmed_feat_L1.txt 0.00139502 0.00136926 2.5755e-05
106 Pubmed_feat_L1.txt 0.00211124 0.00208452 2.6724e-05
107 Pubmed_feat_L1.txt 0.0013976 0.0013702 2.7395e-05
108 Pubmed_feat_L1.txt 0.00221741 0.0021897 2.7711e-05
109 Pubmed_feat_L1.txt 0.00134023 0.00130256 3.7668e-05
110 Pubmed_feat_L1.txt 0.00220505 0.00216628 3.8773e-05
111 Pubmed_feat_L1.txt 0.00137588 0.00134464 3.1235e-05
112 Pubmed_feat_L1.txt 0.00222362 0.00219202 3.1597e-05
113 Pubmed_feat_L1.txt 0.0014051 0.00137152 3.3576e-05
114 Pubmed_feat_L1.txt 0.00220783 0.00217754 3.0291e-05
115 Pubmed_feat_L1.txt 0.00142097 0.00137823 4.274e-05
116 Pubmed_feat_L1.txt 0.00205895 0.00202603 3.2922e-05
117 Pubmed_feat_L1.txt 0.00139162 0.00136291 2.8711e-05
118 Pubmed_feat_L1.txt 0.00228895 0.00225725 3.1706e-05
119 Pubmed_feat_L1.txt 0.00139873 0.00136643 3.2307e-05
120 Pubmed_feat_L1.txt 0.00206833 0.00203447 3.3857e-05
121 Pubmed_feat_L1.txt 0.00130014 0.00127057 2.9572e-05
122 Pubmed_feat_L1.txt 0.00224513 0.0022148 3.0326e-05
123 Pubmed_feat_L1.txt 0.00130834 0.00127771 3.0626e-05
124 Pubmed_feat_L1.txt 0.00228769 0.00226222 2.5466e-05
125 Pubmed_feat_L1.txt 0.00144663 0.00141794 2.8697e-05
126 Pubmed_feat_L1.txt 0.00229317 0.00226575 2.7421e-05
127 Pubmed_feat_L1.txt 0.00138134 0.00135012 3.1221e-05
128 Pubmed_feat_L1.txt 0.00243446 0.00240287 3.1597e-05
129 Pubmed_feat_L1.txt 0.00144107 0.00140413 3.6941e-05
130 Pubmed_feat_L1.txt 0.00243316 0.00239116 4.1996e-05
131 Pubmed_feat_L1.txt 0.00149758 0.00145549 4.2091e-05
132 Pubmed_feat_L1.txt 0.00236089 0.00232057 4.032e-05
133 Pubmed_feat_L1.txt 0.0014196 0.00138246 3.7141e-05
134 Pubmed_feat_L1.txt 0.00227238 0.0022339 3.8484e-05
135 Pubmed_feat_L1.txt 0.00141677 0.0013829 3.3864e-05
136 Pubmed_feat_L1.txt 0.00248957 0.00245474 3.4828e-05
137 Pubmed_feat_L1.txt 0.00145585 0.00142308 3.2772e-05
138 Pubmed_feat_L1.txt 0.00237376 0.00234235 3.1409e-05
139 Pubmed_feat_L1.txt 0.00142358 0.00138547 3.8112e-05
140 Pubmed_feat_L1.txt 0.00244627 0.00241951 2.6757e-05
141 Pubmed_feat_L1.txt 0.0014014 0.00137094 3.0459e-05
142 Pubmed_feat_L1.txt 0.00244929 0.00241827 3.1024e-05
143 Pubmed_feat_L1.txt 0.00141663 0.00138315 3.3481e-05
144 Pubmed_feat_L1.txt 0.00222285 0.0021859 3.6954e-05
145 Pubmed_feat_L1.txt 0.00150244 0.00146552 3.6915e-05
146 Pubmed_feat_L1.txt 0.00214944 0.00211413 3.5313e-05
147 Pubmed_feat_L1.txt 0.00144687 0.00141443 3.2446e-05
148 Pubmed_feat_L1.txt 0.00211774 0.00208921 2.8529e-05
149 Pubmed_feat_L1.txt 0.00145471 0.00142621 2.8491e-05
150 Pubmed_feat_L1.txt 0.00223994 0.00221257 2.7371e-05
151 Pubmed_feat_L1.txt 0.00142503 0.00139549 2.9547e-05
152 Pubmed_feat_L1.txt 0.00193166 0.00189778 3.3877e-05
153 Pubmed_feat_L1.txt 0.00143501 0.00140697 2.8042e-05
154 Pubmed_feat_L1.txt 0.00216617 0.00213508 3.1087e-05
155 Pubmed_feat_L1.txt 0.00141387 0.0013821 3.1771e-05
156 Pubmed_feat_L1.txt 0.00226617 0.00223531 3.0867e-05
157 Pubmed_feat_L1.txt 0.00147741 0.00144803 2.9375e-05
158 Pubmed_feat_L1.txt 0.00253015 0.00249848 3.1668e-05
159 Pubmed_feat_L1.txt 0.00139343 0.00136492 2.8509e-05
160 Pubmed_feat_L1.txt 0.00214482 0.00211337 3.1445e-05
161 Pubmed_feat_L1.txt 0.00147962 0.0014482 3.1424e-05
162 Pubmed_feat_L1.txt 0.00214534 0.00211878 2.6561e-05
163 Pubmed_feat_L1.txt 0.00146709 0.00144135 2.5738e-05
164 Pubmed_feat_L1.txt 0.00217679 0.00214682 2.9974e-05
165 Pubmed_feat_L1.txt 0.0014255 0.00139581 2.969e-05
166 Pubmed_feat_L1.txt 0.00215044 0.00212429 2.6148e-05
167 Pubmed_feat_L1.txt 0.0014385 0.00140883 2.9664e-05
168 Pubmed_feat_L1.txt 0.00221872 0.0021871 3.1624e-05
169 Pubmed_feat_L1.txt 0.00157365 0.00154766 2.5985e-05
170 Pubmed_feat_L1.txt 0.0021815 0.00215354 2.7968e-05
171 Pubmed_feat_L1.txt 0.00150561 0.00147375 3.186e-05
172 Pubmed_feat_L1.txt 0.00225474 0.00222357 3.1172e-05
173 Pubmed_feat_L1.txt 0.00145137 0.00141969 3.168e-05
174 Pubmed_feat_L1.txt 0.00218285 0.0021539 2.8951e-05
175 Pubmed_feat_L1.txt 0.00145656 0.00142568 3.0875e-05
176 Pubmed_feat_L1.txt 0.00207739 0.00204661 3.0787e-05
177 Pubmed_feat_L1.txt 0.00154257 0.00151702 2.5545e-05
178 Pubmed_feat_L1.txt 0.00231569 0.00228507 3.0626e-05
179 Pubmed_feat_L1.txt 0.0015827 0.00155798 2.4725e-05
180 Pubmed_feat_L1.txt 0.00207087 0.00204514 2.5733e-05
181 Pubmed_feat_L1.txt 0.00141404 0.00138268 3.1359e-05
182 Pubmed_feat_L1.txt 0.00226716 0.00224075 2.641e-05
183 Pubmed_feat_L1.txt 0.00143943 0.00141052 2.8909e-05
184 Pubmed_feat_L1.txt 0.00207394 0.00204562 2.8314e-05
185 Pubmed_feat_L1.txt 0.00144615 0.00141759 2.8562e-05
186 Pubmed_feat_L1.txt 0.00223728 0.00220293 3.4352e-05
187 Pubmed_feat_L1.txt 0.00151197 0.00148512 2.6848e-05
188 Pubmed_feat_L1.txt 0.00231621 0.00228468 3.1531e-05
189 Pubmed_feat_L1.txt 0.00145344 0.0014287 2.4739e-05
190 Pubmed_feat_L1.txt 0.00228091 0.002251 2.9908e-05
191 Pubmed_feat_L1.txt 0.0014394 0.00141097 2.8438e-05
192 Pubmed_feat_L1.txt 0.00224439 0.0022129 3.1492e-05
193 Pubmed_feat_L1.txt 0.00150789 0.00147617 3.1721e-05
194 Pubmed_feat_L1.txt 0.00235438 0.00232101 3.3368e-05
195 Pubmed_feat_L1.txt 0.00142809 0.00139736 3.073e-05
196 Pubmed_feat_L1.txt 0.00244466 0.0024145 3.0162e-05
197 Pubmed_feat_L1.txt 0.00134448 0.00131092 3.3565e-05
198 Pubmed_feat_L1.txt 0.00215682 0.00212127 3.5556e-05
199 Pubmed_feat_L1.txt 0.00142132 0.00138648 3.4838e-05
200 Pubmed_feat_L1.txt 0.0022697 0.0022373 3.2404e-05
201 Pubmed_feat_L1.txt 0.00133095 0.00129888 3.2075e-05
202 Pubmed_feat_L1.txt 0.00241194 0.00238367 2.8272e-05
203 Pubmed_feat_L1.txt 0.00142692 0.00140084 2.6081e-05
204 Pubmed_feat_L1.txt 0.00236316 0.00233463 2.8534e-05
205 Pubmed_feat_L1.txt 0.0013649 0.00133337 3.1527e-05
206 Pubmed_feat_L1.txt 0.00241425 0.00238331 3.0944e-05
207 Pubmed_feat_L1.txt 0.00144598 0.00141331 3.2669e-05
208 Pubmed_feat_L1.txt 0.00195466 0.001921 3.3667e-05
209 Pubmed_feat_L1.txt 0.00148974 0.00145238 3.7363e-05
210 Pubmed_feat_L1.txt 0.00227463 0.00223915 3.5477e-05
211 Pubmed_feat_L1.txt 0.00147585 0.00144073 3.5114e-05
212 Pubmed_feat_L1.txt 0.00202702 0.00199192 3.5093e-05
213 Pubmed_feat_L1.txt 0.00150403 0.00147101 3.3027e-05
214 Pubmed_feat_L1.txt 0.0021299 0.00209421 3.569e-05
215 Pubmed_feat_L1.txt 0.00145858 0.00142614 3.2439e-05
216 Pubmed_feat_L1.txt 0.00187325 0.00184467 2.8578e-05
217 Pubmed_feat_L1.txt 0.0014508 0.00141791 3.289e-05
218 Pubmed_feat_L1.txt 0.0022445 0.00221275 3.1756e-05
219 Pubmed_feat_L1.txt 0.00140377 0.00137014 3.3628e-05
220 Pubmed_feat_L1.txt 0.00211921 0.00208644 3.2776e-05
221 Pubmed_feat_L1.txt 0.00138416 0.00134669 3.7466e-05
222 Pubmed_feat_L1.txt 0.00244752 0.00241491 3.2613e-05
223 Pubmed_feat_L1.txt 0.0013539 0.0013236 3.0301e-05
224 Pubmed_feat_L1.txt 0.00205991 0.00202849 3.1416e-05
225 Pubmed_feat_L1.txt 0.00145311 0.0014197 3.3408e-05
226 Pubmed_feat_L1.txt 0.00222893 0.00219631 3.2617e-05
227 Pubmed_feat_L1.txt 0.00143504 0.00140274 3.2307e-05
228 Pubmed_feat_L1.txt 0.00215249 0.00212155 3.0939e-05
229 Pubmed_feat_L1.txt 0.00137095 0.00133986 3.1082e-05
230 Pubmed_feat_L1.txt 0.00210377 0.0020749 2.8868e-05
231 Pubmed_feat_L1.txt 0.00138143 0.00135458 2.6848e-05
232 Pubmed_feat_L1.txt 0.00233348 0.00230198 3.1499e-05
233 Pubmed_feat_L1.txt 0.00137316 0.00134346 2.97e-05
234 Pubmed_feat_L1.txt 0.00204695 0.00201114 3.5808e-05
235 Pubmed_feat_L1.txt 0.00146996 0.00143513 3.4838e-05
236 Pubmed_feat_L1.txt 0.00210528 0.00207063 3.4644e-05
237 Pubmed_feat_L1.txt 0.00133354 0.00130602 2.7524e-05
238 Pubmed_feat_L1.txt 0.00204948 0.0020203 2.918e-05
239 Pubmed_feat_L1.txt 0.00141639 0.00138399 3.2407e-05
240 Pubmed_feat_L1.txt 0.00232316 0.00228558 3.7581e-05
241 Pubmed_feat_L1.txt 0.00156728 0.00153327 3.4005e-05
242 Pubmed_feat_L1.txt 0.00222043 0.00218926 3.1173e-05
243 Pubmed_feat_L1.txt 0.00147501 0.0014422 3.281e-05
244 Pubmed_feat_L1.txt 0.00212042 0.00208823 3.2197e-05
245 Pubmed_feat_L1.txt 0.00137147 0.00133776 3.3705e-05
246 Pubmed_feat_L1.txt 0.00233136 0.00230181 2.9556e-05
247 Pubmed_feat_L1.txt 0.00141994 0.0013943 2.564e-05
248 Pubmed_feat_L1.txt 0.00210904 0.00207374 3.5298e-05
249 Pubmed_feat_L1.txt 0.00145804 0.00142311 3.4928e-05
250 Pubmed_feat_L1.txt 0.00234692 0.00231438 3.2542e-05
251 Pubmed_feat_L1.txt 0.00145469 0.00142072 3.3978e-05
252 Pubmed_feat_L1.txt 0.0023869 0.00234909 3.7807e-05
253 Pubmed_feat_L1.txt 0.00145252 0.00141752 3.5003e-05
254 Pubmed_feat_L1.txt 0.00237675 0.00234313 3.3626e-05
255 Pubmed_feat_L1.txt 0.00141278 0.00138318 2.9592e-05
256 Pubmed_feat_L1.txt 0.00233451 0.00230591 2.8603e-05
257 Pubmed_feat_L1.txt 0.00139659 0.00136566 3.0928e-05
258 Pubmed_feat_L1.txt 0.0024882 0.00245984 2.8357e-05
259 Pubmed_feat_L1.txt 0.00138839 0.00136254 2.5847e-05
260 Pubmed_feat_L1.txt 0.00242362 0.00238947 3.4151e-05
261 Pubmed_feat_L1.txt 0.0014581 0.00141834 3.976e-05
262 Pubmed_feat_L1.txt 0.00239391 0.00236131 3.2603e-05
263 Pubmed_feat_L1.txt 0.00134102 0.0013115 2.9518e-05
264 Pubmed_feat_L1.txt 0.00244016 0.002405 3.5167e-05
265 Pubmed_feat_L1.txt 0.00139361 0.00136052 3.3091e-05
266 Pubmed_feat_L1.txt 0.0024323 0.00239871 3.359e-05
267 Pubmed_feat_L1.txt 0.00136531 0.00133452 3.0794e-05
268 Pubmed_feat_L1.txt 0.00262036 0.00258478 3.5578e-05
269 Pubmed_feat_L1.txt 0.00136362 0.00132881 3.4807e-05
270 Pubmed_feat_L1.txt 0.00254701 0.00251576 3.1244e-05
271 Pubmed_feat_L1.txt 0.00142226 0.00139269 2.9573e-05
272 Pubmed_feat_L1.txt 0.00214211 0.00211099 3.1124e-05
273 Pubmed_feat_L1.txt 0.00143905 0.00140501 3.4044e-05
274 Pubmed_feat_L1.txt 0.00213258 0.00209642 3.6155e-05
275 Pubmed_feat_L1.txt 0.00139509 0.001361 3.4088e-05
276 Pubmed_feat_L1.txt 0.002211 0.00217423 3.6771e-05
277 Pubmed_feat_L1.txt 0.00143364 0.00140001 3.3635e-05
278 Pubmed_feat_L1.txt 0.00232307 0.00228695 3.6121e-05
279 Pubmed_feat_L1.txt 0.0015 0.00146214 3.7858e-05
280 Pubmed_feat_L1.txt 0.00201687 0.00198252 3.4352e-05
281 Pubmed_feat_L1.txt 0.00142754 0.00139665 3.0889e-05
282 Pubmed_feat_L1.txt 0.00218869 0.00215559 3.3097e-05
283 Pubmed_feat_L1.txt 0.00136141 0.00132508 3.6333e-05
284 Pubmed_feat_L1.txt 0.00227706 0.00224229 3.4769e-05
285 Pubmed_feat_L1.txt 0.00137684 0.00134208 3.4752e-05
286 Pubmed_feat_L1.txt 0.00245738 0.00243284 2.4537e-05
287 Pubmed_feat_L1.txt 0.00135591 0.00133069 2.5214e-05
288 Pubmed_feat_L1.txt 0.00207759 0.00204363 3.3965e-05
289 Pubmed_feat_L1.txt 0.00131696 0.00128093 3.6031e-05
290 Pubmed_feat_L1.txt 0.00211837 0.00208397 3.4399e-05
291 Pubmed_feat_L1.txt 0.00138028 0.00134893 3.1346e-05
292 Pubmed_feat_L1.txt 0.0021473 0.0021185 2.8797e-05
293 Pubmed_feat_L1.txt 0.0012834 0.00125385 2.9546e-05
294 Pubmed_feat_L1.txt 0.0022065 0.00217167 3.4825e-05
295 Pubmed_feat_L1.txt 0.00132738 0.00129824 2.9144e-05
296 Pubmed_feat_L1.txt 0.00220586 0.00217576 3.0104e-05
297 Pubmed_feat_L1.txt 0.00132974 0.00130069 2.9055e-05
298 Pubmed_feat_L1.txt 0.00213913 0.00211108 2.8048e-05
299 Pubmed_feat_L1.txt 0.00130524 0.00127488 3.0357e-05
300 Pubmed_feat_L1.txt 0.0021224 0.00209448 2.7915e-05
301 Pubmed_feat_L1.txt 0.00132557 0.00129428 3.1289e-05
302 Pubmed_feat_L1.txt 0.00224949 0.0022224 2.7094e-05
303 Pubmed_feat_L1.txt 0.00134323 0.00131438 2.8846e-05
304 Pubmed_feat_L1.txt 0.00216234 0.00213024 3.2103e-05
305 Pubmed_feat_L1.txt 0.00131551 0.00128763 2.788e-05
306 Pubmed_feat_L1.txt 0.00234156 0.00231215 2.9411e-05
307 Pubmed_feat_L1.txt 0.00132111 0.00128703 3.4088e-05
308 Pubmed_feat_L1.txt 0.0021523 0.00211647 3.5825e-05
309 Pubmed_feat_L1.txt 0.00128863 0.0012576 3.1036e-05
310 Pubmed_feat_L1.txt 0.00227272 0.00224675 2.5971e-05
311 Pubmed_feat_L1.txt 0.00134969 0.00132185 2.7835e-05
312 Pubmed_feat_L1.txt 0.00220222 0.00216919 3.3034e-05
313 Pubmed_feat_L1.txt 0.00129679 0.00126719 2.9606e-05
314 Pubmed_feat_L1.txt 0.00239555 0.00236445 3.1107e-05
315 Pubmed_feat_L1.txt 0.00130933 0.00128462 2.4707e-05
316 Pubmed_feat_L1.txt 0.00235251 0.00232633 2.6189e-05
317 Pubmed_feat_L1.txt 0.00141044 0.00137846 3.198e-05
318 Pubmed_feat_L1.txt 0.00230969 0.00228018 2.951e-05
319 Pubmed_feat_L1.txt 0.00135206 0.00132057 3.1488e-05
320 Pubmed_feat_L1.txt 0.00247372 0.00244084 3.2875e-05
321 Pubmed_feat_L1.txt 0.00135844 0.00132786 3.0587e-05
322 Pubmed_feat_L1.txt 0.00239946 0.00236727 3.2188e-05
323 Pubmed_feat_L1.txt 0.00134948 0.00131333 3.615e-05
324 Pubmed_feat_L1.txt 0.0024704 0.00243653 3.3873e-05
325 Pubmed_feat_L1.txt 0.00142464 0.00138915 3.549e-05
326 Pubmed_feat_L1.txt 0.00246561 0.00242873 3.6875e-05
327 Pubmed_feat_L1.txt 0.00137846 0.00134078 3.7679e-05
328 Pubmed_feat_L1.txt 0.00242374 0.00239072 3.3025e-05
329 Pubmed_feat_L1.txt 0.0013161 0.0012783 3.7805e-05
330 Pubmed_feat_L1.txt 0.00252002 0.00248444 3.5578e-05
331 Pubmed_feat_L1.txt 0.00125022 0.00121368 3.6536e-05
332 Pubmed_feat_L1.txt 0.00258879 0.00255772 3.1069e-05
333 Pubmed_feat_L1.txt 0.00129837 0.00125899 3.9384e-05
334 Pubmed_feat_L1.txt 0.00245962 0.00242352 3.6103e-05
335 Pubmed_feat_L1.txt 0.00131727 0.00128469 3.2571e-05
336 Pubmed_feat_L1.txt 0.0020266 0.00199433 3.2269e-05
337 Pubmed_feat_L1.txt 0.00132331 0.0012835 3.9817e-05
338 Pubmed_feat_L1.txt 0.0022714 0.00223593 3.5469e-05
339 Pubmed_feat_L1.txt 0.00127017 0.00123037 3.9801e-05
340 Pubmed_feat_L1.txt 0.00216375 0.00212955 3.4198e-05
341 Pubmed_feat_L1.txt 0.00139598 0.00135824 3.774e-05
342 Pubmed_feat_L1.txt 0.00223376 0.00219292 4.0834e-05
343 Pubmed_feat_L1.txt 0.00134717 0.00130846 3.8709e-05
344 Pubmed_feat_L1.txt 0.00186617 0.0018306 3.5566e-05
345 Pubmed_feat_L1.txt 0.00139405 0.00135479 3.9257e-05
346 Pubmed_feat_L1.txt 0.00223438 0.00219339 4.0986e-05
347 Pubmed_feat_L1.txt 0.00128971 0.00125044 3.9265e-05
348 Pubmed_feat_L1.txt 0.00214974 0.00211038 3.9357e-05
349 Pubmed_feat_L1.txt 0.00126715 0.00123385 3.3308e-05
350 Pubmed_feat_L1.txt 0.00255698 0.00251561 4.1369e-05
351 Pubmed_feat_L1.txt 0.00141414 0.00138098 3.3167e-05
352 Pubmed_feat_L1.txt 0.00222555 0.00219051 3.5039e-05
353 Pubmed_feat_L1.txt 0.00133038 0.00129409 3.6291e-05
354 Pubmed_feat_L1.txt 0.00207976 0.00205217 2.7589e-05
355 Pubmed_feat_L1.txt 0.00142687 0.0013902 3.667e-05
356 Pubmed_feat_L1.txt 0.00220585 0.00216941 3.6435e-05
357 Pubmed_feat_L1.txt 0.00127634 0.00124456 3.1782e-05
358 Pubmed_feat_L1.txt 0.0021987 0.00215732 4.1379e-05
359 Pubmed_feat_L1.txt 0.00140348 0.00136246 4.102e-05
360 Pubmed_feat_L1.txt 0.00218335 0.00215215 3.1202e-05
361 Pubmed_feat_L1.txt 0.00132735 0.00129481 3.2547e-05
362 Pubmed_feat_L1.txt 0.00215983 0.00212255 3.7284e-05
363 Pubmed_feat_L1.txt 0.00129522 0.0012694 2.5822e-05
364 Pubmed_feat_L1.txt 0.00219217 0.00216059 3.1579e-05
365 Pubmed_feat_L1.txt 0.00130324 0.00127573 2.751e-05
366 Pubmed_feat_L1.txt 0.00218906 0.00215771 3.1351e-05
367 Pubmed_feat_L1.txt 0.00140814 0.00137654 3.1604e-05
368 Pubmed_feat_L1.txt 0.00226618 0.00223101 3.517e-05
369 Pubmed_feat_L1.txt 0.0013222 0.00129005 3.2143e-05
370 Pubmed_feat_L1.txt 0.00222641 0.00219325 3.3165e-05
371 Pubmed_feat_L1.txt 0.0013752 0.00134668 2.8524e-05
372 Pubmed_feat_L1.txt 0.00219067 0.00215519 3.5482e-05
373 Pubmed_feat_L1.txt 0.00130684 0.00127514 3.1708e-05
374 Pubmed_feat_L1.txt 0.00226814 0.00223649 3.1656e-05
375 Pubmed_feat_L1.txt 0.00139895 0.00136958 2.9369e-05
376 Pubmed_feat_L1.txt 0.00198642 0.00195234 3.4081e-05
377 Pubmed_feat_L1.txt 0.00136059 0.00132504 3.5554e-05
378 Pubmed_feat_L1.txt 0.00227141 0.00223736 3.4051e-05
379 Pubmed_feat_L1.txt 0.00139514 0.00135961 3.5529e-05
380 Pubmed_feat_L1.txt 0.0023776 0.00234576 3.1839e-05
381 Pubmed_feat_L1.txt 0.00139064 0.00136268 2.7958e-05
382 Pubmed_feat_L1.txt 0.00226521 0.00223547 2.9742e-05
383 Pubmed_feat_L1.txt 0.00139198 0.00136013 3.1841e-05
384 Pubmed_feat_L1.txt 0.00229396 0.00226292 3.1041e-05
385 Pubmed_feat_L1.txt 0.00144582 0.00141044 3.5383e-05
386 Pubmed_feat_L1.txt 0.00248241 0.00244725 3.5161e-05
387 Pubmed_feat_L1.txt 0.00138124 0.00134528 3.5968e-05
388 Pubmed_feat_L1.txt 0.00237561 0.00233688 3.873e-05
389 Pubmed_feat_L1.txt 0.00148697 0.00145447 3.2497e-05
390 Pubmed_feat_L1.txt 0.00229876 0.0022709 2.7864e-05
391 Pubmed_feat_L1.txt 0.001341 0.00131068 3.0313e-05
392 Pubmed_feat_L1.txt 0.00251038 0.00248203 2.8356e-05
393 Pubmed_feat_L1.txt 0.0013521 0.00131627 3.5827e-05
394 Pubmed_feat_L1.txt 0.0024362 0.00240642 2.9783e-05
395 Pubmed_feat_L1.txt 0.00136106 0.00132641 3.4645e-05
396 Pubmed_feat_L1.txt 0.00247127 0.00243961 3.1667e-05
397 Pubmed_feat_L1.txt 0.00134109 0.00130918 3.1906e-05
398 Pubmed_feat_L1.txt 0.0024036 0.00237238 3.1219e-05
399 Pubmed_feat_L1.txt 0.00134668 0.00131471 3.1972e-05
400 Pubmed_feat_L1.txt 0.00214309 0.00211703 2.6064e-05
401 Pubmed_feat_L1.txt 0.00144144 0.00140799 3.3456e-05
402 Pubmed_feat_L1.txt 0.00212463 0.00209446 3.0171e-05
403 Pubmed_feat_L1.txt 0.00136691 0.00133709 2.9819e-05
404 Pubmed_feat_L1.txt 0.00213699 0.00210659 3.0397e-05
405 Pubmed_feat_L1.txt 0.00136866 0.00134073 2.7936e-05
406 Pubmed_feat_L1.txt 0.00230591 0.00227433 3.1582e-05
407 Pubmed_feat_L1.txt 0.00143131 0.00140433 2.6985e-05
408 Pubmed_feat_L1.txt 0.00206269 0.00203231 3.0381e-05
409 Pubmed_feat_L1.txt 0.00137539 0.00134947 2.5913e-05
410 Pubmed_feat_L1.txt 0.0020965 0.0020639 3.26e-05
411 Pubmed_feat_L1.txt 0.00133743 0.0013027 3.4722e-05
412 Pubmed_feat_L1.txt 0.0022919 0.00225434 3.7558e-05
413 Pubmed_feat_L1.txt 0.00135019 0.00131922 3.0964e-05
414 Pubmed_feat_L1.txt 0.00238803 0.00235841 2.9619e-05
415 Pubmed_feat_L1.txt 0.00135772 0.00132739 3.0327e-05
416 Pubmed_feat_L1.txt 0.00209518 0.00206672 2.8454e-05
417 Pubmed_feat_L1.txt 0.00139332 0.00136534 2.7973e-05
418 Pubmed_feat_L1.txt 0.00215744 0.00212926 2.8181e-05
419 Pubmed_feat_L1.txt 0.00147851 0.00145192 2.6593e-05
420 Pubmed_feat_L1.txt 0.00224454 0.0022093 3.5238e-05
421 Pubmed_feat_L1.txt 0.00137195 0.00134302 2.8927e-05
422 Pubmed_feat_L1.txt 0.00227932 0.00224733 3.1995e-05
423 Pubmed_feat_L1.txt 0.00144588 0.0014185 2.7383e-05
424 Pubmed_feat_L1.txt 0.00221322 0.00218226 3.0963e-05
425 Pubmed_feat_L1.txt 0.00149525 0.00146451 3.0738e-05
426 Pubmed_feat_L1.txt 0.00222731 0.0022001 2.7218e-05
427 Pubmed_feat_L1.txt 0.00139671 0.00136806 2.8659e-05
428 Pubmed_feat_L1.txt 0.00221931 0.0021857 3.361e-05
429 Pubmed_feat_L1.txt 0.00137996 0.00135332 2.6643e-05
430 Pubmed_feat_L1.txt 0.00223974 0.00220666 3.3072e-05
431 Pubmed_feat_L1.txt 0.00138295 0.0013555 2.745e-05
432 Pubmed_feat_L1.txt 0.00193859 0.00190991 2.8674e-05
433 Pubmed_feat_L1.txt 0.0012856 0.00125646 2.9142e-05
434 Pubmed_feat_L1.txt 0.00211834 0.0020871 3.1243e-05
435 Pubmed_feat_L1.txt 0.0014343 0.00140168 3.2621e-05
436 Pubmed_feat_L1.txt 0.00202689 0.00199446 3.2424e-05
437 Pubmed_feat_L1.txt 0.00134852 0.00131736 3.1159e-05
438 Pubmed_feat_L1.txt 0.00212565 0.00209874 2.6908e-05
439 Pubmed_feat_L1.txt 0.00138031 0.00135015 3.0165e-05
440 Pubmed_feat_L1.txt 0.00200819 0.00198132 2.687e-05
441 Pubmed_feat_L1.txt 0.00134093 0.00131391 2.7022e-05
442 Pubmed_feat_L1.txt 0.00227182 0.002247 2.4824e-05
443 Pubmed_feat_L1.txt 0.00139147 0.00136568 2.5791e-05
444 Pubmed_feat_L1.txt 0.0022897 0.00226114 2.8556e-05
445 Pubmed_feat_L1.txt 0.00148381 0.00145258 3.123e-05
446 Pubmed_feat_L1.txt 0.00216089 0.002136 2.4894e-05
447 Pubmed_feat_L1.txt 0.00149018 0.00146069 2.949e-05
448 Pubmed_feat_L1.txt 0.00228923 0.00226166 2.757e-05
449 Pubmed_feat_L1.txt 0.00143762 0.00141059 2.7034e-05
450 Pubmed_feat_L1.txt 0.00228132 0.00225024 3.1075e-05
451 Pubmed_feat_L1.txt 0.00133099 0.00130276 2.8223e-05
452 Pubmed_feat_L1.txt 0.00234393 0.00231414 2.9782e-05
453 Pubmed_feat_L1.txt 0.0014493 0.00142009 2.9208e-05
454 Pubmed_feat_L1.txt 0.00221886 0.00218867 3.0193e-05
455 Pubmed_feat_L1.txt 0.00123569 0.00120211 3.3585e-05
456 Pubmed_feat_L1.txt 0.00246414 0.00243415 2.9993e-05
457 Pubmed_feat_L1.txt 0.00136203 0.00132978 3.2245e-05
458 Pubmed_feat_L1.txt 0.00240806 0.00238067 2.7392e-05
459 Pubmed_feat_L1.txt 0.00128933 0.00125518 3.4149e-05
460 Pubmed_feat_L1.txt 0.00249609 0.00246044 3.5645e-05
461 Pubmed_feat_L1.txt 0.00134879 0.00130576 4.3025e-05
462 Pubmed_feat_L1.txt 0.00243047 0.0023913 3.9169e-05
463 Pubmed_feat_L1.txt 0.00128973 0.001254 3.5731e-05
464 Pubmed_feat_L1.txt 0.00210896 0.00207567 3.329e-05
465 Pubmed_feat_L1.txt 0.00145625 0.00142234 3.3906e-05
466 Pubmed_feat_L1.txt 0.00229456 0.00226028 3.4278e-05
467 Pubmed_feat_L1.txt 0.0014074 0.00137063 3.6773e-05
468 Pubmed_feat_L1.txt 0.00227059 0.00223385 3.6737e-05
469 Pubmed_feat_L1.txt 0.0014095 0.00137415 3.5354e-05
470 Pubmed_feat_L1.txt 0.0023217 0.00228305 3.8653e-05
471 Pubmed_feat_L1.txt 0.00139634 0.00135745 3.8888e-05
472 Pubmed_feat_L1.txt 0.00197954 0.00194669 3.2854e-05
473 Pubmed_feat_L1.txt 0.00143669 0.00140669 3e-05
474 Pubmed_feat_L1.txt 0.00215533 0.00212712 2.821e-05
475 Pubmed_feat_L1.txt 0.00128316 0.00125535 2.7809e-05
476 Pubmed_feat_L1.txt 0.00227113 0.00223963 3.1503e-05
477 Pubmed_feat_L1.txt 0.00147055 0.00144252 2.8025e-05
478 Pubmed_feat_L1.txt 0.0024104 0.00237847 3.1935e-05
479 Pubmed_feat_L1.txt 0.00133612 0.0013024 3.3728e-05
480 Pubmed_feat_L1.txt 0.00201151 0.00197427 3.7236e-05
481 Pubmed_feat_L1.txt 0.00136139 0.00132712 3.4267e-05
482 Pubmed_feat_L1.txt 0.00208 0.00204519 3.4816e-05
483 Pubmed_feat_L1.txt 0.00135759 0.00131553 4.2059e-05
484 Pubmed_feat_L1.txt 0.00212773 0.00209603 3.1704e-05
485 Pubmed_feat_L1.txt 0.001234 0.00120164 3.2363e-05
486 Pubmed_feat_L1.txt 0.00209231 0.00205979 3.2525e-05
487 Pubmed_feat_L1.txt 0.00132131 0.00128584 3.5466e-05
488 Pubmed_feat_L1.txt 0.00217619 0.00214195 3.4238e-05
489 Pubmed_feat_L1.txt 0.00127708 0.00124195 3.5134e-05
490 Pubmed_feat_L1.txt 0.00204159 0.00200717 3.4425e-05
491 Pubmed_feat_L1.txt 0.0012939 0.00124632 4.7583e-05
492 Pubmed_feat_L1.txt 0.00208613 0.00205712 2.9002e-05
493 Pubmed_feat_L1.txt 0.00130785 0.00128137 2.648e-05
494 Pubmed_feat_L1.txt 0.00219983 0.00216742 3.2415e-05
495 Pubmed_feat_L1.txt 0.00126603 0.001234 3.2036e-05
496 Pubmed_feat_L1.txt 0.00209206 0.00206007 3.1994e-05
497 Pubmed_feat_L1.txt 0.00143891 0.0014072 3.1711e-05
498 Pubmed_feat_L1.txt 0.0021463 0.00211351 3.279e-05
499 Pubmed_feat_L1.txt 0.00136453 0.00133378 3.0749e-05
500 Pubmed_feat_L1.txt 0.00205289 0.0020252 2.7698e-05
501 Pubmed_feat_L1.txt 0.00132988 0.0012956 3.4276e-05
502 Pubmed_feat_L1.txt 0.00213766 0.00210667 3.0986e-05
503 Pubmed_feat_L1.txt 0.00133535 0.00130591 2.9445e-05
504 Pubmed_feat_L1.txt 0.00204024 0.00200807 3.2169e-05
505 Pubmed_feat_L1.txt 0.00121847 0.0011865 3.1972e-05
506 Pubmed_feat_L1.txt 0.00220725 0.00217324 3.4008e-05
507 Pubmed_feat_L1.txt 0.00127879 0.00124775 3.1044e-05
508 Pubmed_feat_L1.txt 0.00228475 0.00225319 3.1554e-05
509 Pubmed_feat_L1.txt 0.00128745 0.0012522 3.5245e-05
510 Pubmed_feat_L1.txt 0.00222244 0.00219096 3.1487e-05
511 Pubmed_feat_L1.txt 0.00128365 0.0012486 3.5059e-05
512 Pubmed_feat_L1.txt 0.00228663 0.0022545 3.2127e-05
513 Pubmed_feat_L1.txt 0.00139331 0.00135961 3.3698e-05
514 Pubmed_feat_L1.txt 0.00239413 0.00236304 3.109e-05
515 Pubmed_feat_L1.txt 0.00141986 0.0013813 3.8561e-05
516 Pubmed_feat_L1.txt 0.00240348 0.00236648 3.6998e-05
517 Pubmed_feat_L1.txt 0.00137041 0.00133174 3.867e-05
518 Pubmed_feat_L1.txt 0.00236857 0.0023362 3.2373e-05
519 Pubmed_feat_L1.txt 0.00129408 0.00126243 3.165e-05
520 Pubmed_feat_L1.txt 0.00237279 0.00234192 3.0877e-05
521 Pubmed_feat_L1.txt 0.00146292 0.00142802 3.4894e-05
522 Pubmed_feat_L1.txt 0.00230758 0.00227219 3.5388e-05
523 Pubmed_feat_L1.txt 0.00139747 0.00135884 3.8634e-05
524 Pubmed_feat_L1.txt 0.00240044 0.00236834 3.21e-05
525 Pubmed_feat_L1.txt 0.00138105 0.00135642 2.4632e-05
526 Pubmed_feat_L1.txt 0.00229227 0.00226995 2.2319e-05
527 Pubmed_feat_L1.txt 0.0013038 0.00127305 3.0752e-05
528 Pubmed_feat_L1.txt 0.00205397 0.00200816 4.5804e-05
529 Pubmed_feat_L1.txt 0.00142235 0.00138606 3.629e-05
530 Pubmed_feat_L1.txt 0.00216777 0.00213314 3.4635e-05
531 Pubmed_feat_L1.txt 0.00139741 0.00136544 3.1968e-05
532 Pubmed_feat_L1.txt 0.00214071 0.00210713 3.3579e-05
533 Pubmed_feat_L1.txt 0.00140586 0.00136668 3.9182e-05
534 Pubmed_feat_L1.txt 0.00223194 0.00219993 3.2011e-05
535 Pubmed_feat_L1.txt 0.00139075 0.00135857 3.2185e-05
536 Pubmed_feat_L1.txt 0.00193148 0.00189989 3.1584e-05
537 Pubmed_feat_L1.txt 0.00144034 0.00140725 3.3093e-05
538 Pubmed_feat_L1.txt 0.00211525 0.00208171 3.3544e-05
539 Pubmed_feat_L1.txt 0.00134099 0.00129932 4.1672e-05
540 Pubmed_feat_L1.txt 0.00230392 0.00227675 2.7169e-05
541 Pubmed_feat_L1.txt 0.00133428 0.00130129 3.2992e-05
542 Pubmed_feat_L1.txt 0.00240807 0.00237321 3.4855e-05
543 Pubmed_feat_L1.txt 0.00129959 0.00126994 2.9653e-05
544 Pubmed_feat_L1.txt 0.00214171 0.00211015 3.1556e-05
545 Pubmed_feat_L1.txt 0.00140687 0.00137315 3.3724e-05
546 Pubmed_feat_L1.txt 0.00219906 0.00216831 3.0751e-05
547 Pubmed_feat_L1.txt 0.00143498 0.00139949 3.549e-05
548 Pubmed_feat_L1.txt 0.00217185 0.00213995 3.1899e-05
549 Pubmed_feat_L1.txt 0.00138207 0.00134817 3.3899e-05
550 Pubmed_feat_L1.txt 0.0022414 0.00220834 3.3063e-05
551 Pubmed_feat_L1.txt 0.00135388 0.0013179 3.5982e-05
552 Pubmed_feat_L1.txt 0.00221954 0.00219033 2.9215e-05
553 Pubmed_feat_L1.txt 0.00137835 0.0013433 3.5043e-05
554 Pubmed_feat_L1.txt 0.00217237 0.00213619 3.6177e-05
555 Pubmed_feat_L1.txt 0.0013387 0.0012986 4.0097e-05
556 Pubmed_feat_L1.txt 0.00219398 0.00215646 3.7521e-05
557 Pubmed_feat_L1.txt 0.00137606 0.00133746 3.86e-05
558 Pubmed_feat_L1.txt 0.00214273 0.00210407 3.8665e-05
559 Pubmed_feat_L1.txt 0.00145372 0.00141664 3.7081e-05
560 Pubmed_feat_L1.txt 0.00204102 0.00200339 3.7627e-05
561 Pubmed_feat_L1.txt 0.00143161 0.00140181 2.9796e-05
562 Pubmed_feat_L1.txt 0.002197 0.0021574 3.9595e-05
563 Pubmed_feat_L1.txt 0.00143811 0.00139773 4.0375e-05
564 Pubmed_feat_L1.txt 0.00214712 0.00211346 3.3658e-05
565 Pubmed_feat_L1.txt 0.00144654 0.00141035 3.6193e-05
566 Pubmed_feat_L1.txt 0.00220034 0.00216559 3.4751e-05
567 Pubmed_feat_L1.txt 0.00134091 0.00130704 3.3871e-05
568 Pubmed_feat_L1.txt 0.00202326 0.00198036 4.29e-05
569 Pubmed_feat_L1.txt 0.00139178 0.00135557 3.6214e-05
570 Pubmed_feat_L1.txt 0.00221693 0.00218094 3.5989e-05
571 Pubmed_feat_L1.txt 0.00138364 0.00134864 3.4997e-05
572 Pubmed_feat_L1.txt 0.00234969 0.00231402 3.5663e-05
573 Pubmed_feat_L1.txt 0.00144357 0.00141511 2.846e-05
574 Pubmed_feat_L1.txt 0.00234636 0.00231313 3.3223e-05
575 Pubmed_feat_L1.txt 0.00130855 0.00127598 3.2568e-05
576 Pubmed_feat_L1.txt 0.00239063 0.00235187 3.8763e-05
577 Pubmed_feat_L1.txt 0.00151158 0.0014762 3.5381e-05
578 Pubmed_feat_L1.txt 0.00225256 0.00222165 3.0906e-05
579 Pubmed_feat_L1.txt 0.00130295 0.00126971 3.324e-05
580 Pubmed_feat_L1.txt 0.00229932 0.00226779 3.1535e-05
581 Pubmed_feat_L1.txt 0.00129133 0.00125952 3.1812e-05
582 Pubmed_feat_L1.txt 0.00237624 0.00234758 2.8663e-05
583 Pubmed_feat_L1.txt 0.00136706 0.00133257 3.4487e-05
584 Pubmed_feat_L1.txt 0.00226183 0.00222709 3.4735e-05
585 Pubmed_feat_L1.txt 0.0014224 0.00137036 5.2038e-05
586 Pubmed_feat_L1.txt 0.00225883 0.00222072 3.8111e-05
587 Pubmed_feat_L1.txt 0.00134822 0.00130688 4.1348e-05
588 Pubmed_feat_L1.txt 0.00243399 0.00240572 2.8268e-05
589 Pubmed_feat_L1.txt 0.00145342 0.00142117 3.2247e-05
590 Pubmed_feat_L1.txt 0.00238104 0.0023457 3.5338e-05
591 Pubmed_feat_L1.txt 0.00125955 0.00122421 3.5339e-05
592 Pubmed_feat_L1.txt 0.00194444 0.00191301 3.1423e-05
593 Pubmed_feat_L1.txt 0.00151347 0.00147825 3.5218e-05
594 Pubmed_feat_L1.txt 0.00207802 0.00204618 3.184e-05
595 Pubmed_feat_L1.txt 0.00128708 0.00125392 3.3157e-05
596 Pubmed_feat_L1.txt 0.00214279 0.00210863 3.4166e-05
597 Pubmed_feat_L1.txt 0.00124165 0.00120866 3.2987e-05
598 Pubmed_feat_L1.txt 0.00214449 0.00211574 2.8756e-05
599 Pubmed_feat_L1.txt 0.00142827 0.00139523 3.3035e-05
600 Pubmed_feat_L1.txt 0.00198186 0.0019502 3.1658e-05
601 Pubmed_feat_L1.txt 0.00147498 0.00144558 2.9397e-05
602 Pubmed_feat_L1.txt 0.00225831 0.0022239 3.4404e-05
603 Pubmed_feat_L1.txt 0.00137009 0.00133544 3.4646e-05
604 Pubmed_feat_L1.txt 0.00230464 0.00226887 3.5773e-05
605 Pubmed_feat_L1.txt 0.00145825 0.0014239 3.4351e-05
606 Pubmed_feat_L1.txt 0.00242698 0.00239391 3.3071e-05
607 Pubmed_feat_L1.txt 0.00128227 0.00125252 2.9744e-05
608 Pubmed_feat_L1.txt 0.00211602 0.00208199 3.4022e-05
609 Pubmed_feat_L1.txt 0.0013902 0.00135586 3.4343e-05
610 Pubmed_feat_L1.txt 0.00209727 0.00206602 3.1251e-05
611 Pubmed_feat_L1.txt 0.0014792 0.00144543 3.3778e-05
612 Pubmed_feat_L1.txt 0.00210433 0.00207372 3.0606e-05
613 Pubmed_feat_L1.txt 0.00137851 0.00133969 3.8824e-05
614 Pubmed_feat_L1.txt 0.00208061 0.002047 3.3602e-05
615 Pubmed_feat_L1.txt 0.00128398 0.00124935 3.4627e-05
616 Pubmed_feat_L1.txt 0.00220838 0.00216851 3.9871e-05
617 Pubmed_feat_L1.txt 0.00145846 0.0014194 3.9069e-05
618 Pubmed_feat_L1.txt 0.00221584 0.00217839 3.7446e-05
619 Pubmed_feat_L1.txt 0.00141925 0.00138008 3.9172e-05
620 Pubmed_feat_L1.txt 0.00211469 0.0020755 3.9184e-05
621 Pubmed_feat_L1.txt 0.00131921 0.00128021 3.8998e-05
622 Pubmed_feat_L1.txt 0.00220691 0.00216791 3.9005e-05
623 Pubmed_feat_L1.txt 0.00137877 0.0013472 3.1574e-05
624 Pubmed_feat_L1.txt 0.00225127 0.00221204 3.9223e-05
625 Pubmed_feat_L1.txt 0.00143412 0.00140007 3.4046e-05
626 Pubmed_feat_L1.txt 0.00222332 0.00219239 3.0929e-05
627 Pubmed_feat_L1.txt 0.00144816 0.00140919 3.8971e-05
628 Pubmed_feat_L1.txt 0.00210204 0.00206019 4.1848e-05
629 Pubmed_feat_L1.txt 0.00140242 0.00136448 3.7941e-05
630 Pubmed_feat_L1.txt 0.0022838 0.0022479 3.5906e-05
631 Pubmed_feat_L1.txt 0.00141541 0.001374 4.1418e-05
632 Pubmed_feat_L1.txt 0.0021153 0.00207547 3.983e-05
633 Pubmed_feat_L1.txt 0.00140741 0.00135231 5.5094e-05
634 Pubmed_feat_L1.txt 0.00234294 0.00230449 3.8449e-05
635 Pubmed_feat_L1.txt 0.00139603 0.00135711 3.8912e-05
636 Pubmed_feat_L1.txt 0.00237823 0.00234355 3.4688e-05
637 Pubmed_feat_L1.txt 0.00141563 0.00138146 3.4175e-05
638 Pubmed_feat_L1.txt 0.00234284 0.00230068 4.2166e-05
639 Pubmed_feat_L1.txt 0.00140207 0.00135977 4.2301e-05
640 Pubmed_feat_L1.txt 0.00243821 0.00239464 4.3574e-05
641 Pubmed_feat_L1.txt 0.00156349 0.00151672 4.6765e-05
642 Pubmed_feat_L1.txt 0.00245172 0.00240849 4.3225e-05
643 Pubmed_feat_L1.txt 0.00144492 0.00140209 4.2834e-05
644 Pubmed_feat_L1.txt 0.00246726 0.00242262 4.464e-05
645 Pubmed_feat_L1.txt 0.00141712 0.00138143 3.5692e-05
646 Pubmed_feat_L1.txt 0.00234054 0.00230271 3.7837e-05
647 Pubmed_feat_L1.txt 0.00146797 0.00142785 4.012e-05
648 Pubmed_feat_L1.txt 0.00244361 0.00240452 3.9087e-05
649 Pubmed_feat_L1.txt 0.00152742 0.00148708 4.0343e-05
650 Pubmed_feat_L1.txt 0.00240496 0.00236746 3.7502e-05
651 Pubmed_feat_L1.txt 0.001534 0.00150648 2.7521e-05
652 Pubmed_feat_L1.txt 0.0024576 0.00242913 2.8471e-05
653 Pubmed_feat_L1.txt 0.00142675 0.00139635 3.0403e-05
654 Pubmed_feat_L1.txt 0.0024232 0.0023948 2.8394e-05
655 Pubmed_feat_L1.txt 0.00140423 0.00137914 2.5092e-05
656 Pubmed_feat_L1.txt 0.00204096 0.00201311 2.7844e-05
657 Pubmed_feat_L1.txt 0.00150887 0.00148007 2.8804e-05
658 Pubmed_feat_L1.txt 0.00213605 0.00210538 3.0672e-05
659 Pubmed_feat_L1.txt 0.00146484 0.00143745 2.7389e-05
660 Pubmed_feat_L1.txt 0.00210739 0.00208089 2.6508e-05
661 Pubmed_feat_L1.txt 0.00152978 0.00149446 3.5318e-05
662 Pubmed_feat_L1.txt 0.00228701 0.00225916 2.7847e-05
663 Pubmed_feat_L1.txt 0.00141051 0.00137904 3.1471e-05
664 Pubmed_feat_L1.txt 0.00192294 0.00189782 2.5118e-05
665 Pubmed_feat_L1.txt 0.00146371 0.00143065 3.3062e-05
666 Pubmed_feat_L1.txt 0.00215882 0.00213057 2.8249e-05
667 Pubmed_feat_L1.txt 0.00140015 0.00137533 2.4822e-05
668 Pubmed_feat_L1.txt 0.00220617 0.00216537 4.0802e-05
669 Pubmed_feat_L1.txt 0.00141544 0.0013867 2.874e-05
670 Pubmed_feat_L1.txt 0.0024319 0.00240392 2.7975e-05
671 Pubmed_feat_L1.txt 0.00141719 0.00138885 2.8347e-05
672 Pubmed_feat_L1.txt 0.00207421 0.00203863 3.558e-05
673 Pubmed_feat_L1.txt 0.00143684 0.00140335 3.3485e-05
674 Pubmed_feat_L1.txt 0.00209016 0.00205469 3.5467e-05
675 Pubmed_feat_L1.txt 0.00147961 0.00144906 3.0549e-05
676 Pubmed_feat_L1.txt 0.002187 0.00215545 3.1551e-05
677 Pubmed_feat_L1.txt 0.0015743 0.00154287 3.1427e-05
678 Pubmed_feat_L1.txt 0.00211809 0.00208386 3.4236e-05
679 Pubmed_feat_L1.txt 0.00141146 0.00138228 2.9182e-05
680 Pubmed_feat_L1.txt 0.00219668 0.00216814 2.8543e-05
681 Pubmed_feat_L1.txt 0.00142022 0.00139333 2.6886e-05
682 Pubmed_feat_L1.txt 0.00214869 0.00211916 2.9529e-05
683 Pubmed_feat_L1.txt 0.00151471 0.00148041 3.4304e-05
684 Pubmed_feat_L1.txt 0.00221416 0.00218562 2.8544e-05
685 Pubmed_feat_L1.txt 0.00140518 0.00137587 2.931e-05
686 Pubmed_feat_L1.txt 0.00219169 0.0021608 3.0889e-05
687 Pubmed_feat_L1.txt 0.00143991 0.00141457 2.5341e-05
688 Pubmed_feat_L1.txt 0.00206131 0.00202935 3.1963e-05
689 Pubmed_feat_L1.txt 0.00144474 0.00141516 2.9574e-05
690 Pubmed_feat_L1.txt 0.00228714 0.00225924 2.7895e-05
691 Pubmed_feat_L1.txt 0.00146149 0.00143287 2.862e-05
692 Pubmed_feat_L1.txt 0.00218191 0.00215122 3.0685e-05
693 Pubmed_feat_L1.txt 0.00137756 0.0013452 3.2355e-05
694 Pubmed_feat_L1.txt 0.00218683 0.00215442 3.2412e-05
695 Pubmed_feat_L1.txt 0.00138545 0.00135546 2.9988e-05
696 Pubmed_feat_L1.txt 0.00205168 0.00202643 2.5258e-05
697 Pubmed_feat_L1.txt 0.0015183 0.00148846 2.9839e-05
698 Pubmed_feat_L1.txt 0.00222555 0.00219701 2.854e-05
699 Pubmed_feat_L1.txt 0.00136809 0.00133766 3.0421e-05
700 Pubmed_feat_L1.txt 0.00225537 0.00222502 3.0355e-05
701 Pubmed_feat_L1.txt 0.00134205 0.00131187 3.0183e-05
702 Pubmed_feat_L1.txt 0.00226656 0.0022384 2.816e-05
703 Pubmed_feat_L1.txt 0.00135103 0.00131856 3.2462e-05
704 Pubmed_feat_L1.txt 0.00226555 0.00222998 3.5569e-05
705 Pubmed_feat_L1.txt 0.00141398 0.00138228 3.1704e-05
706 Pubmed_feat_L1.txt 0.00229897 0.00226756 3.1415e-05
707 Pubmed_feat_L1.txt 0.00140336 0.00136615 3.721e-05
708 Pubmed_feat_L1.txt 0.00237408 0.00233345 4.0627e-05
709 Pubmed_feat_L1.txt 0.0015462 0.0015112 3.5004e-05
710 Pubmed_feat_L1.txt 0.00228267 0.00224685 3.5824e-05
711 Pubmed_feat_L1.txt 0.00135952 0.00131823 4.1282e-05
712 Pubmed_feat_L1.txt 0.00234451 0.00230284 4.1669e-05
713 Pubmed_feat_L1.txt 0.00134068 0.00130032 4.0358e-05
714 Pubmed_feat_L1.txt 0.00235545 0.00231697 3.8479e-05
715 Pubmed_feat_L1.txt 0.00136443 0.0013317 3.2729e-05
716 Pubmed_feat_L1.txt 0.00234922 0.00231273 3.6495e-05
717 Pubmed_feat_L1.txt 0.00136021 0.00132259 3.762e-05
718 Pubmed_feat_L1.txt 0.0024012 0.00236605 3.5148e-05
719 Pubmed_feat_L1.txt 0.00138685 0.00135578 3.1068e-05
720 Pubmed_feat_L1.txt 0.00202206 0.00198291 3.9148e-05
721 Pubmed_feat_L1.txt 0.00141382 0.0013763 3.7526e-05
722 Pubmed_feat_L1.txt 0.00219178 0.00215734 3.4445e-05
723 Pubmed_feat_L1.txt 0.0014494 0.00141673 3.2667e-05
724 Pubmed_feat_L1.txt 0.00207847 0.00203894 3.953e-05
725 Pubmed_feat_L1.txt 0.00138918 0.00135195 3.7221e-05
726 Pubmed_feat_L1.txt 0.0022588 0.00222183 3.6971e-05
727 Pubmed_feat_L1.txt 0.00141247 0.00137672 3.5748e-05
728 Pubmed_feat_L1.txt 0.00195307 0.0019163 3.6769e-05
729 Pubmed_feat_L1.txt 0.00141034 0.00136916 4.1176e-05
730 Pubmed_feat_L1.txt 0.00214081 0.00210204 3.8769e-05
731 Pubmed_feat_L1.txt 0.00135739 0.00132179 3.5597e-05
732 Pubmed_feat_L1.txt 0.00217743 0.00214356 3.3869e-05
733 Pubmed_feat_L1.txt 0.00140273 0.00136686 3.5872e-05
734 Pubmed_feat_L1.txt 0.00252431 0.00248606 3.8245e-05
735 Pubmed_feat_L1.txt 0.00140899 0.00137156 3.7432e-05
736 Pubmed_feat_L1.txt 0.00210309 0.0020609 4.2188e-05
737 Pubmed_feat_L1.txt 0.00150536 0.00147013 3.523e-05
738 Pubmed_feat_L1.txt 0.00212935 0.0020987 3.0649e-05
739 Pubmed_feat_L1.txt 0.00147766 0.00143832 3.9339e-05
740 Pubmed_feat_L1.txt 0.00216768 0.00213623 3.1446e-05
741 Pubmed_feat_L1.txt 0.0015 0.00145814 4.1856e-05
742 Pubmed_feat_L1.txt 0.00211093 0.00207807 3.2867e-05
743 Pubmed_feat_L1.txt 0.00136153 0.00132486 3.6674e-05
744 Pubmed_feat_L1.txt 0.00222823 0.00219486 3.3374e-05
745 Pubmed_feat_L1.txt 0.00152214 0.00149253 2.9608e-05
746 Pubmed_feat_L1.txt 0.00215968 0.00213243 2.7259e-05
747 Pubmed_feat_L1.txt 0.0015251 0.00148834 3.6758e-05
748 Pubmed_feat_L1.txt 0.00226938 0.00224413 2.5256e-05
749 Pubmed_feat_L1.txt 0.00139204 0.00135909 3.2954e-05
750 Pubmed_feat_L1.txt 0.00216702 0.00213974 2.7281e-05
751 Pubmed_feat_L1.txt 0.00153268 0.00150848 2.4198e-05
752 Pubmed_feat_L1.txt 0.0022254 0.00219761 2.7792e-05
753 Pubmed_feat_L1.txt 0.00152795 0.00149339 3.4563e-05
754 Pubmed_feat_L1.txt 0.00216983 0.00214465 2.518e-05
755 Pubmed_feat_L1.txt 0.0014196 0.00138357 3.6032e-05
756 Pubmed_feat_L1.txt 0.00209863 0.00206507 3.3565e-05
757 Pubmed_feat_L1.txt 0.00140536 0.00136714 3.8227e-05
758 Pubmed_feat_L1.txt 0.00225684 0.00221833 3.851e-05
759 Pubmed_feat_L1.txt 0.00146352 0.00143168 3.1838e-05
760 Pubmed_feat_L1.txt 0.00220467 0.00216776 3.6913e-05
761 Pubmed_feat_L1.txt 0.00146501 0.00142886 3.6148e-05
762 Pubmed_feat_L1.txt 0.00227325 0.00223916 3.4098e-05
763 Pubmed_feat_L1.txt 0.00147675 0.00144435 3.2398e-05
764 Pubmed_feat_L1.txt 0.0023851 0.0023488 3.6293e-05
765 Pubmed_feat_L1.txt 0.0014142 0.00138546 2.8737e-05
766 Pubmed_feat_L1.txt 0.00231848 0.00228157 3.6913e-05
767 Pubmed_feat_L1.txt 0.00204547 0.00135637 0.000689101
0 Pubmed_A.txt 0.00287878 0.00287637 2.408e-06
1 Pubmed_A.txt 0.0028796 0.00287728 2.317e-06
2 Pubmed_A.txt 0.00290934 0.00290672 2.62e-06
3 Pubmed_A.txt 0.00290671 0.00290431 2.401e-06
4 Pubmed_A.txt 0.00291366 0.00291064 3.014e-06
5 Pubmed_A.txt 0.00291027 0.00290804 2.23e-06
6 Pubmed_A.txt 0.0029224 0.00292023 2.171e-06
7 Pubmed_A.txt 0.00291843 0.00291542 3.015e-06
8 Pubmed_A.txt 0.00293393 0.00293181 2.118e-06
9 Pubmed_A.txt 0.00293246 0.00292978 2.678e-06
10 Pubmed_A.txt 0.00297918 0.00297671 2.469e-06
11 Pubmed_A.txt 0.00297438 0.002972 2.385e-06
12 Pubmed_A.txt 0.00291744 0.00291472 2.72e-06
13 Pubmed_A.txt 0.00291515 0.00291266 2.488e-06
14 Pubmed_A.txt 0.00291786 0.00291536 2.501e-06
15 Pubmed_A.txt 0.00291327 0.00291093 2.342e-06
16 Pubmed_A.txt 0.00328416 0.00328154 2.619e-06
17 Pubmed_A.txt 0.00328228 0.00328019 2.086e-06
18 Pubmed_A.txt 0.00328987 0.00328721 2.666e-06
19 Pubmed_A.txt 0.00328588 0.00328275 3.131e-06
20 Pubmed_A.txt 0.00329024 0.00328725 2.991e-06
21 Pubmed_A.txt 0.00328693 0.00328435 2.582e-06
22 Pubmed_A.txt 0.00330212 0.00329937 2.746e-06
23 Pubmed_A.txt 0.00329678 0.00329426 2.525e-06
24 Pubmed_A.txt 0.00312725 0.00312527 1.979e-06
25 Pubmed_A.txt 0.00312543 0.00312271 2.721e-06
26 Pubmed_A.txt 0.00313003 0.00312804 1.981e-06
27 Pubmed_A.txt 0.00312822 0.00312492 3.298e-06
28 Pubmed_A.txt 0.00309844 0.00309487 3.566e-06
29 Pubmed_A.txt 0.00309712 0.00309413 2.988e-06
30 Pubmed_A.txt 0.00311592 0.00311213 3.795e-06
31 Pubmed_A.txt 0.00310876 0.00310639 2.368e-06
32 Pubmed_A.txt 0.00256332 0.00256108 2.237e-06
33 Pubmed_A.txt 0.00256117 0.00255894 2.222e-06
34 Pubmed_A.txt 0.00258454 0.00258123 3.302e-06
35 Pubmed_A.txt 0.0025823 0.00257743 4.875e-06
36 Pubmed_A.txt 0.00259628 0.00259219 4.092e-06
37 Pubmed_A.txt 0.00259359 0.00259054 3.046e-06
38 Pubmed_A.txt 0.00259588 0.0025919 3.981e-06
39 Pubmed_A.txt 0.00259212 0.00258866 3.461e-06
40 Pubmed_A.txt 0.00258779 0.00258561 2.175e-06
41 Pubmed_A.txt 0.00258847 0.00258427 4.201e-06
42 Pubmed_A.txt 0.00258008 0.00257757 2.51e-06
43 Pubmed_A.txt 0.00257683 0.00257417 2.654e-06
44 Pubmed_A.txt 0.00257853 0.00257538 3.148e-06
45 Pubmed_A.txt 0.00257454 0.00257262 1.924e-06
46 Pubmed_A.txt 0.00259197 0.0025897 2.277e-06
47 Pubmed_A.txt 0.00258834 0.00258576 2.573e-06
48 Pubmed_A.txt 0.00301249 0.00301024 2.247e-06
49 Pubmed_A.txt 0.00301442 0.00301125 3.166e-06
50 Pubmed_A.txt 0.00302508 0.00302129 3.791e-06
51 Pubmed_A.txt 0.00302152 0.00301698 4.543e-06
52 Pubmed_A.txt 0.00298994 0.00298765 2.297e-06
53 Pubmed_A.txt 0.00298902 0.00298578 3.241e-06
54 Pubmed_A.txt 0.00299244 0.00298904 3.399e-06
55 Pubmed_A.txt 0.00298881 0.00298614 2.669e-06
56 Pubmed_A.txt 0.00300386 0.00300087 2.997e-06
57 Pubmed_A.txt 0.00299871 0.00299614 2.562e-06
58 Pubmed_A.txt 0.00305212 0.00304887 3.254e-06
59 Pubmed_A.txt 0.00304792 0.0030457 2.222e-06
60 Pubmed_A.txt 0.00299866 0.00299534 3.325e-06
61 Pubmed_A.txt 0.00299324 0.00299105 2.193e-06
62 Pubmed_A.txt 0.00301761 0.00301584 1.772e-06
63 Pubmed_A.txt 0.0030148 0.00301263 2.165e-06
64 Pubmed_A.txt 0.0033644 0.00336017 4.231e-06
65 Pubmed_A.txt 0.00336196 0.00335863 3.328e-06
66 Pubmed_A.txt 0.00334321 0.00333938 3.833e-06
67 Pubmed_A.txt 0.00333606 0.00333343 2.624e-06
68 Pubmed_A.txt 0.00335554 0.00335034 5.202e-06
69 Pubmed_A.txt 0.00335119 0.00334689 4.301e-06
70 Pubmed_A.txt 0.0033373 0.00333453 2.777e-06
71 Pubmed_A.txt 0.00333442 0.00333174 2.674e-06
72 Pubmed_A.txt 0.00316349 0.0031596 3.893e-06
73 Pubmed_A.txt 0.00316101 0.00315661 4.4e-06
74 Pubmed_A.txt 0.00318843 0.0031863 2.134e-06
75 Pubmed_A.txt 0.00318486 0.00318068 4.185e-06
76 Pubmed_A.txt 0.00319776 0.00319535 2.407e-06
77 Pubmed_A.txt 0.00319638 0.00319279 3.585e-06
78 Pubmed_A.txt 0.00318348 0.00318067 2.812e-06
79 Pubmed_A.txt 0.00317817 0.00317585 2.324e-06
80 Pubmed_A.txt 0.0025714 0.00256916 2.232e-06
81 Pubmed_A.txt 0.00256833 0.00256594 2.387e-06
82 Pubmed_A.txt 0.00257885 0.00257648 2.372e-06
83 Pubmed_A.txt 0.00257681 0.00257449 2.322e-06
84 Pubmed_A.txt 0.0025881 0.00258615 1.948e-06
85 Pubmed_A.txt 0.00258653 0.00258449 2.042e-06
86 Pubmed_A.txt 0.00256936 0.00256665 2.713e-06
87 Pubmed_A.txt 0.00256741 0.00256384 3.579e-06
88 Pubmed_A.txt 0.00258386 0.00258136 2.508e-06
89 Pubmed_A.txt 0.0025836 0.00257993 3.669e-06
90 Pubmed_A.txt 0.00260129 0.00259918 2.103e-06
91 Pubmed_A.txt 0.00259918 0.00259669 2.488e-06
92 Pubmed_A.txt 0.00258768 0.0025845 3.174e-06
93 Pubmed_A.txt 0.00258439 0.00258235 2.045e-06
94 Pubmed_A.txt 0.00259097 0.00258893 2.035e-06
95 Pubmed_A.txt 0.0025891 0.00258693 2.174e-06
96 Pubmed_A.txt 0.00304123 0.00303868 2.544e-06
97 Pubmed_A.txt 0.00304222 0.00303991 2.314e-06
98 Pubmed_A.txt 0.00303725 0.00303469 2.558e-06
99 Pubmed_A.txt 0.00303448 0.0030316 2.886e-06
100 Pubmed_A.txt 0.00307567 0.00307346 2.209e-06
101 Pubmed_A.txt 0.00307279 0.00307018 2.608e-06
102 Pubmed_A.txt 0.00309104 0.0030891 1.939e-06
103 Pubmed_A.txt 0.00308826 0.00308505 3.211e-06
104 Pubmed_A.txt 0.00304479 0.00304169 3.097e-06
105 Pubmed_A.txt 0.00304436 0.00304035 4.01e-06
106 Pubmed_A.txt 0.00307886 0.0030763 2.558e-06
107 Pubmed_A.txt 0.00307721 0.00307384 3.365e-06
108 Pubmed_A.txt 0.00306019 0.00305606 4.133e-06
109 Pubmed_A.txt 0.00305621 0.00305395 2.258e-06
110 Pubmed_A.txt 0.00304892 0.00304684 2.082e-06
111 Pubmed_A.txt 0.00304435 0.00304149 2.858e-06
112 Pubmed_A.txt 0.00343614 0.00343391 2.226e-06
113 Pubmed_A.txt 0.00343353 0.00343086 2.665e-06
114 Pubmed_A.txt 0.00343859 0.0034358 2.784e-06
115 Pubmed_A.txt 0.00343497 0.00343165 3.317e-06
116 Pubmed_A.txt 0.0034295 0.00342696 2.535e-06
117 Pubmed_A.txt 0.00342656 0.00342357 2.995e-06
118 Pubmed_A.txt 0.00342943 0.00342665 2.781e-06
119 Pubmed_A.txt 0.00342573 0.00342328 2.453e-06
120 Pubmed_A.txt 0.00318019 0.00317769 2.502e-06
121 Pubmed_A.txt 0.00317834 0.00317581 2.529e-06
122 Pubmed_A.txt 0.00318296 0.00318081 2.155e-06
123 Pubmed_A.txt 0.00317961 0.00317692 2.696e-06
124 Pubmed_A.txt 0.00318384 0.003181 2.846e-06
125 Pubmed_A.txt 0.00318052 0.00317799 2.525e-06
126 Pubmed_A.txt 0.00318236 0.00317844 3.923e-06
127 Pubmed_A.txt 0.00317537 0.00317282 2.553e-06
128 Pubmed_A.txt 0.00261319 0.0026107 2.491e-06
129 Pubmed_A.txt 0.0026101 0.00260732 2.774e-06
130 Pubmed_A.txt 0.0026297 0.00262777 1.929e-06
131 Pubmed_A.txt 0.00262751 0.00262503 2.482e-06
132 Pubmed_A.txt 0.0026144 0.00261236 2.036e-06
133 Pubmed_A.txt 0.0026127 0.00261044 2.255e-06
134 Pubmed_A.txt 0.00262137 0.00261941 1.961e-06
135 Pubmed_A.txt 0.00261764 0.00261546 2.182e-06
136 Pubmed_A.txt 0.00262541 0.00262347 1.941e-06
137 Pubmed_A.txt 0.00262327 0.00262074 2.537e-06
138 Pubmed_A.txt 0.00264893 0.00264659 2.336e-06
139 Pubmed_A.txt 0.00264642 0.00264395 2.476e-06
140 Pubmed_A.txt 0.00260951 0.00260698 2.526e-06
141 Pubmed_A.txt 0.00260696 0.00260447 2.489e-06
142 Pubmed_A.txt 0.00262955 0.00262616 3.392e-06
143 Pubmed_A.txt 0.00262635 0.0026239 2.45e-06
144 Pubmed_A.txt 0.00304979 0.00304728 2.514e-06
145 Pubmed_A.txt 0.00305083 0.00304829 2.539e-06
146 Pubmed_A.txt 0.00307725 0.00307494 2.311e-06
147 Pubmed_A.txt 0.00307389 0.00307125 2.632e-06
148 Pubmed_A.txt 0.0031031 0.00309982 3.282e-06
149 Pubmed_A.txt 0.00309852 0.0030959 2.616e-06
150 Pubmed_A.txt 0.00310506 0.00310255 2.507e-06
151 Pubmed_A.txt 0.00310078 0.00309769 3.098e-06
152 Pubmed_A.txt 0.00307449 0.00307249 1.997e-06
153 Pubmed_A.txt 0.00307347 0.00307077 2.708e-06
154 Pubmed_A.txt 0.0030811 0.00307767 3.439e-06
155 Pubmed_A.txt 0.0030779 0.00307513 2.769e-06
156 Pubmed_A.txt 0.00309064 0.00308866 1.977e-06
157 Pubmed_A.txt 0.00308854 0.00308579 2.745e-06
158 Pubmed_A.txt 0.00307576 0.00307353 2.23e-06
159 Pubmed_A.txt 0.00307227 0.00306994 2.326e-06
160 Pubmed_A.txt 0.00345078 0.0034471 3.68e-06
161 Pubmed_A.txt 0.00345082 0.00344513 5.69e-06
162 Pubmed_A.txt 0.00344495 0.00343894 6.009e-06
163 Pubmed_A.txt 0.00344003 0.00343516 4.869e-06
164 Pubmed_A.txt 0.00341937 0.0034156 3.77e-06
165 Pubmed_A.txt 0.00341568 0.00341269 2.981e-06
166 Pubmed_A.txt 0.00340392 0.00340071 3.208e-06
167 Pubmed_A.txt 0.00339995 0.0033967 3.256e-06
168 Pubmed_A.txt 0.00322049 0.00321708 3.407e-06
169 Pubmed_A.txt 0.00321752 0.00321356 3.957e-06
170 Pubmed_A.txt 0.00326072 0.00325567 5.055e-06
171 Pubmed_A.txt 0.00325743 0.00325246 4.973e-06
172 Pubmed_A.txt 0.00323192 0.00322961 2.311e-06
173 Pubmed_A.txt 0.00323171 0.00322824 3.469e-06
174 Pubmed_A.txt 0.00324566 0.00324241 3.249e-06
175 Pubmed_A.txt 0.00324128 0.00323855 2.73e-06
176 Pubmed_A.txt 0.00259019 0.00258787 2.319e-06
177 Pubmed_A.txt 0.00258974 0.00258618 3.554e-06
178 Pubmed_A.txt 0.00261659 0.00261277 3.817e-06
179 Pubmed_A.txt 0.00261251 0.00260964 2.87e-06
180 Pubmed_A.txt 0.0026048 0.00260231 2.498e-06
181 Pubmed_A.txt 0.00260239 0.0025996 2.79e-06
182 Pubmed_A.txt 0.00259488 0.00259238 2.497e-06
183 Pubmed_A.txt 0.00259319 0.00259009 3.103e-06
184 Pubmed_A.txt 0.00264732 0.0026446 2.718e-06
185 Pubmed_A.txt 0.00264619 0.00264373 2.457e-06
186 Pubmed_A.txt 0.00264267 0.00264059 2.086e-06
187 Pubmed_A.txt 0.00263968 0.0026375 2.181e-06
188 Pubmed_A.txt 0.00266277 0.00266076 2.012e-06
189 Pubmed_A.txt 0.00266328 0.00265856 4.718e-06
190 Pubmed_A.txt 0.00263232 0.00262977 2.548e-06
191 Pubmed_A.txt 0.00263077 0.00262705 3.728e-06
192 Pubmed_A.txt 0.00295587 0.0029533 2.571e-06
193 Pubmed_A.txt 0.00295725 0.00295475 2.495e-06
194 Pubmed_A.txt 0.00297249 0.00296972 2.769e-06
195 Pubmed_A.txt 0.00296968 0.00296601 3.663e-06
196 Pubmed_A.txt 0.00301086 0.00300494 5.917e-06
197 Pubmed_A.txt 0.00300514 0.00300282 2.322e-06
198 Pubmed_A.txt 0.00300514 0.00300178 3.359e-06
199 Pubmed_A.txt 0.00300338 0.00299843 4.947e-06
200 Pubmed_A.txt 0.00297886 0.00297522 3.638e-06
201 Pubmed_A.txt 0.00297771 0.00297409 3.624e-06
202 Pubmed_A.txt 0.00300288 0.00299965 3.23e-06
203 Pubmed_A.txt 0.00299895 0.00299528 3.663e-06
204 Pubmed_A.txt 0.00301052 0.00300771 2.81e-06
205 Pubmed_A.txt 0.00300882 0.00300579 3.033e-06
206 Pubmed_A.txt 0.0030084 0.003004 4.4e-06
207 Pubmed_A.txt 0.00300462 0.00300088 3.744e-06
208 Pubmed_A.txt 0.00337845 0.0033756 2.847e-06
209 Pubmed_A.txt 0.00337554 0.00337286 2.676e-06
210 Pubmed_A.txt 0.00338685 0.00338369 3.163e-06
211 Pubmed_A.txt 0.0033827 0.00338025 2.459e-06
212 Pubmed_A.txt 0.00338373 0.00338134 2.391e-06
213 Pubmed_A.txt 0.00338319 0.00337956 3.632e-06
214 Pubmed_A.txt 0.00336315 0.0033594 3.749e-06
215 Pubmed_A.txt 0.00335888 0.00335573 3.149e-06
216 Pubmed_A.txt 0.00320438 0.00320147 2.904e-06
217 Pubmed_A.txt 0.00320152 0.00319809 3.423e-06
218 Pubmed_A.txt 0.00320615 0.00320397 2.182e-06
219 Pubmed_A.txt 0.00320127 0.00319887 2.404e-06
220 Pubmed_A.txt 0.00319879 0.00319583 2.965e-06
221 Pubmed_A.txt 0.00319707 0.00319404 3.035e-06
222 Pubmed_A.txt 0.00320493 0.00320169 3.233e-06
223 Pubmed_A.txt 0.0032007 0.0031973 3.399e-06
224 Pubmed_A.txt 0.00257906 0.00257666 2.401e-06
225 Pubmed_A.txt 0.00257652 0.00257417 2.343e-06
226 Pubmed_A.txt 0.00261151 0.00260736 4.155e-06
227 Pubmed_A.txt 0.00260768 0.00260366 4.013e-06
228 Pubmed_A.txt 0.00261862 0.00261582 2.794e-06
229 Pubmed_A.txt 0.00261783 0.00261472 3.115e-06
230 Pubmed_A.txt 0.00262074 0.00261715 3.588e-06
231 Pubmed_A.txt 0.00261759 0.00261363 3.959e-06
232 Pubmed_A.txt 0.00260416 0.00260149 2.675e-06
233 Pubmed_A.txt 0.00260193 0.00259925 2.678e-06
234 Pubmed_A.txt 0.00261219 0.00260978 2.412e-06
235 Pubmed_A.txt 0.00261029 0.00260769 2.597e-06
236 Pubmed_A.txt 0.00260653 0.00260409 2.442e-06
237 Pubmed_A.txt 0.00260468 0.00260214 2.534e-06
238 Pubmed_A.txt 0.00260027 0.00259615 4.119e-06
239 Pubmed_A.txt 0.00259711 0.00259336 3.754e-06
240 Pubmed_A.txt 0.00302799 0.00302589 2.102e-06
241 Pubmed_A.txt 0.00303087 0.00302814 2.733e-06
242 Pubmed_A.txt 0.00305952 0.00305646 3.063e-06
243 Pubmed_A.txt 0.00305596 0.00305267 3.288e-06
244 Pubmed_A.txt 0.00308175 0.00307898 2.763e-06
245 Pubmed_A.txt 0.00308014 0.00307733 2.816e-06
246 Pubmed_A.txt 0.0030695 0.00306555 3.952e-06
247 Pubmed_A.txt 0.00306529 0.00306243 2.859e-06
248 Pubmed_A.txt 0.00304643 0.00304382 2.612e-06
249 Pubmed_A.txt 0.00304382 0.00304141 2.405e-06
250 Pubmed_A.txt 0.00305733 0.00305281 4.522e-06
251 Pubmed_A.txt 0.00305172 0.00304924 2.481e-06
252 Pubmed_A.txt 0.00302414 0.00302178 2.363e-06
253 Pubmed_A.txt 0.00302388 0.00302085 3.029e-06
254 Pubmed_A.txt 0.00303348 0.00303049 2.987e-06
255 Pubmed_A.txt 0.00303132 0.00302701 4.301e-06
256 Pubmed_A.txt 0.00341546 0.00341146 4.002e-06
257 Pubmed_A.txt 0.00341229 0.00340887 3.428e-06
258 Pubmed_A.txt 0.00342481 0.00341251 1.2293e-05
259 Pubmed_A.txt 0.0034141 0.00340899 5.11e-06
260 Pubmed_A.txt 0.00340445 0.00339992 4.524e-06
261 Pubmed_A.txt 0.00340115 0.00339819 2.953e-06
262 Pubmed_A.txt 0.00341361 0.00341058 3.032e-06
263 Pubmed_A.txt 0.0034094 0.00340624 3.157e-06
264 Pubmed_A.txt 0.00318129 0.00317769 3.604e-06
265 Pubmed_A.txt 0.00318006 0.00317581 4.252e-06
266 Pubmed_A.txt 0.00319936 0.00319401 5.345e-06
267 Pubmed_A.txt 0.00319377 0.00319023 3.534e-06
268 Pubmed_A.txt 0.00318472 0.00318192 2.804e-06
269 Pubmed_A.txt 0.0031827 0.00317906 3.637e-06
270 Pubmed_A.txt 0.0031863 0.00318349 2.813e-06
271 Pubmed_A.txt 0.00318219 0.0031802 1.998e-06
272 Pubmed_A.txt 0.00261091 0.00260794 2.962e-06
273 Pubmed_A.txt 0.00261085 0.00260556 5.293e-06
274 Pubmed_A.txt 0.00263838 0.00263382 4.564e-06
275 Pubmed_A.txt 0.00263477 0.0026314 3.364e-06
276 Pubmed_A.txt 0.00264571 0.00264169 4.021e-06
277 Pubmed_A.txt 0.00264194 0.00263924 2.708e-06
278 Pubmed_A.txt 0.00264738 0.00264499 2.392e-06
279 Pubmed_A.txt 0.00264497 0.00264207 2.894e-06
280 Pubmed_A.txt 0.00259782 0.0025959 1.916e-06
281 Pubmed_A.txt 0.0025989 0.00259536 3.544e-06
282 Pubmed_A.txt 0.00261655 0.00261347 3.083e-06
283 Pubmed_A.txt 0.00261227 0.00260996 2.302e-06
284 Pubmed_A.txt 0.00259291 0.00258901 3.905e-06
285 Pubmed_A.txt 0.00259009 0.00258785 2.244e-06
286 Pubmed_A.txt 0.00262212 0.00261809 4.031e-06
287 Pubmed_A.txt 0.00261908 0.00261639 2.693e-06
288 Pubmed_A.txt 0.00301704 0.00301339 3.65e-06
289 Pubmed_A.txt 0.00301752 0.00301444 3.08e-06
290 Pubmed_A.txt 0.00302525 0.00302264 2.607e-06
291 Pubmed_A.txt 0.00302016 0.00301756 2.607e-06
292 Pubmed_A.txt 0.00303957 0.00303713 2.444e-06
293 Pubmed_A.txt 0.00303724 0.00303433 2.915e-06
294 Pubmed_A.txt 0.0030267 0.0030245 2.201e-06
295 Pubmed_A.txt 0.00302393 0.00302081 3.118e-06
296 Pubmed_A.txt 0.00302246 0.00301979 2.666e-06
297 Pubmed_A.txt 0.0030218 0.00301788 3.923e-06
298 Pubmed_A.txt 0.00307214 0.00306848 3.662e-06
299 Pubmed_A.txt 0.0030667 0.00306396 2.742e-06
300 Pubmed_A.txt 0.00304375 0.00304068 3.07e-06
301 Pubmed_A.txt 0.00304261 0.00303925 3.364e-06
302 Pubmed_A.txt 0.0030502 0.00304605 4.155e-06
303 Pubmed_A.txt 0.00304363 0.00304114 2.495e-06
304 Pubmed_A.txt 0.00335401 0.00335069 3.324e-06
305 Pubmed_A.txt 0.00335378 0.00334909 4.691e-06
306 Pubmed_A.txt 0.0033574 0.00335333 4.071e-06
307 Pubmed_A.txt 0.0033543 0.00335111 3.188e-06
308 Pubmed_A.txt 0.00336891 0.00336533 3.579e-06
309 Pubmed_A.txt 0.00336663 0.00336302 3.608e-06
310 Pubmed_A.txt 0.00335218 0.00334893 3.246e-06
311 Pubmed_A.txt 0.00334966 0.00334608 3.579e-06
312 Pubmed_A.txt 0.00314982 0.0031458 4.027e-06
313 Pubmed_A.txt 0.00314767 0.00314476 2.909e-06
314 Pubmed_A.txt 0.00314718 0.00314485 2.335e-06
315 Pubmed_A.txt 0.0031432 0.00314062 2.577e-06
316 Pubmed_A.txt 0.00314779 0.00314371 4.079e-06
317 Pubmed_A.txt 0.00314585 0.0031416 4.255e-06
318 Pubmed_A.txt 0.00318152 0.00317724 4.277e-06
319 Pubmed_A.txt 0.00317382 0.00317105 2.765e-06
320 Pubmed_A.txt 0.00253795 0.00253356 4.388e-06
321 Pubmed_A.txt 0.00254094 0.00253199 8.945e-06
322 Pubmed_A.txt 0.00257293 0.00256984 3.098e-06
323 Pubmed_A.txt 0.00256929 0.0025664 2.887e-06
324 Pubmed_A.txt 0.00259498 0.00259174 3.24e-06
325 Pubmed_A.txt 0.00259217 0.00258915 3.016e-06
326 Pubmed_A.txt 0.00258503 0.00258091 4.124e-06
327 Pubmed_A.txt 0.00258244 0.00257865 3.787e-06
328 Pubmed_A.txt 0.00256058 0.0025584 2.181e-06
329 Pubmed_A.txt 0.00255796 0.00255498 2.987e-06
330 Pubmed_A.txt 0.00257879 0.00257508 3.714e-06
331 Pubmed_A.txt 0.0025753 0.00257173 3.566e-06
332 Pubmed_A.txt 0.00257916 0.00257687 2.293e-06
333 Pubmed_A.txt 0.00257805 0.00257424 3.806e-06
334 Pubmed_A.txt 0.00259551 0.00259036 5.15e-06
335 Pubmed_A.txt 0.00259315 0.00258806 5.086e-06
336 Pubmed_A.txt 0.00305346 0.00304674 6.721e-06
337 Pubmed_A.txt 0.00305472 0.00304824 6.478e-06
338 Pubmed_A.txt 0.00303301 0.00302805 4.961e-06
339 Pubmed_A.txt 0.00303166 0.00302487 6.79e-06
340 Pubmed_A.txt 0.00305619 0.00305164 4.547e-06
341 Pubmed_A.txt 0.00305661 0.00304981 6.802e-06
342 Pubmed_A.txt 0.00305252 0.00304589 6.624e-06
343 Pubmed_A.txt 0.00304383 0.00304157 2.258e-06
344 Pubmed_A.txt 0.0030198 0.00301635 3.448e-06
345 Pubmed_A.txt 0.00301635 0.00301388 2.467e-06
346 Pubmed_A.txt 0.00301419 0.00300957 4.616e-06
347 Pubmed_A.txt 0.00300736 0.00300439 2.967e-06
348 Pubmed_A.txt 0.00300137 0.00299819 3.175e-06
349 Pubmed_A.txt 0.00299971 0.00299662 3.091e-06
350 Pubmed_A.txt 0.00301833 0.00301503 3.293e-06
351 Pubmed_A.txt 0.00301674 0.00301026 6.48e-06
352 Pubmed_A.txt 0.00337792 0.00337122 6.697e-06
353 Pubmed_A.txt 0.00337767 0.00337009 7.578e-06
354 Pubmed_A.txt 0.00336029 0.00335374 6.554e-06
355 Pubmed_A.txt 0.00335629 0.00335035 5.943e-06
356 Pubmed_A.txt 0.00337847 0.003375 3.471e-06
357 Pubmed_A.txt 0.00337925 0.00337362 5.627e-06
358 Pubmed_A.txt 0.00338244 0.00337698 5.457e-06
359 Pubmed_A.txt 0.00337973 0.00337393 5.804e-06
360 Pubmed_A.txt 0.00317276 0.00316906 3.706e-06
361 Pubmed_A.txt 0.00317447 0.00316553 8.945e-06
362 Pubmed_A.txt 0.00318419 0.00318066 3.522e-06
363 Pubmed_A.txt 0.00318046 0.00317692 3.539e-06
364 Pubmed_A.txt 0.00317271 0.00316615 6.564e-06
365 Pubmed_A.txt 0.00317215 0.00316444 7.715e-06
366 Pubmed_A.txt 0.00317735 0.00317144 5.908e-06
367 Pubmed_A.txt 0.00317304 0.00316817 4.87e-06
368 Pubmed_A.txt 0.00259534 0.00259268 2.661e-06
369 Pubmed_A.txt 0.00259306 0.00258978 3.28e-06
370 Pubmed_A.txt 0.00261667 0.00260981 6.867e-06
371 Pubmed_A.txt 0.0026122 0.00260655 5.643e-06
372 Pubmed_A.txt 0.0026031 0.00259686 6.242e-06
373 Pubmed_A.txt 0.00259981 0.00259534 4.476e-06
374 Pubmed_A.txt 0.00260327 0.00259876 4.508e-06
375 Pubmed_A.txt 0.00259894 0.00259386 5.079e-06
376 Pubmed_A.txt 0.00259965 0.0025939 5.741e-06
377 Pubmed_A.txt 0.00259753 0.00259328 4.242e-06
378 Pubmed_A.txt 0.00261096 0.00260511 5.843e-06
379 Pubmed_A.txt 0.0026077 0.00260273 4.979e-06
380 Pubmed_A.txt 0.00258203 0.00257463 7.406e-06
381 Pubmed_A.txt 0.00258029 0.00257247 7.826e-06
382 Pubmed_A.txt 0.00259679 0.00259119 5.599e-06
383 Pubmed_A.txt 0.00259161 0.00258605 5.564e-06
384 Pubmed_A.txt 0.00300438 0.003 4.377e-06
385 Pubmed_A.txt 0.00300532 0.00300071 4.614e-06
386 Pubmed_A.txt 0.00302321 0.00301194 1.1272e-05
387 Pubmed_A.txt 0.00301647 0.00300979 6.678e-06
388 Pubmed_A.txt 0.00301516 0.00300941 5.75e-06
389 Pubmed_A.txt 0.00301519 0.00300824 6.943e-06
390 Pubmed_A.txt 0.00300679 0.00300263 4.154e-06
391 Pubmed_A.txt 0.00300395 0.00299965 4.31e-06
392 Pubmed_A.txt 0.00299685 0.00299316 3.693e-06
393 Pubmed_A.txt 0.00300085 0.00299158 9.273e-06
394 Pubmed_A.txt 0.00301739 0.00301255 4.833e-06
395 Pubmed_A.txt 0.00301268 0.00300872 3.957e-06
396 Pubmed_A.txt 0.00301924 0.00301452 4.719e-06
397 Pubmed_A.txt 0.00301599 0.0030125 3.491e-06
398 Pubmed_A.txt 0.00302 0.00301528 4.717e-06
399 Pubmed_A.txt 0.00301642 0.00301153 4.89e-06
400 Pubmed_A.txt 0.0033299 0.003325 4.904e-06
401 Pubmed_A.txt 0.00332727 0.00332359 3.677e-06
402 Pubmed_A.txt 0.00334115 0.00333447 6.686e-06
403 Pubmed_A.txt 0.00333687 0.00333154 5.339e-06
404 Pubmed_A.txt 0.00337027 0.00336586 4.406e-06
405 Pubmed_A.txt 0.00336638 0.00336194 4.442e-06
406 Pubmed_A.txt 0.00335901 0.0033518 7.209e-06
407 Pubmed_A.txt 0.00335571 0.00334842 7.284e-06
408 Pubmed_A.txt 0.00313007 0.00312552 4.554e-06
409 Pubmed_A.txt 0.00312847 0.00312377 4.7e-06
410 Pubmed_A.txt 0.00313488 0.00312506 9.819e-06
411 Pubmed_A.txt 0.00313183 0.00312683 5e-06
412 Pubmed_A.txt 0.00312822 0.00312469 3.529e-06
413 Pubmed_A.txt 0.00313042 0.00312362 6.799e-06
414 Pubmed_A.txt 0.00313219 0.00312481 7.378e-06
415 Pubmed_A.txt 0.00312332 0.00311921 4.11e-06
416 Pubmed_A.txt 0.00252358 0.00251852 5.06e-06
417 Pubmed_A.txt 0.00252487 0.00251811 6.763e-06
418 Pubmed_A.txt 0.00256417 0.00255625 7.913e-06
419 Pubmed_A.txt 0.00256132 0.00255273 8.594e-06
420 Pubmed_A.txt 0.00258067 0.00257011 1.056e-05
421 Pubmed_A.txt 0.00257286 0.0025674 5.465e-06
422 Pubmed_A.txt 0.00257116 0.00256524 5.926e-06
423 Pubmed_A.txt 0.00256771 0.00256228 5.438e-06
424 Pubmed_A.txt 0.0025643 0.00255897 5.328e-06
425 Pubmed_A.txt 0.00256518 0.00255653 8.648e-06
426 Pubmed_A.txt 0.00257205 0.00256197 1.008e-05
427 Pubmed_A.txt 0.00256666 0.00255832 8.34e-06
428 Pubmed_A.txt 0.00259172 0.00258079 1.0929e-05
429 Pubmed_A.txt 0.00258904 0.00257789 1.1149e-05
430 Pubmed_A.txt 0.00257649 0.00256753 8.967e-06
431 Pubmed_A.txt 0.00256824 0.00256387 4.372e-06
432 Pubmed_A.txt 0.00301506 0.0030127 2.358e-06
433 Pubmed_A.txt 0.00301886 0.00301389 4.972e-06
434 Pubmed_A.txt 0.00304676 0.00304073 6.027e-06
435 Pubmed_A.txt 0.00304323 0.00303703 6.198e-06
436 Pubmed_A.txt 0.00301834 0.00300424 1.4103e-05
437 Pubmed_A.txt 0.00302009 0.00300213 1.7969e-05
438 Pubmed_A.txt 0.0030311 0.00301739 1.3717e-05
439 Pubmed_A.txt 0.00302423 0.00301324 1.0983e-05
440 Pubmed_A.txt 0.00302189 0.00301409 7.799e-06
441 Pubmed_A.txt 0.00301801 0.00300532 1.2692e-05
442 Pubmed_A.txt 0.00305518 0.00304752 7.655e-06
443 Pubmed_A.txt 0.00305448 0.00304436 1.0121e-05
444 Pubmed_A.txt 0.00304233 0.00303325 9.081e-06
445 Pubmed_A.txt 0.00303909 0.00303033 8.76e-06
446 Pubmed_A.txt 0.00301802 0.00300238 1.5638e-05
447 Pubmed_A.txt 0.0030153 0.00299824 1.7061e-05
448 Pubmed_A.txt 0.00340341 0.00339512 8.299e-06
449 Pubmed_A.txt 0.00340251 0.00339359 8.911e-06
450 Pubmed_A.txt 0.00340281 0.00339799 4.821e-06
451 Pubmed_A.txt 0.00340085 0.00339446 6.395e-06
452 Pubmed_A.txt 0.00337785 0.00336886 8.989e-06
453 Pubmed_A.txt 0.00337957 0.00336621 1.3364e-05
454 Pubmed_A.txt 0.00336584 0.00335985 5.993e-06
455 Pubmed_A.txt 0.0033604 0.00335666 3.735e-06
456 Pubmed_A.txt 0.00318953 0.00318609 3.433e-06
457 Pubmed_A.txt 0.00318729 0.00318377 3.524e-06
458 Pubmed_A.txt 0.00319415 0.00319136 2.785e-06
459 Pubmed_A.txt 0.00319315 0.0031881 5.052e-06
460 Pubmed_A.txt 0.00319017 0.00318674 3.427e-06
461 Pubmed_A.txt 0.00318781 0.00318518 2.628e-06
462 Pubmed_A.txt 0.00318457 0.00318013 4.442e-06
463 Pubmed_A.txt 0.00318023 0.00317618 4.057e-06
464 Pubmed_A.txt 0.00257883 0.0025761 2.736e-06
465 Pubmed_A.txt 0.0025779 0.0025737 4.199e-06
466 Pubmed_A.txt 0.00260653 0.0026024 4.128e-06
467 Pubmed_A.txt 0.00260286 0.00259865 4.211e-06
468 Pubmed_A.txt 0.00261857 0.00261562 2.953e-06
469 Pubmed_A.txt 0.00261685 0.00261328 3.567e-06
470 Pubmed_A.txt 0.00262557 0.00262246 3.11e-06
471 Pubmed_A.txt 0.00262133 0.0026194 1.935e-06
472 Pubmed_A.txt 0.00261392 0.00261129 2.637e-06
473 Pubmed_A.txt 0.00261778 0.00260905 8.733e-06
474 Pubmed_A.txt 0.00262803 0.00261938 8.65e-06
475 Pubmed_A.txt 0.00262071 0.00261649 4.215e-06
476 Pubmed_A.txt 0.00259588 0.00258943 6.447e-06
477 Pubmed_A.txt 0.00259354 0.00258677 6.769e-06
478 Pubmed_A.txt 0.00258285 0.00256899 1.3854e-05
479 Pubmed_A.txt 0.00257939 0.00256654 1.2847e-05
480 Pubmed_A.txt 0.00304723 0.00304141 5.828e-06
481 Pubmed_A.txt 0.00304546 0.00304115 4.303e-06
482 Pubmed_A.txt 0.00305993 0.00305358 6.35e-06
483 Pubmed_A.txt 0.00305673 0.00304938 7.348e-06
484 Pubmed_A.txt 0.00306872 0.00305986 8.858e-06
485 Pubmed_A.txt 0.0030602 0.00305576 4.443e-06
486 Pubmed_A.txt 0.00306384 0.00306079 3.047e-06
487 Pubmed_A.txt 0.00306658 0.00305689 9.696e-06
488 Pubmed_A.txt 0.0030394 0.00302743 1.1975e-05
489 Pubmed_A.txt 0.00303348 0.00302597 7.508e-06
490 Pubmed_A.txt 0.00306975 0.00305994 9.806e-06
491 Pubmed_A.txt 0.00305723 0.00305216 5.071e-06
492 Pubmed_A.txt 0.00308465 0.00307321 1.1441e-05
493 Pubmed_A.txt 0.00308077 0.00307105 9.72e-06
494 Pubmed_A.txt 0.0030721 0.00305966 1.2434e-05
495 Pubmed_A.txt 0.00306526 0.00305407 1.1196e-05
496 Pubmed_A.txt 0.00337991 0.00336913 1.0779e-05
497 Pubmed_A.txt 0.00337396 0.00336731 6.651e-06
498 Pubmed_A.txt 0.00337683 0.00336971 7.125e-06
499 Pubmed_A.txt 0.00337251 0.00336487 7.637e-06
500 Pubmed_A.txt 0.00336906 0.00336164 7.416e-06
501 Pubmed_A.txt 0.00336546 0.00336024 5.217e-06
502 Pubmed_A.txt 0.00337316 0.00336815 5.012e-06
503 Pubmed_A.txt 0.00336558 0.00336235 3.224e-06
504 Pubmed_A.txt 0.00319863 0.00318955 9.085e-06
505 Pubmed_A.txt 0.00319227 0.00318641 5.858e-06
506 Pubmed_A.txt 0.00321076 0.00320528 5.476e-06
507 Pubmed_A.txt 0.00320403 0.00319933 4.701e-06
508 Pubmed_A.txt 0.00320081 0.00319349 7.322e-06
509 Pubmed_A.txt 0.00320378 0.00319173 1.2042e-05
510 Pubmed_A.txt 0.00319046 0.00318201 8.451e-06
511 Pubmed_A.txt 0.00319133 0.00317805 1.3281e-05
512 Pubmed_A.txt 0.00262308 0.00261455 8.526e-06
513 Pubmed_A.txt 0.00261472 0.00261215 2.567e-06
514 Pubmed_A.txt 0.00262271 0.00261813 4.582e-06
515 Pubmed_A.txt 0.00261753 0.00261446 3.064e-06
516 Pubmed_A.txt 0.00261048 0.00260689 3.587e-06
517 Pubmed_A.txt 0.00260777 0.00260453 3.241e-06
518 Pubmed_A.txt 0.00260548 0.00260047 5.016e-06
519 Pubmed_A.txt 0.00260317 0.00259814 5.028e-06
520 Pubmed_A.txt 0.00263171 0.00262918 2.524e-06
521 Pubmed_A.txt 0.0026343 0.00262814 6.162e-06
522 Pubmed_A.txt 0.00264741 0.00263762 9.795e-06
523 Pubmed_A.txt 0.00264148 0.00263432 7.165e-06
524 Pubmed_A.txt 0.00257694 0.00257306 3.881e-06
525 Pubmed_A.txt 0.00258376 0.00257223 1.1531e-05
526 Pubmed_A.txt 0.00259021 0.00258215 8.062e-06
527 Pubmed_A.txt 0.00259058 0.00257893 1.1646e-05
528 Pubmed_A.txt 0.00296772 0.00296495 2.777e-06
529 Pubmed_A.txt 0.00297197 0.00296498 6.989e-06
530 Pubmed_A.txt 0.00298813 0.0029729 1.523e-05
531 Pubmed_A.txt 0.00297934 0.00296902 1.0324e-05
532 Pubmed_A.txt 0.00301104 0.00300845 2.586e-06
533 Pubmed_A.txt 0.00301275 0.00300729 5.457e-06
534 Pubmed_A.txt 0.00301432 0.00301091 3.412e-06
535 Pubmed_A.txt 0.00301155 0.00300741 4.143e-06
536 Pubmed_A.txt 0.00301225 0.0030028 9.449e-06
537 Pubmed_A.txt 0.00300935 0.00300043 8.916e-06
538 Pubmed_A.txt 0.00305526 0.00304491 1.0352e-05
539 Pubmed_A.txt 0.00305284 0.00304257 1.0274e-05
540 Pubmed_A.txt 0.00298874 0.00298308 5.66e-06
541 Pubmed_A.txt 0.00299006 0.00298145 8.614e-06
542 Pubmed_A.txt 0.00301128 0.00300611 5.164e-06
543 Pubmed_A.txt 0.00301087 0.00300291 7.961e-06
544 Pubmed_A.txt 0.00341082 0.00340254 8.277e-06
545 Pubmed_A.txt 0.00340694 0.0034013 5.635e-06
546 Pubmed_A.txt 0.00340984 0.00340448 5.363e-06
547 Pubmed_A.txt 0.00340718 0.00340143 5.759e-06
548 Pubmed_A.txt 0.00341313 0.00340716 5.972e-06
549 Pubmed_A.txt 0.00341272 0.00340595 6.77e-06
550 Pubmed_A.txt 0.00341088 0.00340739 3.489e-06
551 Pubmed_A.txt 0.00340664 0.00340243 4.209e-06
552 Pubmed_A.txt 0.00319541 0.00318343 1.1978e-05
553 Pubmed_A.txt 0.00319222 0.00318143 1.0792e-05
554 Pubmed_A.txt 0.00320085 0.00319205 8.802e-06
555 Pubmed_A.txt 0.00319425 0.00318663 7.627e-06
556 Pubmed_A.txt 0.00320501 0.00320255 2.457e-06
557 Pubmed_A.txt 0.00320189 0.00319953 2.359e-06
558 Pubmed_A.txt 0.0032004 0.00319486 5.542e-06
559 Pubmed_A.txt 0.00319504 0.00319032 4.711e-06
560 Pubmed_A.txt 0.00262525 0.00260715 1.8099e-05
561 Pubmed_A.txt 0.00260918 0.00260516 4.019e-06
562 Pubmed_A.txt 0.0026121 0.00260581 6.287e-06
563 Pubmed_A.txt 0.0026081 0.00260261 5.487e-06
564 Pubmed_A.txt 0.00263629 0.00263267 3.619e-06
565 Pubmed_A.txt 0.00263292 0.00263014 2.785e-06
566 Pubmed_A.txt 0.00264221 0.00263892 3.288e-06
567 Pubmed_A.txt 0.00264144 0.00263634 5.095e-06
568 Pubmed_A.txt 0.00255361 0.00254931 4.299e-06
569 Pubmed_A.txt 0.00255149 0.00254821 3.28e-06
570 Pubmed_A.txt 0.00257715 0.00257269 4.466e-06
571 Pubmed_A.txt 0.00257348 0.00256947 4.016e-06
572 Pubmed_A.txt 0.00257196 0.00256644 5.524e-06
573 Pubmed_A.txt 0.00256858 0.00256473 3.847e-06
574 Pubmed_A.txt 0.00257306 0.00256761 5.449e-06
575 Pubmed_A.txt 0.00256882 0.00256397 4.858e-06
576 Pubmed_A.txt 0.00295419 0.00295019 3.997e-06
577 Pubmed_A.txt 0.00295537 0.0029508 4.565e-06
578 Pubmed_A.txt 0.00297434 0.00297015 4.19e-06
579 Pubmed_A.txt 0.0029684 0.00296551 2.899e-06
580 Pubmed_A.txt 0.00301611 0.00301263 3.478e-06
581 Pubmed_A.txt 0.003014 0.0030102 3.795e-06
582 Pubmed_A.txt 0.00301763 0.00301242 5.21e-06
583 Pubmed_A.txt 0.0030106 0.00300712 3.481e-06
584 Pubmed_A.txt 0.00299846 0.00299605 2.405e-06
585 Pubmed_A.txt 0.00299845 0.00299441 4.04e-06
586 Pubmed_A.txt 0.00301799 0.0030156 2.396e-06
587 Pubmed_A.txt 0.00301444 0.00301014 4.298e-06
588 Pubmed_A.txt 0.00299867 0.00299491 3.762e-06
589 Pubmed_A.txt 0.00299689 0.00299316 3.738e-06
590 Pubmed_A.txt 0.00300751 0.00300254 4.97e-06
591 Pubmed_A.txt 0.00300341 0.00299805 5.355e-06
592 Pubmed_A.txt 0.00340169 0.0033988 2.883e-06
593 Pubmed_A.txt 0.00340205 0.00339794 4.112e-06
594 Pubmed_A.txt 0.00339826 0.00339047 7.789e-06
595 Pubmed_A.txt 0.0033961 0.00338753 8.568e-06
596 Pubmed_A.txt 0.00336947 0.00336616 3.307e-06
597 Pubmed_A.txt 0.00336818 0.00336408 4.1e-06
598 Pubmed_A.txt 0.00333641 0.00333096 5.444e-06
599 Pubmed_A.txt 0.00332821 0.00332529 2.92e-06
600 Pubmed_A.txt 0.0030999 0.00309594 3.957e-06
601 Pubmed_A.txt 0.00309745 0.0030941 3.352e-06
602 Pubmed_A.txt 0.00314023 0.00313091 9.318e-06
603 Pubmed_A.txt 0.00313105 0.00312729 3.759e-06
604 Pubmed_A.txt 0.00316583 0.00316189 3.94e-06
605 Pubmed_A.txt 0.00316444 0.00315905 5.397e-06
606 Pubmed_A.txt 0.00316126 0.00315522 6.035e-06
607 Pubmed_A.txt 0.00315591 0.00315176 4.147e-06
608 Pubmed_A.txt 0.0025552 0.00255146 3.735e-06
609 Pubmed_A.txt 0.00255381 0.00254999 3.815e-06
610 Pubmed_A.txt 0.00256809 0.00256457 3.519e-06
611 Pubmed_A.txt 0.00256431 0.00256116 3.142e-06
612 Pubmed_A.txt 0.00257929 0.00257584 3.454e-06
613 Pubmed_A.txt 0.00257666 0.00257273 3.931e-06
614 Pubmed_A.txt 0.00256962 0.00256481 4.807e-06
615 Pubmed_A.txt 0.00256624 0.00256133 4.907e-06
616 Pubmed_A.txt 0.00253257 0.0025304 2.169e-06
617 Pubmed_A.txt 0.0025326 0.00252926 3.336e-06
618 Pubmed_A.txt 0.00256323 0.00255804 5.195e-06
619 Pubmed_A.txt 0.00255853 0.00255529 3.237e-06
620 Pubmed_A.txt 0.00255577 0.00255296 2.807e-06
621 Pubmed_A.txt 0.00255592 0.00255049 5.427e-06
622 Pubmed_A.txt 0.00256893 0.00256282 6.108e-06
623 Pubmed_A.txt 0.00256335 0.00255944 3.908e-06
624 Pubmed_A.txt 0.0029685 0.0029636 4.899e-06
625 Pubmed_A.txt 0.00297164 0.00296476 6.882e-06
626 Pubmed_A.txt 0.00299492 0.00298856 6.363e-06
627 Pubmed_A.txt 0.00298896 0.00298446 4.507e-06
628 Pubmed_A.txt 0.0030271 0.00302265 4.454e-06
629 Pubmed_A.txt 0.00302654 0.00302216 4.382e-06
630 Pubmed_A.txt 0.00301254 0.00300654 6.006e-06
631 Pubmed_A.txt 0.00300841 0.00300259 5.826e-06
632 Pubmed_A.txt 0.00295431 0.00295157 2.74e-06
633 Pubmed_A.txt 0.00295521 0.0029516 3.608e-06
634 Pubmed_A.txt 0.00299719 0.0029898 7.383e-06
635 Pubmed_A.txt 0.00299163 0.00298618 5.442e-06
636 Pubmed_A.txt 0.003036 0.00303383 2.174e-06
637 Pubmed_A.txt 0.00303478 0.00303134 3.443e-06
638 Pubmed_A.txt 0.00303257 0.00302908 3.484e-06
639 Pubmed_A.txt 0.00302818 0.00302503 3.147e-06
640 Pubmed_A.txt 0.00340532 0.00340199 3.333e-06
641 Pubmed_A.txt 0.00340546 0.00340125 4.217e-06
642 Pubmed_A.txt 0.00340293 0.00339743 5.501e-06
643 Pubmed_A.txt 0.00339658 0.00339378 2.8e-06
644 Pubmed_A.txt 0.00337459 0.00337166 2.936e-06
645 Pubmed_A.txt 0.00337522 0.00336967 5.546e-06
646 Pubmed_A.txt 0.00338216 0.00337849 3.671e-06
647 Pubmed_A.txt 0.00337538 0.00337289 2.492e-06
648 Pubmed_A.txt 0.00317353 0.00317021 3.322e-06
649 Pubmed_A.txt 0.00317129 0.00316802 3.262e-06
650 Pubmed_A.txt 0.00321207 0.00320778 4.291e-06
651 Pubmed_A.txt 0.00321185 0.00320427 7.576e-06
652 Pubmed_A.txt 0.00323695 0.00322759 9.364e-06
653 Pubmed_A.txt 0.00322813 0.00322473 3.4e-06
654 Pubmed_A.txt 0.00319335 0.00318748 5.861e-06
655 Pubmed_A.txt 0.00319085 0.00318347 7.382e-06
656 Pubmed_A.txt 0.00257661 0.00257266 3.956e-06
657 Pubmed_A.txt 0.00257923 0.00256972 9.508e-06
658 Pubmed_A.txt 0.0025899 0.00257677 1.3132e-05
659 Pubmed_A.txt 0.0025881 0.00257343 1.4669e-05
660 Pubmed_A.txt 0.00260289 0.00259197 1.0919e-05
661 Pubmed_A.txt 0.00259708 0.00258989 7.19e-06
662 Pubmed_A.txt 0.00262277 0.00261166 1.1105e-05
663 Pubmed_A.txt 0.00261395 0.00260934 4.607e-06
664 Pubmed_A.txt 0.00256518 0.00255302 1.2159e-05
665 Pubmed_A.txt 0.00256015 0.00255069 9.463e-06
666 Pubmed_A.txt 0.00256863 0.00255551 1.3116e-05
667 Pubmed_A.txt 0.00256308 0.00255297 1.0109e-05
668 Pubmed_A.txt 0.00259941 0.00258511 1.4301e-05
669 Pubmed_A.txt 0.00259449 0.00258411 1.0372e-05
670 Pubmed_A.txt 0.00260771 0.002596 1.1706e-05
671 Pubmed_A.txt 0.00260131 0.00259269 8.614e-06
672 Pubmed_A.txt 0.00297868 0.00297599 2.69e-06
673 Pubmed_A.txt 0.00298392 0.00297745 6.475e-06
674 Pubmed_A.txt 0.00300521 0.0030009 4.316e-06
675 Pubmed_A.txt 0.00299838 0.00299433 4.053e-06
676 Pubmed_A.txt 0.00304068 0.00303817 2.504e-06
677 Pubmed_A.txt 0.00304119 0.00303725 3.945e-06
678 Pubmed_A.txt 0.00301591 0.00301147 4.441e-06
679 Pubmed_A.txt 0.00301853 0.00300656 1.1972e-05
680 Pubmed_A.txt 0.00303548 0.00302733 8.147e-06
681 Pubmed_A.txt 0.00302871 0.00302492 3.788e-06
682 Pubmed_A.txt 0.00305494 0.00305203 2.904e-06
683 Pubmed_A.txt 0.00304891 0.00304692 1.988e-06
684 Pubmed_A.txt 0.00307546 0.00305329 2.2176e-05
685 Pubmed_A.txt 0.00305574 0.0030455 1.0238e-05
686 Pubmed_A.txt 0.00303079 0.00302135 9.432e-06
687 Pubmed_A.txt 0.00302266 0.00301605 6.605e-06
688 Pubmed_A.txt 0.0033828 0.00337714 5.665e-06
689 Pubmed_A.txt 0.00338358 0.00337541 8.163e-06
690 Pubmed_A.txt 0.00339756 0.00337902 1.8533e-05
691 Pubmed_A.txt 0.00338202 0.00337653 5.491e-06
692 Pubmed_A.txt 0.00336752 0.00336466 2.855e-06
693 Pubmed_A.txt 0.00336677 0.0033625 4.273e-06
694 Pubmed_A.txt 0.00337483 0.00337085 3.984e-06
695 Pubmed_A.txt 0.00337113 0.00336608 5.054e-06
696 Pubmed_A.txt 0.00313095 0.00311528 1.567e-05
697 Pubmed_A.txt 0.00312478 0.00311208 1.2699e-05
698 Pubmed_A.txt 0.00313596 0.00313019 5.766e-06
699 Pubmed_A.txt 0.00312979 0.00312727 2.52e-06
700 Pubmed_A.txt 0.00318772 0.00318166 6.059e-06
701 Pubmed_A.txt 0.00318809 0.00317919 8.899e-06
702 Pubmed_A.txt 0.00318131 0.00317182 9.491e-06
703 Pubmed_A.txt 0.00317974 0.00316854 1.1198e-05
704 Pubmed_A.txt 0.00259339 0.00258434 9.055e-06
705 Pubmed_A.txt 0.00259678 0.00258176 1.5025e-05
706 Pubmed_A.txt 0.0026026 0.00258804 1.4555e-05
707 Pubmed_A.txt 0.00258986 0.00258549 4.37e-06
708 Pubmed_A.txt 0.00257053 0.00255776 1.2767e-05
709 Pubmed_A.txt 0.00255793 0.00255461 3.324e-06
710 Pubmed_A.txt 0.00257833 0.0025738 4.53e-06
711 Pubmed_A.txt 0.00257572 0.00257037 5.347e-06
712 Pubmed_A.txt 0.00257952 0.00257562 3.902e-06
713 Pubmed_A.txt 0.0025781 0.00257387 4.223e-06
714 Pubmed_A.txt 0.00260418 0.00259951 4.664e-06
715 Pubmed_A.txt 0.00260046 0.00259553 4.925e-06
716 Pubmed_A.txt 0.00260179 0.00259303 8.76e-06
717 Pubmed_A.txt 0.00259561 0.00259204 3.567e-06
718 Pubmed_A.txt 0.00258633 0.00257437 1.1954e-05
719 Pubmed_A.txt 0.00257715 0.00257159 5.564e-06
720 Pubmed_A.txt 0.00295558 0.00295114 4.445e-06
721 Pubmed_A.txt 0.00295799 0.00295236 5.631e-06
722 Pubmed_A.txt 0.00297799 0.00297212 5.87e-06
723 Pubmed_A.txt 0.00297384 0.0029694 4.44e-06
724 Pubmed_A.txt 0.00300707 0.00300278 4.297e-06
725 Pubmed_A.txt 0.00300576 0.00300117 4.595e-06
726 Pubmed_A.txt 0.00300022 0.00299262 7.6e-06
727 Pubmed_A.txt 0.00299468 0.00298832 6.365e-06
728 Pubmed_A.txt 0.00300481 0.00299719 7.621e-06
729 Pubmed_A.txt 0.00299622 0.00299416 2.062e-06
730 Pubmed_A.txt 0.0030363 0.00302775 8.55e-06
731 Pubmed_A.txt 0.00302595 0.0030232 2.753e-06
732 Pubmed_A.txt 0.0030086 0.00299658 1.2026e-05
733 Pubmed_A.txt 0.00300229 0.0029948 7.483e-06
734 Pubmed_A.txt 0.00300582 0.00300124 4.589e-06
735 Pubmed_A.txt 0.00300543 0.00299936 6.069e-06
736 Pubmed_A.txt 0.00339936 0.00339538 3.976e-06
737 Pubmed_A.txt 0.00339717 0.00339308 4.089e-06
738 Pubmed_A.txt 0.00337952 0.00337507 4.459e-06
739 Pubmed_A.txt 0.00337744 0.00337255 4.893e-06
740 Pubmed_A.txt 0.00340969 0.00340172 7.971e-06
741 Pubmed_A.txt 0.0034014 0.00339883 2.571e-06
742 Pubmed_A.txt 0.003409 0.00340479 4.206e-06
743 Pubmed_A.txt 0.00340663 0.00340138 5.25e-06
744 Pubmed_A.txt 0.00317191 0.00316815 3.758e-06
745 Pubmed_A.txt 0.00316866 0.00316558 3.084e-06
746 Pubmed_A.txt 0.00318799 0.00318458 3.408e-06
747 Pubmed_A.txt 0.00318388 0.00318039 3.485e-06
748 Pubmed_A.txt 0.00316451 0.00316031 4.204e-06
749 Pubmed_A.txt 0.00316496 0.00315725 7.708e-06
750 Pubmed_A.txt 0.00315384 0.00314741 6.429e-06
751 Pubmed_A.txt 0.00315164 0.00314479 6.847e-06
752 Pubmed_A.txt 0.00258649 0.00257507 1.1419e-05
753 Pubmed_A.txt 0.00257715 0.00257262 4.529e-06
754 Pubmed_A.txt 0.00257717 0.00257414 3.026e-06
755 Pubmed_A.txt 0.00257865 0.00257142 7.237e-06
756 Pubmed_A.txt 0.002628 0.00260241 2.5585e-05
757 Pubmed_A.txt 0.0026145 0.00260178 1.2721e-05
758 Pubmed_A.txt 0.00263503 0.00262507 9.954e-06
759 Pubmed_A.txt 0.00263707 0.0026224 1.4665e-05
760 Pubmed_A.txt 0.00263065 0.00261585 1.4798e-05
761 Pubmed_A.txt 0.00262507 0.00261454 1.0533e-05
762 Pubmed_A.txt 0.00262267 0.00261386 8.807e-06
763 Pubmed_A.txt 0.00261634 0.00260873 7.613e-06
764 Pubmed_A.txt 0.00263481 0.00261825 1.6567e-05
765 Pubmed_A.txt 0.00262659 0.00261578 1.0814e-05
766 Pubmed_A.txt 0.0026436 0.00262564 1.7957e-05
767 Pubmed_A.txt 0.00279263 0.00262351 0.000169127
TACC:  Shutdown complete. Exiting. 
