TACC:  Starting up job 10024616 
TACC:  Starting parallel tasks... 
0 Reddit_feat_L2.txt 0.00208957 0.00185466 0.000234908
1 Reddit_feat_L2.txt 0.00146257 0.0012464 0.000216174
2 Reddit_feat_L2.txt 0.00210622 0.00187931 0.000226903
3 Reddit_feat_L2.txt 0.00149466 0.00124526 0.000249403
4 Reddit_feat_L2.txt 0.00199003 0.00177293 0.000217095
5 Reddit_feat_L2.txt 0.00144175 0.00123666 0.00020509
6 Reddit_feat_L2.txt 0.00243202 0.00223223 0.000199795
7 Reddit_feat_L2.txt 0.00150877 0.00131081 0.000197957
8 Reddit_feat_L2.txt 0.00211853 0.00187894 0.000239583
9 Reddit_feat_L2.txt 0.00162109 0.00135235 0.000268737
10 Reddit_feat_L2.txt 0.00237883 0.00222853 0.000150299
11 Reddit_feat_L2.txt 0.00149462 0.00133508 0.000159537
12 Reddit_feat_L2.txt 0.00214452 0.00192331 0.000221215
13 Reddit_feat_L2.txt 0.00129889 0.00116185 0.000137042
14 Reddit_feat_L2.txt 0.00231445 0.00215679 0.000157657
15 Reddit_feat_L2.txt 0.00147455 0.00129707 0.000177481
16 Reddit_feat_L2.txt 0.00207683 0.00191918 0.000157653
17 Reddit_feat_L2.txt 0.0014396 0.0012198 0.000219804
18 Reddit_feat_L2.txt 0.0023897 0.00211729 0.000272411
19 Reddit_feat_L2.txt 0.00154495 0.00124136 0.000303589
20 Reddit_feat_L2.txt 0.00230303 0.00202671 0.000276321
21 Reddit_feat_L2.txt 0.00135323 0.00117682 0.000176415
22 Reddit_feat_L2.txt 0.00231335 0.00219628 0.000117073
23 Reddit_feat_L2.txt 0.00140269 0.0012281 0.000174593
24 Reddit_feat_L2.txt 0.00213094 0.00203547 9.5472e-05
25 Reddit_feat_L2.txt 0.00134594 0.00121989 0.000126047
26 Reddit_feat_L2.txt 0.00249209 0.0022064 0.000285694
27 Reddit_feat_L2.txt 0.00151023 0.00120547 0.000304755
28 Reddit_feat_L2.txt 0.00258402 0.00227694 0.000307078
29 Reddit_feat_L2.txt 0.00152021 0.00121153 0.000308679
30 Reddit_feat_L2.txt 0.00239479 0.00208835 0.000306441
31 Reddit_feat_L2.txt 0.00168325 0.0013843 0.00029895
32 Reddit_feat_L2.txt 0.00225125 0.00195121 0.000300043
33 Reddit_feat_L2.txt 0.0015062 0.00123835 0.000267851
34 Reddit_feat_L2.txt 0.00215071 0.00204095 0.000109755
35 Reddit_feat_L2.txt 0.00134173 0.00124178 9.9953e-05
36 Reddit_feat_L2.txt 0.00216989 0.0019773 0.000192591
37 Reddit_feat_L2.txt 0.00133406 0.0011852 0.000148862
38 Reddit_feat_L2.txt 0.00261609 0.00236853 0.000247561
39 Reddit_feat_L2.txt 0.00155904 0.00125461 0.000304427
40 Reddit_feat_L2.txt 0.00253079 0.00222424 0.000306557
41 Reddit_feat_L2.txt 0.001495 0.00118708 0.000307923
42 Reddit_feat_L2.txt 0.00262228 0.002318 0.00030428
43 Reddit_feat_L2.txt 0.00162354 0.00131653 0.000307009
44 Reddit_feat_L2.txt 0.00231609 0.0020087 0.000307386
45 Reddit_feat_L2.txt 0.00155122 0.00124285 0.000308373
46 Reddit_feat_L2.txt 0.00270482 0.00240451 0.000300311
47 Reddit_feat_L2.txt 0.00162043 0.00131976 0.000300673
48 Reddit_feat_L2.txt 0.00221457 0.001915 0.000299566
49 Reddit_feat_L2.txt 0.00152329 0.00122302 0.000300262
50 Reddit_feat_L2.txt 0.0023058 0.00206254 0.000243255
51 Reddit_feat_L2.txt 0.00135405 0.0012202 0.000133853
52 Reddit_feat_L2.txt 0.00208491 0.0020046 8.0305e-05
53 Reddit_feat_L2.txt 0.00139045 0.00120984 0.000180613
54 Reddit_feat_L2.txt 0.00218311 0.00192299 0.000260115
55 Reddit_feat_L2.txt 0.0014057 0.00120619 0.000199507
56 Reddit_feat_L2.txt 0.00218116 0.00208688 9.4284e-05
57 Reddit_feat_L2.txt 0.00131202 0.00121502 9.6999e-05
58 Reddit_feat_L2.txt 0.00238834 0.00210546 0.000282875
59 Reddit_feat_L2.txt 0.00150885 0.00121612 0.000292729
60 Reddit_feat_L2.txt 0.00235525 0.0020734 0.000281851
61 Reddit_feat_L2.txt 0.00150959 0.00122521 0.000284387
62 Reddit_feat_L2.txt 0.00216185 0.00205886 0.000102996
63 Reddit_feat_L2.txt 0.00147003 0.00136106 0.000108972
64 Reddit_feat_L2.txt 0.00200596 0.00187581 0.000130154
65 Reddit_feat_L2.txt 0.00133822 0.00125426 8.3953e-05
66 Reddit_feat_L2.txt 0.00202397 0.00190233 0.000121638
67 Reddit_feat_L2.txt 0.0013145 0.00123805 7.6445e-05
68 Reddit_feat_L2.txt 0.0019509 0.00183652 0.000114383
69 Reddit_feat_L2.txt 0.0013644 0.0012608 0.000103609
70 Reddit_feat_L2.txt 0.00227736 0.00220171 7.565e-05
71 Reddit_feat_L2.txt 0.00131002 0.00122028 8.9746e-05
72 Reddit_feat_L2.txt 0.00197457 0.00188789 8.6672e-05
73 Reddit_feat_L2.txt 0.00130583 0.00121892 8.6909e-05
74 Reddit_feat_L2.txt 0.00228278 0.00223466 4.8117e-05
75 Reddit_feat_L2.txt 0.00130096 0.0012472 5.3759e-05
76 Reddit_feat_L2.txt 0.0020276 0.00193748 9.0115e-05
77 Reddit_feat_L2.txt 0.0013574 0.00121122 0.000146181
78 Reddit_feat_L2.txt 0.00266682 0.0024517 0.00021512
79 Reddit_feat_L2.txt 0.00155939 0.00134898 0.000210415
80 Reddit_feat_L2.txt 0.00250657 0.0023469 0.00015967
81 Reddit_feat_L2.txt 0.0012802 0.00121927 6.093e-05
82 Reddit_feat_L2.txt 0.00228337 0.00217362 0.000109753
83 Reddit_feat_L2.txt 0.00125805 0.00119375 6.4301e-05
84 Reddit_feat_L2.txt 0.00217891 0.0020422 0.000136716
85 Reddit_feat_L2.txt 0.00135309 0.00123964 0.000113446
86 Reddit_feat_L2.txt 0.00224088 0.00215634 8.4546e-05
87 Reddit_feat_L2.txt 0.00130707 0.00124919 5.7884e-05
88 Reddit_feat_L2.txt 0.00210199 0.00202286 7.9136e-05
89 Reddit_feat_L2.txt 0.00131797 0.00122864 8.9335e-05
90 Reddit_feat_L2.txt 0.00229243 0.00217175 0.000120685
91 Reddit_feat_L2.txt 0.00132753 0.0012538 7.3733e-05
92 Reddit_feat_L2.txt 0.00237426 0.00225651 0.000117743
93 Reddit_feat_L2.txt 0.00149014 0.00119093 0.000299206
94 Reddit_feat_L2.txt 0.00242759 0.00212846 0.000299131
95 Reddit_feat_L2.txt 0.0016348 0.00133436 0.000300441
96 Reddit_feat_L2.txt 0.00230637 0.00200538 0.000300992
97 Reddit_feat_L2.txt 0.00152131 0.00122988 0.000291427
98 Reddit_feat_L2.txt 0.00227626 0.00204419 0.000232071
99 Reddit_feat_L2.txt 0.00156127 0.00125413 0.000307138
100 Reddit_feat_L2.txt 0.00229433 0.00199543 0.000298894
101 Reddit_feat_L2.txt 0.00152704 0.00122228 0.000304759
102 Reddit_feat_L2.txt 0.00254846 0.00230927 0.000239194
103 Reddit_feat_L2.txt 0.00154724 0.00125384 0.000293394
104 Reddit_feat_L2.txt 0.00241668 0.00228285 0.000133825
105 Reddit_feat_L2.txt 0.00141011 0.00126654 0.000143567
106 Reddit_feat_L2.txt 0.00247734 0.00232722 0.000150123
107 Reddit_feat_L2.txt 0.00142001 0.00126404 0.000155976
108 Reddit_feat_L2.txt 0.00212919 0.00200796 0.000121229
109 Reddit_feat_L2.txt 0.00131185 0.00124162 7.0232e-05
110 Reddit_feat_L2.txt 0.00235701 0.00227467 8.234e-05
111 Reddit_feat_L2.txt 0.00146906 0.00135794 0.000111117
112 Reddit_feat_L2.txt 0.00210022 0.00196849 0.000131731
113 Reddit_feat_L2.txt 0.00133042 0.00125609 7.433e-05
114 Reddit_feat_L2.txt 0.00223051 0.00213661 9.3902e-05
115 Reddit_feat_L2.txt 0.00135339 0.00125076 0.000102629
116 Reddit_feat_L2.txt 0.00219132 0.00209531 9.6001e-05
117 Reddit_feat_L2.txt 0.00126937 0.00118088 8.8486e-05
118 Reddit_feat_L2.txt 0.00197474 0.00189805 7.6694e-05
119 Reddit_feat_L2.txt 0.00135641 0.00123264 0.000123774
120 Reddit_feat_L2.txt 0.00216795 0.00209582 7.2124e-05
121 Reddit_feat_L2.txt 0.00134656 0.00125433 9.2229e-05
122 Reddit_feat_L2.txt 0.00224753 0.0021366 0.000110931
123 Reddit_feat_L2.txt 0.001307 0.00121023 9.6771e-05
124 Reddit_feat_L2.txt 0.00221682 0.00213498 8.1842e-05
125 Reddit_feat_L2.txt 0.0013058 0.00123444 7.1353e-05
126 Reddit_feat_L2.txt 0.00212035 0.00206178 5.8574e-05
127 Reddit_feat_L2.txt 0.00141569 0.00133891 7.6778e-05
128 Reddit_feat_L2.txt 0.00232093 0.00224231 7.8622e-05
129 Reddit_feat_L2.txt 0.00138845 0.00130881 7.9642e-05
130 Reddit_feat_L2.txt 0.00200977 0.0019392 7.0571e-05
131 Reddit_feat_L2.txt 0.00131733 0.00121961 9.7713e-05
132 Reddit_feat_L2.txt 0.00189789 0.0018199 7.799e-05
133 Reddit_feat_L2.txt 0.0013751 0.00128411 9.0994e-05
134 Reddit_feat_L2.txt 0.00224542 0.00217843 6.6986e-05
135 Reddit_feat_L2.txt 0.00131255 0.00124525 6.7294e-05
136 Reddit_feat_L2.txt 0.00201025 0.00191563 9.4619e-05
137 Reddit_feat_L2.txt 0.00130763 0.00124539 6.2241e-05
138 Reddit_feat_L2.txt 0.00228463 0.00214663 0.000137998
139 Reddit_feat_L2.txt 0.00131625 0.00124993 6.6317e-05
140 Reddit_feat_L2.txt 0.00202575 0.001927 9.8741e-05
141 Reddit_feat_L2.txt 0.00140331 0.00126452 0.000138785
142 Reddit_feat_L2.txt 0.00230316 0.00220948 9.3688e-05
143 Reddit_feat_L2.txt 0.0014868 0.00138763 9.9165e-05
144 Reddit_feat_L2.txt 0.00200779 0.00194026 6.7531e-05
145 Reddit_feat_L2.txt 0.00124849 0.00118421 6.4286e-05
146 Reddit_feat_L2.txt 0.00222188 0.00214641 7.5476e-05
147 Reddit_feat_L2.txt 0.00133138 0.00125588 7.5495e-05
148 Reddit_feat_L2.txt 0.00211137 0.00202799 8.338e-05
149 Reddit_feat_L2.txt 0.00130225 0.00123619 6.6051e-05
150 Reddit_feat_L2.txt 0.00230608 0.00220084 0.000105236
151 Reddit_feat_L2.txt 0.0012775 0.00120463 7.2866e-05
152 Reddit_feat_L2.txt 0.00198786 0.00192708 6.0785e-05
153 Reddit_feat_L2.txt 0.00128242 0.00123499 4.7423e-05
154 Reddit_feat_L2.txt 0.00223439 0.00217658 5.78e-05
155 Reddit_feat_L2.txt 0.00132926 0.00126173 6.753e-05
156 Reddit_feat_L2.txt 0.00233285 0.00226829 6.4552e-05
157 Reddit_feat_L2.txt 0.00133249 0.00126589 6.6596e-05
158 Reddit_feat_L2.txt 0.0021283 0.00207678 5.1522e-05
159 Reddit_feat_L2.txt 0.00141438 0.00132842 8.5956e-05
160 Reddit_feat_L2.txt 0.00198618 0.00193389 5.2285e-05
161 Reddit_feat_L2.txt 0.00132336 0.00126335 6.0019e-05
162 Reddit_feat_L2.txt 0.00206013 0.00197694 8.3182e-05
163 Reddit_feat_L2.txt 0.00130384 0.00117496 0.000128882
164 Reddit_feat_L2.txt 0.00209603 0.0019854 0.000110634
165 Reddit_feat_L2.txt 0.00122298 0.0011674 5.5582e-05
166 Reddit_feat_L2.txt 0.00234616 0.00229137 5.4784e-05
167 Reddit_feat_L2.txt 0.00140719 0.00130175 0.000105433
168 Reddit_feat_L2.txt 0.00222232 0.00216724 5.5085e-05
169 Reddit_feat_L2.txt 0.00133673 0.00124477 9.196e-05
170 Reddit_feat_L2.txt 0.00234109 0.00228241 5.8678e-05
171 Reddit_feat_L2.txt 0.00138293 0.00128017 0.000102762
172 Reddit_feat_L2.txt 0.00202323 0.00196501 5.8216e-05
173 Reddit_feat_L2.txt 0.00124867 0.00114018 0.000108491
174 Reddit_feat_L2.txt 0.00236246 0.00230647 5.5986e-05
175 Reddit_feat_L2.txt 0.00140852 0.00133295 7.5561e-05
176 Reddit_feat_L2.txt 0.00208591 0.00203691 4.9005e-05
177 Reddit_feat_L2.txt 0.00125176 0.00119475 5.7008e-05
178 Reddit_feat_L2.txt 0.00217045 0.00210185 6.8603e-05
179 Reddit_feat_L2.txt 0.00137855 0.00124375 0.000134798
180 Reddit_feat_L2.txt 0.00218496 0.00196737 0.000217588
181 Reddit_feat_L2.txt 0.00127667 0.00119733 7.9342e-05
182 Reddit_feat_L2.txt 0.00192029 0.00185629 6.4002e-05
183 Reddit_feat_L2.txt 0.00122939 0.00114323 8.6162e-05
184 Reddit_feat_L2.txt 0.00219315 0.00211247 8.0675e-05
185 Reddit_feat_L2.txt 0.00122137 0.001171 5.0366e-05
186 Reddit_feat_L2.txt 0.00213533 0.00206421 7.1115e-05
187 Reddit_feat_L2.txt 0.00125032 0.00117875 7.1566e-05
188 Reddit_feat_L2.txt 0.00207417 0.00200941 6.4756e-05
189 Reddit_feat_L2.txt 0.00122852 0.00115738 7.1141e-05
190 Reddit_feat_L2.txt 0.00215098 0.00203715 0.000113827
191 Reddit_feat_L2.txt 0.00145888 0.00134248 0.000116394
192 Reddit_feat_L2.txt 0.00195557 0.00182502 0.000130549
193 Reddit_feat_L2.txt 0.00122337 0.00117025 5.312e-05
194 Reddit_feat_L2.txt 0.00203088 0.00196642 6.4456e-05
195 Reddit_feat_L2.txt 0.00134688 0.00126927 7.7607e-05
196 Reddit_feat_L2.txt 0.00198595 0.00185795 0.000128002
197 Reddit_feat_L2.txt 0.00133473 0.00126722 6.7512e-05
198 Reddit_feat_L2.txt 0.00232295 0.00218983 0.000133114
199 Reddit_feat_L2.txt 0.00122558 0.0011318 9.3776e-05
200 Reddit_feat_L2.txt 0.00191268 0.0018197 9.2979e-05
201 Reddit_feat_L2.txt 0.00131282 0.00120695 0.000105873
202 Reddit_feat_L2.txt 0.00230555 0.00222012 8.5431e-05
203 Reddit_feat_L2.txt 0.00133672 0.00122069 0.000116038
204 Reddit_feat_L2.txt 0.00197542 0.00191377 6.1645e-05
205 Reddit_feat_L2.txt 0.00125187 0.00120329 4.8579e-05
206 Reddit_feat_L2.txt 0.0024101 0.00228334 0.000126759
207 Reddit_feat_L2.txt 0.00137539 0.00130863 6.6762e-05
208 Reddit_feat_L2.txt 0.00233786 0.00228262 5.5237e-05
209 Reddit_feat_L2.txt 0.00134801 0.00129353 5.4478e-05
210 Reddit_feat_L2.txt 0.00211598 0.00206482 5.1155e-05
211 Reddit_feat_L2.txt 0.00136821 0.00127239 9.5817e-05
212 Reddit_feat_L2.txt 0.00206667 0.00201592 5.0748e-05
213 Reddit_feat_L2.txt 0.00124296 0.00119263 5.0332e-05
214 Reddit_feat_L2.txt 0.00222652 0.00217675 4.9772e-05
215 Reddit_feat_L2.txt 0.00126919 0.0011883 8.0892e-05
216 Reddit_feat_L2.txt 0.00203557 0.00199387 4.1696e-05
217 Reddit_feat_L2.txt 0.00111773 0.00107818 3.9556e-05
218 Reddit_feat_L2.txt 0.00212673 0.00203485 9.188e-05
219 Reddit_feat_L2.txt 0.00132616 0.00127305 5.3114e-05
220 Reddit_feat_L2.txt 0.00218827 0.00212973 5.8535e-05
221 Reddit_feat_L2.txt 0.00131501 0.00127491 4.0092e-05
222 Reddit_feat_L2.txt 0.00218169 0.00213584 4.5847e-05
223 Reddit_feat_L2.txt 0.00139877 0.0013461 5.2668e-05
224 Reddit_feat_L2.txt 0.00191528 0.00186937 4.5915e-05
225 Reddit_feat_L2.txt 0.00126745 0.00111284 0.000154606
226 Reddit_feat_L2.txt 0.00199529 0.00192112 7.4176e-05
227 Reddit_feat_L2.txt 0.00132052 0.0012605 6.0017e-05
228 Reddit_feat_L2.txt 0.00193613 0.001893 4.3128e-05
229 Reddit_feat_L2.txt 0.00134686 0.00130178 4.5082e-05
230 Reddit_feat_L2.txt 0.00220016 0.00214793 5.2232e-05
231 Reddit_feat_L2.txt 0.00117 0.00109338 7.6628e-05
232 Reddit_feat_L2.txt 0.00214635 0.00209261 5.3743e-05
233 Reddit_feat_L2.txt 0.00131942 0.00127314 4.6285e-05
234 Reddit_feat_L2.txt 0.0023041 0.00221968 8.4419e-05
235 Reddit_feat_L2.txt 0.00121437 0.00115777 5.6598e-05
236 Reddit_feat_L2.txt 0.00198483 0.00193676 4.8076e-05
237 Reddit_feat_L2.txt 0.00116896 0.00106941 9.9549e-05
238 Reddit_feat_L2.txt 0.00240942 0.00232507 8.4352e-05
239 Reddit_feat_L2.txt 0.00151377 0.00141706 9.6701e-05
240 Reddit_feat_L2.txt 0.00211697 0.00205131 6.5658e-05
241 Reddit_feat_L2.txt 0.00122923 0.00119104 3.8188e-05
242 Reddit_feat_L2.txt 0.00220527 0.00211371 9.156e-05
243 Reddit_feat_L2.txt 0.00132312 0.00121736 0.000105763
244 Reddit_feat_L2.txt 0.00211752 0.0020776 3.9923e-05
245 Reddit_feat_L2.txt 0.00121797 0.00114179 7.6187e-05
246 Reddit_feat_L2.txt 0.00203076 0.00194018 9.0589e-05
247 Reddit_feat_L2.txt 0.00124429 0.00119338 5.0912e-05
248 Reddit_feat_L2.txt 0.00215206 0.00210965 4.2415e-05
249 Reddit_feat_L2.txt 0.00121504 0.00114328 7.1763e-05
250 Reddit_feat_L2.txt 0.00222812 0.00218349 4.4629e-05
251 Reddit_feat_L2.txt 0.00124038 0.00119505 4.5323e-05
252 Reddit_feat_L2.txt 0.00214331 0.00208603 5.7277e-05
253 Reddit_feat_L2.txt 0.00132062 0.00124675 7.3868e-05
254 Reddit_feat_L2.txt 0.00208636 0.0020242 6.2159e-05
255 Reddit_feat_L2.txt 0.00135368 0.00131236 4.1319e-05
256 Reddit_feat_L2.txt 0.00191182 0.00181816 9.3655e-05
257 Reddit_feat_L2.txt 0.0012467 0.00120652 4.0182e-05
258 Reddit_feat_L2.txt 0.0019705 0.00190994 6.0565e-05
259 Reddit_feat_L2.txt 0.00131363 0.00123599 7.7636e-05
260 Reddit_feat_L2.txt 0.00185526 0.00180503 5.0226e-05
261 Reddit_feat_L2.txt 0.00134737 0.0012744 7.2974e-05
262 Reddit_feat_L2.txt 0.0021898 0.00213 5.9795e-05
263 Reddit_feat_L2.txt 0.00132689 0.0012787 4.8184e-05
264 Reddit_feat_L2.txt 0.00202558 0.00193053 9.5051e-05
265 Reddit_feat_L2.txt 0.00141818 0.00136374 5.4439e-05
266 Reddit_feat_L2.txt 0.00232912 0.0022477 8.1417e-05
267 Reddit_feat_L2.txt 0.00138684 0.00132282 6.4016e-05
268 Reddit_feat_L2.txt 0.00201355 0.0019018 0.000111748
269 Reddit_feat_L2.txt 0.00127696 0.00117845 9.8511e-05
270 Reddit_feat_L2.txt 0.00226862 0.00218356 8.5066e-05
271 Reddit_feat_L2.txt 0.00138899 0.00130691 8.2078e-05
272 Reddit_feat_L2.txt 0.0020056 0.00193639 6.9208e-05
273 Reddit_feat_L2.txt 0.00129514 0.00121776 7.738e-05
274 Reddit_feat_L2.txt 0.00223647 0.0022028 3.3665e-05
275 Reddit_feat_L2.txt 0.00125115 0.00121526 3.5896e-05
276 Reddit_feat_L2.txt 0.00213532 0.00204564 8.9683e-05
277 Reddit_feat_L2.txt 0.00133627 0.00127704 5.923e-05
278 Reddit_feat_L2.txt 0.00227011 0.00221627 5.3837e-05
279 Reddit_feat_L2.txt 0.00120175 0.00116093 4.0815e-05
280 Reddit_feat_L2.txt 0.00201792 0.00195088 6.7039e-05
281 Reddit_feat_L2.txt 0.00126972 0.00121288 5.6841e-05
282 Reddit_feat_L2.txt 0.0022975 0.00220949 8.8006e-05
283 Reddit_feat_L2.txt 0.00125762 0.00121137 4.625e-05
284 Reddit_feat_L2.txt 0.00224764 0.00220197 4.5672e-05
285 Reddit_feat_L2.txt 0.00134278 0.001283 5.9782e-05
286 Reddit_feat_L2.txt 0.00220097 0.00211679 8.4183e-05
287 Reddit_feat_L2.txt 0.00144701 0.00139688 5.0131e-05
288 Reddit_feat_L2.txt 0.00206525 0.00199353 7.1721e-05
289 Reddit_feat_L2.txt 0.00132051 0.00122068 9.9825e-05
290 Reddit_feat_L2.txt 0.00206784 0.00199518 7.266e-05
291 Reddit_feat_L2.txt 0.00121209 0.00117432 3.7765e-05
292 Reddit_feat_L2.txt 0.00202893 0.00198236 4.6571e-05
293 Reddit_feat_L2.txt 0.00128329 0.00120455 7.8745e-05
294 Reddit_feat_L2.txt 0.00236344 0.00231657 4.6868e-05
295 Reddit_feat_L2.txt 0.00139315 0.00132817 6.4973e-05
296 Reddit_feat_L2.txt 0.00224872 0.00218649 6.2234e-05
297 Reddit_feat_L2.txt 0.00134019 0.00128136 5.8827e-05
298 Reddit_feat_L2.txt 0.00229149 0.00225019 4.1301e-05
299 Reddit_feat_L2.txt 0.00132014 0.00121587 0.00010428
300 Reddit_feat_L2.txt 0.00220972 0.00206238 0.000147343
301 Reddit_feat_L2.txt 0.00122406 0.00117957 4.4484e-05
302 Reddit_feat_L2.txt 0.00253967 0.00246017 7.9501e-05
303 Reddit_feat_L2.txt 0.00133553 0.0012839 5.1635e-05
304 Reddit_feat_L2.txt 0.00207883 0.00198236 9.6467e-05
305 Reddit_feat_L2.txt 0.00140444 0.00129473 0.00010971
306 Reddit_feat_L2.txt 0.00229394 0.00211754 0.000176401
307 Reddit_feat_L2.txt 0.00131661 0.00125963 5.6977e-05
308 Reddit_feat_L2.txt 0.0021011 0.00205076 5.0343e-05
309 Reddit_feat_L2.txt 0.00120787 0.00116238 4.5487e-05
310 Reddit_feat_L2.txt 0.00192589 0.00186338 6.2514e-05
311 Reddit_feat_L2.txt 0.00131405 0.00127809 3.596e-05
312 Reddit_feat_L2.txt 0.00214619 0.00206666 7.953e-05
313 Reddit_feat_L2.txt 0.00126709 0.00122448 4.2612e-05
314 Reddit_feat_L2.txt 0.00215399 0.00210484 4.9147e-05
315 Reddit_feat_L2.txt 0.00141502 0.00121864 0.000196384
316 Reddit_feat_L2.txt 0.00219599 0.00206183 0.000134152
317 Reddit_feat_L2.txt 0.00127756 0.00122158 5.5972e-05
318 Reddit_feat_L2.txt 0.00196827 0.00192228 4.5991e-05
319 Reddit_feat_L2.txt 0.00137213 0.00128821 8.3927e-05
320 Reddit_feat_L2.txt 0.00195049 0.00190725 4.3239e-05
321 Reddit_feat_L2.txt 0.00134076 0.00129423 4.653e-05
322 Reddit_feat_L2.txt 0.00195424 0.00191979 3.4449e-05
323 Reddit_feat_L2.txt 0.00131304 0.00122367 8.9363e-05
324 Reddit_feat_L2.txt 0.00180349 0.00175444 4.9045e-05
325 Reddit_feat_L2.txt 0.00128952 0.00124933 4.0183e-05
326 Reddit_feat_L2.txt 0.00226602 0.00222084 4.5176e-05
327 Reddit_feat_L2.txt 0.00125315 0.00121392 3.9229e-05
328 Reddit_feat_L2.txt 0.00186582 0.00182158 4.4245e-05
329 Reddit_feat_L2.txt 0.00125915 0.00121007 4.9083e-05
330 Reddit_feat_L2.txt 0.00219498 0.00215876 3.6212e-05
331 Reddit_feat_L2.txt 0.00122812 0.00118877 3.9352e-05
332 Reddit_feat_L2.txt 0.00193629 0.00188026 5.6036e-05
333 Reddit_feat_L2.txt 0.00120912 0.00117098 3.8136e-05
334 Reddit_feat_L2.txt 0.00263529 0.00250435 0.000130942
335 Reddit_feat_L2.txt 0.00141348 0.00132496 8.8516e-05
336 Reddit_feat_L2.txt 0.00232087 0.00223659 8.4273e-05
337 Reddit_feat_L2.txt 0.00127848 0.00121626 6.2222e-05
338 Reddit_feat_L2.txt 0.00217923 0.00211982 5.9404e-05
339 Reddit_feat_L2.txt 0.00124725 0.0011654 8.1853e-05
340 Reddit_feat_L2.txt 0.00210304 0.00206215 4.0889e-05
341 Reddit_feat_L2.txt 0.0012493 0.00118921 6.0091e-05
342 Reddit_feat_L2.txt 0.00220291 0.00214089 6.2017e-05
343 Reddit_feat_L2.txt 0.00126604 0.00121367 5.2367e-05
344 Reddit_feat_L2.txt 0.00200237 0.00195256 4.9811e-05
345 Reddit_feat_L2.txt 0.00125489 0.00120384 5.1056e-05
346 Reddit_feat_L2.txt 0.00212324 0.00208085 4.2395e-05
347 Reddit_feat_L2.txt 0.00123122 0.00117438 5.6841e-05
348 Reddit_feat_L2.txt 0.00233908 0.00227891 6.0171e-05
349 Reddit_feat_L2.txt 0.00125156 0.00120386 4.7695e-05
350 Reddit_feat_L2.txt 0.00219687 0.0020718 0.000125072
351 Reddit_feat_L2.txt 0.00144286 0.00127883 0.000164036
352 Reddit_feat_L2.txt 0.00201393 0.00191336 0.000100561
353 Reddit_feat_L2.txt 0.00121057 0.00116312 4.7456e-05
354 Reddit_feat_L2.txt 0.00198933 0.00194524 4.4091e-05
355 Reddit_feat_L2.txt 0.00126036 0.00120821 5.215e-05
356 Reddit_feat_L2.txt 0.00204238 0.00191567 0.000126707
357 Reddit_feat_L2.txt 0.00149279 0.00124463 0.000248159
358 Reddit_feat_L2.txt 0.00233303 0.00220244 0.000130595
359 Reddit_feat_L2.txt 0.00124911 0.00121043 3.8685e-05
360 Reddit_feat_L2.txt 0.00229899 0.00225567 4.3314e-05
361 Reddit_feat_L2.txt 0.0013633 0.00127972 8.3584e-05
362 Reddit_feat_L2.txt 0.00247133 0.00229063 0.0001807
363 Reddit_feat_L2.txt 0.00119962 0.00114507 5.4551e-05
364 Reddit_feat_L2.txt 0.00211487 0.00205027 6.4602e-05
365 Reddit_feat_L2.txt 0.00134373 0.00127724 6.6481e-05
366 Reddit_feat_L2.txt 0.00234408 0.002305 3.9078e-05
367 Reddit_feat_L2.txt 0.00128931 0.00124687 4.2445e-05
368 Reddit_feat_L2.txt 0.00194086 0.00187962 6.1236e-05
369 Reddit_feat_L2.txt 0.00131438 0.00125463 5.9745e-05
370 Reddit_feat_L2.txt 0.00204816 0.0020107 3.7454e-05
371 Reddit_feat_L2.txt 0.00120512 0.00116928 3.584e-05
372 Reddit_feat_L2.txt 0.00213607 0.00209752 3.8548e-05
373 Reddit_feat_L2.txt 0.00127476 0.00122989 4.4872e-05
374 Reddit_feat_L2.txt 0.00200853 0.00193127 7.7258e-05
375 Reddit_feat_L2.txt 0.00117875 0.00113094 4.7818e-05
376 Reddit_feat_L2.txt 0.00231943 0.00215194 0.000167488
377 Reddit_feat_L2.txt 0.00132215 0.00124844 7.3711e-05
378 Reddit_feat_L2.txt 0.00219222 0.00214222 5e-05
379 Reddit_feat_L2.txt 0.00133078 0.00127031 6.0467e-05
380 Reddit_feat_L2.txt 0.00221462 0.00215867 5.5952e-05
381 Reddit_feat_L2.txt 0.00135746 0.00130824 4.9218e-05
382 Reddit_feat_L2.txt 0.00217036 0.00205615 0.000114213
383 Reddit_feat_L2.txt 0.00144964 0.00134169 0.00010795
384 Reddit_feat_L2.txt 0.00247125 0.00231544 0.000155806
385 Reddit_feat_L2.txt 0.00133944 0.00129583 4.3603e-05
386 Reddit_feat_L2.txt 0.00200823 0.00197268 3.5552e-05
387 Reddit_feat_L2.txt 0.0012694 0.00119361 7.5792e-05
388 Reddit_feat_L2.txt 0.00194822 0.00183862 0.000109591
389 Reddit_feat_L2.txt 0.00137598 0.0012961 7.9879e-05
390 Reddit_feat_L2.txt 0.00219936 0.00215373 4.5634e-05
391 Reddit_feat_L2.txt 0.00119121 0.00115643 3.4779e-05
392 Reddit_feat_L2.txt 0.00198747 0.00191159 7.5883e-05
393 Reddit_feat_L2.txt 0.00133939 0.00117434 0.000165048
394 Reddit_feat_L2.txt 0.00231377 0.0022536 6.0173e-05
395 Reddit_feat_L2.txt 0.00126576 0.00120459 6.1167e-05
396 Reddit_feat_L2.txt 0.00200434 0.0018971 0.000107236
397 Reddit_feat_L2.txt 0.00132105 0.0012581 6.2951e-05
398 Reddit_feat_L2.txt 0.0021699 0.00212282 4.7077e-05
399 Reddit_feat_L2.txt 0.00129861 0.00126182 3.679e-05
400 Reddit_feat_L2.txt 0.00195696 0.00189094 6.6023e-05
401 Reddit_feat_L2.txt 0.00133526 0.00127188 6.3377e-05
402 Reddit_feat_L2.txt 0.002155 0.00211096 4.404e-05
403 Reddit_feat_L2.txt 0.00134021 0.00129541 4.4804e-05
404 Reddit_feat_L2.txt 0.00200062 0.00194588 5.4747e-05
405 Reddit_feat_L2.txt 0.0011893 0.00115534 3.3963e-05
406 Reddit_feat_L2.txt 0.00221559 0.00217895 3.664e-05
407 Reddit_feat_L2.txt 0.00126098 0.00119786 6.3119e-05
408 Reddit_feat_L2.txt 0.00202604 0.00198373 4.231e-05
409 Reddit_feat_L2.txt 0.00134321 0.00128962 5.359e-05
410 Reddit_feat_L2.txt 0.00221441 0.00216057 5.3848e-05
411 Reddit_feat_L2.txt 0.00133392 0.00123206 0.000101864
412 Reddit_feat_L2.txt 0.00241918 0.00223853 0.000180654
413 Reddit_feat_L2.txt 0.00124361 0.00114579 9.7823e-05
414 Reddit_feat_L2.txt 0.00212858 0.00202902 9.9556e-05
415 Reddit_feat_L2.txt 0.00137381 0.00131567 5.8138e-05
416 Reddit_feat_L2.txt 0.00202916 0.00196178 6.7379e-05
417 Reddit_feat_L2.txt 0.00125349 0.00115118 0.000102314
418 Reddit_feat_L2.txt 0.00207303 0.00195783 0.000115201
419 Reddit_feat_L2.txt 0.00126352 0.00119787 6.5653e-05
420 Reddit_feat_L2.txt 0.00199819 0.0019204 7.779e-05
421 Reddit_feat_L2.txt 0.00132316 0.00121068 0.000112473
422 Reddit_feat_L2.txt 0.00231678 0.00222647 9.0306e-05
423 Reddit_feat_L2.txt 0.00125443 0.00116525 8.9181e-05
424 Reddit_feat_L2.txt 0.00228195 0.00222623 5.5718e-05
425 Reddit_feat_L2.txt 0.00134704 0.00129633 5.0714e-05
426 Reddit_feat_L2.txt 0.00231621 0.00225504 6.1178e-05
427 Reddit_feat_L2.txt 0.00128474 0.00121718 6.7564e-05
428 Reddit_feat_L2.txt 0.00214013 0.00208973 5.0398e-05
429 Reddit_feat_L2.txt 0.00121046 0.00115949 5.0962e-05
430 Reddit_feat_L2.txt 0.00243563 0.00237107 6.4562e-05
431 Reddit_feat_L2.txt 0.00136392 0.00132855 3.537e-05
432 Reddit_feat_L2.txt 0.00213822 0.0020608 7.742e-05
433 Reddit_feat_L2.txt 0.00120281 0.00116383 3.8982e-05
434 Reddit_feat_L2.txt 0.00207998 0.00198192 9.8063e-05
435 Reddit_feat_L2.txt 0.00121053 0.0011719 3.8632e-05
436 Reddit_feat_L2.txt 0.00200444 0.00195167 5.2765e-05
437 Reddit_feat_L2.txt 0.00117695 0.00113936 3.7588e-05
438 Reddit_feat_L2.txt 0.00196824 0.00185909 0.000109151
439 Reddit_feat_L2.txt 0.00115997 0.00112602 3.3945e-05
440 Reddit_feat_L2.txt 0.00216543 0.0020312 0.000134233
441 Reddit_feat_L2.txt 0.00122001 0.00116696 5.3046e-05
442 Reddit_feat_L2.txt 0.00202535 0.00198631 3.9044e-05
443 Reddit_feat_L2.txt 0.00118923 0.00114785 4.1377e-05
444 Reddit_feat_L2.txt 0.00203836 0.00198449 5.3873e-05
445 Reddit_feat_L2.txt 0.00117891 0.0011465 3.2414e-05
446 Reddit_feat_L2.txt 0.0019496 0.00191233 3.7271e-05
447 Reddit_feat_L2.txt 0.00138002 0.0013417 3.832e-05
448 Reddit_feat_L2.txt 0.00192666 0.0018791 4.7561e-05
449 Reddit_feat_L2.txt 0.00148098 0.00126676 0.00021422
450 Reddit_feat_L2.txt 0.00214922 0.00199174 0.000157476
451 Reddit_feat_L2.txt 0.00118257 0.00113979 4.2781e-05
452 Reddit_feat_L2.txt 0.00184497 0.00180879 3.6181e-05
453 Reddit_feat_L2.txt 0.00133194 0.0012888 4.3137e-05
454 Reddit_feat_L2.txt 0.00221214 0.00216873 4.3411e-05
455 Reddit_feat_L2.txt 0.00118193 0.00114751 3.4417e-05
456 Reddit_feat_L2.txt 0.00185762 0.00181389 4.3734e-05
457 Reddit_feat_L2.txt 0.00128617 0.00123823 4.7934e-05
458 Reddit_feat_L2.txt 0.00220586 0.0021568 4.9065e-05
459 Reddit_feat_L2.txt 0.00122376 0.00117405 4.9708e-05
460 Reddit_feat_L2.txt 0.00200096 0.00196619 3.4777e-05
461 Reddit_feat_L2.txt 0.00123505 0.00119997 3.5082e-05
462 Reddit_feat_L2.txt 0.00224195 0.00215961 8.2347e-05
463 Reddit_feat_L2.txt 0.00142333 0.00133163 9.1705e-05
464 Reddit_feat_L2.txt 0.00235202 0.00227866 7.3362e-05
465 Reddit_feat_L2.txt 0.00122448 0.00117546 4.9025e-05
466 Reddit_feat_L2.txt 0.0022778 0.0022319 4.5901e-05
467 Reddit_feat_L2.txt 0.00129709 0.00125673 4.0363e-05
468 Reddit_feat_L2.txt 0.00200996 0.00195131 5.8649e-05
469 Reddit_feat_L2.txt 0.00118552 0.00114934 3.6173e-05
470 Reddit_feat_L2.txt 0.00224015 0.00219224 4.7915e-05
471 Reddit_feat_L2.txt 0.00123841 0.00118622 5.2189e-05
472 Reddit_feat_L2.txt 0.00203059 0.00196649 6.4103e-05
473 Reddit_feat_L2.txt 0.00117455 0.00112669 4.7867e-05
474 Reddit_feat_L2.txt 0.00214987 0.00211287 3.6999e-05
475 Reddit_feat_L2.txt 0.00131698 0.00119808 0.0001189
476 Reddit_feat_L2.txt 0.00225797 0.00220806 4.9914e-05
477 Reddit_feat_L2.txt 0.0012494 0.00120714 4.226e-05
478 Reddit_feat_L2.txt 0.00217312 0.0020917 8.1417e-05
479 Reddit_feat_L2.txt 0.00131702 0.00127938 3.7637e-05
480 Reddit_feat_L2.txt 0.00203643 0.00199113 4.5308e-05
481 Reddit_feat_L2.txt 0.00130475 0.00126905 3.5699e-05
482 Reddit_feat_L2.txt 0.00209626 0.00205281 4.3448e-05
483 Reddit_feat_L2.txt 0.00133679 0.00128014 5.6649e-05
484 Reddit_feat_L2.txt 0.00217322 0.00198671 0.000186506
485 Reddit_feat_L2.txt 0.00127788 0.00123541 4.2471e-05
486 Reddit_feat_L2.txt 0.00238341 0.00228886 9.4549e-05
487 Reddit_feat_L2.txt 0.00130429 0.00125778 4.6519e-05
488 Reddit_feat_L2.txt 0.00232927 0.00228459 4.4684e-05
489 Reddit_feat_L2.txt 0.00131671 0.00126246 5.4258e-05
490 Reddit_feat_L2.txt 0.00223153 0.00219372 3.7808e-05
491 Reddit_feat_L2.txt 0.00136123 0.00126723 9.4004e-05
492 Reddit_feat_L2.txt 0.00200613 0.00197046 3.5664e-05
493 Reddit_feat_L2.txt 0.00121151 0.00117773 3.3777e-05
494 Reddit_feat_L2.txt 0.00234417 0.00231186 3.2311e-05
495 Reddit_feat_L2.txt 0.00142214 0.00138329 3.8844e-05
496 Reddit_feat_L2.txt 0.00203683 0.00198494 5.1887e-05
497 Reddit_feat_L2.txt 0.0012408 0.00119103 4.9774e-05
498 Reddit_feat_L2.txt 0.00219597 0.0021386 5.7371e-05
499 Reddit_feat_L2.txt 0.0013192 0.00124736 7.1834e-05
500 Reddit_feat_L2.txt 0.00222167 0.00214219 7.9479e-05
501 Reddit_feat_L2.txt 0.00128821 0.00124319 4.5022e-05
502 Reddit_feat_L2.txt 0.00202335 0.00196827 5.5088e-05
503 Reddit_feat_L2.txt 0.0013699 0.00133305 3.6856e-05
504 Reddit_feat_L2.txt 0.00229192 0.0021712 0.000120721
505 Reddit_feat_L2.txt 0.00126504 0.00122119 4.3852e-05
506 Reddit_feat_L2.txt 0.00220384 0.0021672 3.6644e-05
507 Reddit_feat_L2.txt 0.00120337 0.00115943 4.3949e-05
508 Reddit_feat_L2.txt 0.0021523 0.00211055 4.1754e-05
509 Reddit_feat_L2.txt 0.00132615 0.00128695 3.9199e-05
510 Reddit_feat_L2.txt 0.00214663 0.00210137 4.526e-05
511 Reddit_feat_L2.txt 0.00133241 0.00129126 4.1145e-05
512 Reddit_feat_L2.txt 0.00193532 0.00189778 3.7539e-05
513 Reddit_feat_L2.txt 0.00137212 0.00131217 5.9955e-05
514 Reddit_feat_L2.txt 0.00193181 0.00189411 3.7698e-05
515 Reddit_feat_L2.txt 0.00136811 0.00131861 4.9497e-05
516 Reddit_feat_L2.txt 0.00187388 0.00183693 3.6942e-05
517 Reddit_feat_L2.txt 0.00135702 0.00126926 8.7759e-05
518 Reddit_feat_L2.txt 0.00216661 0.00212677 3.9843e-05
519 Reddit_feat_L2.txt 0.00127643 0.00123297 4.3461e-05
520 Reddit_feat_L2.txt 0.00196204 0.00192376 3.8287e-05
521 Reddit_feat_L2.txt 0.00137463 0.00130629 6.8335e-05
522 Reddit_feat_L2.txt 0.0023077 0.00220346 0.000104233
523 Reddit_feat_L2.txt 0.00137453 0.00132524 4.929e-05
524 Reddit_feat_L2.txt 0.00196076 0.00192336 3.7395e-05
525 Reddit_feat_L2.txt 0.0013245 0.00128026 4.4235e-05
526 Reddit_feat_L2.txt 0.00223379 0.00219212 4.1672e-05
527 Reddit_feat_L2.txt 0.00142573 0.00138722 3.8516e-05
528 Reddit_feat_L2.txt 0.00218617 0.00202782 0.000158342
529 Reddit_feat_L2.txt 0.00139944 0.00119183 0.000207617
530 Reddit_feat_L2.txt 0.00227938 0.00224193 3.7457e-05
531 Reddit_feat_L2.txt 0.00129609 0.00125643 3.9669e-05
532 Reddit_feat_L2.txt 0.00203637 0.00198714 4.9238e-05
533 Reddit_feat_L2.txt 0.0013359 0.00129217 4.3726e-05
534 Reddit_feat_L2.txt 0.00222437 0.00216745 5.6927e-05
535 Reddit_feat_L2.txt 0.00131416 0.00127154 4.2617e-05
536 Reddit_feat_L2.txt 0.00196092 0.00192186 3.9058e-05
537 Reddit_feat_L2.txt 0.00127709 0.00120496 7.2136e-05
538 Reddit_feat_L2.txt 0.00212169 0.00207987 4.1821e-05
539 Reddit_feat_L2.txt 0.00119103 0.00114899 4.2043e-05
540 Reddit_feat_L2.txt 0.00218235 0.00214343 3.8912e-05
541 Reddit_feat_L2.txt 0.00127065 0.00116357 0.000107084
542 Reddit_feat_L2.txt 0.00223336 0.00204777 0.000185591
543 Reddit_feat_L2.txt 0.0013015 0.00125075 5.0748e-05
544 Reddit_feat_L2.txt 0.00200214 0.00195172 5.0418e-05
545 Reddit_feat_L2.txt 0.00126075 0.00119668 6.4071e-05
546 Reddit_feat_L2.txt 0.00202074 0.00198028 4.0461e-05
547 Reddit_feat_L2.txt 0.00120177 0.00116271 3.906e-05
548 Reddit_feat_L2.txt 0.0019905 0.00194336 4.7144e-05
549 Reddit_feat_L2.txt 0.00115005 0.00111027 3.9786e-05
550 Reddit_feat_L2.txt 0.00222972 0.00219004 3.9682e-05
551 Reddit_feat_L2.txt 0.00133525 0.00119445 0.000140799
552 Reddit_feat_L2.txt 0.00223647 0.00213024 0.000106234
553 Reddit_feat_L2.txt 0.00121923 0.00117799 4.1246e-05
554 Reddit_feat_L2.txt 0.00229333 0.00225255 4.078e-05
555 Reddit_feat_L2.txt 0.00129571 0.00117678 0.000118927
556 Reddit_feat_L2.txt 0.00204103 0.0019467 9.4334e-05
557 Reddit_feat_L2.txt 0.00128567 0.00124488 4.0783e-05
558 Reddit_feat_L2.txt 0.00246628 0.00242034 4.5941e-05
559 Reddit_feat_L2.txt 0.00146652 0.00133187 0.000134648
560 Reddit_feat_L2.txt 0.00184693 0.00179806 4.8862e-05
561 Reddit_feat_L2.txt 0.00120623 0.00116584 4.0386e-05
562 Reddit_feat_L2.txt 0.00204516 0.00199916 4.5997e-05
563 Reddit_feat_L2.txt 0.00122849 0.00117026 5.823e-05
564 Reddit_feat_L2.txt 0.00211371 0.00207822 3.5493e-05
565 Reddit_feat_L2.txt 0.00127922 0.00123955 3.9672e-05
566 Reddit_feat_L2.txt 0.00196265 0.00192521 3.7438e-05
567 Reddit_feat_L2.txt 0.00125816 0.00122211 3.6051e-05
568 Reddit_feat_L2.txt 0.00217522 0.00204119 0.000134026
569 Reddit_feat_L2.txt 0.00131331 0.0011961 0.000117219
570 Reddit_feat_L2.txt 0.00225981 0.00205294 0.000206869
571 Reddit_feat_L2.txt 0.00116395 0.00111795 4.6004e-05
572 Reddit_feat_L2.txt 0.00200681 0.00196548 4.1328e-05
573 Reddit_feat_L2.txt 0.00122382 0.00118376 4.0061e-05
574 Reddit_feat_L2.txt 0.0019603 0.00191611 4.4191e-05
575 Reddit_feat_L2.txt 0.00131229 0.00127001 4.2278e-05
576 Reddit_feat_L2.txt 0.00195415 0.00189959 5.4557e-05
577 Reddit_feat_L2.txt 0.00134218 0.00130143 4.0756e-05
578 Reddit_feat_L2.txt 0.00192496 0.00188512 3.9835e-05
579 Reddit_feat_L2.txt 0.00133235 0.00129084 4.1513e-05
580 Reddit_feat_L2.txt 0.00186481 0.00180984 5.4967e-05
581 Reddit_feat_L2.txt 0.00131994 0.00128094 3.9001e-05
582 Reddit_feat_L2.txt 0.00227126 0.00222536 4.5893e-05
583 Reddit_feat_L2.txt 0.00122762 0.00118562 4.1996e-05
584 Reddit_feat_L2.txt 0.00192864 0.00189385 3.4795e-05
585 Reddit_feat_L2.txt 0.00125276 0.00121763 3.5126e-05
586 Reddit_feat_L2.txt 0.00225547 0.00222028 3.5189e-05
587 Reddit_feat_L2.txt 0.00128398 0.00119505 8.8922e-05
588 Reddit_feat_L2.txt 0.00209516 0.0020498 4.5357e-05
589 Reddit_feat_L2.txt 0.00122588 0.00115609 6.979e-05
590 Reddit_feat_L2.txt 0.00227954 0.0022425 3.7038e-05
591 Reddit_feat_L2.txt 0.00132975 0.00128846 4.1288e-05
592 Reddit_feat_L2.txt 0.00244801 0.00240765 4.0353e-05
593 Reddit_feat_L2.txt 0.0012904 0.00125401 3.6396e-05
594 Reddit_feat_L2.txt 0.00225239 0.0021822 7.019e-05
595 Reddit_feat_L2.txt 0.00132464 0.00127247 5.2174e-05
596 Reddit_feat_L2.txt 0.00209673 0.00201641 8.0321e-05
597 Reddit_feat_L2.txt 0.00129819 0.00125828 3.9907e-05
598 Reddit_feat_L2.txt 0.00231438 0.00226649 4.7899e-05
599 Reddit_feat_L2.txt 0.00128239 0.00123686 4.5526e-05
600 Reddit_feat_L2.txt 0.00211679 0.00207205 4.4736e-05
601 Reddit_feat_L2.txt 0.00125982 0.00121774 4.2077e-05
602 Reddit_feat_L2.txt 0.0021388 0.00209626 4.2539e-05
603 Reddit_feat_L2.txt 0.00124531 0.00120382 4.1484e-05
604 Reddit_feat_L2.txt 0.00223844 0.00219886 3.9575e-05
605 Reddit_feat_L2.txt 0.0012509 0.00121302 3.7881e-05
606 Reddit_feat_L2.txt 0.00214039 0.00210005 4.0342e-05
607 Reddit_feat_L2.txt 0.00131884 0.00127468 4.4162e-05
608 Reddit_feat_L2.txt 0.00193407 0.00189069 4.3385e-05
609 Reddit_feat_L2.txt 0.00125234 0.00117762 7.4714e-05
610 Reddit_feat_L2.txt 0.00204702 0.00200789 3.913e-05
611 Reddit_feat_L2.txt 0.00122207 0.00118066 4.1404e-05
612 Reddit_feat_L2.txt 0.00207734 0.00203443 4.2914e-05
613 Reddit_feat_L2.txt 0.00121168 0.00117013 4.1552e-05
614 Reddit_feat_L2.txt 0.00229613 0.00225843 3.7705e-05
615 Reddit_feat_L2.txt 0.00120174 0.00112791 7.3833e-05
616 Reddit_feat_L2.txt 0.00249716 0.00236437 0.00013279
617 Reddit_feat_L2.txt 0.00118818 0.00115015 3.803e-05
618 Reddit_feat_L2.txt 0.00229274 0.00223552 5.7215e-05
619 Reddit_feat_L2.txt 0.00121443 0.00117181 4.2616e-05
620 Reddit_feat_L2.txt 0.00205185 0.00199127 6.0584e-05
621 Reddit_feat_L2.txt 0.00118953 0.00115151 3.8021e-05
622 Reddit_feat_L2.txt 0.00224516 0.00220508 4.0085e-05
623 Reddit_feat_L2.txt 0.00135107 0.00130806 4.3009e-05
624 Reddit_feat_L2.txt 0.00196228 0.00190122 6.1066e-05
625 Reddit_feat_L2.txt 0.00122146 0.0011821 3.9353e-05
626 Reddit_feat_L2.txt 0.00200193 0.00192565 7.6281e-05
627 Reddit_feat_L2.txt 0.00132371 0.0012869 3.6817e-05
628 Reddit_feat_L2.txt 0.00208949 0.00205007 3.9422e-05
629 Reddit_feat_L2.txt 0.00122163 0.00117707 4.4561e-05
630 Reddit_feat_L2.txt 0.00188007 0.00180156 7.8506e-05
631 Reddit_feat_L2.txt 0.00115563 0.00110441 5.1219e-05
632 Reddit_feat_L2.txt 0.00210216 0.00205787 4.4293e-05
633 Reddit_feat_L2.txt 0.00111378 0.00106449 4.929e-05
634 Reddit_feat_L2.txt 0.00214287 0.00205731 8.5568e-05
635 Reddit_feat_L2.txt 0.00123254 0.00119143 4.1111e-05
636 Reddit_feat_L2.txt 0.00219727 0.00214005 5.7223e-05
637 Reddit_feat_L2.txt 0.00130813 0.00126916 3.8967e-05
638 Reddit_feat_L2.txt 0.00198495 0.00194339 4.1561e-05
639 Reddit_feat_L2.txt 0.00143432 0.00132971 0.000104602
640 Reddit_feat_L2.txt 0.00218398 0.00214449 3.9486e-05
641 Reddit_feat_L2.txt 0.00112997 0.00108918 4.0788e-05
642 Reddit_feat_L2.txt 0.00188405 0.00184571 3.8338e-05
643 Reddit_feat_L2.txt 0.00136933 0.00132663 4.2692e-05
644 Reddit_feat_L2.txt 0.00188582 0.00184509 4.0726e-05
645 Reddit_feat_L2.txt 0.0012918 0.00124295 4.8857e-05
646 Reddit_feat_L2.txt 0.00214845 0.00207432 7.4129e-05
647 Reddit_feat_L2.txt 0.00113066 0.00106931 6.135e-05
648 Reddit_feat_L2.txt 0.00202614 0.00197179 5.4347e-05
649 Reddit_feat_L2.txt 0.00127662 0.00123476 4.1859e-05
650 Reddit_feat_L2.txt 0.00210485 0.0020469 5.795e-05
651 Reddit_feat_L2.txt 0.00132103 0.00122875 9.2275e-05
652 Reddit_feat_L2.txt 0.00204296 0.00200264 4.0321e-05
653 Reddit_feat_L2.txt 0.00114781 0.00109877 4.9034e-05
654 Reddit_feat_L2.txt 0.00211448 0.00207128 4.3201e-05
655 Reddit_feat_L2.txt 0.00137937 0.00134089 3.8478e-05
656 Reddit_feat_L2.txt 0.00199692 0.00195707 3.9855e-05
657 Reddit_feat_L2.txt 0.00111787 0.00105647 6.1406e-05
658 Reddit_feat_L2.txt 0.00215201 0.00211233 3.9677e-05
659 Reddit_feat_L2.txt 0.00124915 0.00121066 3.8494e-05
660 Reddit_feat_L2.txt 0.00198777 0.00189512 9.2659e-05
661 Reddit_feat_L2.txt 0.00141851 0.00129494 0.000123567
662 Reddit_feat_L2.txt 0.00241635 0.00215755 0.000258805
663 Reddit_feat_L2.txt 0.00121997 0.00115295 6.702e-05
664 Reddit_feat_L2.txt 0.00209586 0.00203386 6.2004e-05
665 Reddit_feat_L2.txt 0.00139085 0.00132821 6.2638e-05
666 Reddit_feat_L2.txt 0.00207694 0.00202136 5.5572e-05
667 Reddit_feat_L2.txt 0.00113461 0.00109746 3.715e-05
668 Reddit_feat_L2.txt 0.00224705 0.0022095 3.7554e-05
669 Reddit_feat_L2.txt 0.00135148 0.0013039 4.7574e-05
670 Reddit_feat_L2.txt 0.00215524 0.00211758 3.766e-05
671 Reddit_feat_L2.txt 0.00143664 0.00139859 3.8048e-05
672 Reddit_feat_L2.txt 0.00199131 0.00189239 9.8918e-05
673 Reddit_feat_L2.txt 0.00124429 0.0011808 6.3489e-05
674 Reddit_feat_L2.txt 0.00211703 0.00207629 4.0739e-05
675 Reddit_feat_L2.txt 0.00131026 0.00127263 3.7626e-05
676 Reddit_feat_L2.txt 0.00199218 0.00194955 4.2626e-05
677 Reddit_feat_L2.txt 0.00119397 0.00115495 3.9018e-05
678 Reddit_feat_L2.txt 0.00228716 0.00224953 3.7632e-05
679 Reddit_feat_L2.txt 0.00124754 0.00120582 4.1716e-05
680 Reddit_feat_L2.txt 0.00226082 0.00221467 4.6147e-05
681 Reddit_feat_L2.txt 0.00120849 0.00115157 5.692e-05
682 Reddit_feat_L2.txt 0.00225657 0.0022062 5.0366e-05
683 Reddit_feat_L2.txt 0.00129366 0.00124852 4.5144e-05
684 Reddit_feat_L2.txt 0.00202543 0.00196792 5.7506e-05
685 Reddit_feat_L2.txt 0.00116827 0.00111838 4.9892e-05
686 Reddit_feat_L2.txt 0.00239 0.00233675 5.3243e-05
687 Reddit_feat_L2.txt 0.00137051 0.00133301 3.7505e-05
688 Reddit_feat_L2.txt 0.00212262 0.00207948 4.3139e-05
689 Reddit_feat_L2.txt 0.00122825 0.00116701 6.1236e-05
690 Reddit_feat_L2.txt 0.00203695 0.0019791 5.7852e-05
691 Reddit_feat_L2.txt 0.00120461 0.00115432 5.0282e-05
692 Reddit_feat_L2.txt 0.00205955 0.00202142 3.8127e-05
693 Reddit_feat_L2.txt 0.00129857 0.00124925 4.9314e-05
694 Reddit_feat_L2.txt 0.00187354 0.00182992 4.362e-05
695 Reddit_feat_L2.txt 0.00120176 0.00115221 4.9552e-05
696 Reddit_feat_L2.txt 0.00210445 0.00206562 3.8836e-05
697 Reddit_feat_L2.txt 0.00141775 0.00127463 0.000143125
698 Reddit_feat_L2.txt 0.00235249 0.00214941 0.000203082
699 Reddit_feat_L2.txt 0.00124099 0.00115524 8.5752e-05
700 Reddit_feat_L2.txt 0.00208755 0.00205022 3.7324e-05
701 Reddit_feat_L2.txt 0.00129039 0.00124197 4.8419e-05
702 Reddit_feat_L2.txt 0.00197525 0.00193409 4.1155e-05
703 Reddit_feat_L2.txt 0.00133364 0.00129503 3.8609e-05
704 Reddit_feat_L2.txt 0.00199833 0.00185274 0.00014559
705 Reddit_feat_L2.txt 0.00123579 0.00119402 4.1765e-05
706 Reddit_feat_L2.txt 0.00194595 0.00189417 5.1781e-05
707 Reddit_feat_L2.txt 0.0012371 0.00120017 3.6932e-05
708 Reddit_feat_L2.txt 0.00182449 0.00178439 4.0098e-05
709 Reddit_feat_L2.txt 0.0013519 0.00129461 5.7285e-05
710 Reddit_feat_L2.txt 0.00228663 0.00223977 4.6863e-05
711 Reddit_feat_L2.txt 0.00136508 0.00132532 3.9757e-05
712 Reddit_feat_L2.txt 0.00192772 0.00180999 0.000117726
713 Reddit_feat_L2.txt 0.00133929 0.00127666 6.2628e-05
714 Reddit_feat_L2.txt 0.0022549 0.00215278 0.000102119
715 Reddit_feat_L2.txt 0.00135743 0.00117946 0.000177969
716 Reddit_feat_L2.txt 0.00214738 0.00201403 0.000133358
717 Reddit_feat_L2.txt 0.00121667 0.0011562 6.0468e-05
718 Reddit_feat_L2.txt 0.00235899 0.00214146 0.000217529
719 Reddit_feat_L2.txt 0.00144794 0.00140068 4.7263e-05
720 Reddit_feat_L2.txt 0.00235101 0.00230599 4.5018e-05
721 Reddit_feat_L2.txt 0.00135115 0.0013063 4.4842e-05
722 Reddit_feat_L2.txt 0.00221461 0.00216409 5.052e-05
723 Reddit_feat_L2.txt 0.00127681 0.00123706 3.9754e-05
724 Reddit_feat_L2.txt 0.0020188 0.00197644 4.2364e-05
725 Reddit_feat_L2.txt 0.00128518 0.00118211 0.00010307
726 Reddit_feat_L2.txt 0.00214214 0.00208919 5.2951e-05
727 Reddit_feat_L2.txt 0.00134674 0.00130565 4.1089e-05
728 Reddit_feat_L2.txt 0.00211366 0.00207219 4.1476e-05
729 Reddit_feat_L2.txt 0.0011867 0.0011453 4.1404e-05
730 Reddit_feat_L2.txt 0.00214437 0.00208988 5.4486e-05
731 Reddit_feat_L2.txt 0.00126209 0.00121406 4.8028e-05
732 Reddit_feat_L2.txt 0.00234386 0.00225528 8.8584e-05
733 Reddit_feat_L2.txt 0.00117066 0.00112613 4.4535e-05
734 Reddit_feat_L2.txt 0.00212831 0.00207998 4.8331e-05
735 Reddit_feat_L2.txt 0.00130347 0.0012612 4.227e-05
736 Reddit_feat_L2.txt 0.00200714 0.00196281 4.4337e-05
737 Reddit_feat_L2.txt 0.0012292 0.00118794 4.1253e-05
738 Reddit_feat_L2.txt 0.00209096 0.0020405 5.0466e-05
739 Reddit_feat_L2.txt 0.00129206 0.00124539 4.6665e-05
740 Reddit_feat_L2.txt 0.00194639 0.00190306 4.3335e-05
741 Reddit_feat_L2.txt 0.0012458 0.00120505 4.0745e-05
742 Reddit_feat_L2.txt 0.00232968 0.00228834 4.1345e-05
743 Reddit_feat_L2.txt 0.00133278 0.00128325 4.9527e-05
744 Reddit_feat_L2.txt 0.00224828 0.0021894 5.8883e-05
745 Reddit_feat_L2.txt 0.00123565 0.00118536 5.0296e-05
746 Reddit_feat_L2.txt 0.00235078 0.00225381 9.6972e-05
747 Reddit_feat_L2.txt 0.00123153 0.00119248 3.9052e-05
748 Reddit_feat_L2.txt 0.00211919 0.00207676 4.2434e-05
749 Reddit_feat_L2.txt 0.00127484 0.00121859 5.6248e-05
750 Reddit_feat_L2.txt 0.00230388 0.00225896 4.4926e-05
751 Reddit_feat_L2.txt 0.00137583 0.0013329 4.293e-05
752 Reddit_feat_L2.txt 0.0019982 0.00194963 4.8568e-05
753 Reddit_feat_L2.txt 0.00121353 0.00116712 4.6416e-05
754 Reddit_feat_L2.txt 0.00211173 0.00203267 7.9059e-05
755 Reddit_feat_L2.txt 0.0012229 0.0011861 3.6802e-05
756 Reddit_feat_L2.txt 0.00213127 0.00209471 3.656e-05
757 Reddit_feat_L2.txt 0.00124259 0.00120718 3.5411e-05
758 Reddit_feat_L2.txt 0.00194174 0.00190684 3.4905e-05
759 Reddit_feat_L2.txt 0.00122662 0.00118802 3.8605e-05
760 Reddit_feat_L2.txt 0.0021253 0.00208869 3.6613e-05
761 Reddit_feat_L2.txt 0.00124389 0.00120682 3.7074e-05
762 Reddit_feat_L2.txt 0.00217293 0.00213457 3.836e-05
763 Reddit_feat_L2.txt 0.00126179 0.0012227 3.9092e-05
764 Reddit_feat_L2.txt 0.00217555 0.00213307 4.2476e-05
765 Reddit_feat_L2.txt 0.00123406 0.0011947 3.9355e-05
766 Reddit_feat_L2.txt 0.00207711 0.00203781 3.9295e-05
767 Reddit_feat_L2.txt 0.00135992 0.0012748 8.5126e-05
0 Reddit_A.txt 0.0451258 0.0449784 0.000147412
1 Reddit_A.txt 0.0452116 0.0449742 0.000237421
2 Reddit_A.txt 0.0452711 0.0449644 0.000306745
3 Reddit_A.txt 0.0453736 0.0449593 0.000414343
4 Reddit_A.txt 0.0454038 0.0449489 0.00045495
5 Reddit_A.txt 0.0453448 0.0449154 0.000429386
6 Reddit_A.txt 0.0454175 0.0449071 0.000510399
7 Reddit_A.txt 0.045382 0.0448387 0.000543336
8 Reddit_A.txt 0.0454937 0.0448313 0.000662345
9 Reddit_A.txt 0.0457025 0.0448247 0.000877839
10 Reddit_A.txt 0.0452283 0.0448152 0.000413067
11 Reddit_A.txt 0.0453529 0.0448066 0.000546291
12 Reddit_A.txt 0.0455597 0.0447684 0.000791265
13 Reddit_A.txt 0.0451163 0.0447521 0.000364244
14 Reddit_A.txt 0.0452832 0.0446818 0.000601349
15 Reddit_A.txt 0.0453515 0.0446364 0.000715153
16 Reddit_A.txt 0.0454532 0.0446253 0.000827879
17 Reddit_A.txt 0.0457653 0.0445739 0.00119146
18 Reddit_A.txt 0.0458953 0.0445463 0.00134897
19 Reddit_A.txt 0.0459175 0.0445388 0.00137869
20 Reddit_A.txt 0.0457578 0.0444959 0.00126185
21 Reddit_A.txt 0.0452936 0.0444849 0.000808691
22 Reddit_A.txt 0.0450126 0.0444339 0.000578719
23 Reddit_A.txt 0.0455353 0.0443706 0.00116474
24 Reddit_A.txt 0.0448419 0.0443694 0.000472531
25 Reddit_A.txt 0.045888 0.0443707 0.00151733
26 Reddit_A.txt 0.0469537 0.0443645 0.00258921
27 Reddit_A.txt 0.0460966 0.0443601 0.00173647
28 Reddit_A.txt 0.0460943 0.0443443 0.00175
29 Reddit_A.txt 0.0465366 0.0443395 0.0021971
30 Reddit_A.txt 0.0466878 0.0442887 0.00239908
31 Reddit_A.txt 0.04655 0.0442344 0.00231558
32 Reddit_A.txt 0.0463532 0.0442305 0.00212272
33 Reddit_A.txt 0.0457286 0.0441844 0.00154421
34 Reddit_A.txt 0.0449086 0.0441557 0.00075297
35 Reddit_A.txt 0.0449043 0.0441408 0.000763447
36 Reddit_A.txt 0.0453848 0.0440936 0.0012912
37 Reddit_A.txt 0.0447526 0.0440549 0.000697623
38 Reddit_A.txt 0.0459807 0.0440453 0.00193541
39 Reddit_A.txt 0.0460889 0.0440171 0.00207181
40 Reddit_A.txt 0.0464519 0.0440066 0.00244529
41 Reddit_A.txt 0.047524 0.0439785 0.00354544
42 Reddit_A.txt 0.0471971 0.0439534 0.00324376
43 Reddit_A.txt 0.0472288 0.0439375 0.0032913
44 Reddit_A.txt 0.0470423 0.0439342 0.00310804
45 Reddit_A.txt 0.0479243 0.0439177 0.0040066
46 Reddit_A.txt 0.0468794 0.0439031 0.00297633
47 Reddit_A.txt 0.04728 0.0438548 0.00342513
48 Reddit_A.txt 0.0511406 0.0475172 0.00362344
49 Reddit_A.txt 0.0502601 0.0474591 0.00280094
50 Reddit_A.txt 0.0495692 0.0474611 0.00210811
51 Reddit_A.txt 0.0490804 0.0474333 0.00164708
52 Reddit_A.txt 0.0483002 0.0474186 0.000881656
53 Reddit_A.txt 0.049344 0.0473677 0.0019763
54 Reddit_A.txt 0.0504266 0.0473542 0.00307246
55 Reddit_A.txt 0.0491561 0.0473451 0.00181102
56 Reddit_A.txt 0.0484944 0.0472953 0.00119906
57 Reddit_A.txt 0.0486288 0.0472922 0.00133653
58 Reddit_A.txt 0.0518508 0.0472849 0.0045659
59 Reddit_A.txt 0.0493836 0.0472324 0.00215122
60 Reddit_A.txt 0.0496113 0.0463055 0.00330579
61 Reddit_A.txt 0.0495071 0.0463316 0.00317553
62 Reddit_A.txt 0.0474823 0.0463267 0.00115567
63 Reddit_A.txt 0.0483527 0.0463511 0.00200159
64 Reddit_A.txt 0.0483886 0.0463417 0.0020469
65 Reddit_A.txt 0.0480443 0.0463466 0.00169768
66 Reddit_A.txt 0.0479256 0.0463506 0.00157504
67 Reddit_A.txt 0.047549 0.0463472 0.00120177
68 Reddit_A.txt 0.0478818 0.046292 0.00158978
69 Reddit_A.txt 0.0477454 0.0462877 0.00145772
70 Reddit_A.txt 0.0479493 0.0463723 0.001577
71 Reddit_A.txt 0.0471868 0.046358 0.000828866
72 Reddit_A.txt 0.0480273 0.0463273 0.0017
73 Reddit_A.txt 0.047646 0.0463127 0.00133325
74 Reddit_A.txt 0.0501052 0.0462561 0.00384906
75 Reddit_A.txt 0.0509184 0.0462531 0.00466526
76 Reddit_A.txt 0.0476639 0.046205 0.00145885
77 Reddit_A.txt 0.0481032 0.0461897 0.00191352
78 Reddit_A.txt 0.0524579 0.0461354 0.00632256
79 Reddit_A.txt 0.052077 0.046125 0.00595201
80 Reddit_A.txt 0.0480499 0.0460689 0.00198103
81 Reddit_A.txt 0.0474494 0.0460599 0.00138952
82 Reddit_A.txt 0.0472543 0.0460165 0.00123783
83 Reddit_A.txt 0.0471411 0.0460097 0.00113139
84 Reddit_A.txt 0.0480284 0.0459368 0.00209158
85 Reddit_A.txt 0.0480424 0.0459325 0.00210981
86 Reddit_A.txt 0.0478363 0.0458822 0.00195409
87 Reddit_A.txt 0.0474464 0.0458764 0.00156998
88 Reddit_A.txt 0.0475231 0.045813 0.00171001
89 Reddit_A.txt 0.047672 0.04581 0.00186203
90 Reddit_A.txt 0.0476802 0.0457633 0.00191694
91 Reddit_A.txt 0.0482494 0.0457586 0.00249075
92 Reddit_A.txt 0.0490975 0.0457028 0.00339466
93 Reddit_A.txt 0.0488786 0.0457013 0.00317738
94 Reddit_A.txt 0.0527142 0.0494559 0.00325828
95 Reddit_A.txt 0.0693753 0.0657679 0.00360744
96 Reddit_A.txt 0.0661629 0.0620893 0.00407357
97 Reddit_A.txt 0.0663208 0.0620759 0.00424494
98 Reddit_A.txt 0.0696109 0.065153 0.00445799
99 Reddit_A.txt 0.0688247 0.065472 0.00335275
100 Reddit_A.txt 0.0704473 0.0662024 0.00424489
101 Reddit_A.txt 0.0704326 0.0662623 0.00417029
102 Reddit_A.txt 0.0701525 0.0662604 0.00389203
103 Reddit_A.txt 0.070316 0.066242 0.00407401
104 Reddit_A.txt 0.0692296 0.0662456 0.00298404
105 Reddit_A.txt 0.0699197 0.0662456 0.00367409
106 Reddit_A.txt 0.0695155 0.0662008 0.00331467
107 Reddit_A.txt 0.0696795 0.0662248 0.00345465
108 Reddit_A.txt 0.0693756 0.0661934 0.00318224
109 Reddit_A.txt 0.0681438 0.0661934 0.00195042
110 Reddit_A.txt 0.0684348 0.0661738 0.00226094
111 Reddit_A.txt 0.0691192 0.0661762 0.00294301
112 Reddit_A.txt 0.0685876 0.0661153 0.00247231
113 Reddit_A.txt 0.068813 0.0661128 0.00270022
114 Reddit_A.txt 0.0692837 0.066091 0.0031927
115 Reddit_A.txt 0.0689946 0.0660893 0.00290537
116 Reddit_A.txt 0.0683563 0.0660474 0.00230893
117 Reddit_A.txt 0.0691159 0.0660437 0.00307222
118 Reddit_A.txt 0.0684568 0.0659866 0.00247017
119 Reddit_A.txt 0.0683879 0.0659865 0.00240133
120 Reddit_A.txt 0.0693047 0.0659504 0.00335427
121 Reddit_A.txt 0.0706633 0.0659443 0.00471897
122 Reddit_A.txt 0.0718146 0.0659378 0.00587684
123 Reddit_A.txt 0.0718394 0.0659391 0.00590029
124 Reddit_A.txt 0.0683911 0.0658939 0.00249721
125 Reddit_A.txt 0.0682028 0.0658887 0.0023141
126 Reddit_A.txt 0.0690557 0.0658625 0.00319317
127 Reddit_A.txt 0.0700995 0.0658514 0.00424815
128 Reddit_A.txt 0.0706984 0.0658241 0.00487431
129 Reddit_A.txt 0.070486 0.0658177 0.00466827
130 Reddit_A.txt 0.0690086 0.0658105 0.00319813
131 Reddit_A.txt 0.0679037 0.06581 0.00209376
132 Reddit_A.txt 0.067881 0.0657956 0.00208542
133 Reddit_A.txt 0.0695328 0.0657906 0.00374223
134 Reddit_A.txt 0.0682011 0.0657324 0.00246877
135 Reddit_A.txt 0.0728877 0.0657277 0.00716007
136 Reddit_A.txt 0.0695579 0.0657214 0.00383653
137 Reddit_A.txt 0.0696775 0.0656722 0.00400526
138 Reddit_A.txt 0.0685927 0.0656644 0.0029283
139 Reddit_A.txt 0.0690098 0.0656554 0.00335439
140 Reddit_A.txt 0.069364 0.0656427 0.00372136
141 Reddit_A.txt 0.0687564 0.0656326 0.00312387
142 Reddit_A.txt 0.0701377 0.065586 0.0045517
143 Reddit_A.txt 0.0692272 0.0655738 0.00365344
144 Reddit_A.txt 0.0717135 0.0692006 0.00251298
145 Reddit_A.txt 0.0717011 0.069117 0.00258417
146 Reddit_A.txt 0.0716474 0.0690631 0.00258434
147 Reddit_A.txt 0.0722287 0.0690453 0.00318343
148 Reddit_A.txt 0.0721468 0.0690371 0.00310969
149 Reddit_A.txt 0.0717224 0.0689757 0.00274672
150 Reddit_A.txt 0.0720866 0.0689273 0.0031593
151 Reddit_A.txt 0.0737115 0.0689169 0.00479465
152 Reddit_A.txt 0.071816 0.0689122 0.00290379
153 Reddit_A.txt 0.0724795 0.0689047 0.0035748
154 Reddit_A.txt 0.071884 0.0688388 0.00304518
155 Reddit_A.txt 0.0738442 0.0687718 0.00507243
156 Reddit_A.txt 0.0733607 0.0687671 0.00459362
157 Reddit_A.txt 0.0726309 0.0687591 0.00387189
158 Reddit_A.txt 0.0716581 0.0687029 0.00295524
159 Reddit_A.txt 0.072405 0.068665 0.00374006
160 Reddit_A.txt 0.0720119 0.0686482 0.00336365
161 Reddit_A.txt 0.0725739 0.0686444 0.00392959
162 Reddit_A.txt 0.0730695 0.0685966 0.00447285
163 Reddit_A.txt 0.0720979 0.0685582 0.00353975
164 Reddit_A.txt 0.0716595 0.068559 0.00310047
165 Reddit_A.txt 0.0727184 0.0685169 0.00420151
166 Reddit_A.txt 0.0730227 0.0685224 0.00450022
167 Reddit_A.txt 0.0739751 0.0684697 0.00550539
168 Reddit_A.txt 0.0723751 0.0684646 0.00391054
169 Reddit_A.txt 0.0716626 0.0684618 0.00320076
170 Reddit_A.txt 0.0710151 0.0684427 0.00257238
171 Reddit_A.txt 0.0725313 0.0684394 0.0040919
172 Reddit_A.txt 0.0720906 0.0684313 0.00365924
173 Reddit_A.txt 0.0721444 0.0684297 0.00371472
174 Reddit_A.txt 0.0729121 0.0684244 0.00448776
175 Reddit_A.txt 0.0733077 0.0684125 0.00489525
176 Reddit_A.txt 0.0722941 0.0683489 0.00394516
177 Reddit_A.txt 0.0727808 0.0682931 0.00448772
178 Reddit_A.txt 0.072608 0.0682531 0.00435486
179 Reddit_A.txt 0.0766724 0.0682466 0.00842583
180 Reddit_A.txt 0.0834662 0.0681892 0.015277
181 Reddit_A.txt 0.0729244 0.0681767 0.00474768
182 Reddit_A.txt 0.0720041 0.0681111 0.00389297
183 Reddit_A.txt 0.0717168 0.068098 0.0036188
184 Reddit_A.txt 0.0739348 0.0680773 0.00585749
185 Reddit_A.txt 0.0712306 0.0680044 0.00322617
186 Reddit_A.txt 0.0730419 0.0679912 0.0050507
187 Reddit_A.txt 0.0718385 0.0679824 0.00385606
188 Reddit_A.txt 0.0748519 0.0679666 0.0068853
189 Reddit_A.txt 0.0713422 0.0679602 0.003382
190 Reddit_A.txt 0.072196 0.0679563 0.00423964
191 Reddit_A.txt 0.0727077 0.0679309 0.00477681
192 Reddit_A.txt 0.0678953 0.0642236 0.00367165
193 Reddit_A.txt 0.0691017 0.0641627 0.00493901
194 Reddit_A.txt 0.0683361 0.0641614 0.00417471
195 Reddit_A.txt 0.0685937 0.064121 0.00447272
196 Reddit_A.txt 0.0689077 0.0641084 0.00479924
197 Reddit_A.txt 0.0714844 0.0641076 0.00737679
198 Reddit_A.txt 0.0693093 0.0640923 0.00521696
199 Reddit_A.txt 0.0678864 0.0640191 0.00386729
200 Reddit_A.txt 0.0689053 0.0639955 0.00490987
201 Reddit_A.txt 0.068663 0.0639288 0.00473412
202 Reddit_A.txt 0.068218 0.0638885 0.00432951
203 Reddit_A.txt 0.0687824 0.0638802 0.00490223
204 Reddit_A.txt 0.0677823 0.063874 0.00390826
205 Reddit_A.txt 0.0741185 0.0638606 0.0102579
206 Reddit_A.txt 0.0679945 0.0638 0.0041945
207 Reddit_A.txt 0.0674988 0.0637621 0.00373673
208 Reddit_A.txt 0.0681104 0.0637259 0.00438449
209 Reddit_A.txt 0.0703419 0.0637128 0.00662909
210 Reddit_A.txt 0.0678334 0.0636745 0.0041589
211 Reddit_A.txt 0.0674638 0.063669 0.00379478
212 Reddit_A.txt 0.0682413 0.0636622 0.00457912
213 Reddit_A.txt 0.0686634 0.0636127 0.00505075
214 Reddit_A.txt 0.0683576 0.0636021 0.00475546
215 Reddit_A.txt 0.0688075 0.0635689 0.00523862
216 Reddit_A.txt 0.0682154 0.0635559 0.00465946
217 Reddit_A.txt 0.069604 0.0635578 0.00604623
218 Reddit_A.txt 0.0678286 0.0635335 0.00429514
219 Reddit_A.txt 0.0684516 0.0635289 0.00492278
220 Reddit_A.txt 0.0694036 0.0635024 0.00590121
221 Reddit_A.txt 0.0697002 0.0634847 0.00621556
222 Reddit_A.txt 0.0766965 0.0634769 0.0132196
223 Reddit_A.txt 0.0714191 0.0634199 0.00799924
224 Reddit_A.txt 0.0686933 0.0633573 0.00533598
225 Reddit_A.txt 0.0709893 0.0633059 0.00768347
226 Reddit_A.txt 0.0684066 0.063292 0.00511463
227 Reddit_A.txt 0.0695612 0.0632703 0.00629087
228 Reddit_A.txt 0.0694639 0.0632011 0.00626279
229 Reddit_A.txt 0.0690266 0.0631736 0.00585299
230 Reddit_A.txt 0.0748579 0.0631682 0.0116897
231 Reddit_A.txt 0.0703558 0.0631553 0.00720049
232 Reddit_A.txt 0.0669455 0.0631511 0.00379434
233 Reddit_A.txt 0.0676798 0.0631527 0.00452714
234 Reddit_A.txt 0.069782 0.0631334 0.00664854
235 Reddit_A.txt 0.0702007 0.0630551 0.00714561
236 Reddit_A.txt 0.0681732 0.0629955 0.00517765
237 Reddit_A.txt 0.0673765 0.0629711 0.00440542
238 Reddit_A.txt 0.0673027 0.0629358 0.00436693
239 Reddit_A.txt 0.0680044 0.062904 0.0051004
240 Reddit_A.txt 0.0720547 0.0665425 0.00551221
241 Reddit_A.txt 0.0749121 0.066544 0.00836819
242 Reddit_A.txt 0.0728311 0.0665123 0.00631875
243 Reddit_A.txt 0.0729574 0.0665086 0.00644885
244 Reddit_A.txt 0.0715052 0.0664342 0.00507096
245 Reddit_A.txt 0.0765791 0.066382 0.0101971
246 Reddit_A.txt 0.072301 0.0663816 0.00591937
247 Reddit_A.txt 0.0749515 0.0663582 0.00859322
248 Reddit_A.txt 0.073161 0.0663448 0.00681624
249 Reddit_A.txt 0.0712654 0.0662613 0.00500412
250 Reddit_A.txt 0.0756559 0.0662206 0.00943526
251 Reddit_A.txt 0.0721496 0.0662112 0.00593842
252 Reddit_A.txt 0.0721321 0.0661924 0.00593967
253 Reddit_A.txt 0.0727513 0.0661842 0.00656704
254 Reddit_A.txt 0.0740912 0.0661229 0.00796834
255 Reddit_A.txt 0.0735541 0.066066 0.00748803
256 Reddit_A.txt 0.0722206 0.0660429 0.00617771
257 Reddit_A.txt 0.0750861 0.0660156 0.00907055
258 Reddit_A.txt 0.0728234 0.066004 0.00681938
259 Reddit_A.txt 0.0719392 0.0659547 0.00598456
260 Reddit_A.txt 0.0703845 0.0659389 0.00444565
261 Reddit_A.txt 0.07189 0.0659317 0.00595822
262 Reddit_A.txt 0.0716823 0.0659221 0.00576019
263 Reddit_A.txt 0.0717598 0.065915 0.0058448
264 Reddit_A.txt 0.0715695 0.0659176 0.00565181
265 Reddit_A.txt 0.0706938 0.0659059 0.00478794
266 Reddit_A.txt 0.0716032 0.0658936 0.00570959
267 Reddit_A.txt 0.0739673 0.0658861 0.00808113
268 Reddit_A.txt 0.0751827 0.0658704 0.00931221
269 Reddit_A.txt 0.0718087 0.0658155 0.00599324
270 Reddit_A.txt 0.0759046 0.0657929 0.0101116
271 Reddit_A.txt 0.0762544 0.0657503 0.0105041
272 Reddit_A.txt 0.0701497 0.0657156 0.00443414
273 Reddit_A.txt 0.0711549 0.0656762 0.00547874
274 Reddit_A.txt 0.0708607 0.0656641 0.00519658
275 Reddit_A.txt 0.0741736 0.065622 0.00855163
276 Reddit_A.txt 0.0728742 0.0655911 0.00728319
277 Reddit_A.txt 0.0724112 0.0655198 0.00689134
278 Reddit_A.txt 0.0721316 0.0655061 0.00662551
279 Reddit_A.txt 0.0728386 0.0654416 0.007397
280 Reddit_A.txt 0.0754829 0.0654259 0.010057
281 Reddit_A.txt 0.0719201 0.0654109 0.00650923
282 Reddit_A.txt 0.0728479 0.0653947 0.00745313
283 Reddit_A.txt 0.0731839 0.0653825 0.00780138
284 Reddit_A.txt 0.0766343 0.0653674 0.0112669
285 Reddit_A.txt 0.0709704 0.0653494 0.00562101
286 Reddit_A.txt 0.0713239 0.0652959 0.00602801
287 Reddit_A.txt 0.0736605 0.0652768 0.00838372
288 Reddit_A.txt 0.0690793 0.0615972 0.00748213
289 Reddit_A.txt 0.0668029 0.0615853 0.00521765
290 Reddit_A.txt 0.0674054 0.0615747 0.0058307
291 Reddit_A.txt 0.0731601 0.0615721 0.011588
292 Reddit_A.txt 0.0709093 0.0615709 0.00933835
293 Reddit_A.txt 0.0728621 0.0615499 0.0113122
294 Reddit_A.txt 0.0670684 0.0614833 0.0055851
295 Reddit_A.txt 0.0688926 0.0614419 0.00745067
296 Reddit_A.txt 0.0760908 0.0614333 0.0146575
297 Reddit_A.txt 0.0680042 0.0613748 0.00662938
298 Reddit_A.txt 0.0700765 0.0613681 0.00870845
299 Reddit_A.txt 0.0681024 0.0613663 0.0067361
300 Reddit_A.txt 0.0677709 0.0613496 0.00642125
301 Reddit_A.txt 0.0702379 0.0613027 0.00893527
302 Reddit_A.txt 0.0677149 0.0612809 0.00643399
303 Reddit_A.txt 0.070915 0.0612008 0.00971422
304 Reddit_A.txt 0.0669331 0.0611877 0.00574534
305 Reddit_A.txt 0.0671961 0.0610978 0.00609828
306 Reddit_A.txt 0.0660998 0.0610863 0.00501346
307 Reddit_A.txt 0.0695887 0.0610109 0.00857785
308 Reddit_A.txt 0.0667671 0.0610083 0.00575884
309 Reddit_A.txt 0.0743369 0.0610007 0.0133362
310 Reddit_A.txt 0.0724347 0.0609998 0.0114349
311 Reddit_A.txt 0.0714635 0.0609892 0.0104743
312 Reddit_A.txt 0.0677071 0.060997 0.00671004
313 Reddit_A.txt 0.0688171 0.0609882 0.00782888
314 Reddit_A.txt 0.0702302 0.0609352 0.009295
315 Reddit_A.txt 0.069128 0.0609293 0.00819875
316 Reddit_A.txt 0.0686005 0.0608694 0.00773112
317 Reddit_A.txt 0.0683335 0.0608691 0.00746442
318 Reddit_A.txt 0.0723379 0.0608158 0.0115221
319 Reddit_A.txt 0.0684709 0.0608119 0.00765897
320 Reddit_A.txt 0.0667941 0.0607577 0.00603642
321 Reddit_A.txt 0.0684083 0.0607282 0.00768011
322 Reddit_A.txt 0.0687761 0.0607207 0.00805547
323 Reddit_A.txt 0.0684628 0.0606758 0.00778694
324 Reddit_A.txt 0.0705917 0.0606704 0.00992131
325 Reddit_A.txt 0.067853 0.0606372 0.00721577
326 Reddit_A.txt 0.0670875 0.0606278 0.00645974
327 Reddit_A.txt 0.0705865 0.0605741 0.0100124
328 Reddit_A.txt 0.0731374 0.0605666 0.0125707
329 Reddit_A.txt 0.0727717 0.060563 0.0122088
330 Reddit_A.txt 0.0676611 0.0605447 0.00711642
331 Reddit_A.txt 0.0684074 0.0605431 0.00786435
332 Reddit_A.txt 0.0685273 0.0604858 0.00804152
333 Reddit_A.txt 0.0663231 0.0604747 0.00584838
334 Reddit_A.txt 0.0675131 0.0604527 0.0070604
335 Reddit_A.txt 0.067415 0.0604393 0.00697579
336 Reddit_A.txt 0.0733964 0.0640473 0.00934911
337 Reddit_A.txt 0.0731211 0.0640414 0.00907966
338 Reddit_A.txt 0.0747979 0.0640286 0.0107692
339 Reddit_A.txt 0.069043 0.0640178 0.00502515
340 Reddit_A.txt 0.0729616 0.0640118 0.00894981
341 Reddit_A.txt 0.0721923 0.0639476 0.00824466
342 Reddit_A.txt 0.0707462 0.0639281 0.00681814
343 Reddit_A.txt 0.0723908 0.0639144 0.00847642
344 Reddit_A.txt 0.0686641 0.0638438 0.00482033
345 Reddit_A.txt 0.0717822 0.0638266 0.00795556
346 Reddit_A.txt 0.0777296 0.0638144 0.0139151
347 Reddit_A.txt 0.0721446 0.0637524 0.00839222
348 Reddit_A.txt 0.0722043 0.0637119 0.00849237
349 Reddit_A.txt 0.0792654 0.0637081 0.0155573
350 Reddit_A.txt 0.0708834 0.0636976 0.00718585
351 Reddit_A.txt 0.0711166 0.0636337 0.00748282
352 Reddit_A.txt 0.0696764 0.0636319 0.00604453
353 Reddit_A.txt 0.0735808 0.0636255 0.00995528
354 Reddit_A.txt 0.0737063 0.0636175 0.0100888
355 Reddit_A.txt 0.071442 0.0635991 0.00784292
356 Reddit_A.txt 0.0792202 0.0635454 0.0156748
357 Reddit_A.txt 0.08063 0.0635075 0.0171225
358 Reddit_A.txt 0.0743239 0.0634086 0.0109153
359 Reddit_A.txt 0.0708628 0.0634033 0.0074595
360 Reddit_A.txt 0.0711363 0.063389 0.00774725
361 Reddit_A.txt 0.0739692 0.06336 0.0106092
362 Reddit_A.txt 0.0679472 0.0633456 0.00460152
363 Reddit_A.txt 0.0718068 0.0633141 0.00849273
364 Reddit_A.txt 0.0760871 0.063295 0.0127922
365 Reddit_A.txt 0.0731225 0.0632719 0.00985062
366 Reddit_A.txt 0.0734233 0.0632298 0.0101936
367 Reddit_A.txt 0.0723463 0.0631903 0.00915603
368 Reddit_A.txt 0.0756642 0.0631986 0.0124657
369 Reddit_A.txt 0.0706622 0.0631734 0.00748883
370 Reddit_A.txt 0.0789267 0.0631679 0.0157588
371 Reddit_A.txt 0.073939 0.0630976 0.0108414
372 Reddit_A.txt 0.0709693 0.063066 0.00790332
373 Reddit_A.txt 0.0798349 0.0630655 0.0167694
374 Reddit_A.txt 0.0688821 0.0630468 0.00583525
375 Reddit_A.txt 0.0723822 0.0630151 0.00936712
376 Reddit_A.txt 0.0724247 0.0629922 0.00943254
377 Reddit_A.txt 0.0723194 0.0629869 0.00933253
378 Reddit_A.txt 0.0746665 0.0629377 0.0117289
379 Reddit_A.txt 0.0713107 0.0629222 0.00838844
380 Reddit_A.txt 0.0732356 0.0629101 0.0103255
381 Reddit_A.txt 0.0751231 0.0629054 0.0122177
382 Reddit_A.txt 0.0715074 0.0628943 0.00861312
383 Reddit_A.txt 0.0727167 0.0628807 0.00983599
384 Reddit_A.txt 0.0686616 0.0591307 0.00953089
385 Reddit_A.txt 0.0671203 0.059121 0.00799926
386 Reddit_A.txt 0.0688671 0.0590947 0.00977244
387 Reddit_A.txt 0.0771795 0.0590793 0.0181002
388 Reddit_A.txt 0.0757769 0.0590092 0.0167678
389 Reddit_A.txt 0.0707861 0.0589911 0.011795
390 Reddit_A.txt 0.0700424 0.058992 0.0110505
391 Reddit_A.txt 0.0747227 0.0589734 0.0157492
392 Reddit_A.txt 0.0661598 0.0589623 0.0071975
393 Reddit_A.txt 0.0670814 0.058948 0.00813338
394 Reddit_A.txt 0.0682281 0.0589343 0.00929381
395 Reddit_A.txt 0.0700475 0.0589209 0.0111266
396 Reddit_A.txt 0.0665333 0.0589075 0.00762584
397 Reddit_A.txt 0.06611 0.0588498 0.00726021
398 Reddit_A.txt 0.067643 0.0588458 0.00879722
399 Reddit_A.txt 0.070184 0.0588308 0.0113533
400 Reddit_A.txt 0.0706154 0.0587882 0.0118273
401 Reddit_A.txt 0.0705159 0.0587775 0.0117384
402 Reddit_A.txt 0.0679915 0.0587704 0.00922115
403 Reddit_A.txt 0.0650628 0.0587725 0.00629028
404 Reddit_A.txt 0.0775293 0.0586991 0.0188301
405 Reddit_A.txt 0.0819035 0.0586949 0.0232085
406 Reddit_A.txt 0.0734396 0.0586634 0.0147762
407 Reddit_A.txt 0.0696294 0.0586564 0.0109731
408 Reddit_A.txt 0.0686842 0.058603 0.0100812
409 Reddit_A.txt 0.0766992 0.0585495 0.0181497
410 Reddit_A.txt 0.0700281 0.0585081 0.01152
411 Reddit_A.txt 0.0689984 0.0585011 0.0104974
412 Reddit_A.txt 0.0727589 0.0584906 0.0142682
413 Reddit_A.txt 0.0707735 0.0584815 0.012292
414 Reddit_A.txt 0.0677636 0.058445 0.00931864
415 Reddit_A.txt 0.0710029 0.0584155 0.0125873
416 Reddit_A.txt 0.0655773 0.0583832 0.0071941
417 Reddit_A.txt 0.0667334 0.0583719 0.0083615
418 Reddit_A.txt 0.0661443 0.0583653 0.00777903
419 Reddit_A.txt 0.0643483 0.0583483 0.00600006
420 Reddit_A.txt 0.0744597 0.0583049 0.0161548
421 Reddit_A.txt 0.0688075 0.0582231 0.0105844
422 Reddit_A.txt 0.0856803 0.0582109 0.0274694
423 Reddit_A.txt 0.0768738 0.0582015 0.0186722
424 Reddit_A.txt 0.0688233 0.0580895 0.0107337
425 Reddit_A.txt 0.0676865 0.0580353 0.00965114
426 Reddit_A.txt 0.0665213 0.0580181 0.00850318
427 Reddit_A.txt 0.0709289 0.0580158 0.0129131
428 Reddit_A.txt 0.0699243 0.0580027 0.0119216
429 Reddit_A.txt 0.0683174 0.0579528 0.0103646
430 Reddit_A.txt 0.0742177 0.0579392 0.0162785
431 Reddit_A.txt 0.0750712 0.0579093 0.0171619
432 Reddit_A.txt 0.0718522 0.0615745 0.0102778
433 Reddit_A.txt 0.074386 0.0615599 0.0128261
434 Reddit_A.txt 0.0702199 0.061544 0.00867585
435 Reddit_A.txt 0.0704545 0.0615337 0.00892076
436 Reddit_A.txt 0.0713615 0.061506 0.00985554
437 Reddit_A.txt 0.0739735 0.0614975 0.012476
438 Reddit_A.txt 0.0771385 0.0614898 0.0156487
439 Reddit_A.txt 0.0798225 0.0614775 0.018345
440 Reddit_A.txt 0.0706526 0.0614596 0.00919299
441 Reddit_A.txt 0.0700042 0.0614378 0.0085664
442 Reddit_A.txt 0.0755304 0.0613685 0.0141619
443 Reddit_A.txt 0.0716005 0.0613339 0.0102666
444 Reddit_A.txt 0.0739139 0.0613057 0.0126082
445 Reddit_A.txt 0.0784949 0.0612912 0.0172036
446 Reddit_A.txt 0.0743444 0.0612891 0.0130553
447 Reddit_A.txt 0.0813086 0.0611219 0.0201867
448 Reddit_A.txt 0.0763997 0.0611043 0.0152954
449 Reddit_A.txt 0.0777999 0.0610555 0.0167444
450 Reddit_A.txt 0.0708795 0.0610333 0.00984621
451 Reddit_A.txt 0.0693081 0.0609593 0.00834883
452 Reddit_A.txt 0.0723535 0.0609084 0.0114451
453 Reddit_A.txt 0.0709156 0.0608932 0.0100224
454 Reddit_A.txt 0.0693653 0.0608862 0.0084791
455 Reddit_A.txt 0.078574 0.0608824 0.0176917
456 Reddit_A.txt 0.0838378 0.0608854 0.0229524
457 Reddit_A.txt 0.0749688 0.0608486 0.0141202
458 Reddit_A.txt 0.0669652 0.0608422 0.00612301
459 Reddit_A.txt 0.0743696 0.060834 0.0135357
460 Reddit_A.txt 0.0712266 0.0608211 0.0104055
461 Reddit_A.txt 0.0736596 0.0607767 0.0128829
462 Reddit_A.txt 0.0784287 0.0607367 0.0176919
463 Reddit_A.txt 0.0690112 0.0606527 0.00835847
464 Reddit_A.txt 0.074389 0.0606232 0.0137658
465 Reddit_A.txt 0.0775764 0.060605 0.0169714
466 Reddit_A.txt 0.0699336 0.0605729 0.00936076
467 Reddit_A.txt 0.0716383 0.0605196 0.0111187
468 Reddit_A.txt 0.0745859 0.0605075 0.0140785
469 Reddit_A.txt 0.0809264 0.0605018 0.0204245
470 Reddit_A.txt 0.0722287 0.0604194 0.0118094
471 Reddit_A.txt 0.0714358 0.0604129 0.0110228
472 Reddit_A.txt 0.0698126 0.0603542 0.00945842
473 Reddit_A.txt 0.0741962 0.0603476 0.0138486
474 Reddit_A.txt 0.0786891 0.0603292 0.0183599
475 Reddit_A.txt 0.0690298 0.0603284 0.00870146
476 Reddit_A.txt 0.080188 0.0603052 0.0198829
477 Reddit_A.txt 0.0758143 0.0603017 0.0155125
478 Reddit_A.txt 0.073376 0.0602451 0.013131
479 Reddit_A.txt 0.0631 0.0504212 0.0126788
480 Reddit_A.txt 0.0592659 0.0467406 0.0125254
481 Reddit_A.txt 0.0547617 0.0467326 0.00802912
482 Reddit_A.txt 0.0588824 0.0466969 0.0121855
483 Reddit_A.txt 0.0618637 0.046686 0.0151777
484 Reddit_A.txt 0.0564196 0.0466748 0.00974479
485 Reddit_A.txt 0.0561903 0.0466658 0.00952446
486 Reddit_A.txt 0.0593411 0.0466297 0.0127113
487 Reddit_A.txt 0.0624779 0.0466291 0.0158488
488 Reddit_A.txt 0.0641402 0.0466131 0.0175272
489 Reddit_A.txt 0.0635703 0.0465186 0.0170517
490 Reddit_A.txt 0.066211 0.0464728 0.0197382
491 Reddit_A.txt 0.0567292 0.0464581 0.0102711
492 Reddit_A.txt 0.0677252 0.0464443 0.0212808
493 Reddit_A.txt 0.0648169 0.0464299 0.018387
494 Reddit_A.txt 0.0695161 0.0464177 0.0230983
495 Reddit_A.txt 0.0633384 0.0463739 0.0169645
496 Reddit_A.txt 0.0567459 0.0463589 0.010387
497 Reddit_A.txt 0.0631582 0.0463403 0.0168179
498 Reddit_A.txt 0.0659669 0.0462977 0.0196692
499 Reddit_A.txt 0.0565726 0.046283 0.0102895
500 Reddit_A.txt 0.0587287 0.0462041 0.0125246
501 Reddit_A.txt 0.0562726 0.0461943 0.0100783
502 Reddit_A.txt 0.0588995 0.0461847 0.0127147
503 Reddit_A.txt 0.0572244 0.046171 0.0110534
504 Reddit_A.txt 0.0550177 0.046171 0.00884668
505 Reddit_A.txt 0.060779 0.0461566 0.0146224
506 Reddit_A.txt 0.0637067 0.0460841 0.0176225
507 Reddit_A.txt 0.0618816 0.0460711 0.0158105
508 Reddit_A.txt 0.0606775 0.0460694 0.0146081
509 Reddit_A.txt 0.0637911 0.0460603 0.0177308
510 Reddit_A.txt 0.0573965 0.0460639 0.0113326
511 Reddit_A.txt 0.0645542 0.0460016 0.0185526
512 Reddit_A.txt 0.0619405 0.0459848 0.0159557
513 Reddit_A.txt 0.0713483 0.0459012 0.0254472
514 Reddit_A.txt 0.0747902 0.0458752 0.028915
515 Reddit_A.txt 0.0575341 0.0458629 0.0116713
516 Reddit_A.txt 0.0613594 0.0458015 0.0155579
517 Reddit_A.txt 0.0636638 0.0457967 0.0178671
518 Reddit_A.txt 0.0610051 0.0457917 0.0152134
519 Reddit_A.txt 0.0738779 0.0457708 0.0281071
520 Reddit_A.txt 0.0601261 0.0457491 0.0143771
521 Reddit_A.txt 0.0573722 0.0457436 0.0116286
522 Reddit_A.txt 0.0577572 0.0457354 0.0120218
523 Reddit_A.txt 0.0668973 0.045721 0.0211763
524 Reddit_A.txt 0.0641273 0.0456727 0.0184546
525 Reddit_A.txt 0.0627009 0.0456468 0.0170541
526 Reddit_A.txt 0.0563722 0.0456238 0.0107484
527 Reddit_A.txt 0.0786709 0.0455968 0.0330741
528 Reddit_A.txt 0.0641344 0.0492645 0.01487
529 Reddit_A.txt 0.0712324 0.0492411 0.0219913
530 Reddit_A.txt 0.072297 0.0492231 0.0230739
531 Reddit_A.txt 0.0695212 0.0492143 0.0203069
532 Reddit_A.txt 0.0707933 0.0491883 0.021605
533 Reddit_A.txt 0.0603189 0.0491524 0.0111665
534 Reddit_A.txt 0.0603596 0.0491429 0.0112167
535 Reddit_A.txt 0.0677986 0.0491367 0.0186619
536 Reddit_A.txt 0.0615609 0.0491165 0.0124444
537 Reddit_A.txt 0.064653 0.0490886 0.0155644
538 Reddit_A.txt 0.0717508 0.0490599 0.0226909
539 Reddit_A.txt 0.0626605 0.0490438 0.0136167
540 Reddit_A.txt 0.0641485 0.0490291 0.0151194
541 Reddit_A.txt 0.0621061 0.0489777 0.0131284
542 Reddit_A.txt 0.0625621 0.0489372 0.0136249
543 Reddit_A.txt 0.0653341 0.0488788 0.0164553
544 Reddit_A.txt 0.0727227 0.0488519 0.0238709
545 Reddit_A.txt 0.0602808 0.0488551 0.0114256
546 Reddit_A.txt 0.0656062 0.0488387 0.0167674
547 Reddit_A.txt 0.0634476 0.0488329 0.0146146
548 Reddit_A.txt 0.0655133 0.048765 0.0167483
549 Reddit_A.txt 0.0588059 0.0487352 0.0100707
550 Reddit_A.txt 0.0658579 0.0487283 0.0171296
551 Reddit_A.txt 0.0601947 0.0487225 0.0114722
552 Reddit_A.txt 0.0600989 0.0487335 0.0113654
553 Reddit_A.txt 0.0640091 0.0487223 0.0152869
554 Reddit_A.txt 0.0696959 0.0487149 0.020981
555 Reddit_A.txt 0.0638465 0.0486868 0.0151597
556 Reddit_A.txt 0.063169 0.0486363 0.0145326
557 Reddit_A.txt 0.0800817 0.0486274 0.0314543
558 Reddit_A.txt 0.0588952 0.0486064 0.0102888
559 Reddit_A.txt 0.059505 0.0485685 0.0109365
560 Reddit_A.txt 0.0772325 0.0485584 0.0286742
561 Reddit_A.txt 0.0806585 0.0485577 0.0321008
562 Reddit_A.txt 0.0663266 0.0485465 0.0177801
563 Reddit_A.txt 0.0708547 0.0485412 0.0223135
564 Reddit_A.txt 0.0658151 0.0485258 0.0172893
565 Reddit_A.txt 0.0662572 0.0485208 0.0177364
566 Reddit_A.txt 0.0637749 0.0484988 0.0152761
567 Reddit_A.txt 0.058124 0.0484658 0.0096582
568 Reddit_A.txt 0.0597347 0.0484452 0.0112895
569 Reddit_A.txt 0.0648773 0.0484356 0.0164417
570 Reddit_A.txt 0.0578928 0.0483949 0.00949797
571 Reddit_A.txt 0.0638699 0.0483913 0.0154787
572 Reddit_A.txt 0.068119 0.0483394 0.0197796
573 Reddit_A.txt 0.0654626 0.048324 0.0171385
574 Reddit_A.txt 0.0625771 0.0482713 0.0143058
575 Reddit_A.txt 0.0734391 0.052974 0.0204651
576 Reddit_A.txt 0.0644179 0.0493251 0.0150927
577 Reddit_A.txt 0.06505 0.049305 0.015745
578 Reddit_A.txt 0.0624694 0.0492817 0.0131877
579 Reddit_A.txt 0.0712627 0.0492686 0.0219941
580 Reddit_A.txt 0.0615251 0.0492463 0.0122787
581 Reddit_A.txt 0.0653635 0.0492259 0.0161376
582 Reddit_A.txt 0.0624208 0.0492023 0.0132185
583 Reddit_A.txt 0.0564706 0.0491834 0.00728723
584 Reddit_A.txt 0.0674415 0.0491762 0.0182654
585 Reddit_A.txt 0.0639439 0.049151 0.0147929
586 Reddit_A.txt 0.0637237 0.0491371 0.0145866
587 Reddit_A.txt 0.0690386 0.0491218 0.0199168
588 Reddit_A.txt 0.0648912 0.0491123 0.0157789
589 Reddit_A.txt 0.0610362 0.0490886 0.0119476
590 Reddit_A.txt 0.0639329 0.0490786 0.0148543
591 Reddit_A.txt 0.0694678 0.0490635 0.0204043
592 Reddit_A.txt 0.0755155 0.0490419 0.0264737
593 Reddit_A.txt 0.0698345 0.0490308 0.0208037
594 Reddit_A.txt 0.0623123 0.0490063 0.013306
595 Reddit_A.txt 0.0721223 0.0489988 0.0231235
596 Reddit_A.txt 0.0673071 0.0489648 0.0183423
597 Reddit_A.txt 0.0646129 0.0489488 0.0156641
598 Reddit_A.txt 0.0627666 0.0489468 0.0138199
599 Reddit_A.txt 0.0653665 0.0489317 0.0164348
600 Reddit_A.txt 0.0608223 0.0491107 0.0117115
601 Reddit_A.txt 0.0647671 0.0491404 0.0156267
602 Reddit_A.txt 0.0633694 0.0491366 0.0142328
603 Reddit_A.txt 0.0628798 0.0491357 0.0137441
604 Reddit_A.txt 0.0595729 0.0490734 0.0104995
605 Reddit_A.txt 0.0654509 0.0490909 0.01636
606 Reddit_A.txt 0.0709873 0.0491151 0.0218722
607 Reddit_A.txt 0.0710818 0.0490827 0.0219991
608 Reddit_A.txt 0.0679311 0.0491133 0.0188177
609 Reddit_A.txt 0.0620978 0.0491247 0.0129731
610 Reddit_A.txt 0.0652022 0.0491534 0.0160489
611 Reddit_A.txt 0.0695236 0.0491453 0.0203783
612 Reddit_A.txt 0.0737565 0.0490861 0.0246703
613 Reddit_A.txt 0.0651874 0.0490887 0.0160987
614 Reddit_A.txt 0.0655032 0.0490602 0.0164429
615 Reddit_A.txt 0.0671918 0.049063 0.0181288
616 Reddit_A.txt 0.0619577 0.0490129 0.0129448
617 Reddit_A.txt 0.0667393 0.04904 0.0176994
618 Reddit_A.txt 0.0647767 0.0489764 0.0158003
619 Reddit_A.txt 0.0682789 0.0489743 0.0193046
620 Reddit_A.txt 0.0635467 0.0489694 0.0145774
621 Reddit_A.txt 0.0776395 0.0489682 0.0286713
622 Reddit_A.txt 0.0662824 0.0489375 0.0173449
623 Reddit_A.txt 0.0618917 0.0489517 0.01294
624 Reddit_A.txt 0.0690435 0.052591 0.0164526
625 Reddit_A.txt 0.062782 0.0525804 0.0102016
626 Reddit_A.txt 0.0738225 0.052576 0.0212465
627 Reddit_A.txt 0.0756585 0.0525674 0.0230911
628 Reddit_A.txt 0.0765098 0.0525203 0.0239895
629 Reddit_A.txt 0.0701253 0.0525158 0.0176095
630 Reddit_A.txt 0.0682535 0.0524961 0.0157574
631 Reddit_A.txt 0.0654082 0.0524915 0.0129167
632 Reddit_A.txt 0.0674097 0.0524821 0.0149276
633 Reddit_A.txt 0.0695944 0.0525036 0.0170908
634 Reddit_A.txt 0.0616985 0.0524862 0.00921235
635 Reddit_A.txt 0.0699757 0.0525203 0.0174554
636 Reddit_A.txt 0.0697856 0.0524948 0.0172908
637 Reddit_A.txt 0.0756123 0.0524993 0.023113
638 Reddit_A.txt 0.0662968 0.0524782 0.0138186
639 Reddit_A.txt 0.0728055 0.0525219 0.0202837
640 Reddit_A.txt 0.0691069 0.0525503 0.0165566
641 Reddit_A.txt 0.0635099 0.0524842 0.0110257
642 Reddit_A.txt 0.0647887 0.0524781 0.0123106
643 Reddit_A.txt 0.0729102 0.0524723 0.0204379
644 Reddit_A.txt 0.067219 0.0524676 0.0147514
645 Reddit_A.txt 0.063706 0.0524607 0.0112454
646 Reddit_A.txt 0.0687643 0.0524643 0.0163
647 Reddit_A.txt 0.072614 0.0523921 0.0202218
648 Reddit_A.txt 0.0783858 0.0525416 0.0258442
649 Reddit_A.txt 0.0820391 0.0525544 0.0294847
650 Reddit_A.txt 0.0673656 0.052557 0.0148086
651 Reddit_A.txt 0.0644236 0.0524955 0.0119281
652 Reddit_A.txt 0.0646247 0.0525001 0.0121246
653 Reddit_A.txt 0.0760557 0.0524728 0.0235829
654 Reddit_A.txt 0.0715013 0.0524688 0.0190325
655 Reddit_A.txt 0.0764323 0.0524701 0.0239621
656 Reddit_A.txt 0.0743038 0.0523893 0.0219145
657 Reddit_A.txt 0.0708752 0.0523854 0.0184898
658 Reddit_A.txt 0.0787933 0.0523136 0.0264797
659 Reddit_A.txt 0.0801605 0.0522517 0.0279087
660 Reddit_A.txt 0.0576194 0.0522509 0.0053685
661 Reddit_A.txt 0.0733879 0.0521922 0.0211957
662 Reddit_A.txt 0.06321 0.0521921 0.0110179
663 Reddit_A.txt 0.0685127 0.0521168 0.0163959
664 Reddit_A.txt 0.0729729 0.0521185 0.0208544
665 Reddit_A.txt 0.0699384 0.05206 0.0178784
666 Reddit_A.txt 0.087628 0.0520502 0.0355777
667 Reddit_A.txt 0.0765697 0.0520034 0.0245663
668 Reddit_A.txt 0.0718076 0.0519944 0.0198132
669 Reddit_A.txt 0.0725779 0.0519471 0.0206308
670 Reddit_A.txt 0.0691081 0.0519463 0.0171618
671 Reddit_A.txt 0.0766626 0.0518848 0.0247778
672 Reddit_A.txt 0.0738145 0.0482356 0.0255788
673 Reddit_A.txt 0.0686277 0.0481843 0.0204434
674 Reddit_A.txt 0.0633335 0.0481825 0.0151509
675 Reddit_A.txt 0.073601 0.0481408 0.0254602
676 Reddit_A.txt 0.0685536 0.048126 0.0204276
677 Reddit_A.txt 0.067421 0.0480966 0.0193244
678 Reddit_A.txt 0.0611244 0.0480864 0.013038
679 Reddit_A.txt 0.0788139 0.0480825 0.0307314
680 Reddit_A.txt 0.0635662 0.0480122 0.015554
681 Reddit_A.txt 0.0634442 0.0480068 0.0154374
682 Reddit_A.txt 0.0619056 0.0479611 0.0139446
683 Reddit_A.txt 0.0769638 0.0479564 0.0290074
684 Reddit_A.txt 0.0706876 0.0478849 0.0228027
685 Reddit_A.txt 0.0700971 0.0478788 0.0222183
686 Reddit_A.txt 0.0612406 0.0478368 0.0134038
687 Reddit_A.txt 0.0816772 0.047812 0.0338653
688 Reddit_A.txt 0.0707411 0.0477346 0.0230066
689 Reddit_A.txt 0.0681225 0.0476851 0.0204373
690 Reddit_A.txt 0.0622992 0.0476764 0.0146229
691 Reddit_A.txt 0.066284 0.0476189 0.0186651
692 Reddit_A.txt 0.0645444 0.047612 0.0169324
693 Reddit_A.txt 0.0752375 0.0475771 0.0276604
694 Reddit_A.txt 0.0703368 0.047574 0.0227628
695 Reddit_A.txt 0.0756861 0.0475679 0.0281181
696 Reddit_A.txt 0.0718434 0.0475087 0.0243347
697 Reddit_A.txt 0.0658116 0.047451 0.0183606
698 Reddit_A.txt 0.0630756 0.0474498 0.0156258
699 Reddit_A.txt 0.0635557 0.0473913 0.0161643
700 Reddit_A.txt 0.0653862 0.0473923 0.0179939
701 Reddit_A.txt 0.0655781 0.0473703 0.0182078
702 Reddit_A.txt 0.0645751 0.0473698 0.0172052
703 Reddit_A.txt 0.0705177 0.04736 0.0231577
704 Reddit_A.txt 0.0575744 0.0473578 0.0102166
705 Reddit_A.txt 0.0722578 0.0473459 0.0249119
706 Reddit_A.txt 0.0750835 0.0472664 0.0278171
707 Reddit_A.txt 0.0711491 0.047198 0.0239511
708 Reddit_A.txt 0.0735801 0.0471864 0.0263937
709 Reddit_A.txt 0.0746478 0.047094 0.0275538
710 Reddit_A.txt 0.071857 0.0470788 0.0247783
711 Reddit_A.txt 0.0840615 0.0470311 0.0370304
712 Reddit_A.txt 0.06625 0.0470228 0.0192271
713 Reddit_A.txt 0.0637398 0.0469517 0.0167881
714 Reddit_A.txt 0.0615854 0.0469432 0.0146423
715 Reddit_A.txt 0.0583821 0.0469006 0.0114816
716 Reddit_A.txt 0.0646948 0.0468919 0.0178029
717 Reddit_A.txt 0.0645093 0.0468524 0.0176569
718 Reddit_A.txt 0.069188 0.0468464 0.0223417
719 Reddit_A.txt 0.0774036 0.0468265 0.0305771
720 Reddit_A.txt 0.072493 0.0504168 0.0220762
721 Reddit_A.txt 0.0818056 0.0503471 0.0314585
722 Reddit_A.txt 0.0736773 0.0503396 0.0233377
723 Reddit_A.txt 0.0682949 0.0502908 0.0180041
724 Reddit_A.txt 0.0742351 0.0502789 0.0239562
725 Reddit_A.txt 0.0690752 0.0502731 0.0188021
726 Reddit_A.txt 0.0795044 0.0501966 0.0293078
727 Reddit_A.txt 0.0741918 0.0501888 0.024003
728 Reddit_A.txt 0.0691563 0.0500986 0.0190576
729 Reddit_A.txt 0.0777187 0.0500756 0.027643
730 Reddit_A.txt 0.0711845 0.0500542 0.0211303
731 Reddit_A.txt 0.0791724 0.0500474 0.0291251
732 Reddit_A.txt 0.0729938 0.0500042 0.0229896
733 Reddit_A.txt 0.0692953 0.0499909 0.0193045
734 Reddit_A.txt 0.0733468 0.0499766 0.0233702
735 Reddit_A.txt 0.0796456 0.0499373 0.0297082
736 Reddit_A.txt 0.0699819 0.0498741 0.0201078
737 Reddit_A.txt 0.0675944 0.0498235 0.0177709
738 Reddit_A.txt 0.0791887 0.0498181 0.0293706
739 Reddit_A.txt 0.0772064 0.049807 0.0273993
740 Reddit_A.txt 0.072342 0.0497986 0.0225434
741 Reddit_A.txt 0.073323 0.0496873 0.0236357
742 Reddit_A.txt 0.0748613 0.0495739 0.0252874
743 Reddit_A.txt 0.0688909 0.0494925 0.0193984
744 Reddit_A.txt 0.0682121 0.0494342 0.018778
745 Reddit_A.txt 0.0696255 0.0494232 0.0202023
746 Reddit_A.txt 0.0719671 0.0494071 0.02256
747 Reddit_A.txt 0.0768422 0.0493952 0.027447
748 Reddit_A.txt 0.0673171 0.0493919 0.0179252
749 Reddit_A.txt 0.0652265 0.049381 0.0158455
750 Reddit_A.txt 0.0760632 0.0492833 0.0267798
751 Reddit_A.txt 0.0787276 0.0492411 0.0294865
752 Reddit_A.txt 0.0730617 0.0492093 0.0238524
753 Reddit_A.txt 0.0827704 0.0491933 0.0335771
754 Reddit_A.txt 0.197956 0.049141 0.148815
755 Reddit_A.txt 0.207354 0.0491194 0.158234
756 Reddit_A.txt 0.167131 0.0490759 0.118056
757 Reddit_A.txt 0.146262 0.0490636 0.0971987
758 Reddit_A.txt 0.13083 0.0489831 0.0818468
759 Reddit_A.txt 0.119889 0.0489097 0.0709792
760 Reddit_A.txt 0.108777 0.0489041 0.0598724
761 Reddit_A.txt 0.0999834 0.0488835 0.0510999
762 Reddit_A.txt 0.0923424 0.0488738 0.0434686
763 Reddit_A.txt 0.0843369 0.0488167 0.0355202
764 Reddit_A.txt 0.0771129 0.0488048 0.0283081
765 Reddit_A.txt 0.0694622 0.0487601 0.0207021
766 Reddit_A.txt 0.0619163 0.04873 0.0131863
767 Reddit_A.txt 0.0566644 0.0486555 0.0080089
TACC:  Shutdown complete. Exiting. 
