TACC:  Starting up job 10024616 
TACC:  Starting parallel tasks... 
0 Pubmed_feat_L2.txt 0.000853963 0.000850969 2.994e-06
1 Pubmed_feat_L2.txt 0.00103268 0.0010302 2.473e-06
2 Pubmed_feat_L2.txt 0.00087454 0.000871747 2.793e-06
3 Pubmed_feat_L2.txt 0.000878509 0.000875998 2.511e-06
4 Pubmed_feat_L2.txt 0.000926381 0.000923908 2.473e-06
5 Pubmed_feat_L2.txt 0.00107542 0.00107299 2.435e-06
6 Pubmed_feat_L2.txt 0.00102716 0.00102441 2.754e-06
7 Pubmed_feat_L2.txt 0.0011638 0.00116135 2.447e-06
8 Pubmed_feat_L2.txt 0.000933759 0.000931383 2.376e-06
9 Pubmed_feat_L2.txt 0.00105102 0.00104856 2.464e-06
10 Pubmed_feat_L2.txt 0.0010082 0.00100575 2.448e-06
11 Pubmed_feat_L2.txt 0.000979793 0.000977385 2.408e-06
12 Pubmed_feat_L2.txt 0.00106031 0.0010577 2.61e-06
13 Pubmed_feat_L2.txt 0.00109412 0.00109165 2.465e-06
14 Pubmed_feat_L2.txt 0.000950164 0.000947666 2.498e-06
15 Pubmed_feat_L2.txt 0.00109831 0.00109567 2.637e-06
16 Pubmed_feat_L2.txt 0.00105133 0.00104876 2.564e-06
17 Pubmed_feat_L2.txt 0.000973304 0.000970878 2.426e-06
18 Pubmed_feat_L2.txt 0.00100071 0.00099832 2.388e-06
19 Pubmed_feat_L2.txt 0.00103538 0.00103297 2.41e-06
20 Pubmed_feat_L2.txt 0.00107315 0.00107065 2.5e-06
21 Pubmed_feat_L2.txt 0.00113287 0.00113023 2.64e-06
22 Pubmed_feat_L2.txt 0.00110985 0.00110733 2.518e-06
23 Pubmed_feat_L2.txt 0.000986848 0.000984313 2.535e-06
24 Pubmed_feat_L2.txt 0.000967596 0.000965023 2.573e-06
25 Pubmed_feat_L2.txt 0.00103317 0.00103068 2.486e-06
26 Pubmed_feat_L2.txt 0.000928609 0.000926169 2.44e-06
27 Pubmed_feat_L2.txt 0.00104648 0.0010439 2.579e-06
28 Pubmed_feat_L2.txt 0.00102962 0.00102708 2.54e-06
29 Pubmed_feat_L2.txt 0.00102411 0.00102138 2.736e-06
30 Pubmed_feat_L2.txt 0.00115425 0.00115176 2.494e-06
31 Pubmed_feat_L2.txt 0.00116278 0.00116034 2.437e-06
32 Pubmed_feat_L2.txt 0.00116894 0.00116651 2.426e-06
33 Pubmed_feat_L2.txt 0.00109146 0.00108898 2.485e-06
34 Pubmed_feat_L2.txt 0.00110423 0.00110164 2.588e-06
35 Pubmed_feat_L2.txt 0.00112935 0.00112693 2.426e-06
36 Pubmed_feat_L2.txt 0.00101968 0.00101711 2.564e-06
37 Pubmed_feat_L2.txt 0.00121838 0.00121583 2.542e-06
38 Pubmed_feat_L2.txt 0.00114618 0.00114374 2.44e-06
39 Pubmed_feat_L2.txt 0.00115701 0.00115451 2.504e-06
40 Pubmed_feat_L2.txt 0.000961085 0.000958343 2.742e-06
41 Pubmed_feat_L2.txt 0.00111214 0.00110953 2.607e-06
42 Pubmed_feat_L2.txt 0.000972506 0.000969712 2.794e-06
43 Pubmed_feat_L2.txt 0.00100838 0.00100584 2.54e-06
44 Pubmed_feat_L2.txt 0.00118331 0.00118074 2.571e-06
45 Pubmed_feat_L2.txt 0.00103459 0.00103216 2.435e-06
46 Pubmed_feat_L2.txt 0.00109473 0.00109221 2.518e-06
47 Pubmed_feat_L2.txt 0.00112036 0.00111805 2.307e-06
48 Pubmed_feat_L2.txt 0.000902084 0.000898413 3.671e-06
49 Pubmed_feat_L2.txt 0.00106186 0.00105926 2.601e-06
50 Pubmed_feat_L2.txt 0.00101641 0.00101384 2.57e-06
51 Pubmed_feat_L2.txt 0.001108 0.00110522 2.776e-06
52 Pubmed_feat_L2.txt 0.00110484 0.00110228 2.552e-06
53 Pubmed_feat_L2.txt 0.00106978 0.00106688 2.909e-06
54 Pubmed_feat_L2.txt 0.00115061 0.00114803 2.579e-06
55 Pubmed_feat_L2.txt 0.00102866 0.00102597 2.691e-06
56 Pubmed_feat_L2.txt 0.00102175 0.00101896 2.782e-06
57 Pubmed_feat_L2.txt 0.00103695 0.00103437 2.584e-06
58 Pubmed_feat_L2.txt 0.00107248 0.00106985 2.628e-06
59 Pubmed_feat_L2.txt 0.00112054 0.00111762 2.922e-06
60 Pubmed_feat_L2.txt 0.00119461 0.00119197 2.637e-06
61 Pubmed_feat_L2.txt 0.00108274 0.00108017 2.566e-06
62 Pubmed_feat_L2.txt 0.00126464 0.00126202 2.62e-06
63 Pubmed_feat_L2.txt 0.00117922 0.00117638 2.84e-06
64 Pubmed_feat_L2.txt 0.00103738 0.00103471 2.668e-06
65 Pubmed_feat_L2.txt 0.00111657 0.00111389 2.68e-06
66 Pubmed_feat_L2.txt 0.00117553 0.00117278 2.749e-06
67 Pubmed_feat_L2.txt 0.000996247 0.000993663 2.584e-06
68 Pubmed_feat_L2.txt 0.00118961 0.00118696 2.65e-06
69 Pubmed_feat_L2.txt 0.00102963 0.00102676 2.865e-06
70 Pubmed_feat_L2.txt 0.00119016 0.00118758 2.589e-06
71 Pubmed_feat_L2.txt 0.00118557 0.00118294 2.632e-06
72 Pubmed_feat_L2.txt 0.00110685 0.00110413 2.721e-06
73 Pubmed_feat_L2.txt 0.0010716 0.00106892 2.685e-06
74 Pubmed_feat_L2.txt 0.0011763 0.00117339 2.906e-06
75 Pubmed_feat_L2.txt 0.00109403 0.00109128 2.755e-06
76 Pubmed_feat_L2.txt 0.00129209 0.00128943 2.666e-06
77 Pubmed_feat_L2.txt 0.00105548 0.00105277 2.707e-06
78 Pubmed_feat_L2.txt 0.00124351 0.00124055 2.962e-06
79 Pubmed_feat_L2.txt 0.00109913 0.00109658 2.552e-06
80 Pubmed_feat_L2.txt 0.000934722 0.000931425 3.297e-06
81 Pubmed_feat_L2.txt 0.00112221 0.00111962 2.585e-06
82 Pubmed_feat_L2.txt 0.00107155 0.00106904 2.514e-06
83 Pubmed_feat_L2.txt 0.00100415 0.00100152 2.633e-06
84 Pubmed_feat_L2.txt 0.00106454 0.00106188 2.668e-06
85 Pubmed_feat_L2.txt 0.00104242 0.00103983 2.597e-06
86 Pubmed_feat_L2.txt 0.00106481 0.00106216 2.659e-06
87 Pubmed_feat_L2.txt 0.00109594 0.00109301 2.932e-06
88 Pubmed_feat_L2.txt 0.00126488 0.00126228 2.601e-06
89 Pubmed_feat_L2.txt 0.00107857 0.00107561 2.958e-06
90 Pubmed_feat_L2.txt 0.00105731 0.00105474 2.578e-06
91 Pubmed_feat_L2.txt 0.00106802 0.00106535 2.671e-06
92 Pubmed_feat_L2.txt 0.0010643 0.00106174 2.562e-06
93 Pubmed_feat_L2.txt 0.00112676 0.00112419 2.574e-06
94 Pubmed_feat_L2.txt 0.00109215 0.00108953 2.622e-06
95 Pubmed_feat_L2.txt 0.00104895 0.00104635 2.599e-06
96 Pubmed_feat_L2.txt 0.000986433 0.000983481 2.952e-06
97 Pubmed_feat_L2.txt 0.000952016 0.000949501 2.515e-06
98 Pubmed_feat_L2.txt 0.000905813 0.000903311 2.502e-06
99 Pubmed_feat_L2.txt 0.000858107 0.000855633 2.474e-06
100 Pubmed_feat_L2.txt 0.00104094 0.00103844 2.5e-06
101 Pubmed_feat_L2.txt 0.00114297 0.00114031 2.664e-06
102 Pubmed_feat_L2.txt 0.000990089 0.000987642 2.447e-06
103 Pubmed_feat_L2.txt 0.00105583 0.00105338 2.455e-06
104 Pubmed_feat_L2.txt 0.000949659 0.000947134 2.525e-06
105 Pubmed_feat_L2.txt 0.0010094 0.00100661 2.783e-06
106 Pubmed_feat_L2.txt 0.00112409 0.00112159 2.497e-06
107 Pubmed_feat_L2.txt 0.00108321 0.00108074 2.472e-06
108 Pubmed_feat_L2.txt 0.00110113 0.0010984 2.728e-06
109 Pubmed_feat_L2.txt 0.00116478 0.00116221 2.566e-06
110 Pubmed_feat_L2.txt 0.00103725 0.00103475 2.504e-06
111 Pubmed_feat_L2.txt 0.00106131 0.00105883 2.48e-06
112 Pubmed_feat_L2.txt 0.000906497 0.000904011 2.486e-06
113 Pubmed_feat_L2.txt 0.00105415 0.00105173 2.415e-06
114 Pubmed_feat_L2.txt 0.000972288 0.000969873 2.415e-06
115 Pubmed_feat_L2.txt 0.00116774 0.00116528 2.458e-06
116 Pubmed_feat_L2.txt 0.00116429 0.00116174 2.557e-06
117 Pubmed_feat_L2.txt 0.00109737 0.00109493 2.437e-06
118 Pubmed_feat_L2.txt 0.00112635 0.00112348 2.87e-06
119 Pubmed_feat_L2.txt 0.00107122 0.00106868 2.532e-06
120 Pubmed_feat_L2.txt 0.00100921 0.00100642 2.791e-06
121 Pubmed_feat_L2.txt 0.00117362 0.00117101 2.603e-06
122 Pubmed_feat_L2.txt 0.00109672 0.00109425 2.474e-06
123 Pubmed_feat_L2.txt 0.00108256 0.0010801 2.466e-06
124 Pubmed_feat_L2.txt 0.00110449 0.00110193 2.558e-06
125 Pubmed_feat_L2.txt 0.00100788 0.00100539 2.487e-06
126 Pubmed_feat_L2.txt 0.00118894 0.00118645 2.488e-06
127 Pubmed_feat_L2.txt 0.000961522 0.000959029 2.493e-06
128 Pubmed_feat_L2.txt 0.000913108 0.000910627 2.481e-06
129 Pubmed_feat_L2.txt 0.000997124 0.000994673 2.451e-06
130 Pubmed_feat_L2.txt 0.00110529 0.00110268 2.614e-06
131 Pubmed_feat_L2.txt 0.00114761 0.00114474 2.874e-06
132 Pubmed_feat_L2.txt 0.0011315 0.001129 2.499e-06
133 Pubmed_feat_L2.txt 0.00106177 0.00105873 3.044e-06
134 Pubmed_feat_L2.txt 0.00118565 0.00118295 2.695e-06
135 Pubmed_feat_L2.txt 0.00114113 0.00113869 2.443e-06
136 Pubmed_feat_L2.txt 0.00097054 0.000967996 2.544e-06
137 Pubmed_feat_L2.txt 0.0012107 0.00120817 2.534e-06
138 Pubmed_feat_L2.txt 0.00116654 0.00116404 2.503e-06
139 Pubmed_feat_L2.txt 0.00102212 0.00101962 2.501e-06
140 Pubmed_feat_L2.txt 0.00103334 0.00103085 2.498e-06
141 Pubmed_feat_L2.txt 0.000994177 0.000991607 2.57e-06
142 Pubmed_feat_L2.txt 0.00114458 0.00114201 2.575e-06
143 Pubmed_feat_L2.txt 0.00105677 0.00105437 2.401e-06
144 Pubmed_feat_L2.txt 0.00108057 0.00107775 2.821e-06
145 Pubmed_feat_L2.txt 0.00109704 0.0010945 2.535e-06
146 Pubmed_feat_L2.txt 0.0010473 0.00104479 2.51e-06
147 Pubmed_feat_L2.txt 0.00122296 0.00122051 2.453e-06
148 Pubmed_feat_L2.txt 0.00103763 0.00103505 2.587e-06
149 Pubmed_feat_L2.txt 0.0010338 0.00103127 2.528e-06
150 Pubmed_feat_L2.txt 0.00116348 0.00116085 2.635e-06
151 Pubmed_feat_L2.txt 0.00122596 0.00122346 2.503e-06
152 Pubmed_feat_L2.txt 0.00103238 0.00102946 2.922e-06
153 Pubmed_feat_L2.txt 0.0012067 0.00120415 2.544e-06
154 Pubmed_feat_L2.txt 0.0011709 0.00116843 2.474e-06
155 Pubmed_feat_L2.txt 0.00108338 0.00108099 2.393e-06
156 Pubmed_feat_L2.txt 0.00105101 0.00104823 2.784e-06
157 Pubmed_feat_L2.txt 0.00119874 0.00119626 2.488e-06
158 Pubmed_feat_L2.txt 0.00110984 0.00110737 2.469e-06
159 Pubmed_feat_L2.txt 0.00115509 0.0011523 2.788e-06
160 Pubmed_feat_L2.txt 0.00103524 0.00103279 2.446e-06
161 Pubmed_feat_L2.txt 0.00117056 0.00116812 2.447e-06
162 Pubmed_feat_L2.txt 0.00118628 0.00118374 2.535e-06
163 Pubmed_feat_L2.txt 0.00114363 0.0011412 2.432e-06
164 Pubmed_feat_L2.txt 0.00115639 0.0011535 2.888e-06
165 Pubmed_feat_L2.txt 0.00109964 0.00109721 2.429e-06
166 Pubmed_feat_L2.txt 0.00114233 0.00113988 2.445e-06
167 Pubmed_feat_L2.txt 0.00114439 0.00114198 2.412e-06
168 Pubmed_feat_L2.txt 0.00108872 0.00108608 2.635e-06
169 Pubmed_feat_L2.txt 0.00117384 0.00117139 2.453e-06
170 Pubmed_feat_L2.txt 0.00114928 0.00114679 2.498e-06
171 Pubmed_feat_L2.txt 0.00108932 0.00108674 2.573e-06
172 Pubmed_feat_L2.txt 0.00109603 0.00109364 2.389e-06
173 Pubmed_feat_L2.txt 0.00107046 0.00106796 2.505e-06
174 Pubmed_feat_L2.txt 0.00109815 0.00109574 2.412e-06
175 Pubmed_feat_L2.txt 0.00112999 0.00112752 2.477e-06
176 Pubmed_feat_L2.txt 0.00101343 0.00101085 2.581e-06
177 Pubmed_feat_L2.txt 0.00107244 0.00106987 2.57e-06
178 Pubmed_feat_L2.txt 0.00112254 0.00111989 2.655e-06
179 Pubmed_feat_L2.txt 0.00112277 0.00112027 2.497e-06
180 Pubmed_feat_L2.txt 0.00111338 0.00111058 2.804e-06
181 Pubmed_feat_L2.txt 0.00109001 0.00108757 2.447e-06
182 Pubmed_feat_L2.txt 0.00103452 0.001032 2.528e-06
183 Pubmed_feat_L2.txt 0.00119394 0.00119129 2.649e-06
184 Pubmed_feat_L2.txt 0.00111044 0.00110793 2.511e-06
185 Pubmed_feat_L2.txt 0.00117067 0.00116789 2.776e-06
186 Pubmed_feat_L2.txt 0.00117899 0.00117651 2.479e-06
187 Pubmed_feat_L2.txt 0.00110537 0.00110285 2.52e-06
188 Pubmed_feat_L2.txt 0.00109694 0.00109442 2.517e-06
189 Pubmed_feat_L2.txt 0.00119746 0.00119495 2.512e-06
190 Pubmed_feat_L2.txt 0.00110884 0.00110607 2.778e-06
191 Pubmed_feat_L2.txt 0.00107844 0.00107597 2.473e-06
192 Pubmed_feat_L2.txt 0.000919612 0.000916731 2.881e-06
193 Pubmed_feat_L2.txt 0.00102929 0.00102685 2.444e-06
194 Pubmed_feat_L2.txt 0.000963898 0.000961404 2.494e-06
195 Pubmed_feat_L2.txt 0.00117689 0.00117439 2.498e-06
196 Pubmed_feat_L2.txt 0.000880827 0.000878403 2.424e-06
197 Pubmed_feat_L2.txt 0.00105736 0.00105455 2.812e-06
198 Pubmed_feat_L2.txt 0.00101507 0.00101228 2.789e-06
199 Pubmed_feat_L2.txt 0.00105132 0.00104877 2.551e-06
200 Pubmed_feat_L2.txt 0.000923431 0.000920975 2.456e-06
201 Pubmed_feat_L2.txt 0.000994792 0.000992334 2.458e-06
202 Pubmed_feat_L2.txt 0.00109595 0.00109349 2.457e-06
203 Pubmed_feat_L2.txt 0.00105691 0.00105444 2.466e-06
204 Pubmed_feat_L2.txt 0.00114457 0.00114178 2.788e-06
205 Pubmed_feat_L2.txt 0.000998816 0.000996182 2.634e-06
206 Pubmed_feat_L2.txt 0.00112883 0.00112633 2.498e-06
207 Pubmed_feat_L2.txt 0.00104256 0.00104006 2.495e-06
208 Pubmed_feat_L2.txt 0.00102578 0.00102331 2.469e-06
209 Pubmed_feat_L2.txt 0.00116346 0.00116097 2.49e-06
210 Pubmed_feat_L2.txt 0.00107259 0.00107011 2.481e-06
211 Pubmed_feat_L2.txt 0.00101177 0.00100928 2.487e-06
212 Pubmed_feat_L2.txt 0.00107527 0.00107275 2.514e-06
213 Pubmed_feat_L2.txt 0.00103666 0.00103384 2.814e-06
214 Pubmed_feat_L2.txt 0.00112385 0.0011213 2.546e-06
215 Pubmed_feat_L2.txt 0.00105317 0.00105076 2.41e-06
216 Pubmed_feat_L2.txt 0.00107056 0.00106784 2.724e-06
217 Pubmed_feat_L2.txt 0.00115146 0.00114898 2.477e-06
218 Pubmed_feat_L2.txt 0.00112126 0.00111884 2.421e-06
219 Pubmed_feat_L2.txt 0.00108448 0.00108201 2.472e-06
220 Pubmed_feat_L2.txt 0.00108903 0.00108654 2.487e-06
221 Pubmed_feat_L2.txt 0.00110179 0.00109924 2.545e-06
222 Pubmed_feat_L2.txt 0.000962264 0.000959796 2.468e-06
223 Pubmed_feat_L2.txt 0.00109528 0.00109291 2.374e-06
224 Pubmed_feat_L2.txt 0.000901748 0.000896004 5.744e-06
225 Pubmed_feat_L2.txt 0.00107528 0.00107285 2.432e-06
226 Pubmed_feat_L2.txt 0.0010983 0.00109583 2.471e-06
227 Pubmed_feat_L2.txt 0.00103807 0.00103558 2.488e-06
228 Pubmed_feat_L2.txt 0.00117741 0.00117481 2.598e-06
229 Pubmed_feat_L2.txt 0.0010118 0.00100934 2.466e-06
230 Pubmed_feat_L2.txt 0.00105305 0.00105062 2.433e-06
231 Pubmed_feat_L2.txt 0.00100666 0.00100413 2.529e-06
232 Pubmed_feat_L2.txt 0.0010649 0.00106218 2.72e-06
233 Pubmed_feat_L2.txt 0.000968907 0.000966457 2.45e-06
234 Pubmed_feat_L2.txt 0.00116781 0.0011653 2.517e-06
235 Pubmed_feat_L2.txt 0.00107179 0.00106931 2.476e-06
236 Pubmed_feat_L2.txt 0.00120173 0.00119927 2.466e-06
237 Pubmed_feat_L2.txt 0.00125597 0.00125355 2.415e-06
238 Pubmed_feat_L2.txt 0.00109066 0.00108811 2.548e-06
239 Pubmed_feat_L2.txt 0.00118513 0.00118269 2.438e-06
240 Pubmed_feat_L2.txt 0.00101287 0.00100982 3.057e-06
241 Pubmed_feat_L2.txt 0.000974224 0.000971647 2.577e-06
242 Pubmed_feat_L2.txt 0.00119989 0.00119715 2.746e-06
243 Pubmed_feat_L2.txt 0.00103279 0.00103028 2.503e-06
244 Pubmed_feat_L2.txt 0.00107577 0.00107332 2.455e-06
245 Pubmed_feat_L2.txt 0.00123522 0.00123242 2.803e-06
246 Pubmed_feat_L2.txt 0.00107169 0.00106912 2.562e-06
247 Pubmed_feat_L2.txt 0.00105202 0.00104959 2.424e-06
248 Pubmed_feat_L2.txt 0.000995069 0.000992473 2.596e-06
249 Pubmed_feat_L2.txt 0.00109531 0.00109274 2.57e-06
250 Pubmed_feat_L2.txt 0.00102881 0.00102632 2.493e-06
251 Pubmed_feat_L2.txt 0.00114812 0.00114559 2.529e-06
252 Pubmed_feat_L2.txt 0.00121223 0.00120979 2.444e-06
253 Pubmed_feat_L2.txt 0.00113596 0.00113333 2.629e-06
254 Pubmed_feat_L2.txt 0.00104208 0.00103962 2.463e-06
255 Pubmed_feat_L2.txt 0.001004 0.00100155 2.447e-06
256 Pubmed_feat_L2.txt 0.00107816 0.0010757 2.459e-06
257 Pubmed_feat_L2.txt 0.00114361 0.00114123 2.38e-06
258 Pubmed_feat_L2.txt 0.00118134 0.00117892 2.418e-06
259 Pubmed_feat_L2.txt 0.0011502 0.00114776 2.433e-06
260 Pubmed_feat_L2.txt 0.000878607 0.00087619 2.417e-06
261 Pubmed_feat_L2.txt 0.0011674 0.00116492 2.487e-06
262 Pubmed_feat_L2.txt 0.00116095 0.00115852 2.422e-06
263 Pubmed_feat_L2.txt 0.00116689 0.00116409 2.795e-06
264 Pubmed_feat_L2.txt 0.00104282 0.00104019 2.631e-06
265 Pubmed_feat_L2.txt 0.00104547 0.001043 2.473e-06
266 Pubmed_feat_L2.txt 0.0012468 0.0012443 2.497e-06
267 Pubmed_feat_L2.txt 0.00119709 0.00119458 2.509e-06
268 Pubmed_feat_L2.txt 0.00118406 0.00118099 3.072e-06
269 Pubmed_feat_L2.txt 0.00124983 0.00124737 2.452e-06
270 Pubmed_feat_L2.txt 0.00104841 0.00104576 2.649e-06
271 Pubmed_feat_L2.txt 0.00117395 0.00117141 2.546e-06
272 Pubmed_feat_L2.txt 0.000989781 0.000987144 2.637e-06
273 Pubmed_feat_L2.txt 0.00110624 0.00110374 2.498e-06
274 Pubmed_feat_L2.txt 0.00101188 0.00100934 2.54e-06
275 Pubmed_feat_L2.txt 0.00106496 0.0010625 2.461e-06
276 Pubmed_feat_L2.txt 0.00105346 0.00105065 2.813e-06
277 Pubmed_feat_L2.txt 0.00120553 0.00120301 2.521e-06
278 Pubmed_feat_L2.txt 0.00105678 0.00105402 2.761e-06
279 Pubmed_feat_L2.txt 0.00114313 0.00114033 2.803e-06
280 Pubmed_feat_L2.txt 0.00109081 0.00108817 2.639e-06
281 Pubmed_feat_L2.txt 0.00131536 0.0013128 2.563e-06
282 Pubmed_feat_L2.txt 0.000935257 0.00092971 5.547e-06
283 Pubmed_feat_L2.txt 0.00104043 0.00103792 2.509e-06
284 Pubmed_feat_L2.txt 0.00108839 0.00108577 2.619e-06
285 Pubmed_feat_L2.txt 0.00106982 0.00106733 2.49e-06
286 Pubmed_feat_L2.txt 0.00124918 0.00124668 2.502e-06
287 Pubmed_feat_L2.txt 0.00109406 0.00109163 2.437e-06
288 Pubmed_feat_L2.txt 0.000962286 0.000959318 2.968e-06
289 Pubmed_feat_L2.txt 0.0010135 0.00101103 2.469e-06
290 Pubmed_feat_L2.txt 0.000969397 0.000966797 2.6e-06
291 Pubmed_feat_L2.txt 0.00110582 0.00110332 2.502e-06
292 Pubmed_feat_L2.txt 0.001023 0.00101483 8.169e-06
293 Pubmed_feat_L2.txt 0.00113247 0.00112999 2.484e-06
294 Pubmed_feat_L2.txt 0.00113424 0.00113174 2.497e-06
295 Pubmed_feat_L2.txt 0.0011278 0.00112532 2.478e-06
296 Pubmed_feat_L2.txt 0.00110756 0.00110494 2.62e-06
297 Pubmed_feat_L2.txt 0.00107626 0.00107347 2.793e-06
298 Pubmed_feat_L2.txt 0.00112664 0.00112419 2.449e-06
299 Pubmed_feat_L2.txt 0.0011021 0.00109938 2.723e-06
300 Pubmed_feat_L2.txt 0.00103977 0.00103724 2.531e-06
301 Pubmed_feat_L2.txt 0.00115528 0.00115138 3.9e-06
302 Pubmed_feat_L2.txt 0.00110054 0.00109801 2.532e-06
303 Pubmed_feat_L2.txt 0.00107372 0.00107123 2.493e-06
304 Pubmed_feat_L2.txt 0.00106352 0.00106101 2.507e-06
305 Pubmed_feat_L2.txt 0.00102889 0.00102641 2.48e-06
306 Pubmed_feat_L2.txt 0.00105151 0.00104904 2.47e-06
307 Pubmed_feat_L2.txt 0.00107383 0.00107136 2.471e-06
308 Pubmed_feat_L2.txt 0.00107209 0.00106951 2.582e-06
309 Pubmed_feat_L2.txt 0.00110477 0.00110224 2.535e-06
310 Pubmed_feat_L2.txt 0.0010339 0.00103133 2.563e-06
311 Pubmed_feat_L2.txt 0.001054 0.0010516 2.394e-06
312 Pubmed_feat_L2.txt 0.00102006 0.00101745 2.606e-06
313 Pubmed_feat_L2.txt 0.00100024 0.000997471 2.773e-06
314 Pubmed_feat_L2.txt 0.00111736 0.00111451 2.848e-06
315 Pubmed_feat_L2.txt 0.00111047 0.00110789 2.58e-06
316 Pubmed_feat_L2.txt 0.00101859 0.00101613 2.462e-06
317 Pubmed_feat_L2.txt 0.00113509 0.00113257 2.518e-06
318 Pubmed_feat_L2.txt 0.00103372 0.00103133 2.391e-06
319 Pubmed_feat_L2.txt 0.00105687 0.00105438 2.495e-06
320 Pubmed_feat_L2.txt 0.00100828 0.00100581 2.474e-06
321 Pubmed_feat_L2.txt 0.00108984 0.00108732 2.524e-06
322 Pubmed_feat_L2.txt 0.00108228 0.00107983 2.441e-06
323 Pubmed_feat_L2.txt 0.00101734 0.00101492 2.428e-06
324 Pubmed_feat_L2.txt 0.00101488 0.00101218 2.7e-06
325 Pubmed_feat_L2.txt 0.00102257 0.00101999 2.585e-06
326 Pubmed_feat_L2.txt 0.00111811 0.00111566 2.45e-06
327 Pubmed_feat_L2.txt 0.00107032 0.00106774 2.58e-06
328 Pubmed_feat_L2.txt 0.00112977 0.00112693 2.842e-06
329 Pubmed_feat_L2.txt 0.00105375 0.00105126 2.488e-06
330 Pubmed_feat_L2.txt 0.00106756 0.00106476 2.796e-06
331 Pubmed_feat_L2.txt 0.0011313 0.00112883 2.47e-06
332 Pubmed_feat_L2.txt 0.00111726 0.00111475 2.504e-06
333 Pubmed_feat_L2.txt 0.00110595 0.00110346 2.494e-06
334 Pubmed_feat_L2.txt 0.00118623 0.00118372 2.511e-06
335 Pubmed_feat_L2.txt 0.000967604 0.000965036 2.568e-06
336 Pubmed_feat_L2.txt 0.000944908 0.000941998 2.91e-06
337 Pubmed_feat_L2.txt 0.00105259 0.00105007 2.523e-06
338 Pubmed_feat_L2.txt 0.000961994 0.000959468 2.526e-06
339 Pubmed_feat_L2.txt 0.0011687 0.00116579 2.91e-06
340 Pubmed_feat_L2.txt 0.00116507 0.00116255 2.515e-06
341 Pubmed_feat_L2.txt 0.0010219 0.00101937 2.525e-06
342 Pubmed_feat_L2.txt 0.001107 0.00110448 2.526e-06
343 Pubmed_feat_L2.txt 0.00114865 0.00114578 2.873e-06
344 Pubmed_feat_L2.txt 0.000965418 0.000962849 2.569e-06
345 Pubmed_feat_L2.txt 0.00107149 0.00106849 2.997e-06
346 Pubmed_feat_L2.txt 0.0010889 0.0010864 2.493e-06
347 Pubmed_feat_L2.txt 0.00109406 0.00109146 2.601e-06
348 Pubmed_feat_L2.txt 0.00104758 0.00104501 2.572e-06
349 Pubmed_feat_L2.txt 0.00108615 0.00108362 2.533e-06
350 Pubmed_feat_L2.txt 0.0011483 0.00114582 2.48e-06
351 Pubmed_feat_L2.txt 0.00108228 0.00107974 2.542e-06
352 Pubmed_feat_L2.txt 0.000963449 0.0009609 2.549e-06
353 Pubmed_feat_L2.txt 0.00103953 0.00103702 2.516e-06
354 Pubmed_feat_L2.txt 0.00119845 0.00119598 2.463e-06
355 Pubmed_feat_L2.txt 0.0011277 0.00112517 2.532e-06
356 Pubmed_feat_L2.txt 0.00115709 0.00115461 2.484e-06
357 Pubmed_feat_L2.txt 0.00122918 0.00122669 2.49e-06
358 Pubmed_feat_L2.txt 0.00107445 0.001072 2.445e-06
359 Pubmed_feat_L2.txt 0.000988595 0.000986031 2.564e-06
360 Pubmed_feat_L2.txt 0.00104212 0.00103958 2.54e-06
361 Pubmed_feat_L2.txt 0.00116224 0.00115966 2.587e-06
362 Pubmed_feat_L2.txt 0.00112228 0.00111978 2.503e-06
363 Pubmed_feat_L2.txt 0.00110919 0.00110674 2.454e-06
364 Pubmed_feat_L2.txt 0.00119448 0.001192 2.487e-06
365 Pubmed_feat_L2.txt 0.00119221 0.00118963 2.579e-06
366 Pubmed_feat_L2.txt 0.00108192 0.00107941 2.509e-06
367 Pubmed_feat_L2.txt 0.00106006 0.00105756 2.499e-06
368 Pubmed_feat_L2.txt 0.00102604 0.00102354 2.501e-06
369 Pubmed_feat_L2.txt 0.000998384 0.000995769 2.615e-06
370 Pubmed_feat_L2.txt 0.00111418 0.00111168 2.499e-06
371 Pubmed_feat_L2.txt 0.00112648 0.00112408 2.404e-06
372 Pubmed_feat_L2.txt 0.00111086 0.00110829 2.567e-06
373 Pubmed_feat_L2.txt 0.00109423 0.00109159 2.637e-06
374 Pubmed_feat_L2.txt 0.00109797 0.00109551 2.466e-06
375 Pubmed_feat_L2.txt 0.00118784 0.00118522 2.622e-06
376 Pubmed_feat_L2.txt 0.00118768 0.00118497 2.708e-06
377 Pubmed_feat_L2.txt 0.00108894 0.0010864 2.535e-06
378 Pubmed_feat_L2.txt 0.00119405 0.00119149 2.554e-06
379 Pubmed_feat_L2.txt 0.00115712 0.00115459 2.527e-06
380 Pubmed_feat_L2.txt 0.00117083 0.00116838 2.456e-06
381 Pubmed_feat_L2.txt 0.00116733 0.00116443 2.896e-06
382 Pubmed_feat_L2.txt 0.00106675 0.00106422 2.528e-06
383 Pubmed_feat_L2.txt 0.0011186 0.00111567 2.938e-06
384 Pubmed_feat_L2.txt 0.0010007 0.000997694 3.002e-06
385 Pubmed_feat_L2.txt 0.000954695 0.000951867 2.828e-06
386 Pubmed_feat_L2.txt 0.00111865 0.00111585 2.795e-06
387 Pubmed_feat_L2.txt 0.00108431 0.00108176 2.549e-06
388 Pubmed_feat_L2.txt 0.00093725 0.000934669 2.581e-06
389 Pubmed_feat_L2.txt 0.00107403 0.00107144 2.582e-06
390 Pubmed_feat_L2.txt 0.00108644 0.00108392 2.515e-06
391 Pubmed_feat_L2.txt 0.00115041 0.00114759 2.817e-06
392 Pubmed_feat_L2.txt 0.000952854 0.0009504 2.454e-06
393 Pubmed_feat_L2.txt 0.00109595 0.00109358 2.371e-06
394 Pubmed_feat_L2.txt 0.00106798 0.00106554 2.448e-06
395 Pubmed_feat_L2.txt 0.00109666 0.0010941 2.559e-06
396 Pubmed_feat_L2.txt 0.00105441 0.00105198 2.437e-06
397 Pubmed_feat_L2.txt 0.00107671 0.0010742 2.512e-06
398 Pubmed_feat_L2.txt 0.00106017 0.00105761 2.563e-06
399 Pubmed_feat_L2.txt 0.00100628 0.00100359 2.688e-06
400 Pubmed_feat_L2.txt 0.0010774 0.00107456 2.842e-06
401 Pubmed_feat_L2.txt 0.00117355 0.00117111 2.44e-06
402 Pubmed_feat_L2.txt 0.00105989 0.00105739 2.497e-06
403 Pubmed_feat_L2.txt 0.00102076 0.001018 2.764e-06
404 Pubmed_feat_L2.txt 0.00111566 0.00111309 2.566e-06
405 Pubmed_feat_L2.txt 0.00104401 0.00104156 2.45e-06
406 Pubmed_feat_L2.txt 0.00108072 0.00107827 2.446e-06
407 Pubmed_feat_L2.txt 0.0011212 0.00111875 2.454e-06
408 Pubmed_feat_L2.txt 0.000999473 0.000996873 2.6e-06
409 Pubmed_feat_L2.txt 0.00108949 0.00108696 2.531e-06
410 Pubmed_feat_L2.txt 0.00112607 0.00112363 2.438e-06
411 Pubmed_feat_L2.txt 0.00114596 0.00114346 2.5e-06
412 Pubmed_feat_L2.txt 0.000962725 0.000960212 2.513e-06
413 Pubmed_feat_L2.txt 0.00111029 0.00110778 2.512e-06
414 Pubmed_feat_L2.txt 0.00111271 0.0011102 2.506e-06
415 Pubmed_feat_L2.txt 0.001083 0.00108052 2.475e-06
416 Pubmed_feat_L2.txt 0.00101653 0.00101371 2.816e-06
417 Pubmed_feat_L2.txt 0.00100107 0.000998489 2.585e-06
418 Pubmed_feat_L2.txt 0.00104637 0.00104357 2.801e-06
419 Pubmed_feat_L2.txt 0.000999907 0.000997452 2.455e-06
420 Pubmed_feat_L2.txt 0.00103362 0.00103107 2.543e-06
421 Pubmed_feat_L2.txt 0.00102338 0.00102086 2.523e-06
422 Pubmed_feat_L2.txt 0.00106042 0.00105794 2.485e-06
423 Pubmed_feat_L2.txt 0.00101057 0.00100809 2.489e-06
424 Pubmed_feat_L2.txt 0.00106486 0.00106235 2.509e-06
425 Pubmed_feat_L2.txt 0.00100253 0.000999962 2.565e-06
426 Pubmed_feat_L2.txt 0.00105258 0.00105003 2.55e-06
427 Pubmed_feat_L2.txt 0.00107674 0.00107426 2.478e-06
428 Pubmed_feat_L2.txt 0.000977526 0.000975042 2.484e-06
429 Pubmed_feat_L2.txt 0.00101894 0.00101643 2.507e-06
430 Pubmed_feat_L2.txt 0.00105974 0.00105732 2.42e-06
431 Pubmed_feat_L2.txt 0.00105486 0.0010524 2.461e-06
432 Pubmed_feat_L2.txt 0.00108372 0.00108113 2.587e-06
433 Pubmed_feat_L2.txt 0.00099068 0.0009882 2.48e-06
434 Pubmed_feat_L2.txt 0.000979276 0.000976835 2.441e-06
435 Pubmed_feat_L2.txt 0.000992385 0.000989561 2.824e-06
436 Pubmed_feat_L2.txt 0.00110678 0.00110428 2.505e-06
437 Pubmed_feat_L2.txt 0.00106307 0.00106062 2.448e-06
438 Pubmed_feat_L2.txt 0.00119715 0.00119471 2.443e-06
439 Pubmed_feat_L2.txt 0.00108084 0.00107835 2.494e-06
440 Pubmed_feat_L2.txt 0.00101236 0.00100979 2.572e-06
441 Pubmed_feat_L2.txt 0.00119392 0.00119114 2.783e-06
442 Pubmed_feat_L2.txt 0.00107582 0.00107333 2.486e-06
443 Pubmed_feat_L2.txt 0.00112226 0.00111962 2.644e-06
444 Pubmed_feat_L2.txt 0.00114308 0.00114053 2.557e-06
445 Pubmed_feat_L2.txt 0.00121844 0.00121571 2.738e-06
446 Pubmed_feat_L2.txt 0.00118403 0.00118158 2.453e-06
447 Pubmed_feat_L2.txt 0.00117655 0.00117402 2.534e-06
448 Pubmed_feat_L2.txt 0.00116068 0.0011583 2.378e-06
449 Pubmed_feat_L2.txt 0.00113139 0.0011289 2.486e-06
450 Pubmed_feat_L2.txt 0.00121561 0.00121293 2.678e-06
451 Pubmed_feat_L2.txt 0.00114969 0.00114723 2.455e-06
452 Pubmed_feat_L2.txt 0.00113117 0.00112856 2.612e-06
453 Pubmed_feat_L2.txt 0.0011566 0.00115421 2.384e-06
454 Pubmed_feat_L2.txt 0.00122808 0.00122563 2.452e-06
455 Pubmed_feat_L2.txt 0.00116327 0.0011608 2.471e-06
456 Pubmed_feat_L2.txt 0.00111814 0.00110887 9.268e-06
457 Pubmed_feat_L2.txt 0.00114308 0.00114054 2.543e-06
458 Pubmed_feat_L2.txt 0.00119354 0.00119102 2.519e-06
459 Pubmed_feat_L2.txt 0.00101112 0.00100864 2.483e-06
460 Pubmed_feat_L2.txt 0.00105973 0.0010571 2.623e-06
461 Pubmed_feat_L2.txt 0.00115874 0.001156 2.736e-06
462 Pubmed_feat_L2.txt 0.00115811 0.0011556 2.511e-06
463 Pubmed_feat_L2.txt 0.00107784 0.00107531 2.531e-06
464 Pubmed_feat_L2.txt 0.00105019 0.00104767 2.523e-06
465 Pubmed_feat_L2.txt 0.000981921 0.000979332 2.589e-06
466 Pubmed_feat_L2.txt 0.00107589 0.00107305 2.831e-06
467 Pubmed_feat_L2.txt 0.001167 0.00116442 2.576e-06
468 Pubmed_feat_L2.txt 0.00118296 0.00118049 2.476e-06
469 Pubmed_feat_L2.txt 0.00115804 0.00115549 2.555e-06
470 Pubmed_feat_L2.txt 0.00105724 0.00105473 2.513e-06
471 Pubmed_feat_L2.txt 0.00106755 0.00106512 2.435e-06
472 Pubmed_feat_L2.txt 0.00121515 0.00121256 2.591e-06
473 Pubmed_feat_L2.txt 0.00109745 0.00109486 2.591e-06
474 Pubmed_feat_L2.txt 0.0012141 0.00121162 2.48e-06
475 Pubmed_feat_L2.txt 0.00108402 0.00108123 2.789e-06
476 Pubmed_feat_L2.txt 0.00119762 0.00119519 2.431e-06
477 Pubmed_feat_L2.txt 0.0010975 0.00109498 2.52e-06
478 Pubmed_feat_L2.txt 0.00114325 0.00114066 2.59e-06
479 Pubmed_feat_L2.txt 0.0010567 0.00105425 2.452e-06
480 Pubmed_feat_L2.txt 0.00107686 0.00107392 2.935e-06
481 Pubmed_feat_L2.txt 0.000992548 0.000990091 2.457e-06
482 Pubmed_feat_L2.txt 0.00100269 0.00100021 2.471e-06
483 Pubmed_feat_L2.txt 0.00103334 0.00103089 2.44e-06
484 Pubmed_feat_L2.txt 0.0010723 0.00106982 2.482e-06
485 Pubmed_feat_L2.txt 0.00107081 0.00106841 2.403e-06
486 Pubmed_feat_L2.txt 0.00113395 0.00113141 2.536e-06
487 Pubmed_feat_L2.txt 0.00110429 0.00110184 2.453e-06
488 Pubmed_feat_L2.txt 0.00109951 0.00109686 2.647e-06
489 Pubmed_feat_L2.txt 0.00110327 0.00110084 2.434e-06
490 Pubmed_feat_L2.txt 0.00115149 0.00114896 2.532e-06
491 Pubmed_feat_L2.txt 0.00123228 0.00122983 2.45e-06
492 Pubmed_feat_L2.txt 0.00117703 0.0011743 2.728e-06
493 Pubmed_feat_L2.txt 0.00117321 0.0011707 2.512e-06
494 Pubmed_feat_L2.txt 0.00110898 0.00110649 2.49e-06
495 Pubmed_feat_L2.txt 0.00118085 0.00117839 2.46e-06
496 Pubmed_feat_L2.txt 0.000979922 0.000977393 2.529e-06
497 Pubmed_feat_L2.txt 0.00110552 0.0011027 2.824e-06
498 Pubmed_feat_L2.txt 0.00123666 0.00123385 2.811e-06
499 Pubmed_feat_L2.txt 0.00110465 0.00110221 2.439e-06
500 Pubmed_feat_L2.txt 0.00118612 0.00118368 2.445e-06
501 Pubmed_feat_L2.txt 0.00102064 0.00101813 2.51e-06
502 Pubmed_feat_L2.txt 0.0013095 0.00130704 2.463e-06
503 Pubmed_feat_L2.txt 0.00108593 0.00108346 2.472e-06
504 Pubmed_feat_L2.txt 0.00101609 0.00101353 2.556e-06
505 Pubmed_feat_L2.txt 0.00123067 0.00122814 2.521e-06
506 Pubmed_feat_L2.txt 0.0011403 0.00113759 2.718e-06
507 Pubmed_feat_L2.txt 0.000996994 0.000994513 2.481e-06
508 Pubmed_feat_L2.txt 0.00118406 0.00118156 2.496e-06
509 Pubmed_feat_L2.txt 0.00111435 0.00111192 2.434e-06
510 Pubmed_feat_L2.txt 0.00110458 0.00110212 2.46e-06
511 Pubmed_feat_L2.txt 0.00125049 0.00124805 2.434e-06
512 Pubmed_feat_L2.txt 0.000976638 0.000974159 2.479e-06
513 Pubmed_feat_L2.txt 0.000996143 0.000993648 2.495e-06
514 Pubmed_feat_L2.txt 0.00122097 0.00121851 2.461e-06
515 Pubmed_feat_L2.txt 0.00115751 0.00115506 2.447e-06
516 Pubmed_feat_L2.txt 0.00106813 0.00106571 2.417e-06
517 Pubmed_feat_L2.txt 0.00112027 0.00111779 2.477e-06
518 Pubmed_feat_L2.txt 0.00112516 0.00112266 2.501e-06
519 Pubmed_feat_L2.txt 0.00114639 0.00114393 2.469e-06
520 Pubmed_feat_L2.txt 0.00109197 0.0010895 2.475e-06
521 Pubmed_feat_L2.txt 0.00115908 0.00115659 2.489e-06
522 Pubmed_feat_L2.txt 0.00112447 0.00112183 2.635e-06
523 Pubmed_feat_L2.txt 0.00119833 0.00119574 2.584e-06
524 Pubmed_feat_L2.txt 0.00107026 0.00106771 2.547e-06
525 Pubmed_feat_L2.txt 0.00110363 0.00110112 2.515e-06
526 Pubmed_feat_L2.txt 0.00106394 0.00106158 2.361e-06
527 Pubmed_feat_L2.txt 0.00123406 0.00123151 2.55e-06
528 Pubmed_feat_L2.txt 0.00101796 0.00101504 2.924e-06
529 Pubmed_feat_L2.txt 0.00104873 0.00104628 2.452e-06
530 Pubmed_feat_L2.txt 0.00116496 0.00116254 2.419e-06
531 Pubmed_feat_L2.txt 0.00118674 0.00118443 2.311e-06
532 Pubmed_feat_L2.txt 0.00126974 0.00126732 2.421e-06
533 Pubmed_feat_L2.txt 0.0010919 0.00108953 2.365e-06
534 Pubmed_feat_L2.txt 0.00127242 0.00126971 2.711e-06
535 Pubmed_feat_L2.txt 0.00125574 0.00125327 2.465e-06
536 Pubmed_feat_L2.txt 0.00113404 0.00113124 2.803e-06
537 Pubmed_feat_L2.txt 0.00107275 0.00107008 2.67e-06
538 Pubmed_feat_L2.txt 0.00112957 0.00112674 2.834e-06
539 Pubmed_feat_L2.txt 0.00116858 0.00116614 2.44e-06
540 Pubmed_feat_L2.txt 0.00114031 0.00113795 2.366e-06
541 Pubmed_feat_L2.txt 0.00110061 0.00109786 2.752e-06
542 Pubmed_feat_L2.txt 0.00116143 0.00115898 2.447e-06
543 Pubmed_feat_L2.txt 0.00110562 0.00110286 2.753e-06
544 Pubmed_feat_L2.txt 0.00105338 0.00105097 2.409e-06
545 Pubmed_feat_L2.txt 0.00105418 0.00105175 2.429e-06
546 Pubmed_feat_L2.txt 0.00108465 0.00108218 2.477e-06
547 Pubmed_feat_L2.txt 0.00118018 0.00117763 2.55e-06
548 Pubmed_feat_L2.txt 0.00120858 0.00120611 2.465e-06
549 Pubmed_feat_L2.txt 0.00109447 0.00109168 2.793e-06
550 Pubmed_feat_L2.txt 0.00121235 0.00120991 2.447e-06
551 Pubmed_feat_L2.txt 0.00122398 0.00122156 2.419e-06
552 Pubmed_feat_L2.txt 0.00110266 0.00109999 2.668e-06
553 Pubmed_feat_L2.txt 0.00114755 0.00114505 2.499e-06
554 Pubmed_feat_L2.txt 0.00124098 0.00123853 2.45e-06
555 Pubmed_feat_L2.txt 0.00122039 0.00121792 2.463e-06
556 Pubmed_feat_L2.txt 0.00109384 0.00109127 2.572e-06
557 Pubmed_feat_L2.txt 0.00121792 0.00121544 2.487e-06
558 Pubmed_feat_L2.txt 0.00106543 0.00106292 2.503e-06
559 Pubmed_feat_L2.txt 0.00114124 0.00113877 2.468e-06
560 Pubmed_feat_L2.txt 0.00109947 0.00109719 2.282e-06
561 Pubmed_feat_L2.txt 0.0012166 0.00121417 2.427e-06
562 Pubmed_feat_L2.txt 0.00118967 0.00118714 2.537e-06
563 Pubmed_feat_L2.txt 0.0011994 0.00119697 2.432e-06
564 Pubmed_feat_L2.txt 0.00115592 0.00115347 2.447e-06
565 Pubmed_feat_L2.txt 0.00125809 0.00125561 2.472e-06
566 Pubmed_feat_L2.txt 0.00109061 0.00108817 2.434e-06
567 Pubmed_feat_L2.txt 0.00119694 0.00119446 2.478e-06
568 Pubmed_feat_L2.txt 0.00114302 0.00114022 2.806e-06
569 Pubmed_feat_L2.txt 0.00114723 0.00114471 2.52e-06
570 Pubmed_feat_L2.txt 0.00112075 0.00111828 2.467e-06
571 Pubmed_feat_L2.txt 0.00117083 0.00116836 2.47e-06
572 Pubmed_feat_L2.txt 0.00117091 0.0011684 2.507e-06
573 Pubmed_feat_L2.txt 0.00107956 0.00107713 2.429e-06
574 Pubmed_feat_L2.txt 0.0011507 0.00114785 2.856e-06
575 Pubmed_feat_L2.txt 0.00125808 0.0012553 2.784e-06
576 Pubmed_feat_L2.txt 0.000969565 0.000966505 3.06e-06
577 Pubmed_feat_L2.txt 0.000993948 0.000991445 2.503e-06
578 Pubmed_feat_L2.txt 0.0010934 0.0010907 2.694e-06
579 Pubmed_feat_L2.txt 0.00112955 0.00112708 2.47e-06
580 Pubmed_feat_L2.txt 0.000969388 0.000966897 2.491e-06
581 Pubmed_feat_L2.txt 0.00113405 0.0011316 2.456e-06
582 Pubmed_feat_L2.txt 0.00110384 0.00110133 2.51e-06
583 Pubmed_feat_L2.txt 0.00114018 0.00113775 2.429e-06
584 Pubmed_feat_L2.txt 0.00102014 0.00101771 2.429e-06
585 Pubmed_feat_L2.txt 0.00110433 0.00110152 2.81e-06
586 Pubmed_feat_L2.txt 0.000976906 0.000974368 2.538e-06
587 Pubmed_feat_L2.txt 0.00115598 0.00115342 2.556e-06
588 Pubmed_feat_L2.txt 0.00112456 0.00112215 2.406e-06
589 Pubmed_feat_L2.txt 0.00114284 0.00114031 2.533e-06
590 Pubmed_feat_L2.txt 0.0011325 0.00112998 2.515e-06
591 Pubmed_feat_L2.txt 0.0011807 0.00117793 2.769e-06
592 Pubmed_feat_L2.txt 0.00107527 0.00107281 2.456e-06
593 Pubmed_feat_L2.txt 0.0010459 0.00104313 2.768e-06
594 Pubmed_feat_L2.txt 0.00117921 0.00117626 2.947e-06
595 Pubmed_feat_L2.txt 0.00105184 0.00104934 2.497e-06
596 Pubmed_feat_L2.txt 0.00115971 0.00115723 2.484e-06
597 Pubmed_feat_L2.txt 0.00115715 0.00115464 2.511e-06
598 Pubmed_feat_L2.txt 0.00117313 0.00117066 2.469e-06
599 Pubmed_feat_L2.txt 0.00117288 0.0011704 2.475e-06
600 Pubmed_feat_L2.txt 0.00113805 0.00113545 2.604e-06
601 Pubmed_feat_L2.txt 0.00114958 0.00114707 2.513e-06
602 Pubmed_feat_L2.txt 0.00120106 0.00119857 2.485e-06
603 Pubmed_feat_L2.txt 0.00113266 0.00113021 2.446e-06
604 Pubmed_feat_L2.txt 0.00115179 0.00114936 2.432e-06
605 Pubmed_feat_L2.txt 0.00111053 0.00110797 2.559e-06
606 Pubmed_feat_L2.txt 0.00114783 0.00114544 2.386e-06
607 Pubmed_feat_L2.txt 0.00117932 0.00117669 2.628e-06
608 Pubmed_feat_L2.txt 0.00108935 0.00108683 2.526e-06
609 Pubmed_feat_L2.txt 0.00097957 0.000976961 2.609e-06
610 Pubmed_feat_L2.txt 0.00105752 0.00105505 2.472e-06
611 Pubmed_feat_L2.txt 0.00118432 0.00118149 2.835e-06
612 Pubmed_feat_L2.txt 0.00115107 0.00114863 2.431e-06
613 Pubmed_feat_L2.txt 0.00103553 0.00103291 2.622e-06
614 Pubmed_feat_L2.txt 0.00118021 0.0011777 2.513e-06
615 Pubmed_feat_L2.txt 0.00111769 0.00111512 2.573e-06
616 Pubmed_feat_L2.txt 0.00117293 0.00117022 2.707e-06
617 Pubmed_feat_L2.txt 0.00119457 0.00119194 2.624e-06
618 Pubmed_feat_L2.txt 0.00114774 0.00114499 2.742e-06
619 Pubmed_feat_L2.txt 0.00110796 0.00110521 2.745e-06
620 Pubmed_feat_L2.txt 0.00125343 0.00125097 2.453e-06
621 Pubmed_feat_L2.txt 0.00110793 0.00110549 2.436e-06
622 Pubmed_feat_L2.txt 0.00113038 0.0011278 2.579e-06
623 Pubmed_feat_L2.txt 0.0010894 0.00108693 2.464e-06
624 Pubmed_feat_L2.txt 0.000945704 0.000942824 2.88e-06
625 Pubmed_feat_L2.txt 0.000997913 0.00099508 2.833e-06
626 Pubmed_feat_L2.txt 0.00102868 0.00102589 2.783e-06
627 Pubmed_feat_L2.txt 0.000984524 0.00098198 2.544e-06
628 Pubmed_feat_L2.txt 0.00104127 0.00103885 2.426e-06
629 Pubmed_feat_L2.txt 0.00106175 0.0010593 2.455e-06
630 Pubmed_feat_L2.txt 0.0011 0.00109755 2.446e-06
631 Pubmed_feat_L2.txt 0.00115028 0.00114779 2.487e-06
632 Pubmed_feat_L2.txt 0.00109322 0.00109068 2.542e-06
633 Pubmed_feat_L2.txt 0.0010767 0.0010742 2.501e-06
634 Pubmed_feat_L2.txt 0.00109872 0.00109626 2.461e-06
635 Pubmed_feat_L2.txt 0.00113714 0.00113475 2.398e-06
636 Pubmed_feat_L2.txt 0.00118434 0.00118185 2.493e-06
637 Pubmed_feat_L2.txt 0.00108776 0.001085 2.759e-06
638 Pubmed_feat_L2.txt 0.00110297 0.00110046 2.502e-06
639 Pubmed_feat_L2.txt 0.00104223 0.00103972 2.513e-06
640 Pubmed_feat_L2.txt 0.000990075 0.000987619 2.456e-06
641 Pubmed_feat_L2.txt 0.00115892 0.00115649 2.429e-06
642 Pubmed_feat_L2.txt 0.0012022 0.0011998 2.399e-06
643 Pubmed_feat_L2.txt 0.00108899 0.00108656 2.435e-06
644 Pubmed_feat_L2.txt 0.00104296 0.00104058 2.386e-06
645 Pubmed_feat_L2.txt 0.0010611 0.0010586 2.503e-06
646 Pubmed_feat_L2.txt 0.00111575 0.00111331 2.446e-06
647 Pubmed_feat_L2.txt 0.00108644 0.00108397 2.467e-06
648 Pubmed_feat_L2.txt 0.00114918 0.00114655 2.626e-06
649 Pubmed_feat_L2.txt 0.00107199 0.00106954 2.45e-06
650 Pubmed_feat_L2.txt 0.00115336 0.0011508 2.568e-06
651 Pubmed_feat_L2.txt 0.00108508 0.00108241 2.672e-06
652 Pubmed_feat_L2.txt 0.00110589 0.00110339 2.495e-06
653 Pubmed_feat_L2.txt 0.00111086 0.00110834 2.524e-06
654 Pubmed_feat_L2.txt 0.00121089 0.00120817 2.721e-06
655 Pubmed_feat_L2.txt 0.00106557 0.00106285 2.719e-06
656 Pubmed_feat_L2.txt 0.00121566 0.00121321 2.449e-06
657 Pubmed_feat_L2.txt 0.00112957 0.00112709 2.484e-06
658 Pubmed_feat_L2.txt 0.00113993 0.00113764 2.287e-06
659 Pubmed_feat_L2.txt 0.0011073 0.00110478 2.524e-06
660 Pubmed_feat_L2.txt 0.00107847 0.00107602 2.453e-06
661 Pubmed_feat_L2.txt 0.00113986 0.00113711 2.743e-06
662 Pubmed_feat_L2.txt 0.00113617 0.00113373 2.446e-06
663 Pubmed_feat_L2.txt 0.00110639 0.00110406 2.334e-06
664 Pubmed_feat_L2.txt 0.0011343 0.00113185 2.455e-06
665 Pubmed_feat_L2.txt 0.00104772 0.00104526 2.456e-06
666 Pubmed_feat_L2.txt 0.00105529 0.00105282 2.47e-06
667 Pubmed_feat_L2.txt 0.0011346 0.00113206 2.535e-06
668 Pubmed_feat_L2.txt 0.00118139 0.00117883 2.566e-06
669 Pubmed_feat_L2.txt 0.00115853 0.00115608 2.459e-06
670 Pubmed_feat_L2.txt 0.00114371 0.00114102 2.692e-06
671 Pubmed_feat_L2.txt 0.00121847 0.00121603 2.445e-06
672 Pubmed_feat_L2.txt 0.000925576 0.000922385 3.191e-06
673 Pubmed_feat_L2.txt 0.000989726 0.000987033 2.693e-06
674 Pubmed_feat_L2.txt 0.00105371 0.00105123 2.48e-06
675 Pubmed_feat_L2.txt 0.00115916 0.00115639 2.77e-06
676 Pubmed_feat_L2.txt 0.0010756 0.00107318 2.425e-06
677 Pubmed_feat_L2.txt 0.00113614 0.0011337 2.444e-06
678 Pubmed_feat_L2.txt 0.00113693 0.00113437 2.56e-06
679 Pubmed_feat_L2.txt 0.00113271 0.00113023 2.481e-06
680 Pubmed_feat_L2.txt 0.00110842 0.0011058 2.626e-06
681 Pubmed_feat_L2.txt 0.00113456 0.00113203 2.528e-06
682 Pubmed_feat_L2.txt 0.00111032 0.0011078 2.517e-06
683 Pubmed_feat_L2.txt 0.00120972 0.00120726 2.461e-06
684 Pubmed_feat_L2.txt 0.00110202 0.00109953 2.498e-06
685 Pubmed_feat_L2.txt 0.00114759 0.00114508 2.512e-06
686 Pubmed_feat_L2.txt 0.0010871 0.00108459 2.506e-06
687 Pubmed_feat_L2.txt 0.0010647 0.00106218 2.515e-06
688 Pubmed_feat_L2.txt 0.000988249 0.000985659 2.59e-06
689 Pubmed_feat_L2.txt 0.00118761 0.00118494 2.666e-06
690 Pubmed_feat_L2.txt 0.00115535 0.00115281 2.537e-06
691 Pubmed_feat_L2.txt 0.0011784 0.00117599 2.41e-06
692 Pubmed_feat_L2.txt 0.0011008 0.00109832 2.476e-06
693 Pubmed_feat_L2.txt 0.00115199 0.00114958 2.408e-06
694 Pubmed_feat_L2.txt 0.00115663 0.00115419 2.448e-06
695 Pubmed_feat_L2.txt 0.00107107 0.00106868 2.395e-06
696 Pubmed_feat_L2.txt 0.00106167 0.00105908 2.599e-06
697 Pubmed_feat_L2.txt 0.00122547 0.00122309 2.379e-06
698 Pubmed_feat_L2.txt 0.00118615 0.00118355 2.606e-06
699 Pubmed_feat_L2.txt 0.00121471 0.00121224 2.465e-06
700 Pubmed_feat_L2.txt 0.00105061 0.00104817 2.445e-06
701 Pubmed_feat_L2.txt 0.00113553 0.00113324 2.292e-06
702 Pubmed_feat_L2.txt 0.00121995 0.00121748 2.476e-06
703 Pubmed_feat_L2.txt 0.00107901 0.00107645 2.566e-06
704 Pubmed_feat_L2.txt 0.00120299 0.00120047 2.523e-06
705 Pubmed_feat_L2.txt 0.00112228 0.00111973 2.547e-06
706 Pubmed_feat_L2.txt 0.00102928 0.00102677 2.509e-06
707 Pubmed_feat_L2.txt 0.00115695 0.00115447 2.473e-06
708 Pubmed_feat_L2.txt 0.00120346 0.00120102 2.438e-06
709 Pubmed_feat_L2.txt 0.0011012 0.00109869 2.506e-06
710 Pubmed_feat_L2.txt 0.00111277 0.00110996 2.812e-06
711 Pubmed_feat_L2.txt 0.00116076 0.00115799 2.77e-06
712 Pubmed_feat_L2.txt 0.0010502 0.00104768 2.521e-06
713 Pubmed_feat_L2.txt 0.00117727 0.00117478 2.483e-06
714 Pubmed_feat_L2.txt 0.00120777 0.00120489 2.88e-06
715 Pubmed_feat_L2.txt 0.0011426 0.00114011 2.495e-06
716 Pubmed_feat_L2.txt 0.00114714 0.00114462 2.525e-06
717 Pubmed_feat_L2.txt 0.00111502 0.00111255 2.474e-06
718 Pubmed_feat_L2.txt 0.00112273 0.00112012 2.612e-06
719 Pubmed_feat_L2.txt 0.00115233 0.00114984 2.493e-06
720 Pubmed_feat_L2.txt 0.00100434 0.0010018 2.535e-06
721 Pubmed_feat_L2.txt 0.00101281 0.00101031 2.493e-06
722 Pubmed_feat_L2.txt 0.0010029 0.00100041 2.498e-06
723 Pubmed_feat_L2.txt 0.00109614 0.00109364 2.5e-06
724 Pubmed_feat_L2.txt 0.0011485 0.00114599 2.51e-06
725 Pubmed_feat_L2.txt 0.00106898 0.00106649 2.484e-06
726 Pubmed_feat_L2.txt 0.00117314 0.00117059 2.551e-06
727 Pubmed_feat_L2.txt 0.0010908 0.00108827 2.531e-06
728 Pubmed_feat_L2.txt 0.00111779 0.00111536 2.431e-06
729 Pubmed_feat_L2.txt 0.00101456 0.00101207 2.491e-06
730 Pubmed_feat_L2.txt 0.000982111 0.000979643 2.468e-06
731 Pubmed_feat_L2.txt 0.00107542 0.00107262 2.793e-06
732 Pubmed_feat_L2.txt 0.00104451 0.00104194 2.574e-06
733 Pubmed_feat_L2.txt 0.00115884 0.00115606 2.777e-06
734 Pubmed_feat_L2.txt 0.00105036 0.00104789 2.479e-06
735 Pubmed_feat_L2.txt 0.00115003 0.00114754 2.491e-06
736 Pubmed_feat_L2.txt 0.001073 0.00107053 2.474e-06
737 Pubmed_feat_L2.txt 0.00116571 0.00116319 2.528e-06
738 Pubmed_feat_L2.txt 0.00118251 0.00118019 2.318e-06
739 Pubmed_feat_L2.txt 0.00105931 0.00105685 2.468e-06
740 Pubmed_feat_L2.txt 0.00113711 0.00113449 2.624e-06
741 Pubmed_feat_L2.txt 0.001125 0.00112252 2.483e-06
742 Pubmed_feat_L2.txt 0.00108573 0.00108313 2.597e-06
743 Pubmed_feat_L2.txt 0.00120567 0.00120283 2.837e-06
744 Pubmed_feat_L2.txt 0.00109743 0.00109483 2.601e-06
745 Pubmed_feat_L2.txt 0.00108971 0.00108695 2.763e-06
746 Pubmed_feat_L2.txt 0.00109393 0.00109157 2.367e-06
747 Pubmed_feat_L2.txt 0.00105955 0.00105705 2.496e-06
748 Pubmed_feat_L2.txt 0.00105097 0.00104872 2.254e-06
749 Pubmed_feat_L2.txt 0.00102623 0.00102392 2.314e-06
750 Pubmed_feat_L2.txt 0.00109711 0.00109463 2.479e-06
751 Pubmed_feat_L2.txt 0.00107844 0.00107604 2.398e-06
752 Pubmed_feat_L2.txt 0.00104267 0.0010405 2.172e-06
753 Pubmed_feat_L2.txt 0.00109406 0.00109182 2.241e-06
754 Pubmed_feat_L2.txt 0.00110421 0.00110169 2.526e-06
755 Pubmed_feat_L2.txt 0.0012679 0.0012654 2.499e-06
756 Pubmed_feat_L2.txt 0.00106766 0.00106521 2.447e-06
757 Pubmed_feat_L2.txt 0.00121733 0.00121484 2.49e-06
758 Pubmed_feat_L2.txt 0.00109973 0.00109722 2.515e-06
759 Pubmed_feat_L2.txt 0.00116196 0.00115942 2.537e-06
760 Pubmed_feat_L2.txt 0.00118378 0.00118128 2.494e-06
761 Pubmed_feat_L2.txt 0.0012233 0.00122086 2.439e-06
762 Pubmed_feat_L2.txt 0.00101009 0.00100765 2.437e-06
763 Pubmed_feat_L2.txt 0.00109455 0.00109179 2.756e-06
764 Pubmed_feat_L2.txt 0.00114362 0.00114111 2.515e-06
765 Pubmed_feat_L2.txt 0.00103409 0.00103156 2.538e-06
766 Pubmed_feat_L2.txt 0.00123614 0.00123365 2.49e-06
767 Pubmed_feat_L2.txt 0.00114862 0.00110673 4.1889e-05
0 Pubmed_A.txt 0.000912297 0.000910871 1.426e-06
1 Pubmed_A.txt 0.000908551 0.000907554 9.97e-07
2 Pubmed_A.txt 0.000916027 0.000914834 1.193e-06
3 Pubmed_A.txt 0.000910068 0.000909112 9.56e-07
4 Pubmed_A.txt 0.00091626 0.000914965 1.295e-06
5 Pubmed_A.txt 0.000911659 0.000910747 9.12e-07
6 Pubmed_A.txt 0.00091632 0.000915217 1.103e-06
7 Pubmed_A.txt 0.00091316 0.000911997 1.163e-06
8 Pubmed_A.txt 0.000919666 0.000918761 9.05e-07
9 Pubmed_A.txt 0.000916585 0.000915482 1.103e-06
10 Pubmed_A.txt 0.000929154 0.000928 1.154e-06
11 Pubmed_A.txt 0.000922409 0.000921456 9.53e-07
12 Pubmed_A.txt 0.000929336 0.000928235 1.101e-06
13 Pubmed_A.txt 0.000925254 0.000924172 1.082e-06
14 Pubmed_A.txt 0.000919681 0.000918424 1.257e-06
15 Pubmed_A.txt 0.000915735 0.000914685 1.05e-06
16 Pubmed_A.txt 0.000998633 0.000997838 7.95e-07
17 Pubmed_A.txt 0.00099512 0.000994192 9.28e-07
18 Pubmed_A.txt 0.00100732 0.00100633 9.84e-07
19 Pubmed_A.txt 0.00100017 0.000998867 1.306e-06
20 Pubmed_A.txt 0.000999615 0.000998545 1.07e-06
21 Pubmed_A.txt 0.000992597 0.000991583 1.014e-06
22 Pubmed_A.txt 0.00100328 0.00100208 1.194e-06
23 Pubmed_A.txt 0.000995064 0.000993865 1.199e-06
24 Pubmed_A.txt 0.000936613 0.000935724 8.89e-07
25 Pubmed_A.txt 0.000932948 0.000932043 9.05e-07
26 Pubmed_A.txt 0.000946781 0.000945943 8.38e-07
27 Pubmed_A.txt 0.00094084 0.000939684 1.156e-06
28 Pubmed_A.txt 0.000939745 0.00093847 1.275e-06
29 Pubmed_A.txt 0.00093453 0.000933501 1.029e-06
30 Pubmed_A.txt 0.000947455 0.000946028 1.427e-06
31 Pubmed_A.txt 0.000939003 0.000937913 1.09e-06
32 Pubmed_A.txt 0.000814247 0.000813193 1.054e-06
33 Pubmed_A.txt 0.000808753 0.000807758 9.95e-07
34 Pubmed_A.txt 0.000825167 0.000823596 1.571e-06
35 Pubmed_A.txt 0.000821467 0.000819827 1.64e-06
36 Pubmed_A.txt 0.000822714 0.000821199 1.515e-06
37 Pubmed_A.txt 0.000818118 0.000816908 1.21e-06
38 Pubmed_A.txt 0.000824757 0.000822749 2.008e-06
39 Pubmed_A.txt 0.00081995 0.000818525 1.425e-06
40 Pubmed_A.txt 0.000817177 0.000816251 9.26e-07
41 Pubmed_A.txt 0.000814178 0.000812612 1.566e-06
42 Pubmed_A.txt 0.000822491 0.000821346 1.145e-06
43 Pubmed_A.txt 0.0008167 0.000815163 1.537e-06
44 Pubmed_A.txt 0.000823167 0.000821869 1.298e-06
45 Pubmed_A.txt 0.000818283 0.000817407 8.76e-07
46 Pubmed_A.txt 0.000826609 0.0008255 1.109e-06
47 Pubmed_A.txt 0.000820453 0.00081935 1.103e-06
48 Pubmed_A.txt 0.000934228 0.000933198 1.03e-06
49 Pubmed_A.txt 0.000929897 0.000928341 1.556e-06
50 Pubmed_A.txt 0.000936222 0.000934603 1.619e-06
51 Pubmed_A.txt 0.000930049 0.000928359 1.69e-06
52 Pubmed_A.txt 0.00093299 0.000931803 1.187e-06
53 Pubmed_A.txt 0.0009275 0.000926174 1.326e-06
54 Pubmed_A.txt 0.000932105 0.000930706 1.399e-06
55 Pubmed_A.txt 0.000925891 0.000924592 1.299e-06
56 Pubmed_A.txt 0.000926287 0.000925121 1.166e-06
57 Pubmed_A.txt 0.000923 0.00092151 1.49e-06
58 Pubmed_A.txt 0.000939691 0.00093809 1.601e-06
59 Pubmed_A.txt 0.000932483 0.000931291 1.192e-06
60 Pubmed_A.txt 0.000928004 0.000926619 1.385e-06
61 Pubmed_A.txt 0.000924452 0.00092327 1.182e-06
62 Pubmed_A.txt 0.000931724 0.000930619 1.105e-06
63 Pubmed_A.txt 0.000926289 0.000925153 1.136e-06
64 Pubmed_A.txt 0.000996517 0.000995052 1.465e-06
65 Pubmed_A.txt 0.000992318 0.000991049 1.269e-06
66 Pubmed_A.txt 0.00100698 0.00100513 1.855e-06
67 Pubmed_A.txt 0.000999821 0.000998587 1.234e-06
68 Pubmed_A.txt 0.00098705 0.000985153 1.897e-06
69 Pubmed_A.txt 0.000981454 0.000980102 1.352e-06
70 Pubmed_A.txt 0.000993841 0.000992483 1.358e-06
71 Pubmed_A.txt 0.000986664 0.000985259 1.405e-06
72 Pubmed_A.txt 0.000946213 0.000944643 1.57e-06
73 Pubmed_A.txt 0.000941438 0.000939787 1.651e-06
74 Pubmed_A.txt 0.000940923 0.000939734 1.189e-06
75 Pubmed_A.txt 0.000938283 0.000936496 1.787e-06
76 Pubmed_A.txt 0.000946742 0.000945595 1.147e-06
77 Pubmed_A.txt 0.000942504 0.000941205 1.299e-06
78 Pubmed_A.txt 0.000946112 0.000944656 1.456e-06
79 Pubmed_A.txt 0.000939617 0.000938546 1.071e-06
80 Pubmed_A.txt 0.000818463 0.000817362 1.101e-06
81 Pubmed_A.txt 0.000814439 0.000813251 1.188e-06
82 Pubmed_A.txt 0.000823291 0.000822022 1.269e-06
83 Pubmed_A.txt 0.000818554 0.000817504 1.05e-06
84 Pubmed_A.txt 0.000817591 0.000816712 8.79e-07
85 Pubmed_A.txt 0.000813563 0.000812405 1.158e-06
86 Pubmed_A.txt 0.000823047 0.000821829 1.218e-06
87 Pubmed_A.txt 0.000818668 0.000817279 1.389e-06
88 Pubmed_A.txt 0.000822089 0.000820859 1.23e-06
89 Pubmed_A.txt 0.00081836 0.000816903 1.457e-06
90 Pubmed_A.txt 0.000827196 0.000825963 1.233e-06
91 Pubmed_A.txt 0.000818892 0.000817674 1.218e-06
92 Pubmed_A.txt 0.000814182 0.00081284 1.342e-06
93 Pubmed_A.txt 0.000809311 0.000808303 1.008e-06
94 Pubmed_A.txt 0.00081635 0.000815319 1.031e-06
95 Pubmed_A.txt 0.000810082 0.000808914 1.168e-06
96 Pubmed_A.txt 0.000953719 0.000952464 1.255e-06
97 Pubmed_A.txt 0.000949122 0.000947976 1.146e-06
98 Pubmed_A.txt 0.000949483 0.000948412 1.071e-06
99 Pubmed_A.txt 0.000942628 0.000941291 1.337e-06
100 Pubmed_A.txt 0.000952823 0.00095186 9.63e-07
101 Pubmed_A.txt 0.00094937 0.000948316 1.054e-06
102 Pubmed_A.txt 0.000953094 0.000952143 9.51e-07
103 Pubmed_A.txt 0.000946433 0.00094504 1.393e-06
104 Pubmed_A.txt 0.000940561 0.000939115 1.446e-06
105 Pubmed_A.txt 0.000937723 0.000936114 1.609e-06
106 Pubmed_A.txt 0.000944906 0.000943695 1.211e-06
107 Pubmed_A.txt 0.000939001 0.000937765 1.236e-06
108 Pubmed_A.txt 0.000946805 0.000945159 1.646e-06
109 Pubmed_A.txt 0.000940896 0.000939904 9.92e-07
110 Pubmed_A.txt 0.000948441 0.000947417 1.024e-06
111 Pubmed_A.txt 0.000942584 0.000941444 1.14e-06
112 Pubmed_A.txt 0.00100472 0.00100365 1.065e-06
113 Pubmed_A.txt 0.00100146 0.00100032 1.139e-06
114 Pubmed_A.txt 0.00100476 0.00100356 1.205e-06
115 Pubmed_A.txt 0.000999077 0.000997712 1.365e-06
116 Pubmed_A.txt 0.00100172 0.00100065 1.065e-06
117 Pubmed_A.txt 0.000997068 0.000995765 1.303e-06
118 Pubmed_A.txt 0.00100913 0.00100816 9.73e-07
119 Pubmed_A.txt 0.00100133 0.00100011 1.219e-06
120 Pubmed_A.txt 0.000955426 0.000954305 1.121e-06
121 Pubmed_A.txt 0.000950452 0.000949354 1.098e-06
122 Pubmed_A.txt 0.000959926 0.000959217 7.09e-07
123 Pubmed_A.txt 0.000953199 0.000952127 1.072e-06
124 Pubmed_A.txt 0.000955509 0.000954433 1.076e-06
125 Pubmed_A.txt 0.000951426 0.000950474 9.52e-07
126 Pubmed_A.txt 0.000959137 0.000957534 1.603e-06
127 Pubmed_A.txt 0.000952033 0.000950852 1.181e-06
128 Pubmed_A.txt 0.000831938 0.000830814 1.124e-06
129 Pubmed_A.txt 0.000827946 0.000826921 1.025e-06
130 Pubmed_A.txt 0.00083497 0.000834005 9.65e-07
131 Pubmed_A.txt 0.000830873 0.000829795 1.078e-06
132 Pubmed_A.txt 0.00082808 0.000827118 9.62e-07
133 Pubmed_A.txt 0.000825775 0.000824732 1.043e-06
134 Pubmed_A.txt 0.000828006 0.000827092 9.14e-07
135 Pubmed_A.txt 0.000823256 0.000822286 9.7e-07
136 Pubmed_A.txt 0.000829704 0.000828691 1.013e-06
137 Pubmed_A.txt 0.000825038 0.000823844 1.194e-06
138 Pubmed_A.txt 0.00083579 0.000834706 1.084e-06
139 Pubmed_A.txt 0.000829903 0.000828956 9.47e-07
140 Pubmed_A.txt 0.000832561 0.000831416 1.145e-06
141 Pubmed_A.txt 0.000828124 0.000826897 1.227e-06
142 Pubmed_A.txt 0.000835635 0.000834113 1.522e-06
143 Pubmed_A.txt 0.000828859 0.000827554 1.305e-06
144 Pubmed_A.txt 0.000929518 0.000928645 8.73e-07
145 Pubmed_A.txt 0.000926611 0.000925444 1.167e-06
146 Pubmed_A.txt 0.000938483 0.000937347 1.136e-06
147 Pubmed_A.txt 0.000931044 0.00093004 1.004e-06
148 Pubmed_A.txt 0.000933346 0.000931924 1.422e-06
149 Pubmed_A.txt 0.000929816 0.000928383 1.433e-06
150 Pubmed_A.txt 0.00093391 0.000932761 1.149e-06
151 Pubmed_A.txt 0.000928881 0.000927589 1.292e-06
152 Pubmed_A.txt 0.000930606 0.000929638 9.68e-07
153 Pubmed_A.txt 0.000925507 0.000924326 1.181e-06
154 Pubmed_A.txt 0.000942272 0.000940809 1.463e-06
155 Pubmed_A.txt 0.000934703 0.000933747 9.56e-07
156 Pubmed_A.txt 0.00093381 0.000932841 9.69e-07
157 Pubmed_A.txt 0.000929335 0.000928153 1.182e-06
158 Pubmed_A.txt 0.000936317 0.000935256 1.061e-06
159 Pubmed_A.txt 0.000929763 0.000928789 9.74e-07
160 Pubmed_A.txt 0.00100975 0.00100815 1.592e-06
161 Pubmed_A.txt 0.00100538 0.00100339 1.994e-06
162 Pubmed_A.txt 0.00101635 0.00101405 2.302e-06
163 Pubmed_A.txt 0.00100955 0.00100781 1.744e-06
164 Pubmed_A.txt 0.00100353 0.00100223 1.298e-06
165 Pubmed_A.txt 0.000998699 0.000997253 1.446e-06
166 Pubmed_A.txt 0.00100392 0.00100258 1.335e-06
167 Pubmed_A.txt 0.00099946 0.000998105 1.355e-06
168 Pubmed_A.txt 0.000960411 0.000958988 1.423e-06
169 Pubmed_A.txt 0.000955243 0.000953617 1.626e-06
170 Pubmed_A.txt 0.000964595 0.000962597 1.998e-06
171 Pubmed_A.txt 0.000959058 0.000957367 1.691e-06
172 Pubmed_A.txt 0.000964213 0.000963139 1.074e-06
173 Pubmed_A.txt 0.000960563 0.000959156 1.407e-06
174 Pubmed_A.txt 0.000963001 0.000961663 1.338e-06
175 Pubmed_A.txt 0.000954809 0.000953578 1.231e-06
176 Pubmed_A.txt 0.000825584 0.000824421 1.163e-06
177 Pubmed_A.txt 0.000821152 0.000819667 1.485e-06
178 Pubmed_A.txt 0.000831841 0.000830215 1.626e-06
179 Pubmed_A.txt 0.000825032 0.000823679 1.353e-06
180 Pubmed_A.txt 0.000824957 0.000823758 1.199e-06
181 Pubmed_A.txt 0.000821175 0.000819907 1.268e-06
182 Pubmed_A.txt 0.000830021 0.000828974 1.047e-06
183 Pubmed_A.txt 0.000824738 0.000823494 1.244e-06
184 Pubmed_A.txt 0.000825383 0.000824094 1.289e-06
185 Pubmed_A.txt 0.000818821 0.000817813 1.008e-06
186 Pubmed_A.txt 0.000829985 0.000829008 9.77e-07
187 Pubmed_A.txt 0.00082321 0.000822117 1.093e-06
188 Pubmed_A.txt 0.000822624 0.00082141 1.214e-06
189 Pubmed_A.txt 0.000803308 0.000801759 1.549e-06
190 Pubmed_A.txt 0.000822618 0.000821381 1.237e-06
191 Pubmed_A.txt 0.000819684 0.00081832 1.364e-06
192 Pubmed_A.txt 0.000949869 0.000948792 1.077e-06
193 Pubmed_A.txt 0.000945917 0.000944506 1.411e-06
194 Pubmed_A.txt 0.000955668 0.000954407 1.261e-06
195 Pubmed_A.txt 0.000949543 0.000948371 1.172e-06
196 Pubmed_A.txt 0.000948508 0.000946692 1.816e-06
197 Pubmed_A.txt 0.000944401 0.000943331 1.07e-06
198 Pubmed_A.txt 0.000951081 0.000949433 1.648e-06
199 Pubmed_A.txt 0.000948001 0.000946306 1.695e-06
200 Pubmed_A.txt 0.000945587 0.00094425 1.337e-06
201 Pubmed_A.txt 0.000943009 0.000941538 1.471e-06
202 Pubmed_A.txt 0.000957814 0.000956465 1.349e-06
203 Pubmed_A.txt 0.000950532 0.000949201 1.331e-06
204 Pubmed_A.txt 0.000961934 0.000960819 1.115e-06
205 Pubmed_A.txt 0.000956825 0.000955616 1.209e-06
206 Pubmed_A.txt 0.000960927 0.000959124 1.803e-06
207 Pubmed_A.txt 0.000952444 0.000950753 1.691e-06
208 Pubmed_A.txt 0.00101169 0.00101059 1.095e-06
209 Pubmed_A.txt 0.00100417 0.00100292 1.253e-06
210 Pubmed_A.txt 0.00101657 0.00101518 1.39e-06
211 Pubmed_A.txt 0.00101041 0.0010094 1.007e-06
212 Pubmed_A.txt 0.00100254 0.00100142 1.118e-06
213 Pubmed_A.txt 0.000998224 0.000996872 1.352e-06
214 Pubmed_A.txt 0.00101353 0.00101187 1.664e-06
215 Pubmed_A.txt 0.00100669 0.00100524 1.448e-06
216 Pubmed_A.txt 0.000961628 0.000960382 1.246e-06
217 Pubmed_A.txt 0.000956067 0.000954648 1.419e-06
218 Pubmed_A.txt 0.000961755 0.000960667 1.088e-06
219 Pubmed_A.txt 0.000954887 0.000953736 1.151e-06
220 Pubmed_A.txt 0.00096789 0.000966774 1.116e-06
221 Pubmed_A.txt 0.000964685 0.000963121 1.564e-06
222 Pubmed_A.txt 0.000969069 0.000967666 1.403e-06
223 Pubmed_A.txt 0.000962568 0.000961142 1.426e-06
224 Pubmed_A.txt 0.000828107 0.000826985 1.122e-06
225 Pubmed_A.txt 0.000823919 0.000822675 1.244e-06
226 Pubmed_A.txt 0.000837025 0.000835377 1.648e-06
227 Pubmed_A.txt 0.000830751 0.000829259 1.492e-06
228 Pubmed_A.txt 0.000841408 0.000839859 1.549e-06
229 Pubmed_A.txt 0.000837321 0.000835856 1.465e-06
230 Pubmed_A.txt 0.000841093 0.000839674 1.419e-06
231 Pubmed_A.txt 0.000836939 0.000835492 1.447e-06
232 Pubmed_A.txt 0.000835149 0.000834041 1.108e-06
233 Pubmed_A.txt 0.000830056 0.000828809 1.247e-06
234 Pubmed_A.txt 0.00084101 0.000839806 1.204e-06
235 Pubmed_A.txt 0.00083549 0.000834257 1.233e-06
236 Pubmed_A.txt 0.000839107 0.000837818 1.289e-06
237 Pubmed_A.txt 0.00083551 0.000834195 1.315e-06
238 Pubmed_A.txt 0.000842591 0.000840708 1.883e-06
239 Pubmed_A.txt 0.0008364 0.000835056 1.344e-06
240 Pubmed_A.txt 0.000937667 0.000936641 1.026e-06
241 Pubmed_A.txt 0.000934565 0.000933357 1.208e-06
242 Pubmed_A.txt 0.00094501 0.000943709 1.301e-06
243 Pubmed_A.txt 0.00093757 0.000936317 1.253e-06
244 Pubmed_A.txt 0.000942655 0.000941464 1.191e-06
245 Pubmed_A.txt 0.000938092 0.000936973 1.119e-06
246 Pubmed_A.txt 0.000941099 0.000939541 1.558e-06
247 Pubmed_A.txt 0.000933878 0.000932716 1.162e-06
248 Pubmed_A.txt 0.000936785 0.00093572 1.065e-06
249 Pubmed_A.txt 0.000933211 0.000931807 1.404e-06
250 Pubmed_A.txt 0.000939005 0.000937126 1.879e-06
251 Pubmed_A.txt 0.000936434 0.000935112 1.322e-06
252 Pubmed_A.txt 0.00093718 0.000936015 1.165e-06
253 Pubmed_A.txt 0.000933498 0.000932269 1.229e-06
254 Pubmed_A.txt 0.000942225 0.000940903 1.322e-06
255 Pubmed_A.txt 0.000934728 0.000933118 1.61e-06
256 Pubmed_A.txt 0.00101431 0.00101284 1.466e-06
257 Pubmed_A.txt 0.00101035 0.00100886 1.491e-06
258 Pubmed_A.txt 0.00102874 0.00102473 4.01e-06
259 Pubmed_A.txt 0.00102094 0.00101894 2.001e-06
260 Pubmed_A.txt 0.00101617 0.00101465 1.521e-06
261 Pubmed_A.txt 0.00101138 0.00100989 1.486e-06
262 Pubmed_A.txt 0.0010173 0.00101584 1.458e-06
263 Pubmed_A.txt 0.00101128 0.00100993 1.352e-06
264 Pubmed_A.txt 0.000956101 0.000954542 1.559e-06
265 Pubmed_A.txt 0.000951086 0.000949558 1.528e-06
266 Pubmed_A.txt 0.000958835 0.000956711 2.124e-06
267 Pubmed_A.txt 0.00095253 0.000951062 1.468e-06
268 Pubmed_A.txt 0.00095292 0.00095159 1.33e-06
269 Pubmed_A.txt 0.000948594 0.000947245 1.349e-06
270 Pubmed_A.txt 0.000960741 0.000959681 1.06e-06
271 Pubmed_A.txt 0.000952443 0.000951622 8.21e-07
272 Pubmed_A.txt 0.000831537 0.000830056 1.481e-06
273 Pubmed_A.txt 0.000828934 0.000827036 1.898e-06
274 Pubmed_A.txt 0.000840846 0.000838795 2.051e-06
275 Pubmed_A.txt 0.000835401 0.000833982 1.419e-06
276 Pubmed_A.txt 0.000836683 0.000835295 1.388e-06
277 Pubmed_A.txt 0.000832274 0.000830922 1.352e-06
278 Pubmed_A.txt 0.000836703 0.000835433 1.27e-06
279 Pubmed_A.txt 0.000832684 0.000831402 1.282e-06
280 Pubmed_A.txt 0.000848231 0.000847138 1.093e-06
281 Pubmed_A.txt 0.000843837 0.000842346 1.491e-06
282 Pubmed_A.txt 0.000850927 0.00084872 2.207e-06
283 Pubmed_A.txt 0.000842044 0.000840853 1.191e-06
284 Pubmed_A.txt 0.000838281 0.000836728 1.553e-06
285 Pubmed_A.txt 0.000833437 0.000832324 1.113e-06
286 Pubmed_A.txt 0.000844169 0.000842397 1.772e-06
287 Pubmed_A.txt 0.000837662 0.000836464 1.198e-06
288 Pubmed_A.txt 0.000951764 0.000950288 1.476e-06
289 Pubmed_A.txt 0.000946943 0.00094572 1.223e-06
290 Pubmed_A.txt 0.000950169 0.000949167 1.002e-06
291 Pubmed_A.txt 0.000943402 0.000942335 1.067e-06
292 Pubmed_A.txt 0.000943682 0.000942668 1.014e-06
293 Pubmed_A.txt 0.000940505 0.000939124 1.381e-06
294 Pubmed_A.txt 0.000950836 0.000949851 9.85e-07
295 Pubmed_A.txt 0.000944828 0.000943432 1.396e-06
296 Pubmed_A.txt 0.000937828 0.000936674 1.154e-06
297 Pubmed_A.txt 0.00093546 0.000933872 1.588e-06
298 Pubmed_A.txt 0.000955135 0.000953476 1.659e-06
299 Pubmed_A.txt 0.000949475 0.000948013 1.462e-06
300 Pubmed_A.txt 0.000943245 0.000941815 1.43e-06
301 Pubmed_A.txt 0.00093982 0.00093819 1.63e-06
302 Pubmed_A.txt 0.00095216 0.000950534 1.626e-06
303 Pubmed_A.txt 0.000947492 0.000946284 1.208e-06
304 Pubmed_A.txt 0.00101262 0.00101123 1.392e-06
305 Pubmed_A.txt 0.00100887 0.00100714 1.731e-06
306 Pubmed_A.txt 0.00102214 0.00102044 1.696e-06
307 Pubmed_A.txt 0.00101574 0.00101436 1.378e-06
308 Pubmed_A.txt 0.00101609 0.00101469 1.408e-06
309 Pubmed_A.txt 0.00101182 0.00101049 1.327e-06
310 Pubmed_A.txt 0.0010147 0.00101344 1.252e-06
311 Pubmed_A.txt 0.00101004 0.00100859 1.448e-06
312 Pubmed_A.txt 0.000960464 0.000958787 1.677e-06
313 Pubmed_A.txt 0.000956204 0.000954944 1.26e-06
314 Pubmed_A.txt 0.000968397 0.000967272 1.125e-06
315 Pubmed_A.txt 0.00096101 0.000959936 1.074e-06
316 Pubmed_A.txt 0.000963851 0.000962284 1.567e-06
317 Pubmed_A.txt 0.00096027 0.00095873 1.54e-06
318 Pubmed_A.txt 0.000969692 0.000968033 1.659e-06
319 Pubmed_A.txt 0.00096168 0.000960414 1.266e-06
320 Pubmed_A.txt 0.000840151 0.000838552 1.599e-06
321 Pubmed_A.txt 0.000837798 0.000834749 3.049e-06
322 Pubmed_A.txt 0.000841214 0.000839777 1.437e-06
323 Pubmed_A.txt 0.000835714 0.000834429 1.285e-06
324 Pubmed_A.txt 0.000831848 0.000830503 1.345e-06
325 Pubmed_A.txt 0.000828557 0.000827252 1.305e-06
326 Pubmed_A.txt 0.000838055 0.000836308 1.747e-06
327 Pubmed_A.txt 0.000832925 0.000831373 1.552e-06
328 Pubmed_A.txt 0.00082672 0.000825547 1.173e-06
329 Pubmed_A.txt 0.000823181 0.000821803 1.378e-06
330 Pubmed_A.txt 0.000834647 0.000832858 1.789e-06
331 Pubmed_A.txt 0.000828807 0.000827325 1.482e-06
332 Pubmed_A.txt 0.000836687 0.000835633 1.054e-06
333 Pubmed_A.txt 0.000833759 0.000831945 1.814e-06
334 Pubmed_A.txt 0.000842297 0.000840281 2.016e-06
335 Pubmed_A.txt 0.0008373 0.000835329 1.971e-06
336 Pubmed_A.txt 0.000963024 0.000960493 2.531e-06
337 Pubmed_A.txt 0.00095951 0.000957118 2.392e-06
338 Pubmed_A.txt 0.000958581 0.000956407 2.174e-06
339 Pubmed_A.txt 0.000955642 0.00095342 2.222e-06
340 Pubmed_A.txt 0.000963784 0.00096203 1.754e-06
341 Pubmed_A.txt 0.000959466 0.000957377 2.089e-06
342 Pubmed_A.txt 0.000961451 0.000959108 2.343e-06
343 Pubmed_A.txt 0.000954996 0.000954125 8.71e-07
344 Pubmed_A.txt 0.000951475 0.00095004 1.435e-06
345 Pubmed_A.txt 0.000947961 0.000946669 1.292e-06
346 Pubmed_A.txt 0.000952968 0.000951236 1.732e-06
347 Pubmed_A.txt 0.000946205 0.00094487 1.335e-06
348 Pubmed_A.txt 0.000955936 0.000954429 1.507e-06
349 Pubmed_A.txt 0.000951081 0.000949949 1.132e-06
350 Pubmed_A.txt 0.000953633 0.00095217 1.463e-06
351 Pubmed_A.txt 0.000947386 0.00094523 2.156e-06
352 Pubmed_A.txt 0.00102733 0.00102513 2.199e-06
353 Pubmed_A.txt 0.00102319 0.00102093 2.256e-06
354 Pubmed_A.txt 0.00103739 0.00103496 2.421e-06
355 Pubmed_A.txt 0.00103045 0.00102828 2.166e-06
356 Pubmed_A.txt 0.00102177 0.00102048 1.286e-06
357 Pubmed_A.txt 0.00101758 0.00101559 1.989e-06
358 Pubmed_A.txt 0.00102564 0.00102377 1.873e-06
359 Pubmed_A.txt 0.00101975 0.00101763 2.12e-06
360 Pubmed_A.txt 0.000968019 0.000966757 1.262e-06
361 Pubmed_A.txt 0.000966438 0.000963336 3.102e-06
362 Pubmed_A.txt 0.000969019 0.000967587 1.432e-06
363 Pubmed_A.txt 0.000963645 0.000962252 1.393e-06
364 Pubmed_A.txt 0.000970963 0.000968767 2.196e-06
365 Pubmed_A.txt 0.000967353 0.00096481 2.543e-06
366 Pubmed_A.txt 0.000974023 0.000971706 2.317e-06
367 Pubmed_A.txt 0.000965869 0.000964108 1.761e-06
368 Pubmed_A.txt 0.000832186 0.000830952 1.234e-06
369 Pubmed_A.txt 0.000828091 0.000826544 1.547e-06
370 Pubmed_A.txt 0.000841036 0.000838401 2.635e-06
371 Pubmed_A.txt 0.000833587 0.000831421 2.166e-06
372 Pubmed_A.txt 0.000830871 0.000828672 2.199e-06
373 Pubmed_A.txt 0.000826841 0.000824951 1.89e-06
374 Pubmed_A.txt 0.000831165 0.000829437 1.728e-06
375 Pubmed_A.txt 0.000826731 0.000824756 1.975e-06
376 Pubmed_A.txt 0.000839091 0.000836935 2.156e-06
377 Pubmed_A.txt 0.000833442 0.000831779 1.663e-06
378 Pubmed_A.txt 0.000841275 0.000838769 2.506e-06
379 Pubmed_A.txt 0.00083428 0.000832433 1.847e-06
380 Pubmed_A.txt 0.000838469 0.000836156 2.313e-06
381 Pubmed_A.txt 0.000834316 0.000831724 2.592e-06
382 Pubmed_A.txt 0.000842303 0.000840007 2.296e-06
383 Pubmed_A.txt 0.000836073 0.000834202 1.871e-06
384 Pubmed_A.txt 0.000915152 0.000913405 1.747e-06
385 Pubmed_A.txt 0.000912545 0.000910752 1.793e-06
386 Pubmed_A.txt 0.000924433 0.000920553 3.88e-06
387 Pubmed_A.txt 0.000916452 0.000914184 2.268e-06
388 Pubmed_A.txt 0.00091907 0.00091696 2.11e-06
389 Pubmed_A.txt 0.000913904 0.000911566 2.338e-06
390 Pubmed_A.txt 0.000921559 0.000919798 1.761e-06
391 Pubmed_A.txt 0.000917295 0.000915849 1.446e-06
392 Pubmed_A.txt 0.000913854 0.000912171 1.683e-06
393 Pubmed_A.txt 0.000911193 0.000908366 2.827e-06
394 Pubmed_A.txt 0.000922332 0.000920627 1.705e-06
395 Pubmed_A.txt 0.000916447 0.000914933 1.514e-06
396 Pubmed_A.txt 0.000921747 0.000919736 2.011e-06
397 Pubmed_A.txt 0.000916672 0.000915169 1.503e-06
398 Pubmed_A.txt 0.000921552 0.000919608 1.944e-06
399 Pubmed_A.txt 0.000915312 0.000913469 1.843e-06
400 Pubmed_A.txt 0.000983898 0.000982156 1.742e-06
401 Pubmed_A.txt 0.000980986 0.000979483 1.503e-06
402 Pubmed_A.txt 0.000988793 0.000986372 2.421e-06
403 Pubmed_A.txt 0.000983895 0.000981926 1.969e-06
404 Pubmed_A.txt 0.000986023 0.000984314 1.709e-06
405 Pubmed_A.txt 0.000981224 0.00097968 1.544e-06
406 Pubmed_A.txt 0.000990646 0.000987857 2.789e-06
407 Pubmed_A.txt 0.000982958 0.000980347 2.611e-06
408 Pubmed_A.txt 0.00094186 0.000939909 1.951e-06
409 Pubmed_A.txt 0.000937869 0.000936089 1.78e-06
410 Pubmed_A.txt 0.000944615 0.000940842 3.773e-06
411 Pubmed_A.txt 0.000937645 0.000935833 1.812e-06
412 Pubmed_A.txt 0.000944119 0.000942814 1.305e-06
413 Pubmed_A.txt 0.000939762 0.000937398 2.364e-06
414 Pubmed_A.txt 0.000943787 0.000941131 2.656e-06
415 Pubmed_A.txt 0.000936644 0.000934945 1.699e-06
416 Pubmed_A.txt 0.000815584 0.000813482 2.102e-06
417 Pubmed_A.txt 0.000812228 0.000809937 2.291e-06
418 Pubmed_A.txt 0.000821507 0.000818617 2.89e-06
419 Pubmed_A.txt 0.000816786 0.000813752 3.034e-06
420 Pubmed_A.txt 0.000817025 0.000813851 3.174e-06
421 Pubmed_A.txt 0.000811028 0.000809067 1.961e-06
422 Pubmed_A.txt 0.000821338 0.000818971 2.367e-06
423 Pubmed_A.txt 0.000815869 0.000813847 2.022e-06
424 Pubmed_A.txt 0.000809872 0.000807777 2.095e-06
425 Pubmed_A.txt 0.000806781 0.000803848 2.933e-06
426 Pubmed_A.txt 0.000815463 0.000812012 3.451e-06
427 Pubmed_A.txt 0.000809117 0.000806362 2.755e-06
428 Pubmed_A.txt 0.000807997 0.000804534 3.463e-06
429 Pubmed_A.txt 0.000804749 0.000800611 4.138e-06
430 Pubmed_A.txt 0.000814234 0.000811184 3.05e-06
431 Pubmed_A.txt 0.000806837 0.000805081 1.756e-06
432 Pubmed_A.txt 0.000913097 0.000912196 9.01e-07
433 Pubmed_A.txt 0.000911292 0.000909418 1.874e-06
434 Pubmed_A.txt 0.000918635 0.000916354 2.281e-06
435 Pubmed_A.txt 0.000912914 0.000910921 1.993e-06
436 Pubmed_A.txt 0.00091938 0.000916808 2.572e-06
437 Pubmed_A.txt 0.000916627 0.000913538 3.089e-06
438 Pubmed_A.txt 0.000925997 0.000920927 5.07e-06
439 Pubmed_A.txt 0.000917965 0.000914443 3.522e-06
440 Pubmed_A.txt 0.000919123 0.000916741 2.382e-06
441 Pubmed_A.txt 0.000914959 0.000912592 2.367e-06
442 Pubmed_A.txt 0.00092946 0.000926539 2.921e-06
443 Pubmed_A.txt 0.000923071 0.000919952 3.119e-06
444 Pubmed_A.txt 0.000920862 0.000917897 2.965e-06
445 Pubmed_A.txt 0.000917723 0.000914605 3.118e-06
446 Pubmed_A.txt 0.000922062 0.00091887 3.192e-06
447 Pubmed_A.txt 0.000916717 0.000913446 3.271e-06
448 Pubmed_A.txt 0.000993666 0.000990947 2.719e-06
449 Pubmed_A.txt 0.000990739 0.000987762 2.977e-06
450 Pubmed_A.txt 0.000997683 0.000995743 1.94e-06
451 Pubmed_A.txt 0.000990258 0.000988032 2.226e-06
452 Pubmed_A.txt 0.00099619 0.000993289 2.901e-06
453 Pubmed_A.txt 0.000992071 0.000987887 4.184e-06
454 Pubmed_A.txt 0.000998662 0.000996198 2.464e-06
455 Pubmed_A.txt 0.000989944 0.00098857 1.374e-06
456 Pubmed_A.txt 0.00094591 0.000944386 1.524e-06
457 Pubmed_A.txt 0.000941619 0.000940272 1.347e-06
458 Pubmed_A.txt 0.000955288 0.000954192 1.096e-06
459 Pubmed_A.txt 0.000950636 0.000948728 1.908e-06
460 Pubmed_A.txt 0.000946113 0.00094485 1.263e-06
461 Pubmed_A.txt 0.00094216 0.000940917 1.243e-06
462 Pubmed_A.txt 0.000949844 0.000947905 1.939e-06
463 Pubmed_A.txt 0.000942465 0.000940816 1.649e-06
464 Pubmed_A.txt 0.000813592 0.000812318 1.274e-06
465 Pubmed_A.txt 0.000810781 0.000809122 1.659e-06
466 Pubmed_A.txt 0.00082003 0.000818289 1.741e-06
467 Pubmed_A.txt 0.00081639 0.000814726 1.664e-06
468 Pubmed_A.txt 0.000826489 0.00082503 1.459e-06
469 Pubmed_A.txt 0.000822791 0.000821301 1.49e-06
470 Pubmed_A.txt 0.000828454 0.000826826 1.628e-06
471 Pubmed_A.txt 0.000821264 0.000820218 1.046e-06
472 Pubmed_A.txt 0.000825118 0.000823804 1.314e-06
473 Pubmed_A.txt 0.000818924 0.000816186 2.738e-06
474 Pubmed_A.txt 0.000829883 0.00082686 3.023e-06
475 Pubmed_A.txt 0.000821322 0.000819627 1.695e-06
476 Pubmed_A.txt 0.000817447 0.000815456 1.991e-06
477 Pubmed_A.txt 0.000813388 0.000811071 2.317e-06
478 Pubmed_A.txt 0.000823785 0.000819141 4.644e-06
479 Pubmed_A.txt 0.000817196 0.000813362 3.834e-06
480 Pubmed_A.txt 0.000937468 0.000935212 2.256e-06
481 Pubmed_A.txt 0.000932227 0.000930746 1.481e-06
482 Pubmed_A.txt 0.000939709 0.000937366 2.343e-06
483 Pubmed_A.txt 0.000933791 0.000931332 2.459e-06
484 Pubmed_A.txt 0.000938488 0.000935862 2.626e-06
485 Pubmed_A.txt 0.000932389 0.000930752 1.637e-06
486 Pubmed_A.txt 0.000936206 0.000934737 1.469e-06
487 Pubmed_A.txt 0.000932644 0.000929622 3.022e-06
488 Pubmed_A.txt 0.000933348 0.000929916 3.432e-06
489 Pubmed_A.txt 0.000930044 0.000927467 2.577e-06
490 Pubmed_A.txt 0.000947273 0.000943863 3.41e-06
491 Pubmed_A.txt 0.000938686 0.000936757 1.929e-06
492 Pubmed_A.txt 0.000942238 0.000938962 3.276e-06
493 Pubmed_A.txt 0.000938807 0.000935709 3.098e-06
494 Pubmed_A.txt 0.000939706 0.000935641 4.065e-06
495 Pubmed_A.txt 0.000936959 0.000933494 3.465e-06
496 Pubmed_A.txt 0.00101273 0.00100933 3.4e-06
497 Pubmed_A.txt 0.0010071 0.00100493 2.169e-06
498 Pubmed_A.txt 0.00101416 0.00101156 2.596e-06
499 Pubmed_A.txt 0.00100781 0.00100526 2.556e-06
500 Pubmed_A.txt 0.00100439 0.0010019 2.489e-06
501 Pubmed_A.txt 0.000998557 0.000996761 1.796e-06
502 Pubmed_A.txt 0.00101157 0.00100964 1.931e-06
503 Pubmed_A.txt 0.00100521 0.00100383 1.38e-06
504 Pubmed_A.txt 0.000954091 0.00095133 2.761e-06
505 Pubmed_A.txt 0.000949981 0.000947646 2.335e-06
506 Pubmed_A.txt 0.000964666 0.000962629 2.037e-06
507 Pubmed_A.txt 0.000957678 0.000955937 1.741e-06
508 Pubmed_A.txt 0.000959401 0.000956988 2.413e-06
509 Pubmed_A.txt 0.000956608 0.000952862 3.746e-06
510 Pubmed_A.txt 0.000964956 0.000962159 2.797e-06
511 Pubmed_A.txt 0.000962101 0.00095807 4.031e-06
512 Pubmed_A.txt 0.000826365 0.000823724 2.641e-06
513 Pubmed_A.txt 0.000824022 0.000823127 8.95e-07
514 Pubmed_A.txt 0.000834616 0.000832949 1.667e-06
515 Pubmed_A.txt 0.00082328 0.000822276 1.004e-06
516 Pubmed_A.txt 0.000832598 0.000831189 1.409e-06
517 Pubmed_A.txt 0.000827689 0.000826516 1.173e-06
518 Pubmed_A.txt 0.0008335 0.000831677 1.823e-06
519 Pubmed_A.txt 0.00082952 0.000827545 1.975e-06
520 Pubmed_A.txt 0.000836597 0.000835382 1.215e-06
521 Pubmed_A.txt 0.000832316 0.000830068 2.248e-06
522 Pubmed_A.txt 0.000839593 0.000836079 3.514e-06
523 Pubmed_A.txt 0.000832716 0.000830338 2.378e-06
524 Pubmed_A.txt 0.000834072 0.000832559 1.513e-06
525 Pubmed_A.txt 0.000832637 0.000829122 3.515e-06
526 Pubmed_A.txt 0.000842803 0.000840044 2.759e-06
527 Pubmed_A.txt 0.000836621 0.000833068 3.553e-06
528 Pubmed_A.txt 0.000925994 0.000924727 1.267e-06
529 Pubmed_A.txt 0.000922728 0.000920269 2.459e-06
530 Pubmed_A.txt 0.00093496 0.000930397 4.563e-06
531 Pubmed_A.txt 0.000926444 0.000923455 2.989e-06
532 Pubmed_A.txt 0.000941763 0.000940675 1.088e-06
533 Pubmed_A.txt 0.000938243 0.000936453 1.79e-06
534 Pubmed_A.txt 0.000933155 0.000931615 1.54e-06
535 Pubmed_A.txt 0.000927924 0.000926198 1.726e-06
536 Pubmed_A.txt 0.000933148 0.000930255 2.893e-06
537 Pubmed_A.txt 0.00092989 0.000926777 3.113e-06
538 Pubmed_A.txt 0.000940847 0.000937311 3.536e-06
539 Pubmed_A.txt 0.00093361 0.000930419 3.191e-06
540 Pubmed_A.txt 0.000951529 0.000949593 1.936e-06
541 Pubmed_A.txt 0.000947308 0.00094436 2.948e-06
542 Pubmed_A.txt 0.000950212 0.000948471 1.741e-06
543 Pubmed_A.txt 0.000945872 0.00094303 2.842e-06
544 Pubmed_A.txt 0.000989018 0.000986203 2.815e-06
545 Pubmed_A.txt 0.000984075 0.000982 2.075e-06
546 Pubmed_A.txt 0.000994466 0.000992521 1.945e-06
547 Pubmed_A.txt 0.000986999 0.000984977 2.022e-06
548 Pubmed_A.txt 0.000988481 0.000986307 2.174e-06
549 Pubmed_A.txt 0.000984138 0.000982104 2.034e-06
550 Pubmed_A.txt 0.000993586 0.000992239 1.347e-06
551 Pubmed_A.txt 0.000986303 0.000984617 1.686e-06
552 Pubmed_A.txt 0.00094934 0.000945504 3.836e-06
553 Pubmed_A.txt 0.000945008 0.000941805 3.203e-06
554 Pubmed_A.txt 0.000960928 0.000957871 3.057e-06
555 Pubmed_A.txt 0.000952951 0.00095049 2.461e-06
556 Pubmed_A.txt 0.000952678 0.000951646 1.032e-06
557 Pubmed_A.txt 0.000948274 0.00094733 9.44e-07
558 Pubmed_A.txt 0.00095685 0.000954632 2.218e-06
559 Pubmed_A.txt 0.000948277 0.000946494 1.783e-06
560 Pubmed_A.txt 0.000821033 0.00081579 5.243e-06
561 Pubmed_A.txt 0.000812644 0.000811031 1.613e-06
562 Pubmed_A.txt 0.000822158 0.000819491 2.667e-06
563 Pubmed_A.txt 0.000815676 0.00081373 1.946e-06
564 Pubmed_A.txt 0.000817781 0.000816486 1.295e-06
565 Pubmed_A.txt 0.000813543 0.000812244 1.299e-06
566 Pubmed_A.txt 0.000820577 0.000819182 1.395e-06
567 Pubmed_A.txt 0.000816978 0.000814919 2.059e-06
568 Pubmed_A.txt 0.000817899 0.000816129 1.77e-06
569 Pubmed_A.txt 0.000811624 0.000810167 1.457e-06
570 Pubmed_A.txt 0.000818314 0.000816719 1.595e-06
571 Pubmed_A.txt 0.000812361 0.00081095 1.411e-06
572 Pubmed_A.txt 0.000811563 0.000809645 1.918e-06
573 Pubmed_A.txt 0.000807517 0.000805848 1.669e-06
574 Pubmed_A.txt 0.000820562 0.000818512 2.05e-06
575 Pubmed_A.txt 0.000813559 0.000811874 1.685e-06
576 Pubmed_A.txt 0.000944508 0.000942777 1.731e-06
577 Pubmed_A.txt 0.000940863 0.000939013 1.85e-06
578 Pubmed_A.txt 0.000944296 0.0009426 1.696e-06
579 Pubmed_A.txt 0.000936567 0.000935251 1.316e-06
580 Pubmed_A.txt 0.000942341 0.000941089 1.252e-06
581 Pubmed_A.txt 0.000938665 0.000937222 1.443e-06
582 Pubmed_A.txt 0.000940098 0.000938186 1.912e-06
583 Pubmed_A.txt 0.000931849 0.000930696 1.153e-06
584 Pubmed_A.txt 0.000934957 0.000934009 9.48e-07
585 Pubmed_A.txt 0.000929225 0.000927845 1.38e-06
586 Pubmed_A.txt 0.000940693 0.000939769 9.24e-07
587 Pubmed_A.txt 0.000935476 0.000934 1.476e-06
588 Pubmed_A.txt 0.000943694 0.000942252 1.442e-06
589 Pubmed_A.txt 0.000938957 0.000937611 1.346e-06
590 Pubmed_A.txt 0.000946619 0.000944918 1.701e-06
591 Pubmed_A.txt 0.000940463 0.000938482 1.981e-06
592 Pubmed_A.txt 0.000999168 0.000998161 1.007e-06
593 Pubmed_A.txt 0.000995962 0.00099427 1.692e-06
594 Pubmed_A.txt 0.00100807 0.001005 3.063e-06
595 Pubmed_A.txt 0.00100204 0.000999416 2.62e-06
596 Pubmed_A.txt 0.00100235 0.00100091 1.439e-06
597 Pubmed_A.txt 0.000996178 0.00099457 1.608e-06
598 Pubmed_A.txt 0.00100464 0.00100232 2.32e-06
599 Pubmed_A.txt 0.00099558 0.00099413 1.45e-06
600 Pubmed_A.txt 0.000952594 0.000950933 1.661e-06
601 Pubmed_A.txt 0.000947718 0.000946172 1.546e-06
602 Pubmed_A.txt 0.000959408 0.000956162 3.246e-06
603 Pubmed_A.txt 0.000951522 0.000949983 1.539e-06
604 Pubmed_A.txt 0.000954282 0.000952959 1.323e-06
605 Pubmed_A.txt 0.000950745 0.000948736 2.009e-06
606 Pubmed_A.txt 0.00094971 0.000947459 2.251e-06
607 Pubmed_A.txt 0.000944413 0.000942805 1.608e-06
608 Pubmed_A.txt 0.000821974 0.000820409 1.565e-06
609 Pubmed_A.txt 0.000817841 0.000816082 1.759e-06
610 Pubmed_A.txt 0.000823886 0.000822215 1.671e-06
611 Pubmed_A.txt 0.000819208 0.000817735 1.473e-06
612 Pubmed_A.txt 0.000832192 0.000830696 1.496e-06
613 Pubmed_A.txt 0.000828363 0.000826869 1.494e-06
614 Pubmed_A.txt 0.00082419 0.000822324 1.866e-06
615 Pubmed_A.txt 0.000819606 0.000817758 1.848e-06
616 Pubmed_A.txt 0.000829162 0.000828324 8.38e-07
617 Pubmed_A.txt 0.000825663 0.000824147 1.516e-06
618 Pubmed_A.txt 0.000836592 0.000834591 2.001e-06
619 Pubmed_A.txt 0.000829894 0.000828623 1.271e-06
620 Pubmed_A.txt 0.000830882 0.000829837 1.045e-06
621 Pubmed_A.txt 0.000827923 0.000826037 1.886e-06
622 Pubmed_A.txt 0.000829403 0.000827419 1.984e-06
623 Pubmed_A.txt 0.000822566 0.000821153 1.413e-06
624 Pubmed_A.txt 0.000915138 0.0009133 1.838e-06
625 Pubmed_A.txt 0.00091219 0.000909711 2.479e-06
626 Pubmed_A.txt 0.000919091 0.000917012 2.079e-06
627 Pubmed_A.txt 0.000912133 0.000910416 1.717e-06
628 Pubmed_A.txt 0.000924968 0.000923378 1.59e-06
629 Pubmed_A.txt 0.000920946 0.000919203 1.743e-06
630 Pubmed_A.txt 0.000923795 0.000921815 1.98e-06
631 Pubmed_A.txt 0.000916253 0.00091412 2.133e-06
632 Pubmed_A.txt 0.000921472 0.000920332 1.14e-06
633 Pubmed_A.txt 0.000916434 0.000914888 1.546e-06
634 Pubmed_A.txt 0.000931031 0.00092849 2.541e-06
635 Pubmed_A.txt 0.000922943 0.000920778 2.165e-06
636 Pubmed_A.txt 0.000920074 0.000919029 1.045e-06
637 Pubmed_A.txt 0.000917798 0.000916453 1.345e-06
638 Pubmed_A.txt 0.000921016 0.000919679 1.337e-06
639 Pubmed_A.txt 0.000913255 0.000911867 1.388e-06
640 Pubmed_A.txt 0.000995644 0.000994244 1.4e-06
641 Pubmed_A.txt 0.000990949 0.000989353 1.596e-06
642 Pubmed_A.txt 0.00100264 0.0010006 2.037e-06
643 Pubmed_A.txt 0.000995385 0.00099422 1.165e-06
644 Pubmed_A.txt 0.000993691 0.000992656 1.035e-06
645 Pubmed_A.txt 0.000989072 0.000987238 1.834e-06
646 Pubmed_A.txt 0.000992294 0.000990951 1.343e-06
647 Pubmed_A.txt 0.000984899 0.000983804 1.095e-06
648 Pubmed_A.txt 0.000947879 0.000946671 1.208e-06
649 Pubmed_A.txt 0.000943658 0.000942326 1.332e-06
650 Pubmed_A.txt 0.00095069 0.000949153 1.537e-06
651 Pubmed_A.txt 0.000945552 0.000943074 2.478e-06
652 Pubmed_A.txt 0.000947594 0.000944804 2.79e-06
653 Pubmed_A.txt 0.000941938 0.000940627 1.311e-06
654 Pubmed_A.txt 0.000950936 0.000948907 2.029e-06
655 Pubmed_A.txt 0.000943774 0.000941142 2.632e-06
656 Pubmed_A.txt 0.000820471 0.000819101 1.37e-06
657 Pubmed_A.txt 0.000817515 0.000814585 2.93e-06
658 Pubmed_A.txt 0.000828957 0.000824708 4.249e-06
659 Pubmed_A.txt 0.000823458 0.000819055 4.403e-06
660 Pubmed_A.txt 0.000819215 0.000815719 3.496e-06
661 Pubmed_A.txt 0.000813959 0.000811555 2.404e-06
662 Pubmed_A.txt 0.000827899 0.000824322 3.577e-06
663 Pubmed_A.txt 0.000820373 0.000818598 1.775e-06
664 Pubmed_A.txt 0.000818609 0.00081468 3.929e-06
665 Pubmed_A.txt 0.000813155 0.000810231 2.924e-06
666 Pubmed_A.txt 0.000828252 0.000824359 3.893e-06
667 Pubmed_A.txt 0.000819451 0.000816248 3.203e-06
668 Pubmed_A.txt 0.00082103 0.000816771 4.259e-06
669 Pubmed_A.txt 0.000816684 0.000813405 3.279e-06
670 Pubmed_A.txt 0.000824355 0.000820846 3.509e-06
671 Pubmed_A.txt 0.000817485 0.00081443 3.055e-06
672 Pubmed_A.txt 0.0009249 0.000923451 1.449e-06
673 Pubmed_A.txt 0.000921938 0.000919756 2.182e-06
674 Pubmed_A.txt 0.000926913 0.000925316 1.597e-06
675 Pubmed_A.txt 0.000921992 0.000920399 1.593e-06
676 Pubmed_A.txt 0.00092778 0.000926643 1.137e-06
677 Pubmed_A.txt 0.00092287 0.000921256 1.614e-06
678 Pubmed_A.txt 0.000935844 0.000934004 1.84e-06
679 Pubmed_A.txt 0.000930969 0.000927412 3.557e-06
680 Pubmed_A.txt 0.000925109 0.000922574 2.535e-06
681 Pubmed_A.txt 0.00091818 0.000916826 1.354e-06
682 Pubmed_A.txt 0.000931726 0.000930614 1.112e-06
683 Pubmed_A.txt 0.000924695 0.000923911 7.84e-07
684 Pubmed_A.txt 0.000935147 0.000929145 6.002e-06
685 Pubmed_A.txt 0.000927413 0.00092423 3.183e-06
686 Pubmed_A.txt 0.00093515 0.000931536 3.614e-06
687 Pubmed_A.txt 0.000928076 0.000925683 2.393e-06
688 Pubmed_A.txt 0.00100008 0.00099792 2.161e-06
689 Pubmed_A.txt 0.000997389 0.000994619 2.77e-06
690 Pubmed_A.txt 0.00101028 0.0010047 5.588e-06
691 Pubmed_A.txt 0.00100039 0.000998528 1.857e-06
692 Pubmed_A.txt 0.0010031 0.00100184 1.258e-06
693 Pubmed_A.txt 0.000998994 0.000997246 1.748e-06
694 Pubmed_A.txt 0.00100288 0.00100133 1.548e-06
695 Pubmed_A.txt 0.000995938 0.000993972 1.966e-06
696 Pubmed_A.txt 0.000952902 0.000948151 4.751e-06
697 Pubmed_A.txt 0.000947588 0.000943775 3.813e-06
698 Pubmed_A.txt 0.000953506 0.000951493 2.013e-06
699 Pubmed_A.txt 0.000945857 0.000944627 1.23e-06
700 Pubmed_A.txt 0.000954321 0.000952183 2.138e-06
701 Pubmed_A.txt 0.000951484 0.000948447 3.037e-06
702 Pubmed_A.txt 0.000958707 0.000955725 2.982e-06
703 Pubmed_A.txt 0.00095322 0.000949607 3.613e-06
704 Pubmed_A.txt 0.0008333 0.000830188 3.112e-06
705 Pubmed_A.txt 0.000831992 0.000827234 4.758e-06
706 Pubmed_A.txt 0.00083286 0.000828472 4.388e-06
707 Pubmed_A.txt 0.000825771 0.00082427 1.501e-06
708 Pubmed_A.txt 0.000827081 0.000823334 3.747e-06
709 Pubmed_A.txt 0.000820319 0.000818937 1.382e-06
710 Pubmed_A.txt 0.000820738 0.00081896 1.778e-06
711 Pubmed_A.txt 0.000816109 0.000814254 1.855e-06
712 Pubmed_A.txt 0.000830437 0.000828833 1.604e-06
713 Pubmed_A.txt 0.000826573 0.000824988 1.585e-06
714 Pubmed_A.txt 0.000833178 0.00083138 1.798e-06
715 Pubmed_A.txt 0.000827381 0.000825502 1.879e-06
716 Pubmed_A.txt 0.000830843 0.000828035 2.808e-06
717 Pubmed_A.txt 0.000826163 0.000824561 1.602e-06
718 Pubmed_A.txt 0.000831386 0.000827753 3.633e-06
719 Pubmed_A.txt 0.000823781 0.000821725 2.056e-06
720 Pubmed_A.txt 0.000954284 0.000952598 1.686e-06
721 Pubmed_A.txt 0.000950587 0.000948601 1.986e-06
722 Pubmed_A.txt 0.000966237 0.000964207 2.03e-06
723 Pubmed_A.txt 0.00095853 0.000956954 1.576e-06
724 Pubmed_A.txt 0.00097853 0.000976727 1.803e-06
725 Pubmed_A.txt 0.000974538 0.000972795 1.743e-06
726 Pubmed_A.txt 0.000971152 0.000968002 3.15e-06
727 Pubmed_A.txt 0.000964021 0.00096176 2.261e-06
728 Pubmed_A.txt 0.000957322 0.000954676 2.646e-06
729 Pubmed_A.txt 0.000951709 0.000950727 9.82e-07
730 Pubmed_A.txt 0.000980719 0.000978091 2.628e-06
731 Pubmed_A.txt 0.000972236 0.000971003 1.233e-06
732 Pubmed_A.txt 0.000972467 0.000968507 3.96e-06
733 Pubmed_A.txt 0.000966057 0.000963631 2.426e-06
734 Pubmed_A.txt 0.000983525 0.0009816 1.925e-06
735 Pubmed_A.txt 0.000977223 0.000975118 2.105e-06
736 Pubmed_A.txt 0.00101603 0.00101459 1.439e-06
737 Pubmed_A.txt 0.00101188 0.00101021 1.667e-06
738 Pubmed_A.txt 0.00101993 0.0010181 1.83e-06
739 Pubmed_A.txt 0.00101316 0.00101127 1.897e-06
740 Pubmed_A.txt 0.00100238 0.000999774 2.602e-06
741 Pubmed_A.txt 0.000997342 0.00099616 1.182e-06
742 Pubmed_A.txt 0.0010084 0.00100686 1.542e-06
743 Pubmed_A.txt 0.00100117 0.00099907 2.105e-06
744 Pubmed_A.txt 0.000979473 0.000978089 1.384e-06
745 Pubmed_A.txt 0.000972614 0.000971163 1.451e-06
746 Pubmed_A.txt 0.000967106 0.000965648 1.458e-06
747 Pubmed_A.txt 0.000961721 0.000960091 1.63e-06
748 Pubmed_A.txt 0.000952875 0.000951183 1.692e-06
749 Pubmed_A.txt 0.000949691 0.000946852 2.839e-06
750 Pubmed_A.txt 0.000977363 0.000975165 2.198e-06
751 Pubmed_A.txt 0.000970233 0.000967862 2.371e-06
752 Pubmed_A.txt 0.000841131 0.00083774 3.391e-06
753 Pubmed_A.txt 0.000836735 0.000834881 1.854e-06
754 Pubmed_A.txt 0.000844582 0.000843309 1.273e-06
755 Pubmed_A.txt 0.000840826 0.000838441 2.385e-06
756 Pubmed_A.txt 0.000846905 0.000839906 6.999e-06
757 Pubmed_A.txt 0.000839673 0.000836014 3.659e-06
758 Pubmed_A.txt 0.00084818 0.000844854 3.326e-06
759 Pubmed_A.txt 0.000842923 0.000838549 4.374e-06
760 Pubmed_A.txt 0.000841973 0.000837864 4.109e-06
761 Pubmed_A.txt 0.000836953 0.000834042 2.911e-06
762 Pubmed_A.txt 0.000846603 0.0008439 2.703e-06
763 Pubmed_A.txt 0.000840542 0.000837804 2.738e-06
764 Pubmed_A.txt 0.000844561 0.000839767 4.794e-06
765 Pubmed_A.txt 0.000837538 0.000834267 3.271e-06
766 Pubmed_A.txt 0.000847436 0.000842576 4.86e-06
767 Pubmed_A.txt 0.000882649 0.000836482 4.6167e-05
TACC:  Shutdown complete. Exiting. 
