TACC:  Starting up job 10024616 
TACC:  Starting parallel tasks... 
0 Citeseer_feat_L1.txt 0.00228397 0.00228033 3.645e-06
1 Citeseer_feat_L1.txt 0.00233544 0.00232976 5.68e-06
2 Citeseer_feat_L1.txt 0.00225511 0.00225069 4.428e-06
3 Citeseer_feat_L1.txt 0.00227517 0.00227121 3.965e-06
4 Citeseer_feat_L1.txt 0.00237674 0.00237283 3.91e-06
5 Citeseer_feat_L1.txt 0.00227992 0.00227596 3.963e-06
6 Citeseer_feat_L1.txt 0.002305 0.00230022 4.788e-06
7 Citeseer_feat_L1.txt 0.00230963 0.00230547 4.156e-06
8 Citeseer_feat_L1.txt 0.00228202 0.00227805 3.967e-06
9 Citeseer_feat_L1.txt 0.00239685 0.0023938 3.049e-06
10 Citeseer_feat_L1.txt 0.00235652 0.00235224 4.287e-06
11 Citeseer_feat_L1.txt 0.00234708 0.00234291 4.173e-06
12 Citeseer_feat_L1.txt 0.00234181 0.00233778 4.028e-06
13 Citeseer_feat_L1.txt 0.00226746 0.00226352 3.938e-06
14 Citeseer_feat_L1.txt 0.00228934 0.00228519 4.15e-06
15 Citeseer_feat_L1.txt 0.00228934 0.00228535 3.991e-06
16 Citeseer_feat_L1.txt 0.00242033 0.00241602 4.31e-06
17 Citeseer_feat_L1.txt 0.00234435 0.00234061 3.742e-06
18 Citeseer_feat_L1.txt 0.00239149 0.0023872 4.288e-06
19 Citeseer_feat_L1.txt 0.00237593 0.00237194 3.995e-06
20 Citeseer_feat_L1.txt 0.00240589 0.00240217 3.714e-06
21 Citeseer_feat_L1.txt 0.00239441 0.0023903 4.112e-06
22 Citeseer_feat_L1.txt 0.00235715 0.00235302 4.125e-06
23 Citeseer_feat_L1.txt 0.0023431 0.00233903 4.065e-06
24 Citeseer_feat_L1.txt 0.00237439 0.0023702 4.193e-06
25 Citeseer_feat_L1.txt 0.00228318 0.0022788 4.381e-06
26 Citeseer_feat_L1.txt 0.00269252 0.00268799 4.53e-06
27 Citeseer_feat_L1.txt 0.00230237 0.00229859 3.782e-06
28 Citeseer_feat_L1.txt 0.00231509 0.00231157 3.514e-06
29 Citeseer_feat_L1.txt 0.0022892 0.00228576 3.439e-06
30 Citeseer_feat_L1.txt 0.00276677 0.00276149 5.281e-06
31 Citeseer_feat_L1.txt 0.00236306 0.002359 4.057e-06
32 Citeseer_feat_L1.txt 0.00213956 0.00213532 4.237e-06
33 Citeseer_feat_L1.txt 0.00221956 0.00221453 5.032e-06
34 Citeseer_feat_L1.txt 0.00225501 0.00225095 4.057e-06
35 Citeseer_feat_L1.txt 0.00216733 0.00216343 3.899e-06
36 Citeseer_feat_L1.txt 0.00214333 0.00213961 3.722e-06
37 Citeseer_feat_L1.txt 0.00217776 0.00217275 5.009e-06
38 Citeseer_feat_L1.txt 0.00218462 0.00218026 4.356e-06
39 Citeseer_feat_L1.txt 0.00216514 0.00216153 3.615e-06
40 Citeseer_feat_L1.txt 0.00214112 0.0021371 4.021e-06
41 Citeseer_feat_L1.txt 0.00216165 0.00215795 3.7e-06
42 Citeseer_feat_L1.txt 0.00224369 0.00223949 4.2e-06
43 Citeseer_feat_L1.txt 0.00213486 0.00213073 4.126e-06
44 Citeseer_feat_L1.txt 0.00216913 0.00216491 4.215e-06
45 Citeseer_feat_L1.txt 0.00224596 0.00224205 3.907e-06
46 Citeseer_feat_L1.txt 0.00225697 0.00225297 4.005e-06
47 Citeseer_feat_L1.txt 0.00216021 0.00215628 3.921e-06
48 Citeseer_feat_L1.txt 0.00234699 0.00234229 4.704e-06
49 Citeseer_feat_L1.txt 0.00231537 0.00231114 4.235e-06
50 Citeseer_feat_L1.txt 0.00226783 0.00226327 4.558e-06
51 Citeseer_feat_L1.txt 0.00236035 0.00235593 4.428e-06
52 Citeseer_feat_L1.txt 0.00235144 0.00234729 4.155e-06
53 Citeseer_feat_L1.txt 0.00236406 0.00235945 4.607e-06
54 Citeseer_feat_L1.txt 0.00235741 0.0023525 4.908e-06
55 Citeseer_feat_L1.txt 0.00228557 0.00228105 4.522e-06
56 Citeseer_feat_L1.txt 0.00222987 0.00222593 3.934e-06
57 Citeseer_feat_L1.txt 0.00233492 0.00233011 4.808e-06
58 Citeseer_feat_L1.txt 0.00238494 0.00238023 4.715e-06
59 Citeseer_feat_L1.txt 0.00235029 0.00234609 4.205e-06
60 Citeseer_feat_L1.txt 0.00236909 0.00236541 3.683e-06
61 Citeseer_feat_L1.txt 0.00223759 0.00223348 4.103e-06
62 Citeseer_feat_L1.txt 0.00227197 0.00226784 4.122e-06
63 Citeseer_feat_L1.txt 0.00222975 0.00222578 3.968e-06
64 Citeseer_feat_L1.txt 0.00244487 0.00244114 3.737e-06
65 Citeseer_feat_L1.txt 0.00230386 0.00229976 4.101e-06
66 Citeseer_feat_L1.txt 0.00230395 0.00229997 3.978e-06
67 Citeseer_feat_L1.txt 0.00233876 0.00233442 4.338e-06
68 Citeseer_feat_L1.txt 0.00234492 0.00234137 3.556e-06
69 Citeseer_feat_L1.txt 0.00236496 0.00236113 3.827e-06
70 Citeseer_feat_L1.txt 0.00236117 0.00235625 4.916e-06
71 Citeseer_feat_L1.txt 0.00229978 0.00229567 4.118e-06
72 Citeseer_feat_L1.txt 0.0027255 0.00272171 3.788e-06
73 Citeseer_feat_L1.txt 0.00273082 0.0027266 4.224e-06
74 Citeseer_feat_L1.txt 0.00269004 0.00268517 4.869e-06
75 Citeseer_feat_L1.txt 0.00268874 0.00268447 4.269e-06
76 Citeseer_feat_L1.txt 0.00267768 0.00267289 4.792e-06
77 Citeseer_feat_L1.txt 0.00272529 0.002722 3.282e-06
78 Citeseer_feat_L1.txt 0.00274069 0.00273679 3.896e-06
79 Citeseer_feat_L1.txt 0.00266351 0.00265935 4.156e-06
80 Citeseer_feat_L1.txt 0.00210526 0.00210082 4.436e-06
81 Citeseer_feat_L1.txt 0.00210658 0.00210212 4.459e-06
82 Citeseer_feat_L1.txt 0.0022249 0.00222102 3.88e-06
83 Citeseer_feat_L1.txt 0.00209107 0.00208724 3.839e-06
84 Citeseer_feat_L1.txt 0.00217761 0.00217384 3.772e-06
85 Citeseer_feat_L1.txt 0.00214727 0.00214325 4.012e-06
86 Citeseer_feat_L1.txt 0.00222981 0.00222611 3.697e-06
87 Citeseer_feat_L1.txt 0.00217961 0.00217591 3.698e-06
88 Citeseer_feat_L1.txt 0.00223303 0.00222918 3.854e-06
89 Citeseer_feat_L1.txt 0.00213376 0.00212948 4.279e-06
90 Citeseer_feat_L1.txt 0.00217428 0.00217073 3.556e-06
91 Citeseer_feat_L1.txt 0.00212056 0.00211594 4.623e-06
92 Citeseer_feat_L1.txt 0.00226984 0.00226585 3.991e-06
93 Citeseer_feat_L1.txt 0.00217089 0.00216712 3.761e-06
94 Citeseer_feat_L1.txt 0.00214548 0.00214143 4.053e-06
95 Citeseer_feat_L1.txt 0.00221466 0.00221044 4.226e-06
96 Citeseer_feat_L1.txt 0.0022188 0.00221392 4.877e-06
97 Citeseer_feat_L1.txt 0.00219897 0.00219498 3.987e-06
98 Citeseer_feat_L1.txt 0.00234559 0.00234128 4.304e-06
99 Citeseer_feat_L1.txt 0.00220503 0.00220061 4.413e-06
100 Citeseer_feat_L1.txt 0.00224523 0.00224146 3.768e-06
101 Citeseer_feat_L1.txt 0.00224998 0.00224587 4.117e-06
102 Citeseer_feat_L1.txt 0.00229346 0.00228862 4.849e-06
103 Citeseer_feat_L1.txt 0.00220728 0.00220304 4.239e-06
104 Citeseer_feat_L1.txt 0.00233291 0.00232917 3.737e-06
105 Citeseer_feat_L1.txt 0.00233893 0.00233499 3.945e-06
106 Citeseer_feat_L1.txt 0.00223878 0.00223528 3.506e-06
107 Citeseer_feat_L1.txt 0.00220433 0.00220031 4.021e-06
108 Citeseer_feat_L1.txt 0.00227853 0.00227423 4.3e-06
109 Citeseer_feat_L1.txt 0.00227213 0.00226843 3.7e-06
110 Citeseer_feat_L1.txt 0.002406 0.00240196 4.037e-06
111 Citeseer_feat_L1.txt 0.00227422 0.00227007 4.149e-06
112 Citeseer_feat_L1.txt 0.00233123 0.00232689 4.336e-06
113 Citeseer_feat_L1.txt 0.00235169 0.00234823 3.467e-06
114 Citeseer_feat_L1.txt 0.00232305 0.00231915 3.897e-06
115 Citeseer_feat_L1.txt 0.00236363 0.00235873 4.896e-06
116 Citeseer_feat_L1.txt 0.00231635 0.00231196 4.388e-06
117 Citeseer_feat_L1.txt 0.00227771 0.00227374 3.973e-06
118 Citeseer_feat_L1.txt 0.00283684 0.0028329 3.946e-06
119 Citeseer_feat_L1.txt 0.00231828 0.00231413 4.152e-06
120 Citeseer_feat_L1.txt 0.00262433 0.00261923 5.095e-06
121 Citeseer_feat_L1.txt 0.00261472 0.00261039 4.338e-06
122 Citeseer_feat_L1.txt 0.00275678 0.00275133 5.441e-06
123 Citeseer_feat_L1.txt 0.00223869 0.00223479 3.903e-06
124 Citeseer_feat_L1.txt 0.00265834 0.00265456 3.775e-06
125 Citeseer_feat_L1.txt 0.00266429 0.00266067 3.622e-06
126 Citeseer_feat_L1.txt 0.00225667 0.00225269 3.98e-06
127 Citeseer_feat_L1.txt 0.00231297 0.00230807 4.902e-06
128 Citeseer_feat_L1.txt 0.00213876 0.00213479 3.971e-06
129 Citeseer_feat_L1.txt 0.00207641 0.00207229 4.127e-06
130 Citeseer_feat_L1.txt 0.00221071 0.00220789 2.824e-06
131 Citeseer_feat_L1.txt 0.00219495 0.00219114 3.809e-06
132 Citeseer_feat_L1.txt 0.00220616 0.0022017 4.456e-06
133 Citeseer_feat_L1.txt 0.00211075 0.00210669 4.061e-06
134 Citeseer_feat_L1.txt 0.00219196 0.00218809 3.869e-06
135 Citeseer_feat_L1.txt 0.00214516 0.00214109 4.061e-06
136 Citeseer_feat_L1.txt 0.00205849 0.00205511 3.382e-06
137 Citeseer_feat_L1.txt 0.00211331 0.00210952 3.783e-06
138 Citeseer_feat_L1.txt 0.00219555 0.00219187 3.674e-06
139 Citeseer_feat_L1.txt 0.0020683 0.0020646 3.701e-06
140 Citeseer_feat_L1.txt 0.00218574 0.00218212 3.619e-06
141 Citeseer_feat_L1.txt 0.00218378 0.00218036 3.418e-06
142 Citeseer_feat_L1.txt 0.00210028 0.00209598 4.297e-06
143 Citeseer_feat_L1.txt 0.00211609 0.00211215 3.94e-06
144 Citeseer_feat_L1.txt 0.00233527 0.00233052 4.745e-06
145 Citeseer_feat_L1.txt 0.00229122 0.00228698 4.237e-06
146 Citeseer_feat_L1.txt 0.00228142 0.00227723 4.199e-06
147 Citeseer_feat_L1.txt 0.00234153 0.00233749 4.035e-06
148 Citeseer_feat_L1.txt 0.00225892 0.00225486 4.058e-06
149 Citeseer_feat_L1.txt 0.00237842 0.00237389 4.521e-06
150 Citeseer_feat_L1.txt 0.0022564 0.0022526 3.806e-06
151 Citeseer_feat_L1.txt 0.00238003 0.00237634 3.685e-06
152 Citeseer_feat_L1.txt 0.00234684 0.00234234 4.495e-06
153 Citeseer_feat_L1.txt 0.00222901 0.00222508 3.928e-06
154 Citeseer_feat_L1.txt 0.0022788 0.00227434 4.453e-06
155 Citeseer_feat_L1.txt 0.00222911 0.00222493 4.178e-06
156 Citeseer_feat_L1.txt 0.00221365 0.00220934 4.306e-06
157 Citeseer_feat_L1.txt 0.00220068 0.00219618 4.503e-06
158 Citeseer_feat_L1.txt 0.00228227 0.00227798 4.293e-06
159 Citeseer_feat_L1.txt 0.00228244 0.00227843 4.008e-06
160 Citeseer_feat_L1.txt 0.00225948 0.00225569 3.789e-06
161 Citeseer_feat_L1.txt 0.00236394 0.00235979 4.153e-06
162 Citeseer_feat_L1.txt 0.00272002 0.00271252 7.501e-06
163 Citeseer_feat_L1.txt 0.0022653 0.00226096 4.336e-06
164 Citeseer_feat_L1.txt 0.0022804 0.00227647 3.924e-06
165 Citeseer_feat_L1.txt 0.00229234 0.0022878 4.548e-06
166 Citeseer_feat_L1.txt 0.00276633 0.00275925 7.083e-06
167 Citeseer_feat_L1.txt 0.00224119 0.00223783 3.367e-06
168 Citeseer_feat_L1.txt 0.00228588 0.00228251 3.372e-06
169 Citeseer_feat_L1.txt 0.00235524 0.0023518 3.433e-06
170 Citeseer_feat_L1.txt 0.00228945 0.00228482 4.629e-06
171 Citeseer_feat_L1.txt 0.00236132 0.0023571 4.215e-06
172 Citeseer_feat_L1.txt 0.00231438 0.00231065 3.728e-06
173 Citeseer_feat_L1.txt 0.00238623 0.00238274 3.493e-06
174 Citeseer_feat_L1.txt 0.00227469 0.00227074 3.944e-06
175 Citeseer_feat_L1.txt 0.0022674 0.00226299 4.407e-06
176 Citeseer_feat_L1.txt 0.00203499 0.0020307 4.299e-06
177 Citeseer_feat_L1.txt 0.00212028 0.00211576 4.513e-06
178 Citeseer_feat_L1.txt 0.00212786 0.00212317 4.687e-06
179 Citeseer_feat_L1.txt 0.00209881 0.00209515 3.66e-06
180 Citeseer_feat_L1.txt 0.00205553 0.00205166 3.869e-06
181 Citeseer_feat_L1.txt 0.00223695 0.00223285 4.099e-06
182 Citeseer_feat_L1.txt 0.00205685 0.00205228 4.576e-06
183 Citeseer_feat_L1.txt 0.00217889 0.00217435 4.542e-06
184 Citeseer_feat_L1.txt 0.00209561 0.00209209 3.517e-06
185 Citeseer_feat_L1.txt 0.00215994 0.00215591 4.04e-06
186 Citeseer_feat_L1.txt 0.00213485 0.00213073 4.121e-06
187 Citeseer_feat_L1.txt 0.00218978 0.0021859 3.878e-06
188 Citeseer_feat_L1.txt 0.00214522 0.00214161 3.605e-06
189 Citeseer_feat_L1.txt 0.00212958 0.00212591 3.665e-06
190 Citeseer_feat_L1.txt 0.00215237 0.00214838 3.986e-06
191 Citeseer_feat_L1.txt 0.00209425 0.00208994 4.303e-06
192 Citeseer_feat_L1.txt 0.00223846 0.00223454 3.923e-06
193 Citeseer_feat_L1.txt 0.0021997 0.00219662 3.075e-06
194 Citeseer_feat_L1.txt 0.0023051 0.00230104 4.062e-06
195 Citeseer_feat_L1.txt 0.00236154 0.00235809 3.453e-06
196 Citeseer_feat_L1.txt 0.0022373 0.00223338 3.927e-06
197 Citeseer_feat_L1.txt 0.00224398 0.00223983 4.15e-06
198 Citeseer_feat_L1.txt 0.00224261 0.00223873 3.876e-06
199 Citeseer_feat_L1.txt 0.00226712 0.00226336 3.754e-06
200 Citeseer_feat_L1.txt 0.00230748 0.00230404 3.443e-06
201 Citeseer_feat_L1.txt 0.00214141 0.00213715 4.264e-06
202 Citeseer_feat_L1.txt 0.00228198 0.00227755 4.436e-06
203 Citeseer_feat_L1.txt 0.00223065 0.00222669 3.955e-06
204 Citeseer_feat_L1.txt 0.00226656 0.00226288 3.681e-06
205 Citeseer_feat_L1.txt 0.00215395 0.00214904 4.907e-06
206 Citeseer_feat_L1.txt 0.00228258 0.00227874 3.84e-06
207 Citeseer_feat_L1.txt 0.00219307 0.00218833 4.74e-06
208 Citeseer_feat_L1.txt 0.00233124 0.0023269 4.341e-06
209 Citeseer_feat_L1.txt 0.00233167 0.00232852 3.151e-06
210 Citeseer_feat_L1.txt 0.0023418 0.00233838 3.412e-06
211 Citeseer_feat_L1.txt 0.00225418 0.00225005 4.133e-06
212 Citeseer_feat_L1.txt 0.00222706 0.00222343 3.632e-06
213 Citeseer_feat_L1.txt 0.00226075 0.00225732 3.423e-06
214 Citeseer_feat_L1.txt 0.00264877 0.00264369 5.081e-06
215 Citeseer_feat_L1.txt 0.00220945 0.00220586 3.588e-06
216 Citeseer_feat_L1.txt 0.00263436 0.00263059 3.769e-06
217 Citeseer_feat_L1.txt 0.00262246 0.00261772 4.737e-06
218 Citeseer_feat_L1.txt 0.00220491 0.00220106 3.842e-06
219 Citeseer_feat_L1.txt 0.00215737 0.00215428 3.088e-06
220 Citeseer_feat_L1.txt 0.00264644 0.00264182 4.622e-06
221 Citeseer_feat_L1.txt 0.00259886 0.00259475 4.106e-06
222 Citeseer_feat_L1.txt 0.00228268 0.00227868 3.992e-06
223 Citeseer_feat_L1.txt 0.00233102 0.00232743 3.595e-06
224 Citeseer_feat_L1.txt 0.00204286 0.00203933 3.523e-06
225 Citeseer_feat_L1.txt 0.00220439 0.00220058 3.811e-06
226 Citeseer_feat_L1.txt 0.00221855 0.00221418 4.364e-06
227 Citeseer_feat_L1.txt 0.00212324 0.00211907 4.172e-06
228 Citeseer_feat_L1.txt 0.00219406 0.00219034 3.717e-06
229 Citeseer_feat_L1.txt 0.00208487 0.00208079 4.08e-06
230 Citeseer_feat_L1.txt 0.00217443 0.00217011 4.321e-06
231 Citeseer_feat_L1.txt 0.0021911 0.00218758 3.513e-06
232 Citeseer_feat_L1.txt 0.00221713 0.00221287 4.265e-06
233 Citeseer_feat_L1.txt 0.00214845 0.0021446 3.845e-06
234 Citeseer_feat_L1.txt 0.00209149 0.00208694 4.559e-06
235 Citeseer_feat_L1.txt 0.00220044 0.00219614 4.307e-06
236 Citeseer_feat_L1.txt 0.00214615 0.00214252 3.625e-06
237 Citeseer_feat_L1.txt 0.00219972 0.00219611 3.611e-06
238 Citeseer_feat_L1.txt 0.00204969 0.00204594 3.742e-06
239 Citeseer_feat_L1.txt 0.00210371 0.00209974 3.967e-06
240 Citeseer_feat_L1.txt 0.00235631 0.00235255 3.752e-06
241 Citeseer_feat_L1.txt 0.00227915 0.00227584 3.304e-06
242 Citeseer_feat_L1.txt 0.002374 0.00237002 3.97e-06
243 Citeseer_feat_L1.txt 0.00227211 0.00226867 3.444e-06
244 Citeseer_feat_L1.txt 0.00238214 0.00237783 4.312e-06
245 Citeseer_feat_L1.txt 0.00225075 0.00224691 3.844e-06
246 Citeseer_feat_L1.txt 0.00230493 0.00230066 4.268e-06
247 Citeseer_feat_L1.txt 0.00225225 0.00224813 4.12e-06
248 Citeseer_feat_L1.txt 0.0023464 0.00234333 3.071e-06
249 Citeseer_feat_L1.txt 0.00228095 0.00227762 3.327e-06
250 Citeseer_feat_L1.txt 0.00235967 0.00235529 4.377e-06
251 Citeseer_feat_L1.txt 0.00230691 0.00230268 4.226e-06
252 Citeseer_feat_L1.txt 0.00227604 0.00227214 3.901e-06
253 Citeseer_feat_L1.txt 0.0022529 0.00224906 3.835e-06
254 Citeseer_feat_L1.txt 0.00226228 0.0022582 4.078e-06
255 Citeseer_feat_L1.txt 0.00230577 0.0023016 4.173e-06
256 Citeseer_feat_L1.txt 0.00236875 0.00236478 3.968e-06
257 Citeseer_feat_L1.txt 0.00244197 0.0024383 3.668e-06
258 Citeseer_feat_L1.txt 0.00234185 0.00233765 4.195e-06
259 Citeseer_feat_L1.txt 0.0023801 0.00237587 4.229e-06
260 Citeseer_feat_L1.txt 0.00239336 0.00238853 4.828e-06
261 Citeseer_feat_L1.txt 0.00235393 0.00234967 4.26e-06
262 Citeseer_feat_L1.txt 0.00243467 0.00243037 4.297e-06
263 Citeseer_feat_L1.txt 0.00245104 0.00244715 3.884e-06
264 Citeseer_feat_L1.txt 0.0027193 0.00271545 3.847e-06
265 Citeseer_feat_L1.txt 0.00266919 0.00266507 4.12e-06
266 Citeseer_feat_L1.txt 0.00236486 0.00236071 4.148e-06
267 Citeseer_feat_L1.txt 0.00228343 0.00228064 2.793e-06
268 Citeseer_feat_L1.txt 0.00278644 0.00278177 4.669e-06
269 Citeseer_feat_L1.txt 0.00272275 0.00271893 3.815e-06
270 Citeseer_feat_L1.txt 0.00275083 0.00274662 4.213e-06
271 Citeseer_feat_L1.txt 0.00272998 0.00272546 4.516e-06
272 Citeseer_feat_L1.txt 0.00216561 0.00216162 3.992e-06
273 Citeseer_feat_L1.txt 0.00215764 0.00215391 3.731e-06
274 Citeseer_feat_L1.txt 0.0021498 0.00214532 4.475e-06
275 Citeseer_feat_L1.txt 0.00219484 0.00219118 3.662e-06
276 Citeseer_feat_L1.txt 0.00214664 0.00214337 3.273e-06
277 Citeseer_feat_L1.txt 0.00216587 0.00216129 4.583e-06
278 Citeseer_feat_L1.txt 0.00221012 0.00220639 3.729e-06
279 Citeseer_feat_L1.txt 0.00213621 0.0021321 4.102e-06
280 Citeseer_feat_L1.txt 0.00223385 0.00222981 4.039e-06
281 Citeseer_feat_L1.txt 0.0021551 0.00215151 3.59e-06
282 Citeseer_feat_L1.txt 0.00218468 0.00218057 4.106e-06
283 Citeseer_feat_L1.txt 0.00219437 0.00219068 3.697e-06
284 Citeseer_feat_L1.txt 0.00215694 0.00215299 3.949e-06
285 Citeseer_feat_L1.txt 0.00219287 0.00218895 3.919e-06
286 Citeseer_feat_L1.txt 0.0022362 0.0022333 2.894e-06
287 Citeseer_feat_L1.txt 0.0022406 0.00223636 4.232e-06
288 Citeseer_feat_L1.txt 0.00228977 0.0022852 4.572e-06
289 Citeseer_feat_L1.txt 0.00235215 0.00234864 3.515e-06
290 Citeseer_feat_L1.txt 0.00226185 0.00225791 3.944e-06
291 Citeseer_feat_L1.txt 0.00225877 0.0022545 4.269e-06
292 Citeseer_feat_L1.txt 0.00231668 0.00231286 3.819e-06
293 Citeseer_feat_L1.txt 0.00232336 0.00231916 4.207e-06
294 Citeseer_feat_L1.txt 0.00230488 0.00230159 3.283e-06
295 Citeseer_feat_L1.txt 0.00230925 0.00230518 4.07e-06
296 Citeseer_feat_L1.txt 0.00227733 0.00227376 3.564e-06
297 Citeseer_feat_L1.txt 0.00228503 0.00228074 4.287e-06
298 Citeseer_feat_L1.txt 0.00227249 0.00226802 4.474e-06
299 Citeseer_feat_L1.txt 0.00225703 0.00225359 3.438e-06
300 Citeseer_feat_L1.txt 0.00227696 0.00227338 3.579e-06
301 Citeseer_feat_L1.txt 0.00229466 0.00229133 3.335e-06
302 Citeseer_feat_L1.txt 0.0023392 0.00233512 4.082e-06
303 Citeseer_feat_L1.txt 0.00230065 0.00229646 4.19e-06
304 Citeseer_feat_L1.txt 0.00244375 0.00243963 4.118e-06
305 Citeseer_feat_L1.txt 0.00237467 0.00237054 4.123e-06
306 Citeseer_feat_L1.txt 0.00241728 0.0024137 3.583e-06
307 Citeseer_feat_L1.txt 0.00239324 0.0023886 4.636e-06
308 Citeseer_feat_L1.txt 0.00235572 0.00235274 2.979e-06
309 Citeseer_feat_L1.txt 0.00238706 0.00238249 4.568e-06
310 Citeseer_feat_L1.txt 0.00279395 0.00278949 4.461e-06
311 Citeseer_feat_L1.txt 0.00235527 0.00235104 4.232e-06
312 Citeseer_feat_L1.txt 0.00224733 0.00224332 4.011e-06
313 Citeseer_feat_L1.txt 0.00233378 0.00233039 3.397e-06
314 Citeseer_feat_L1.txt 0.00227445 0.00227088 3.569e-06
315 Citeseer_feat_L1.txt 0.00224859 0.00224447 4.122e-06
316 Citeseer_feat_L1.txt 0.00266648 0.00266187 4.605e-06
317 Citeseer_feat_L1.txt 0.00264109 0.00263757 3.527e-06
318 Citeseer_feat_L1.txt 0.00272874 0.00272243 6.307e-06
319 Citeseer_feat_L1.txt 0.00225347 0.00224941 4.069e-06
320 Citeseer_feat_L1.txt 0.00213798 0.0021337 4.278e-06
321 Citeseer_feat_L1.txt 0.00211808 0.00211466 3.419e-06
322 Citeseer_feat_L1.txt 0.00223905 0.00223459 4.454e-06
323 Citeseer_feat_L1.txt 0.00212619 0.00212326 2.939e-06
324 Citeseer_feat_L1.txt 0.00212626 0.00212169 4.577e-06
325 Citeseer_feat_L1.txt 0.00215554 0.00215095 4.592e-06
326 Citeseer_feat_L1.txt 0.00214141 0.00213716 4.25e-06
327 Citeseer_feat_L1.txt 0.00213516 0.00213076 4.393e-06
328 Citeseer_feat_L1.txt 0.0021323 0.00212847 3.831e-06
329 Citeseer_feat_L1.txt 0.00212587 0.00212155 4.32e-06
330 Citeseer_feat_L1.txt 0.00216114 0.00215684 4.297e-06
331 Citeseer_feat_L1.txt 0.00211657 0.00211164 4.931e-06
332 Citeseer_feat_L1.txt 0.00214658 0.00214194 4.635e-06
333 Citeseer_feat_L1.txt 0.00212377 0.0021192 4.574e-06
334 Citeseer_feat_L1.txt 0.00214373 0.00213976 3.97e-06
335 Citeseer_feat_L1.txt 0.00222961 0.00222535 4.267e-06
336 Citeseer_feat_L1.txt 0.00219541 0.00219086 4.55e-06
337 Citeseer_feat_L1.txt 0.00226233 0.00225797 4.361e-06
338 Citeseer_feat_L1.txt 0.00221075 0.00220701 3.746e-06
339 Citeseer_feat_L1.txt 0.00218819 0.00218432 3.866e-06
340 Citeseer_feat_L1.txt 0.00233156 0.00232699 4.567e-06
341 Citeseer_feat_L1.txt 0.00223956 0.00223552 4.032e-06
342 Citeseer_feat_L1.txt 0.00224702 0.0022432 3.813e-06
343 Citeseer_feat_L1.txt 0.00225647 0.00225246 4.009e-06
344 Citeseer_feat_L1.txt 0.0022401 0.00223616 3.939e-06
345 Citeseer_feat_L1.txt 0.00225602 0.00225138 4.639e-06
346 Citeseer_feat_L1.txt 0.00237895 0.0023746 4.348e-06
347 Citeseer_feat_L1.txt 0.00224461 0.00224143 3.181e-06
348 Citeseer_feat_L1.txt 0.00221624 0.00221183 4.408e-06
349 Citeseer_feat_L1.txt 0.00225055 0.00224647 4.086e-06
350 Citeseer_feat_L1.txt 0.00218956 0.00218531 4.242e-06
351 Citeseer_feat_L1.txt 0.00221472 0.00221064 4.083e-06
352 Citeseer_feat_L1.txt 0.00239879 0.00239443 4.367e-06
353 Citeseer_feat_L1.txt 0.00224987 0.00224618 3.689e-06
354 Citeseer_feat_L1.txt 0.00244141 0.00243763 3.784e-06
355 Citeseer_feat_L1.txt 0.00233451 0.00233081 3.694e-06
356 Citeseer_feat_L1.txt 0.00231233 0.00230885 3.479e-06
357 Citeseer_feat_L1.txt 0.00238068 0.00237724 3.44e-06
358 Citeseer_feat_L1.txt 0.00233036 0.00232683 3.528e-06
359 Citeseer_feat_L1.txt 0.00234962 0.0023453 4.318e-06
360 Citeseer_feat_L1.txt 0.00272304 0.00271869 4.356e-06
361 Citeseer_feat_L1.txt 0.00264657 0.00264217 4.406e-06
362 Citeseer_feat_L1.txt 0.00226838 0.00226447 3.908e-06
363 Citeseer_feat_L1.txt 0.00231928 0.00231557 3.709e-06
364 Citeseer_feat_L1.txt 0.00275295 0.00274789 5.062e-06
365 Citeseer_feat_L1.txt 0.00267982 0.002676 3.825e-06
366 Citeseer_feat_L1.txt 0.00220605 0.00220205 3.997e-06
367 Citeseer_feat_L1.txt 0.00235373 0.00235005 3.673e-06
368 Citeseer_feat_L1.txt 0.00220325 0.00219918 4.067e-06
369 Citeseer_feat_L1.txt 0.002075 0.00207111 3.892e-06
370 Citeseer_feat_L1.txt 0.00219912 0.00219445 4.677e-06
371 Citeseer_feat_L1.txt 0.00210847 0.00210428 4.185e-06
372 Citeseer_feat_L1.txt 0.00211964 0.00211537 4.267e-06
373 Citeseer_feat_L1.txt 0.0022113 0.00220674 4.552e-06
374 Citeseer_feat_L1.txt 0.00205345 0.00204917 4.287e-06
375 Citeseer_feat_L1.txt 0.00208471 0.00208066 4.052e-06
376 Citeseer_feat_L1.txt 0.0021227 0.00211854 4.165e-06
377 Citeseer_feat_L1.txt 0.00209052 0.00208647 4.045e-06
378 Citeseer_feat_L1.txt 0.00212946 0.00212466 4.804e-06
379 Citeseer_feat_L1.txt 0.00215285 0.00214926 3.592e-06
380 Citeseer_feat_L1.txt 0.00208367 0.00207946 4.206e-06
381 Citeseer_feat_L1.txt 0.00220758 0.00220379 3.793e-06
382 Citeseer_feat_L1.txt 0.00210526 0.00210078 4.481e-06
383 Citeseer_feat_L1.txt 0.00207406 0.00206935 4.712e-06
384 Citeseer_feat_L1.txt 0.00225053 0.00224583 4.696e-06
385 Citeseer_feat_L1.txt 0.0022971 0.0022923 4.797e-06
386 Citeseer_feat_L1.txt 0.00226392 0.00225954 4.388e-06
387 Citeseer_feat_L1.txt 0.00223527 0.00223086 4.408e-06
388 Citeseer_feat_L1.txt 0.00224115 0.00223686 4.296e-06
389 Citeseer_feat_L1.txt 0.00233501 0.00233064 4.37e-06
390 Citeseer_feat_L1.txt 0.00225771 0.00225422 3.488e-06
391 Citeseer_feat_L1.txt 0.00222186 0.00221805 3.808e-06
392 Citeseer_feat_L1.txt 0.00230277 0.00229841 4.358e-06
393 Citeseer_feat_L1.txt 0.00220691 0.0022028 4.112e-06
394 Citeseer_feat_L1.txt 0.00223194 0.00222655 5.399e-06
395 Citeseer_feat_L1.txt 0.00222675 0.00222269 4.063e-06
396 Citeseer_feat_L1.txt 0.00223013 0.00222615 3.977e-06
397 Citeseer_feat_L1.txt 0.00226633 0.00226244 3.886e-06
398 Citeseer_feat_L1.txt 0.00220117 0.00219732 3.85e-06
399 Citeseer_feat_L1.txt 0.00225992 0.00225582 4.1e-06
400 Citeseer_feat_L1.txt 0.00276106 0.00275665 4.411e-06
401 Citeseer_feat_L1.txt 0.00272057 0.00271682 3.752e-06
402 Citeseer_feat_L1.txt 0.00267916 0.00267498 4.18e-06
403 Citeseer_feat_L1.txt 0.00278692 0.00278327 3.65e-06
404 Citeseer_feat_L1.txt 0.00239888 0.00239472 4.16e-06
405 Citeseer_feat_L1.txt 0.00230908 0.00230559 3.484e-06
406 Citeseer_feat_L1.txt 0.00277708 0.00277101 6.068e-06
407 Citeseer_feat_L1.txt 0.00237781 0.00237388 3.928e-06
408 Citeseer_feat_L1.txt 0.00223875 0.00223445 4.297e-06
409 Citeseer_feat_L1.txt 0.00223102 0.00222654 4.481e-06
410 Citeseer_feat_L1.txt 0.0026169 0.00261179 5.107e-06
411 Citeseer_feat_L1.txt 0.00228794 0.0022842 3.746e-06
412 Citeseer_feat_L1.txt 0.00267375 0.0026699 3.843e-06
413 Citeseer_feat_L1.txt 0.00277028 0.00276614 4.148e-06
414 Citeseer_feat_L1.txt 0.00270521 0.0027009 4.3e-06
415 Citeseer_feat_L1.txt 0.00276216 0.00275828 3.881e-06
416 Citeseer_feat_L1.txt 0.00209625 0.0020928 3.453e-06
417 Citeseer_feat_L1.txt 0.00222844 0.00222424 4.205e-06
418 Citeseer_feat_L1.txt 0.00222009 0.00221596 4.134e-06
419 Citeseer_feat_L1.txt 0.00212995 0.00212617 3.777e-06
420 Citeseer_feat_L1.txt 0.0021776 0.00217383 3.765e-06
421 Citeseer_feat_L1.txt 0.00216355 0.00215885 4.693e-06
422 Citeseer_feat_L1.txt 0.00222999 0.00222596 4.029e-06
423 Citeseer_feat_L1.txt 0.00220284 0.00219921 3.639e-06
424 Citeseer_feat_L1.txt 0.00212703 0.00212351 3.515e-06
425 Citeseer_feat_L1.txt 0.00209788 0.00209394 3.943e-06
426 Citeseer_feat_L1.txt 0.0021173 0.00211324 4.062e-06
427 Citeseer_feat_L1.txt 0.00215447 0.0021504 4.073e-06
428 Citeseer_feat_L1.txt 0.00211229 0.00210844 3.856e-06
429 Citeseer_feat_L1.txt 0.0021142 0.0021101 4.099e-06
430 Citeseer_feat_L1.txt 0.00209941 0.00209512 4.297e-06
431 Citeseer_feat_L1.txt 0.00221923 0.00221558 3.648e-06
432 Citeseer_feat_L1.txt 0.00231368 0.0023091 4.585e-06
433 Citeseer_feat_L1.txt 0.00228994 0.00228601 3.935e-06
434 Citeseer_feat_L1.txt 0.00230875 0.00230452 4.231e-06
435 Citeseer_feat_L1.txt 0.00232584 0.00232127 4.566e-06
436 Citeseer_feat_L1.txt 0.00227492 0.00227063 4.292e-06
437 Citeseer_feat_L1.txt 0.00225707 0.00225287 4.193e-06
438 Citeseer_feat_L1.txt 0.00236069 0.00235659 4.101e-06
439 Citeseer_feat_L1.txt 0.00231247 0.0023081 4.369e-06
440 Citeseer_feat_L1.txt 0.0023149 0.0023109 3.998e-06
441 Citeseer_feat_L1.txt 0.00231013 0.00230598 4.148e-06
442 Citeseer_feat_L1.txt 0.00233815 0.00233404 4.102e-06
443 Citeseer_feat_L1.txt 0.00226703 0.00226308 3.947e-06
444 Citeseer_feat_L1.txt 0.0023059 0.0023023 3.596e-06
445 Citeseer_feat_L1.txt 0.00236784 0.00236401 3.836e-06
446 Citeseer_feat_L1.txt 0.00232319 0.00231922 3.97e-06
447 Citeseer_feat_L1.txt 0.00237909 0.00237459 4.495e-06
448 Citeseer_feat_L1.txt 0.00284536 0.00284121 4.152e-06
449 Citeseer_feat_L1.txt 0.00285052 0.00284666 3.861e-06
450 Citeseer_feat_L1.txt 0.00297598 0.0029713 4.673e-06
451 Citeseer_feat_L1.txt 0.00287725 0.00287388 3.367e-06
452 Citeseer_feat_L1.txt 0.00236664 0.00236277 3.875e-06
453 Citeseer_feat_L1.txt 0.0024452 0.00244106 4.142e-06
454 Citeseer_feat_L1.txt 0.00232837 0.0023244 3.976e-06
455 Citeseer_feat_L1.txt 0.0023751 0.00237069 4.418e-06
456 Citeseer_feat_L1.txt 0.00238662 0.00238312 3.498e-06
457 Citeseer_feat_L1.txt 0.00236 0.00235588 4.125e-06
458 Citeseer_feat_L1.txt 0.00242498 0.00242131 3.676e-06
459 Citeseer_feat_L1.txt 0.00241113 0.00240733 3.803e-06
460 Citeseer_feat_L1.txt 0.00228134 0.00227712 4.216e-06
461 Citeseer_feat_L1.txt 0.00230965 0.00230629 3.368e-06
462 Citeseer_feat_L1.txt 0.00232538 0.0023218 3.588e-06
463 Citeseer_feat_L1.txt 0.00232541 0.00232065 4.767e-06
464 Citeseer_feat_L1.txt 0.00223008 0.0022262 3.888e-06
465 Citeseer_feat_L1.txt 0.00210803 0.00210369 4.334e-06
466 Citeseer_feat_L1.txt 0.0021706 0.00216645 4.15e-06
467 Citeseer_feat_L1.txt 0.00216115 0.00215685 4.303e-06
468 Citeseer_feat_L1.txt 0.00230959 0.00230603 3.56e-06
469 Citeseer_feat_L1.txt 0.00213062 0.00212583 4.789e-06
470 Citeseer_feat_L1.txt 0.00220611 0.00220179 4.317e-06
471 Citeseer_feat_L1.txt 0.00215261 0.00214855 4.056e-06
472 Citeseer_feat_L1.txt 0.00224548 0.0022413 4.177e-06
473 Citeseer_feat_L1.txt 0.0021801 0.00217596 4.137e-06
474 Citeseer_feat_L1.txt 0.00225063 0.00224702 3.61e-06
475 Citeseer_feat_L1.txt 0.00215526 0.00215096 4.304e-06
476 Citeseer_feat_L1.txt 0.00214388 0.00213988 3.996e-06
477 Citeseer_feat_L1.txt 0.00212361 0.00212062 2.991e-06
478 Citeseer_feat_L1.txt 0.00225265 0.00224855 4.102e-06
479 Citeseer_feat_L1.txt 0.00217621 0.0021717 4.508e-06
480 Citeseer_feat_L1.txt 0.00230449 0.00229961 4.872e-06
481 Citeseer_feat_L1.txt 0.00229014 0.00228631 3.827e-06
482 Citeseer_feat_L1.txt 0.00237066 0.0023661 4.557e-06
483 Citeseer_feat_L1.txt 0.00228891 0.00228517 3.738e-06
484 Citeseer_feat_L1.txt 0.00224645 0.00224229 4.169e-06
485 Citeseer_feat_L1.txt 0.00225184 0.0022482 3.64e-06
486 Citeseer_feat_L1.txt 0.00230757 0.00230371 3.862e-06
487 Citeseer_feat_L1.txt 0.00224064 0.0022362 4.434e-06
488 Citeseer_feat_L1.txt 0.00236767 0.00236402 3.654e-06
489 Citeseer_feat_L1.txt 0.00227441 0.00227021 4.2e-06
490 Citeseer_feat_L1.txt 0.00226565 0.00226103 4.619e-06
491 Citeseer_feat_L1.txt 0.002297 0.00229283 4.176e-06
492 Citeseer_feat_L1.txt 0.00232079 0.00231724 3.543e-06
493 Citeseer_feat_L1.txt 0.00229983 0.00229569 4.143e-06
494 Citeseer_feat_L1.txt 0.00226568 0.00226063 5.048e-06
495 Citeseer_feat_L1.txt 0.00237907 0.00237472 4.356e-06
496 Citeseer_feat_L1.txt 0.00241295 0.00240876 4.185e-06
497 Citeseer_feat_L1.txt 0.00231298 0.00230922 3.76e-06
498 Citeseer_feat_L1.txt 0.00236175 0.00235789 3.86e-06
499 Citeseer_feat_L1.txt 0.00232592 0.00232173 4.189e-06
500 Citeseer_feat_L1.txt 0.00236853 0.00236454 3.992e-06
501 Citeseer_feat_L1.txt 0.00234605 0.00234207 3.979e-06
502 Citeseer_feat_L1.txt 0.00274237 0.00273534 7.031e-06
503 Citeseer_feat_L1.txt 0.00238037 0.00237661 3.758e-06
504 Citeseer_feat_L1.txt 0.00233522 0.0023312 4.013e-06
505 Citeseer_feat_L1.txt 0.00227564 0.00227166 3.977e-06
506 Citeseer_feat_L1.txt 0.00231997 0.00231606 3.911e-06
507 Citeseer_feat_L1.txt 0.00231803 0.00231393 4.096e-06
508 Citeseer_feat_L1.txt 0.00271551 0.00271203 3.478e-06
509 Citeseer_feat_L1.txt 0.00272042 0.00271569 4.726e-06
510 Citeseer_feat_L1.txt 0.00275829 0.00275356 4.73e-06
511 Citeseer_feat_L1.txt 0.00273752 0.00273339 4.127e-06
512 Citeseer_feat_L1.txt 0.00214235 0.00213908 3.273e-06
513 Citeseer_feat_L1.txt 0.00216185 0.00215734 4.508e-06
514 Citeseer_feat_L1.txt 0.00217578 0.00217193 3.851e-06
515 Citeseer_feat_L1.txt 0.00218426 0.00217929 4.963e-06
516 Citeseer_feat_L1.txt 0.00215511 0.00215138 3.725e-06
517 Citeseer_feat_L1.txt 0.00214168 0.00213823 3.449e-06
518 Citeseer_feat_L1.txt 0.00229811 0.00229325 4.86e-06
519 Citeseer_feat_L1.txt 0.00212521 0.00212147 3.734e-06
520 Citeseer_feat_L1.txt 0.00217869 0.00217507 3.624e-06
521 Citeseer_feat_L1.txt 0.00212226 0.00211808 4.178e-06
522 Citeseer_feat_L1.txt 0.00217268 0.00216796 4.72e-06
523 Citeseer_feat_L1.txt 0.00219096 0.00218673 4.224e-06
524 Citeseer_feat_L1.txt 0.00215907 0.00215495 4.116e-06
525 Citeseer_feat_L1.txt 0.0021843 0.00217967 4.631e-06
526 Citeseer_feat_L1.txt 0.00216138 0.0021569 4.484e-06
527 Citeseer_feat_L1.txt 0.0021436 0.00213957 4.03e-06
528 Citeseer_feat_L1.txt 0.0022529 0.00224856 4.345e-06
529 Citeseer_feat_L1.txt 0.00224053 0.00223683 3.694e-06
530 Citeseer_feat_L1.txt 0.00238641 0.0023825 3.913e-06
531 Citeseer_feat_L1.txt 0.00224975 0.00224525 4.494e-06
532 Citeseer_feat_L1.txt 0.00236958 0.00236485 4.737e-06
533 Citeseer_feat_L1.txt 0.00236527 0.00236125 4.016e-06
534 Citeseer_feat_L1.txt 0.00237423 0.00236944 4.792e-06
535 Citeseer_feat_L1.txt 0.00228199 0.00227805 3.931e-06
536 Citeseer_feat_L1.txt 0.00223489 0.00223064 4.247e-06
537 Citeseer_feat_L1.txt 0.00224114 0.00223712 4.028e-06
538 Citeseer_feat_L1.txt 0.00225482 0.00225053 4.286e-06
539 Citeseer_feat_L1.txt 0.00225441 0.00225031 4.1e-06
540 Citeseer_feat_L1.txt 0.00227351 0.00226943 4.086e-06
541 Citeseer_feat_L1.txt 0.00232996 0.00232576 4.206e-06
542 Citeseer_feat_L1.txt 0.00232173 0.00231723 4.502e-06
543 Citeseer_feat_L1.txt 0.00238099 0.00237712 3.864e-06
544 Citeseer_feat_L1.txt 0.00234184 0.00233744 4.401e-06
545 Citeseer_feat_L1.txt 0.00232624 0.00232236 3.881e-06
546 Citeseer_feat_L1.txt 0.00234499 0.00234109 3.893e-06
547 Citeseer_feat_L1.txt 0.00234508 0.00234063 4.446e-06
548 Citeseer_feat_L1.txt 0.00232866 0.00232477 3.892e-06
549 Citeseer_feat_L1.txt 0.00233926 0.00233493 4.325e-06
550 Citeseer_feat_L1.txt 0.00232416 0.0023196 4.564e-06
551 Citeseer_feat_L1.txt 0.00240109 0.00239657 4.527e-06
552 Citeseer_feat_L1.txt 0.00229196 0.00228784 4.114e-06
553 Citeseer_feat_L1.txt 0.00228405 0.0022799 4.149e-06
554 Citeseer_feat_L1.txt 0.00231178 0.00230772 4.053e-06
555 Citeseer_feat_L1.txt 0.00230302 0.00229895 4.068e-06
556 Citeseer_feat_L1.txt 0.00231601 0.00231231 3.699e-06
557 Citeseer_feat_L1.txt 0.00230799 0.00230367 4.322e-06
558 Citeseer_feat_L1.txt 0.00236595 0.00236197 3.985e-06
559 Citeseer_feat_L1.txt 0.00227273 0.00226866 4.075e-06
560 Citeseer_feat_L1.txt 0.00216839 0.00216441 3.986e-06
561 Citeseer_feat_L1.txt 0.00220974 0.0022054 4.346e-06
562 Citeseer_feat_L1.txt 0.00222348 0.00221889 4.587e-06
563 Citeseer_feat_L1.txt 0.00215869 0.00215395 4.745e-06
564 Citeseer_feat_L1.txt 0.0021633 0.00215936 3.943e-06
565 Citeseer_feat_L1.txt 0.00226598 0.00226161 4.374e-06
566 Citeseer_feat_L1.txt 0.00217441 0.00216961 4.796e-06
567 Citeseer_feat_L1.txt 0.00224406 0.00223987 4.198e-06
568 Citeseer_feat_L1.txt 0.00224143 0.00223753 3.906e-06
569 Citeseer_feat_L1.txt 0.0022087 0.00220563 3.077e-06
570 Citeseer_feat_L1.txt 0.00215641 0.00215176 4.643e-06
571 Citeseer_feat_L1.txt 0.00216565 0.00216212 3.526e-06
572 Citeseer_feat_L1.txt 0.00215606 0.0021517 4.359e-06
573 Citeseer_feat_L1.txt 0.00215002 0.00214525 4.774e-06
574 Citeseer_feat_L1.txt 0.00224032 0.00223622 4.095e-06
575 Citeseer_feat_L1.txt 0.00213682 0.00213278 4.033e-06
576 Citeseer_feat_L1.txt 0.00223603 0.00223113 4.905e-06
577 Citeseer_feat_L1.txt 0.00231987 0.00231526 4.603e-06
578 Citeseer_feat_L1.txt 0.00227467 0.00227069 3.981e-06
579 Citeseer_feat_L1.txt 0.00234499 0.0023407 4.292e-06
580 Citeseer_feat_L1.txt 0.0022833 0.00227887 4.425e-06
581 Citeseer_feat_L1.txt 0.00232761 0.00232354 4.066e-06
582 Citeseer_feat_L1.txt 0.00233518 0.0023299 5.278e-06
583 Citeseer_feat_L1.txt 0.00228358 0.00227915 4.422e-06
584 Citeseer_feat_L1.txt 0.00221565 0.00221078 4.863e-06
585 Citeseer_feat_L1.txt 0.00227839 0.00227487 3.52e-06
586 Citeseer_feat_L1.txt 0.00229087 0.00228642 4.45e-06
587 Citeseer_feat_L1.txt 0.00235261 0.00234824 4.37e-06
588 Citeseer_feat_L1.txt 0.00227904 0.00227422 4.817e-06
589 Citeseer_feat_L1.txt 0.00236119 0.00235694 4.246e-06
590 Citeseer_feat_L1.txt 0.00239948 0.00239544 4.043e-06
591 Citeseer_feat_L1.txt 0.00229165 0.00228751 4.147e-06
592 Citeseer_feat_L1.txt 0.00235959 0.00235553 4.062e-06
593 Citeseer_feat_L1.txt 0.00243018 0.00242606 4.12e-06
594 Citeseer_feat_L1.txt 0.00237435 0.0023702 4.149e-06
595 Citeseer_feat_L1.txt 0.00239371 0.00238978 3.929e-06
596 Citeseer_feat_L1.txt 0.00232151 0.00231727 4.237e-06
597 Citeseer_feat_L1.txt 0.00240985 0.00240655 3.302e-06
598 Citeseer_feat_L1.txt 0.00235378 0.00234934 4.432e-06
599 Citeseer_feat_L1.txt 0.0023906 0.00238642 4.181e-06
600 Citeseer_feat_L1.txt 0.00234463 0.00234092 3.712e-06
601 Citeseer_feat_L1.txt 0.0022559 0.00225258 3.322e-06
602 Citeseer_feat_L1.txt 0.0026525 0.00264803 4.47e-06
603 Citeseer_feat_L1.txt 0.00264279 0.00263833 4.457e-06
604 Citeseer_feat_L1.txt 0.00235319 0.00234888 4.305e-06
605 Citeseer_feat_L1.txt 0.00224535 0.00224101 4.346e-06
606 Citeseer_feat_L1.txt 0.00235819 0.00235398 4.205e-06
607 Citeseer_feat_L1.txt 0.00223129 0.0022266 4.69e-06
608 Citeseer_feat_L1.txt 0.00212517 0.00212108 4.093e-06
609 Citeseer_feat_L1.txt 0.00214214 0.00213768 4.46e-06
610 Citeseer_feat_L1.txt 0.00215975 0.00215537 4.379e-06
611 Citeseer_feat_L1.txt 0.00209189 0.00208816 3.731e-06
612 Citeseer_feat_L1.txt 0.00218325 0.00217945 3.803e-06
613 Citeseer_feat_L1.txt 0.00216174 0.00215749 4.252e-06
614 Citeseer_feat_L1.txt 0.00213277 0.00212779 4.981e-06
615 Citeseer_feat_L1.txt 0.00215524 0.00215081 4.423e-06
616 Citeseer_feat_L1.txt 0.00210707 0.00210319 3.886e-06
617 Citeseer_feat_L1.txt 0.00213838 0.00213398 4.396e-06
618 Citeseer_feat_L1.txt 0.00220467 0.00220042 4.252e-06
619 Citeseer_feat_L1.txt 0.00212779 0.00212345 4.336e-06
620 Citeseer_feat_L1.txt 0.00214444 0.00214095 3.49e-06
621 Citeseer_feat_L1.txt 0.00220415 0.00220053 3.617e-06
622 Citeseer_feat_L1.txt 0.00215612 0.00215193 4.192e-06
623 Citeseer_feat_L1.txt 0.00221101 0.00220732 3.694e-06
624 Citeseer_feat_L1.txt 0.0022642 0.00225947 4.725e-06
625 Citeseer_feat_L1.txt 0.002225 0.00222149 3.512e-06
626 Citeseer_feat_L1.txt 0.00219784 0.00219341 4.429e-06
627 Citeseer_feat_L1.txt 0.00212467 0.002121 3.668e-06
628 Citeseer_feat_L1.txt 0.00225584 0.0022524 3.438e-06
629 Citeseer_feat_L1.txt 0.00228744 0.00228324 4.195e-06
630 Citeseer_feat_L1.txt 0.00225414 0.00225016 3.977e-06
631 Citeseer_feat_L1.txt 0.00223257 0.00222807 4.493e-06
632 Citeseer_feat_L1.txt 0.00222346 0.00221926 4.202e-06
633 Citeseer_feat_L1.txt 0.0021668 0.00216297 3.827e-06
634 Citeseer_feat_L1.txt 0.00212491 0.00212073 4.184e-06
635 Citeseer_feat_L1.txt 0.00217402 0.00216927 4.755e-06
636 Citeseer_feat_L1.txt 0.00236294 0.00235888 4.062e-06
637 Citeseer_feat_L1.txt 0.00230628 0.00230202 4.258e-06
638 Citeseer_feat_L1.txt 0.00229391 0.00228928 4.627e-06
639 Citeseer_feat_L1.txt 0.00228573 0.00228062 5.115e-06
640 Citeseer_feat_L1.txt 0.00234402 0.00233919 4.834e-06
641 Citeseer_feat_L1.txt 0.00220439 0.00220081 3.579e-06
642 Citeseer_feat_L1.txt 0.00220125 0.00219669 4.561e-06
643 Citeseer_feat_L1.txt 0.00229827 0.00229465 3.619e-06
644 Citeseer_feat_L1.txt 0.00230405 0.00230048 3.575e-06
645 Citeseer_feat_L1.txt 0.0022263 0.0022219 4.396e-06
646 Citeseer_feat_L1.txt 0.00226256 0.00225833 4.222e-06
647 Citeseer_feat_L1.txt 0.00219513 0.00219061 4.526e-06
648 Citeseer_feat_L1.txt 0.00229193 0.00228758 4.353e-06
649 Citeseer_feat_L1.txt 0.00217723 0.00217285 4.38e-06
650 Citeseer_feat_L1.txt 0.00228811 0.00228435 3.769e-06
651 Citeseer_feat_L1.txt 0.00221972 0.00221612 3.597e-06
652 Citeseer_feat_L1.txt 0.00221636 0.00221199 4.366e-06
653 Citeseer_feat_L1.txt 0.00225986 0.00225539 4.472e-06
654 Citeseer_feat_L1.txt 0.00240944 0.00240514 4.292e-06
655 Citeseer_feat_L1.txt 0.00226749 0.00226376 3.727e-06
656 Citeseer_feat_L1.txt 0.00209806 0.00209378 4.281e-06
657 Citeseer_feat_L1.txt 0.00216791 0.00216385 4.059e-06
658 Citeseer_feat_L1.txt 0.00205397 0.0020504 3.571e-06
659 Citeseer_feat_L1.txt 0.00202321 0.00201955 3.662e-06
660 Citeseer_feat_L1.txt 0.00217256 0.00216839 4.168e-06
661 Citeseer_feat_L1.txt 0.00214129 0.00213693 4.356e-06
662 Citeseer_feat_L1.txt 0.00204555 0.00204192 3.623e-06
663 Citeseer_feat_L1.txt 0.00215083 0.00214603 4.802e-06
664 Citeseer_feat_L1.txt 0.00207826 0.00207469 3.566e-06
665 Citeseer_feat_L1.txt 0.00208055 0.00207601 4.544e-06
666 Citeseer_feat_L1.txt 0.00216447 0.00216069 3.781e-06
667 Citeseer_feat_L1.txt 0.00213222 0.00212815 4.067e-06
668 Citeseer_feat_L1.txt 0.00206483 0.00206096 3.868e-06
669 Citeseer_feat_L1.txt 0.00224572 0.00224208 3.638e-06
670 Citeseer_feat_L1.txt 0.00201838 0.00201433 4.055e-06
671 Citeseer_feat_L1.txt 0.00213753 0.00213355 3.98e-06
672 Citeseer_feat_L1.txt 0.00219071 0.00218539 5.321e-06
673 Citeseer_feat_L1.txt 0.00220849 0.0022046 3.883e-06
674 Citeseer_feat_L1.txt 0.00231239 0.00230852 3.865e-06
675 Citeseer_feat_L1.txt 0.00223939 0.00223529 4.1e-06
676 Citeseer_feat_L1.txt 0.00223728 0.00223344 3.835e-06
677 Citeseer_feat_L1.txt 0.00223578 0.00223165 4.129e-06
678 Citeseer_feat_L1.txt 0.00223289 0.00222896 3.932e-06
679 Citeseer_feat_L1.txt 0.00225135 0.00224796 3.384e-06
680 Citeseer_feat_L1.txt 0.0022155 0.00221138 4.123e-06
681 Citeseer_feat_L1.txt 0.00230128 0.00229709 4.191e-06
682 Citeseer_feat_L1.txt 0.00224884 0.00224453 4.306e-06
683 Citeseer_feat_L1.txt 0.00221456 0.00221059 3.97e-06
684 Citeseer_feat_L1.txt 0.00220122 0.00219757 3.644e-06
685 Citeseer_feat_L1.txt 0.00229841 0.00229365 4.754e-06
686 Citeseer_feat_L1.txt 0.00225377 0.00224997 3.8e-06
687 Citeseer_feat_L1.txt 0.00224046 0.00223598 4.473e-06
688 Citeseer_feat_L1.txt 0.00229335 0.00228938 3.967e-06
689 Citeseer_feat_L1.txt 0.00235528 0.00235159 3.691e-06
690 Citeseer_feat_L1.txt 0.00237082 0.00236651 4.312e-06
691 Citeseer_feat_L1.txt 0.00236311 0.00235902 4.09e-06
692 Citeseer_feat_L1.txt 0.00233989 0.00233619 3.702e-06
693 Citeseer_feat_L1.txt 0.00238156 0.00237828 3.277e-06
694 Citeseer_feat_L1.txt 0.00234038 0.00233627 4.112e-06
695 Citeseer_feat_L1.txt 0.00231362 0.0023094 4.219e-06
696 Citeseer_feat_L1.txt 0.00227746 0.00227322 4.245e-06
697 Citeseer_feat_L1.txt 0.00225637 0.0022516 4.772e-06
698 Citeseer_feat_L1.txt 0.00229981 0.00229524 4.57e-06
699 Citeseer_feat_L1.txt 0.00225935 0.00225557 3.782e-06
700 Citeseer_feat_L1.txt 0.00225922 0.00225503 4.197e-06
701 Citeseer_feat_L1.txt 0.0022684 0.00226441 3.99e-06
702 Citeseer_feat_L1.txt 0.00229682 0.00229213 4.691e-06
703 Citeseer_feat_L1.txt 0.00227087 0.00226615 4.721e-06
704 Citeseer_feat_L1.txt 0.00217337 0.0021696 3.765e-06
705 Citeseer_feat_L1.txt 0.0021542 0.00215029 3.911e-06
706 Citeseer_feat_L1.txt 0.00213316 0.00212831 4.851e-06
707 Citeseer_feat_L1.txt 0.00214038 0.00213686 3.514e-06
708 Citeseer_feat_L1.txt 0.00212103 0.00211694 4.092e-06
709 Citeseer_feat_L1.txt 0.00216245 0.0021582 4.251e-06
710 Citeseer_feat_L1.txt 0.00217117 0.00216717 4.004e-06
711 Citeseer_feat_L1.txt 0.00211403 0.0021098 4.23e-06
712 Citeseer_feat_L1.txt 0.00211991 0.00211577 4.145e-06
713 Citeseer_feat_L1.txt 0.00217063 0.0021668 3.829e-06
714 Citeseer_feat_L1.txt 0.00216809 0.00216387 4.222e-06
715 Citeseer_feat_L1.txt 0.00216038 0.00215569 4.689e-06
716 Citeseer_feat_L1.txt 0.00212816 0.00212446 3.697e-06
717 Citeseer_feat_L1.txt 0.00215278 0.00214897 3.803e-06
718 Citeseer_feat_L1.txt 0.00209695 0.00209103 5.92e-06
719 Citeseer_feat_L1.txt 0.00215032 0.00214609 4.233e-06
720 Citeseer_feat_L1.txt 0.00226115 0.00225638 4.774e-06
721 Citeseer_feat_L1.txt 0.0023257 0.00232233 3.371e-06
722 Citeseer_feat_L1.txt 0.0022744 0.00226913 5.27e-06
723 Citeseer_feat_L1.txt 0.00229897 0.00229424 4.728e-06
724 Citeseer_feat_L1.txt 0.00235129 0.00234757 3.715e-06
725 Citeseer_feat_L1.txt 0.00228986 0.00228566 4.202e-06
726 Citeseer_feat_L1.txt 0.00232663 0.00232213 4.492e-06
727 Citeseer_feat_L1.txt 0.00231954 0.00231593 3.615e-06
728 Citeseer_feat_L1.txt 0.00231596 0.00231161 4.35e-06
729 Citeseer_feat_L1.txt 0.00226062 0.00225586 4.766e-06
730 Citeseer_feat_L1.txt 0.00233007 0.00232532 4.75e-06
731 Citeseer_feat_L1.txt 0.00229047 0.00228627 4.2e-06
732 Citeseer_feat_L1.txt 0.00232754 0.00232328 4.265e-06
733 Citeseer_feat_L1.txt 0.00233088 0.00232657 4.312e-06
734 Citeseer_feat_L1.txt 0.00236535 0.00236086 4.491e-06
735 Citeseer_feat_L1.txt 0.00228773 0.00228385 3.877e-06
736 Citeseer_feat_L1.txt 0.00237183 0.00236718 4.656e-06
737 Citeseer_feat_L1.txt 0.00233238 0.00232787 4.508e-06
738 Citeseer_feat_L1.txt 0.00238862 0.00238431 4.31e-06
739 Citeseer_feat_L1.txt 0.00234523 0.00234145 3.786e-06
740 Citeseer_feat_L1.txt 0.0024073 0.00240354 3.76e-06
741 Citeseer_feat_L1.txt 0.00233289 0.00232853 4.355e-06
742 Citeseer_feat_L1.txt 0.00233974 0.00233488 4.854e-06
743 Citeseer_feat_L1.txt 0.00240319 0.00239931 3.884e-06
744 Citeseer_feat_L1.txt 0.0022875 0.00228338 4.121e-06
745 Citeseer_feat_L1.txt 0.00227893 0.00227489 4.036e-06
746 Citeseer_feat_L1.txt 0.00234533 0.00234144 3.886e-06
747 Citeseer_feat_L1.txt 0.00230374 0.00229949 4.251e-06
748 Citeseer_feat_L1.txt 0.00234792 0.00234423 3.693e-06
749 Citeseer_feat_L1.txt 0.00233254 0.00232823 4.313e-06
750 Citeseer_feat_L1.txt 0.00231398 0.00230955 4.429e-06
751 Citeseer_feat_L1.txt 0.00234733 0.00234328 4.048e-06
752 Citeseer_feat_L1.txt 0.00218898 0.00218516 3.82e-06
753 Citeseer_feat_L1.txt 0.00218167 0.00217733 4.337e-06
754 Citeseer_feat_L1.txt 0.00220957 0.00220565 3.912e-06
755 Citeseer_feat_L1.txt 0.00214924 0.00214497 4.267e-06
756 Citeseer_feat_L1.txt 0.00221601 0.002212 4.005e-06
757 Citeseer_feat_L1.txt 0.00217978 0.0021752 4.573e-06
758 Citeseer_feat_L1.txt 0.00222042 0.00221608 4.338e-06
759 Citeseer_feat_L1.txt 0.00220542 0.00220064 4.776e-06
760 Citeseer_feat_L1.txt 0.00220914 0.00220459 4.554e-06
761 Citeseer_feat_L1.txt 0.00216057 0.00215579 4.783e-06
762 Citeseer_feat_L1.txt 0.00219163 0.00218754 4.098e-06
763 Citeseer_feat_L1.txt 0.00220606 0.00220199 4.066e-06
764 Citeseer_feat_L1.txt 0.00220545 0.00220123 4.222e-06
765 Citeseer_feat_L1.txt 0.00215001 0.00214615 3.862e-06
766 Citeseer_feat_L1.txt 0.00219143 0.00218743 4.002e-06
767 Citeseer_feat_L1.txt 0.00240111 0.0021938 0.000207305
0 Citeseer_A.txt 0.000714563 0.000713212 1.351e-06
1 Citeseer_A.txt 0.000711359 0.000710281 1.078e-06
2 Citeseer_A.txt 0.000714954 0.000714136 8.18e-07
3 Citeseer_A.txt 0.000711721 0.000710958 7.63e-07
4 Citeseer_A.txt 0.000718716 0.000718063 6.53e-07
5 Citeseer_A.txt 0.000716357 0.000715807 5.5e-07
6 Citeseer_A.txt 0.000720052 0.000718984 1.068e-06
7 Citeseer_A.txt 0.000715856 0.000715117 7.39e-07
8 Citeseer_A.txt 0.000715066 0.000714384 6.82e-07
9 Citeseer_A.txt 0.000713074 0.000712103 9.71e-07
10 Citeseer_A.txt 0.000720597 0.000719999 5.98e-07
11 Citeseer_A.txt 0.000717526 0.000716622 9.04e-07
12 Citeseer_A.txt 0.000726934 0.000726017 9.17e-07
13 Citeseer_A.txt 0.000722809 0.000722191 6.18e-07
14 Citeseer_A.txt 0.000728741 0.000727752 9.89e-07
15 Citeseer_A.txt 0.000725215 0.000724143 1.072e-06
16 Citeseer_A.txt 0.000782681 0.000781926 7.55e-07
17 Citeseer_A.txt 0.000780181 0.000779469 7.12e-07
18 Citeseer_A.txt 0.000788696 0.000787933 7.63e-07
19 Citeseer_A.txt 0.000785828 0.000784978 8.5e-07
20 Citeseer_A.txt 0.000781787 0.000781049 7.38e-07
21 Citeseer_A.txt 0.000779595 0.000778937 6.58e-07
22 Citeseer_A.txt 0.000785031 0.000784311 7.2e-07
23 Citeseer_A.txt 0.000781791 0.000780917 8.74e-07
24 Citeseer_A.txt 0.000727323 0.00072651 8.13e-07
25 Citeseer_A.txt 0.000724631 0.000724004 6.27e-07
26 Citeseer_A.txt 0.000734223 0.00073344 7.83e-07
27 Citeseer_A.txt 0.00073134 0.000730436 9.04e-07
28 Citeseer_A.txt 0.000732911 0.000732327 5.84e-07
29 Citeseer_A.txt 0.000730909 0.000729899 1.01e-06
30 Citeseer_A.txt 0.000736187 0.000735565 6.22e-07
31 Citeseer_A.txt 0.000732942 0.000732237 7.05e-07
32 Citeseer_A.txt 0.000619227 0.000618525 7.02e-07
33 Citeseer_A.txt 0.000616752 0.00061601 7.42e-07
34 Citeseer_A.txt 0.00062642 0.000625639 7.81e-07
35 Citeseer_A.txt 0.000622945 0.000622074 8.71e-07
36 Citeseer_A.txt 0.000629753 0.000628909 8.44e-07
37 Citeseer_A.txt 0.000627349 0.000626564 7.85e-07
38 Citeseer_A.txt 0.000634249 0.000633387 8.62e-07
39 Citeseer_A.txt 0.000630904 0.000630015 8.89e-07
40 Citeseer_A.txt 0.000628804 0.000628025 7.79e-07
41 Citeseer_A.txt 0.00062622 0.000625491 7.29e-07
42 Citeseer_A.txt 0.000632283 0.000631598 6.85e-07
43 Citeseer_A.txt 0.000629051 0.000628443 6.08e-07
44 Citeseer_A.txt 0.000634969 0.000634379 5.9e-07
45 Citeseer_A.txt 0.00063336 0.000632492 8.68e-07
46 Citeseer_A.txt 0.0006395 0.000638837 6.63e-07
47 Citeseer_A.txt 0.000636263 0.000635703 5.6e-07
48 Citeseer_A.txt 0.000721346 0.000720629 7.17e-07
49 Citeseer_A.txt 0.000719203 0.000718319 8.84e-07
50 Citeseer_A.txt 0.000722682 0.000721868 8.14e-07
51 Citeseer_A.txt 0.000718606 0.000717663 9.43e-07
52 Citeseer_A.txt 0.000718078 0.000717244 8.34e-07
53 Citeseer_A.txt 0.00071598 0.000715068 9.12e-07
54 Citeseer_A.txt 0.00072187 0.000721085 7.85e-07
55 Citeseer_A.txt 0.000717967 0.000717203 7.64e-07
56 Citeseer_A.txt 0.000722216 0.000721141 1.075e-06
57 Citeseer_A.txt 0.00071975 0.000718699 1.051e-06
58 Citeseer_A.txt 0.00072928 0.000728321 9.59e-07
59 Citeseer_A.txt 0.000724081 0.000723239 8.42e-07
60 Citeseer_A.txt 0.000728983 0.000728212 7.71e-07
61 Citeseer_A.txt 0.000727102 0.000726049 1.053e-06
62 Citeseer_A.txt 0.000732735 0.00073189 8.45e-07
63 Citeseer_A.txt 0.000728423 0.000727532 8.91e-07
64 Citeseer_A.txt 0.000783548 0.000782918 6.3e-07
65 Citeseer_A.txt 0.00078101 0.000780237 7.73e-07
66 Citeseer_A.txt 0.00078797 0.000787066 9.04e-07
67 Citeseer_A.txt 0.000784232 0.000783654 5.78e-07
68 Citeseer_A.txt 0.000783205 0.000782529 6.76e-07
69 Citeseer_A.txt 0.000780911 0.000780176 7.35e-07
70 Citeseer_A.txt 0.00078851 0.000787798 7.12e-07
71 Citeseer_A.txt 0.000785204 0.000784415 7.89e-07
72 Citeseer_A.txt 0.000734834 0.000734121 7.13e-07
73 Citeseer_A.txt 0.0007315 0.000730836 6.64e-07
74 Citeseer_A.txt 0.000736121 0.000735185 9.36e-07
75 Citeseer_A.txt 0.000731828 0.000730997 8.31e-07
76 Citeseer_A.txt 0.000736131 0.000735456 6.75e-07
77 Citeseer_A.txt 0.000733194 0.000732679 5.15e-07
78 Citeseer_A.txt 0.000737142 0.000736438 7.04e-07
79 Citeseer_A.txt 0.000733761 0.000733212 5.49e-07
80 Citeseer_A.txt 0.00062038 0.000619692 6.88e-07
81 Citeseer_A.txt 0.000618284 0.000617469 8.15e-07
82 Citeseer_A.txt 0.000625843 0.000624987 8.56e-07
83 Citeseer_A.txt 0.000622267 0.000621663 6.04e-07
84 Citeseer_A.txt 0.000631041 0.000630207 8.34e-07
85 Citeseer_A.txt 0.000628113 0.000627436 6.77e-07
86 Citeseer_A.txt 0.000632749 0.000632081 6.68e-07
87 Citeseer_A.txt 0.000630298 0.000629298 1e-06
88 Citeseer_A.txt 0.000627582 0.000626784 7.98e-07
89 Citeseer_A.txt 0.00062505 0.000624385 6.65e-07
90 Citeseer_A.txt 0.000632802 0.000631994 8.08e-07
91 Citeseer_A.txt 0.000628778 0.000628143 6.35e-07
92 Citeseer_A.txt 0.000631085 0.000630364 7.21e-07
93 Citeseer_A.txt 0.000628579 0.000627647 9.32e-07
94 Citeseer_A.txt 0.000632689 0.000632033 6.56e-07
95 Citeseer_A.txt 0.000628855 0.000628226 6.29e-07
96 Citeseer_A.txt 0.000736248 0.000735463 7.85e-07
97 Citeseer_A.txt 0.000734024 0.000733031 9.93e-07
98 Citeseer_A.txt 0.000736626 0.000736078 5.48e-07
99 Citeseer_A.txt 0.00073346 0.000732809 6.51e-07
100 Citeseer_A.txt 0.000737833 0.000737116 7.17e-07
101 Citeseer_A.txt 0.000735238 0.000734737 5.01e-07
102 Citeseer_A.txt 0.000740333 0.000739533 8e-07
103 Citeseer_A.txt 0.000736657 0.000736043 6.14e-07
104 Citeseer_A.txt 0.000741486 0.00074082 6.66e-07
105 Citeseer_A.txt 0.000739208 0.000738439 7.69e-07
106 Citeseer_A.txt 0.000748293 0.000747401 8.92e-07
107 Citeseer_A.txt 0.000744749 0.00074386 8.89e-07
108 Citeseer_A.txt 0.000744323 0.000743667 6.56e-07
109 Citeseer_A.txt 0.000742251 0.000741522 7.29e-07
110 Citeseer_A.txt 0.000748203 0.000747369 8.34e-07
111 Citeseer_A.txt 0.000744827 0.00074395 8.77e-07
112 Citeseer_A.txt 0.000800688 0.000799966 7.22e-07
113 Citeseer_A.txt 0.000798186 0.000797417 7.69e-07
114 Citeseer_A.txt 0.000805714 0.000804879 8.35e-07
115 Citeseer_A.txt 0.000802152 0.000801359 7.93e-07
116 Citeseer_A.txt 0.000801393 0.000800673 7.2e-07
117 Citeseer_A.txt 0.000799572 0.000798743 8.29e-07
118 Citeseer_A.txt 0.00080602 0.000805229 7.91e-07
119 Citeseer_A.txt 0.000803407 0.000802658 7.49e-07
120 Citeseer_A.txt 0.000748631 0.000747852 7.79e-07
121 Citeseer_A.txt 0.000745013 0.000744319 6.94e-07
122 Citeseer_A.txt 0.000753028 0.000752366 6.62e-07
123 Citeseer_A.txt 0.000750073 0.000749321 7.52e-07
124 Citeseer_A.txt 0.000753291 0.000752391 9e-07
125 Citeseer_A.txt 0.00075129 0.000750559 7.31e-07
126 Citeseer_A.txt 0.000756647 0.000756122 5.25e-07
127 Citeseer_A.txt 0.000752784 0.000752042 7.42e-07
128 Citeseer_A.txt 0.000641544 0.000640781 7.63e-07
129 Citeseer_A.txt 0.000638901 0.000638211 6.9e-07
130 Citeseer_A.txt 0.000647988 0.00064747 5.18e-07
131 Citeseer_A.txt 0.000645028 0.000644123 9.05e-07
132 Citeseer_A.txt 0.000651674 0.000650762 9.12e-07
133 Citeseer_A.txt 0.000649136 0.000648369 7.67e-07
134 Citeseer_A.txt 0.000654126 0.00065315 9.76e-07
135 Citeseer_A.txt 0.000650903 0.000649985 9.18e-07
136 Citeseer_A.txt 0.000647754 0.000647 7.54e-07
137 Citeseer_A.txt 0.000644355 0.000643943 4.12e-07
138 Citeseer_A.txt 0.000653708 0.000653038 6.7e-07
139 Citeseer_A.txt 0.000649905 0.00064919 7.15e-07
140 Citeseer_A.txt 0.00064567 0.000645037 6.33e-07
141 Citeseer_A.txt 0.000643502 0.000642718 7.84e-07
142 Citeseer_A.txt 0.000651457 0.000650812 6.45e-07
143 Citeseer_A.txt 0.000647169 0.000646598 5.71e-07
144 Citeseer_A.txt 0.000735534 0.000734691 8.43e-07
145 Citeseer_A.txt 0.000731992 0.000731534 4.58e-07
146 Citeseer_A.txt 0.00073887 0.000738138 7.32e-07
147 Citeseer_A.txt 0.000734507 0.000733927 5.8e-07
148 Citeseer_A.txt 0.00073588 0.000735179 7.01e-07
149 Citeseer_A.txt 0.000733056 0.000732251 8.05e-07
150 Citeseer_A.txt 0.000740889 0.000740172 7.17e-07
151 Citeseer_A.txt 0.000737747 0.000736736 1.011e-06
152 Citeseer_A.txt 0.000733165 0.000732093 1.072e-06
153 Citeseer_A.txt 0.000728582 0.000728081 5.01e-07
154 Citeseer_A.txt 0.000739204 0.000738536 6.68e-07
155 Citeseer_A.txt 0.000735701 0.000734759 9.42e-07
156 Citeseer_A.txt 0.000737305 0.000736312 9.93e-07
157 Citeseer_A.txt 0.000734945 0.000734003 9.42e-07
158 Citeseer_A.txt 0.000740578 0.000739899 6.79e-07
159 Citeseer_A.txt 0.000737089 0.000736274 8.15e-07
160 Citeseer_A.txt 0.000797451 0.000796809 6.42e-07
161 Citeseer_A.txt 0.000795212 0.000794437 7.75e-07
162 Citeseer_A.txt 0.000802715 0.000802025 6.9e-07
163 Citeseer_A.txt 0.000799928 0.000799016 9.12e-07
164 Citeseer_A.txt 0.00079924 0.000798179 1.061e-06
165 Citeseer_A.txt 0.000796873 0.000796111 7.62e-07
166 Citeseer_A.txt 0.000802552 0.000801818 7.34e-07
167 Citeseer_A.txt 0.000799447 0.000798758 6.89e-07
168 Citeseer_A.txt 0.000748453 0.000747757 6.96e-07
169 Citeseer_A.txt 0.000746023 0.00074512 9.03e-07
170 Citeseer_A.txt 0.00075522 0.000754509 7.11e-07
171 Citeseer_A.txt 0.000751782 0.000751133 6.49e-07
172 Citeseer_A.txt 0.000753937 0.000753175 7.62e-07
173 Citeseer_A.txt 0.000751747 0.000750864 8.83e-07
174 Citeseer_A.txt 0.000758 0.000757319 6.81e-07
175 Citeseer_A.txt 0.000754023 0.00075339 6.33e-07
176 Citeseer_A.txt 0.000644094 0.000643212 8.82e-07
177 Citeseer_A.txt 0.000642186 0.000641485 7.01e-07
178 Citeseer_A.txt 0.000651482 0.000650721 7.61e-07
179 Citeseer_A.txt 0.000648467 0.000647781 6.86e-07
180 Citeseer_A.txt 0.000649618 0.000648805 8.13e-07
181 Citeseer_A.txt 0.000647204 0.0006467 5.04e-07
182 Citeseer_A.txt 0.000653258 0.00065253 7.28e-07
183 Citeseer_A.txt 0.000650049 0.000649314 7.35e-07
184 Citeseer_A.txt 0.000651526 0.000650682 8.44e-07
185 Citeseer_A.txt 0.000648962 0.000648426 5.36e-07
186 Citeseer_A.txt 0.000658547 0.000657672 8.75e-07
187 Citeseer_A.txt 0.000654857 0.000654025 8.32e-07
188 Citeseer_A.txt 0.000655215 0.00065451 7.05e-07
189 Citeseer_A.txt 0.000653082 0.000652146 9.36e-07
190 Citeseer_A.txt 0.000659275 0.000658695 5.8e-07
191 Citeseer_A.txt 0.000655682 0.000655195 4.87e-07
192 Citeseer_A.txt 0.00066816 0.00066742 7.4e-07
193 Citeseer_A.txt 0.000666063 0.00066524 8.23e-07
194 Citeseer_A.txt 0.000673164 0.000672358 8.06e-07
195 Citeseer_A.txt 0.000669892 0.00066926 6.32e-07
196 Citeseer_A.txt 0.000670899 0.000670123 7.76e-07
197 Citeseer_A.txt 0.000667844 0.000667306 5.38e-07
198 Citeseer_A.txt 0.000670575 0.000669951 6.24e-07
199 Citeseer_A.txt 0.000667801 0.000667149 6.52e-07
200 Citeseer_A.txt 0.000671854 0.000671248 6.06e-07
201 Citeseer_A.txt 0.000669443 0.000668886 5.57e-07
202 Citeseer_A.txt 0.000679036 0.000678444 5.92e-07
203 Citeseer_A.txt 0.000675956 0.000675324 6.32e-07
204 Citeseer_A.txt 0.000676494 0.000675837 6.57e-07
205 Citeseer_A.txt 0.000673595 0.000672985 6.1e-07
206 Citeseer_A.txt 0.000678913 0.000678215 6.98e-07
207 Citeseer_A.txt 0.000675506 0.000674892 6.14e-07
208 Citeseer_A.txt 0.00073217 0.000731534 6.36e-07
209 Citeseer_A.txt 0.000729921 0.000729352 5.69e-07
210 Citeseer_A.txt 0.000741053 0.00074035 7.03e-07
211 Citeseer_A.txt 0.000737095 0.000736101 9.94e-07
212 Citeseer_A.txt 0.000734663 0.000733793 8.7e-07
213 Citeseer_A.txt 0.000732613 0.000732078 5.35e-07
214 Citeseer_A.txt 0.000738569 0.000737946 6.23e-07
215 Citeseer_A.txt 0.000735643 0.000734748 8.95e-07
216 Citeseer_A.txt 0.000684873 0.000683824 1.049e-06
217 Citeseer_A.txt 0.000681803 0.000680875 9.28e-07
218 Citeseer_A.txt 0.000689496 0.0006888 6.96e-07
219 Citeseer_A.txt 0.000686175 0.00068547 7.05e-07
220 Citeseer_A.txt 0.000689569 0.000688691 8.78e-07
221 Citeseer_A.txt 0.000686229 0.000685372 8.57e-07
222 Citeseer_A.txt 0.000691742 0.000691065 6.77e-07
223 Citeseer_A.txt 0.000689278 0.000688067 1.211e-06
224 Citeseer_A.txt 0.000575474 0.000574613 8.61e-07
225 Citeseer_A.txt 0.000572915 0.000572294 6.21e-07
226 Citeseer_A.txt 0.000582313 0.000581354 9.59e-07
227 Citeseer_A.txt 0.000578748 0.00057796 7.88e-07
228 Citeseer_A.txt 0.000585702 0.00058501 6.92e-07
229 Citeseer_A.txt 0.000583173 0.000582519 6.54e-07
230 Citeseer_A.txt 0.000586753 0.000586251 5.02e-07
231 Citeseer_A.txt 0.000583391 0.000582821 5.7e-07
232 Citeseer_A.txt 0.000585019 0.000584431 5.88e-07
233 Citeseer_A.txt 0.000583145 0.000582442 7.03e-07
234 Citeseer_A.txt 0.000590154 0.00058946 6.94e-07
235 Citeseer_A.txt 0.000586844 0.000586198 6.46e-07
236 Citeseer_A.txt 0.000590662 0.000590127 5.35e-07
237 Citeseer_A.txt 0.000588569 0.000587894 6.75e-07
238 Citeseer_A.txt 0.000591205 0.000590211 9.94e-07
239 Citeseer_A.txt 0.000586762 0.000586085 6.77e-07
240 Citeseer_A.txt 0.0006676 0.000666943 6.57e-07
241 Citeseer_A.txt 0.000666127 0.000665385 7.42e-07
242 Citeseer_A.txt 0.000670156 0.000669532 6.24e-07
243 Citeseer_A.txt 0.000666128 0.000665541 5.87e-07
244 Citeseer_A.txt 0.0006738 0.000673082 7.18e-07
245 Citeseer_A.txt 0.000671937 0.00067124 6.97e-07
246 Citeseer_A.txt 0.000675972 0.000675105 8.67e-07
247 Citeseer_A.txt 0.000671785 0.000671082 7.03e-07
248 Citeseer_A.txt 0.000669656 0.000668815 8.41e-07
249 Citeseer_A.txt 0.000666744 0.000665966 7.78e-07
250 Citeseer_A.txt 0.000672272 0.000671522 7.5e-07
251 Citeseer_A.txt 0.000669061 0.000668268 7.93e-07
252 Citeseer_A.txt 0.000680719 0.000679909 8.1e-07
253 Citeseer_A.txt 0.000678083 0.00067726 8.23e-07
254 Citeseer_A.txt 0.000683784 0.000683076 7.08e-07
255 Citeseer_A.txt 0.000679908 0.000679069 8.39e-07
256 Citeseer_A.txt 0.000740988 0.000740273 7.15e-07
257 Citeseer_A.txt 0.000738723 0.000737898 8.25e-07
258 Citeseer_A.txt 0.000747881 0.000747259 6.22e-07
259 Citeseer_A.txt 0.000745092 0.000744177 9.15e-07
260 Citeseer_A.txt 0.000738913 0.000738277 6.36e-07
261 Citeseer_A.txt 0.000736578 0.000736066 5.12e-07
262 Citeseer_A.txt 0.000741953 0.000741136 8.17e-07
263 Citeseer_A.txt 0.000738666 0.000737863 8.03e-07
264 Citeseer_A.txt 0.000694531 0.00069373 8.01e-07
265 Citeseer_A.txt 0.000691937 0.000691239 6.98e-07
266 Citeseer_A.txt 0.000699891 0.000699113 7.78e-07
267 Citeseer_A.txt 0.000696017 0.000695617 4e-07
268 Citeseer_A.txt 0.000699421 0.000698747 6.74e-07
269 Citeseer_A.txt 0.000697016 0.000696059 9.57e-07
270 Citeseer_A.txt 0.000701655 0.000700838 8.17e-07
271 Citeseer_A.txt 0.000698903 0.000698061 8.42e-07
272 Citeseer_A.txt 0.000574335 0.000573424 9.11e-07
273 Citeseer_A.txt 0.000572051 0.000571404 6.47e-07
274 Citeseer_A.txt 0.000580362 0.000579554 8.08e-07
275 Citeseer_A.txt 0.000576985 0.000576098 8.87e-07
276 Citeseer_A.txt 0.000583625 0.000582961 6.64e-07
277 Citeseer_A.txt 0.000580869 0.000580179 6.9e-07
278 Citeseer_A.txt 0.00058573 0.000585238 4.92e-07
279 Citeseer_A.txt 0.000582488 0.000581924 5.64e-07
280 Citeseer_A.txt 0.000586319 0.00058579 5.29e-07
281 Citeseer_A.txt 0.000583799 0.000583168 6.31e-07
282 Citeseer_A.txt 0.000590026 0.000589221 8.05e-07
283 Citeseer_A.txt 0.000586525 0.000585904 6.21e-07
284 Citeseer_A.txt 0.000588815 0.000587871 9.44e-07
285 Citeseer_A.txt 0.000586112 0.000585648 4.64e-07
286 Citeseer_A.txt 0.000593419 0.000592915 5.04e-07
287 Citeseer_A.txt 0.00059026 0.00058956 7e-07
288 Citeseer_A.txt 0.000718203 0.000717295 9.08e-07
289 Citeseer_A.txt 0.000715103 0.000714316 7.87e-07
290 Citeseer_A.txt 0.000721725 0.000720872 8.53e-07
291 Citeseer_A.txt 0.000717475 0.000716812 6.63e-07
292 Citeseer_A.txt 0.000719257 0.00071865 6.07e-07
293 Citeseer_A.txt 0.00071696 0.000716208 7.52e-07
294 Citeseer_A.txt 0.000721166 0.000720564 6.02e-07
295 Citeseer_A.txt 0.000717516 0.000716903 6.13e-07
296 Citeseer_A.txt 0.000719281 0.000718583 6.98e-07
297 Citeseer_A.txt 0.0007175 0.000716654 8.46e-07
298 Citeseer_A.txt 0.000725981 0.000725056 9.25e-07
299 Citeseer_A.txt 0.000722546 0.000721535 1.011e-06
300 Citeseer_A.txt 0.000727709 0.000726958 7.51e-07
301 Citeseer_A.txt 0.000725395 0.000724594 8.01e-07
302 Citeseer_A.txt 0.000731263 0.000730452 8.11e-07
303 Citeseer_A.txt 0.000728867 0.000728003 8.64e-07
304 Citeseer_A.txt 0.000780685 0.000779858 8.27e-07
305 Citeseer_A.txt 0.000778499 0.000777658 8.41e-07
306 Citeseer_A.txt 0.000786017 0.000785065 9.52e-07
307 Citeseer_A.txt 0.000782137 0.00078126 8.77e-07
308 Citeseer_A.txt 0.000781717 0.000781026 6.91e-07
309 Citeseer_A.txt 0.000778174 0.000777394 7.8e-07
310 Citeseer_A.txt 0.000782942 0.000782095 8.47e-07
311 Citeseer_A.txt 0.00077943 0.000778693 7.37e-07
312 Citeseer_A.txt 0.000730791 0.000729885 9.06e-07
313 Citeseer_A.txt 0.000727834 0.000727222 6.12e-07
314 Citeseer_A.txt 0.000735752 0.000735127 6.25e-07
315 Citeseer_A.txt 0.000733102 0.000732331 7.71e-07
316 Citeseer_A.txt 0.000736345 0.000735509 8.36e-07
317 Citeseer_A.txt 0.000734108 0.000733452 6.56e-07
318 Citeseer_A.txt 0.000740046 0.000739201 8.45e-07
319 Citeseer_A.txt 0.000736086 0.000735304 7.82e-07
320 Citeseer_A.txt 0.000628956 0.000628221 7.35e-07
321 Citeseer_A.txt 0.000626595 0.000625538 1.057e-06
322 Citeseer_A.txt 0.000635499 0.000634684 8.15e-07
323 Citeseer_A.txt 0.000631334 0.000630484 8.5e-07
324 Citeseer_A.txt 0.000631148 0.000630502 6.46e-07
325 Citeseer_A.txt 0.000629123 0.000628231 8.92e-07
326 Citeseer_A.txt 0.000634155 0.000633169 9.86e-07
327 Citeseer_A.txt 0.000630705 0.000629827 8.78e-07
328 Citeseer_A.txt 0.000626884 0.000626134 7.5e-07
329 Citeseer_A.txt 0.000623535 0.000622811 7.24e-07
330 Citeseer_A.txt 0.000633212 0.000632282 9.3e-07
331 Citeseer_A.txt 0.000629801 0.000628835 9.66e-07
332 Citeseer_A.txt 0.000634339 0.000633476 8.63e-07
333 Citeseer_A.txt 0.000631664 0.000630629 1.035e-06
334 Citeseer_A.txt 0.000638041 0.000637048 9.93e-07
335 Citeseer_A.txt 0.00063489 0.000633798 1.092e-06
336 Citeseer_A.txt 0.000716228 0.000714945 1.283e-06
337 Citeseer_A.txt 0.000714236 0.00071323 1.006e-06
338 Citeseer_A.txt 0.000719524 0.000718725 7.99e-07
339 Citeseer_A.txt 0.0007164 0.000715531 8.69e-07
340 Citeseer_A.txt 0.000720579 0.000719695 8.84e-07
341 Citeseer_A.txt 0.000718677 0.000717904 7.73e-07
342 Citeseer_A.txt 0.000725276 0.000724182 1.094e-06
343 Citeseer_A.txt 0.000721805 0.00072098 8.25e-07
344 Citeseer_A.txt 0.00072105 0.000720304 7.46e-07
345 Citeseer_A.txt 0.000718676 0.000717856 8.2e-07
346 Citeseer_A.txt 0.00072762 0.000726704 9.16e-07
347 Citeseer_A.txt 0.000724359 0.000723471 8.88e-07
348 Citeseer_A.txt 0.000721649 0.000721054 5.95e-07
349 Citeseer_A.txt 0.000719569 0.000718714 8.55e-07
350 Citeseer_A.txt 0.000724096 0.000723293 8.03e-07
351 Citeseer_A.txt 0.000720356 0.000719723 6.33e-07
352 Citeseer_A.txt 0.000791847 0.000790989 8.58e-07
353 Citeseer_A.txt 0.000789109 0.000788236 8.73e-07
354 Citeseer_A.txt 0.000797112 0.000796393 7.19e-07
355 Citeseer_A.txt 0.000793542 0.000792737 8.05e-07
356 Citeseer_A.txt 0.000792097 0.000791195 9.02e-07
357 Citeseer_A.txt 0.000789506 0.000788719 7.87e-07
358 Citeseer_A.txt 0.000798355 0.000797449 9.06e-07
359 Citeseer_A.txt 0.000795329 0.000794473 8.56e-07
360 Citeseer_A.txt 0.000738647 0.000737828 8.19e-07
361 Citeseer_A.txt 0.000736376 0.000735331 1.045e-06
362 Citeseer_A.txt 0.000743204 0.000742282 9.22e-07
363 Citeseer_A.txt 0.000739739 0.00073889 8.49e-07
364 Citeseer_A.txt 0.000741903 0.000741097 8.06e-07
365 Citeseer_A.txt 0.000739836 0.000738899 9.37e-07
366 Citeseer_A.txt 0.000745023 0.000744228 7.95e-07
367 Citeseer_A.txt 0.000741452 0.000740797 6.55e-07
368 Citeseer_A.txt 0.000626519 0.000625605 9.14e-07
369 Citeseer_A.txt 0.000624574 0.000623526 1.048e-06
370 Citeseer_A.txt 0.000633241 0.000632297 9.44e-07
371 Citeseer_A.txt 0.000630355 0.000628906 1.449e-06
372 Citeseer_A.txt 0.000634546 0.000633347 1.199e-06
373 Citeseer_A.txt 0.000631663 0.000630634 1.029e-06
374 Citeseer_A.txt 0.000636468 0.000635509 9.59e-07
375 Citeseer_A.txt 0.000632108 0.000631508 6e-07
376 Citeseer_A.txt 0.000635099 0.000634428 6.71e-07
377 Citeseer_A.txt 0.000632832 0.000632103 7.29e-07
378 Citeseer_A.txt 0.000640487 0.000639417 1.07e-06
379 Citeseer_A.txt 0.000637039 0.00063644 5.99e-07
380 Citeseer_A.txt 0.00064178 0.000641004 7.76e-07
381 Citeseer_A.txt 0.000639013 0.000638319 6.94e-07
382 Citeseer_A.txt 0.000645443 0.000644303 1.14e-06
383 Citeseer_A.txt 0.000641564 0.000640745 8.19e-07
384 Citeseer_A.txt 0.000658775 0.000657798 9.77e-07
385 Citeseer_A.txt 0.000655892 0.000654786 1.106e-06
386 Citeseer_A.txt 0.000662381 0.000661469 9.12e-07
387 Citeseer_A.txt 0.000658693 0.000657873 8.2e-07
388 Citeseer_A.txt 0.000665742 0.00066487 8.72e-07
389 Citeseer_A.txt 0.000662927 0.000662288 6.39e-07
390 Citeseer_A.txt 0.000668212 0.000667452 7.6e-07
391 Citeseer_A.txt 0.000664713 0.000663824 8.89e-07
392 Citeseer_A.txt 0.000658655 0.000657616 1.039e-06
393 Citeseer_A.txt 0.000655953 0.000655218 7.35e-07
394 Citeseer_A.txt 0.000665557 0.000664319 1.238e-06
395 Citeseer_A.txt 0.000661689 0.000660814 8.75e-07
396 Citeseer_A.txt 0.000668451 0.000667261 1.19e-06
397 Citeseer_A.txt 0.000666162 0.000664975 1.187e-06
398 Citeseer_A.txt 0.000670367 0.00066894 1.427e-06
399 Citeseer_A.txt 0.000666454 0.000665483 9.71e-07
400 Citeseer_A.txt 0.000721334 0.000720354 9.8e-07
401 Citeseer_A.txt 0.000719417 0.0007187 7.17e-07
402 Citeseer_A.txt 0.000728315 0.000727208 1.107e-06
403 Citeseer_A.txt 0.000724114 0.000723401 7.13e-07
404 Citeseer_A.txt 0.000726216 0.000725334 8.82e-07
405 Citeseer_A.txt 0.000724106 0.000723196 9.1e-07
406 Citeseer_A.txt 0.000729452 0.000728653 7.99e-07
407 Citeseer_A.txt 0.000726162 0.000725532 6.3e-07
408 Citeseer_A.txt 0.000671689 0.000670786 9.03e-07
409 Citeseer_A.txt 0.000668848 0.000667916 9.32e-07
410 Citeseer_A.txt 0.000676216 0.000675464 7.52e-07
411 Citeseer_A.txt 0.00067264 0.000671873 7.67e-07
412 Citeseer_A.txt 0.000676117 0.000675408 7.09e-07
413 Citeseer_A.txt 0.000674743 0.000673949 7.94e-07
414 Citeseer_A.txt 0.000679395 0.000678449 9.46e-07
415 Citeseer_A.txt 0.000676739 0.000675918 8.21e-07
416 Citeseer_A.txt 0.000572675 0.000571841 8.34e-07
417 Citeseer_A.txt 0.00056996 0.000568708 1.252e-06
418 Citeseer_A.txt 0.000578509 0.000577492 1.017e-06
419 Citeseer_A.txt 0.000574165 0.000573451 7.14e-07
420 Citeseer_A.txt 0.000582057 0.000580755 1.302e-06
421 Citeseer_A.txt 0.000577886 0.000577097 7.89e-07
422 Citeseer_A.txt 0.000584492 0.00058361 8.82e-07
423 Citeseer_A.txt 0.000580493 0.00057986 6.33e-07
424 Citeseer_A.txt 0.000574984 0.000574157 8.27e-07
425 Citeseer_A.txt 0.00057136 0.000570465 8.95e-07
426 Citeseer_A.txt 0.000576164 0.000575189 9.75e-07
427 Citeseer_A.txt 0.000572388 0.000571608 7.8e-07
428 Citeseer_A.txt 0.000577766 0.000577053 7.13e-07
429 Citeseer_A.txt 0.000575021 0.000574461 5.6e-07
430 Citeseer_A.txt 0.000582711 0.000581835 8.76e-07
431 Citeseer_A.txt 0.0005793 0.00057863 6.7e-07
432 Citeseer_A.txt 0.000659824 0.00065911 7.14e-07
433 Citeseer_A.txt 0.000657906 0.000657317 5.89e-07
434 Citeseer_A.txt 0.000663403 0.00066194 1.463e-06
435 Citeseer_A.txt 0.000659503 0.000658736 7.67e-07
436 Citeseer_A.txt 0.000665442 0.000664486 9.56e-07
437 Citeseer_A.txt 0.000663007 0.00066216 8.47e-07
438 Citeseer_A.txt 0.000668345 0.00066723 1.115e-06
439 Citeseer_A.txt 0.000664855 0.000663837 1.018e-06
440 Citeseer_A.txt 0.000661465 0.000660505 9.6e-07
441 Citeseer_A.txt 0.000658069 0.000657445 6.24e-07
442 Citeseer_A.txt 0.000665945 0.000665053 8.92e-07
443 Citeseer_A.txt 0.000662436 0.00066167 7.66e-07
444 Citeseer_A.txt 0.000664136 0.000663372 7.64e-07
445 Citeseer_A.txt 0.000662101 0.000661322 7.79e-07
446 Citeseer_A.txt 0.000667797 0.000666988 8.09e-07
447 Citeseer_A.txt 0.000664728 0.000663782 9.46e-07
448 Citeseer_A.txt 0.000727959 0.000727222 7.37e-07
449 Citeseer_A.txt 0.000725611 0.000724675 9.36e-07
450 Citeseer_A.txt 0.000731646 0.000731005 6.41e-07
451 Citeseer_A.txt 0.00072859 0.000727836 7.54e-07
452 Citeseer_A.txt 0.000725281 0.000724388 8.93e-07
453 Citeseer_A.txt 0.00072282 0.000722186 6.34e-07
454 Citeseer_A.txt 0.000729489 0.000728364 1.125e-06
455 Citeseer_A.txt 0.000725625 0.000725067 5.58e-07
456 Citeseer_A.txt 0.000679785 0.000678615 1.17e-06
457 Citeseer_A.txt 0.000676586 0.000675597 9.89e-07
458 Citeseer_A.txt 0.000683773 0.000682811 9.62e-07
459 Citeseer_A.txt 0.000680219 0.000679391 8.28e-07
460 Citeseer_A.txt 0.000683001 0.000682017 9.84e-07
461 Citeseer_A.txt 0.000680144 0.000679226 9.18e-07
462 Citeseer_A.txt 0.000684399 0.000683675 7.24e-07
463 Citeseer_A.txt 0.000681143 0.000680281 8.62e-07
464 Citeseer_A.txt 0.000569925 0.000568916 1.009e-06
465 Citeseer_A.txt 0.000567443 0.000566686 7.57e-07
466 Citeseer_A.txt 0.000579275 0.000578094 1.181e-06
467 Citeseer_A.txt 0.00057467 0.000573724 9.46e-07
468 Citeseer_A.txt 0.000578268 0.00057715 1.118e-06
469 Citeseer_A.txt 0.00057491 0.000574251 6.59e-07
470 Citeseer_A.txt 0.000580276 0.000579355 9.21e-07
471 Citeseer_A.txt 0.000576641 0.000575754 8.87e-07
472 Citeseer_A.txt 0.000574514 0.000573494 1.02e-06
473 Citeseer_A.txt 0.000572236 0.000571148 1.088e-06
474 Citeseer_A.txt 0.000578863 0.00057773 1.133e-06
475 Citeseer_A.txt 0.000575538 0.000574756 7.82e-07
476 Citeseer_A.txt 0.000577376 0.000576291 1.085e-06
477 Citeseer_A.txt 0.000574448 0.000573659 7.89e-07
478 Citeseer_A.txt 0.000582618 0.000581808 8.1e-07
479 Citeseer_A.txt 0.000580152 0.000578546 1.606e-06
480 Citeseer_A.txt 0.00065073 0.000649316 1.414e-06
481 Citeseer_A.txt 0.000648675 0.000647406 1.269e-06
482 Citeseer_A.txt 0.000656302 0.000654972 1.33e-06
483 Citeseer_A.txt 0.000652844 0.000651761 1.083e-06
484 Citeseer_A.txt 0.000659922 0.000658907 1.015e-06
485 Citeseer_A.txt 0.000656976 0.000656058 9.18e-07
486 Citeseer_A.txt 0.000660549 0.00065958 9.69e-07
487 Citeseer_A.txt 0.000657929 0.000657068 8.61e-07
488 Citeseer_A.txt 0.000653666 0.000652786 8.8e-07
489 Citeseer_A.txt 0.000651256 0.000650464 7.92e-07
490 Citeseer_A.txt 0.000659984 0.000659221 7.63e-07
491 Citeseer_A.txt 0.000656514 0.000655939 5.75e-07
492 Citeseer_A.txt 0.000660415 0.000659689 7.26e-07
493 Citeseer_A.txt 0.000658599 0.000657575 1.024e-06
494 Citeseer_A.txt 0.000661232 0.000660295 9.37e-07
495 Citeseer_A.txt 0.000658633 0.000657366 1.267e-06
496 Citeseer_A.txt 0.00071797 0.000717049 9.21e-07
497 Citeseer_A.txt 0.000715362 0.00071444 9.22e-07
498 Citeseer_A.txt 0.000723498 0.00072266 8.38e-07
499 Citeseer_A.txt 0.000720276 0.000719164 1.112e-06
500 Citeseer_A.txt 0.000718291 0.000717469 8.22e-07
501 Citeseer_A.txt 0.000716209 0.000715472 7.37e-07
502 Citeseer_A.txt 0.00072113 0.000720242 8.88e-07
503 Citeseer_A.txt 0.000717307 0.00071632 9.87e-07
504 Citeseer_A.txt 0.00066536 0.0006643 1.06e-06
505 Citeseer_A.txt 0.000661898 0.000661226 6.72e-07
506 Citeseer_A.txt 0.000671018 0.000670405 6.13e-07
507 Citeseer_A.txt 0.000667244 0.00066649 7.54e-07
508 Citeseer_A.txt 0.000670373 0.000669551 8.22e-07
509 Citeseer_A.txt 0.000668029 0.000667113 9.16e-07
510 Citeseer_A.txt 0.000672388 0.00067157 8.18e-07
511 Citeseer_A.txt 0.000669276 0.000668685 5.91e-07
512 Citeseer_A.txt 0.000558159 0.000557513 6.46e-07
513 Citeseer_A.txt 0.000555938 0.000555039 8.99e-07
514 Citeseer_A.txt 0.00056534 0.000564436 9.04e-07
515 Citeseer_A.txt 0.000563192 0.000562266 9.26e-07
516 Citeseer_A.txt 0.000565977 0.000564918 1.059e-06
517 Citeseer_A.txt 0.00056391 0.000563032 8.78e-07
518 Citeseer_A.txt 0.000568871 0.000567571 1.3e-06
519 Citeseer_A.txt 0.000565566 0.000564463 1.103e-06
520 Citeseer_A.txt 0.000564652 0.000563456 1.196e-06
521 Citeseer_A.txt 0.000561153 0.00056028 8.73e-07
522 Citeseer_A.txt 0.000569983 0.000568653 1.33e-06
523 Citeseer_A.txt 0.000565314 0.00056439 9.24e-07
524 Citeseer_A.txt 0.000570688 0.000569594 1.094e-06
525 Citeseer_A.txt 0.000568914 0.000567699 1.215e-06
526 Citeseer_A.txt 0.000572643 0.000571712 9.31e-07
527 Citeseer_A.txt 0.00057032 0.000569157 1.163e-06
528 Citeseer_A.txt 0.000642959 0.000641782 1.177e-06
529 Citeseer_A.txt 0.000641034 0.00064 1.034e-06
530 Citeseer_A.txt 0.000651276 0.000649909 1.367e-06
531 Citeseer_A.txt 0.000644746 0.000643724 1.022e-06
532 Citeseer_A.txt 0.000647218 0.000646243 9.75e-07
533 Citeseer_A.txt 0.000645109 0.000643939 1.17e-06
534 Citeseer_A.txt 0.000651859 0.000650363 1.496e-06
535 Citeseer_A.txt 0.000647931 0.000647299 6.32e-07
536 Citeseer_A.txt 0.00064539 0.000644314 1.076e-06
537 Citeseer_A.txt 0.000642684 0.000641792 8.92e-07
538 Citeseer_A.txt 0.000651226 0.000649981 1.245e-06
539 Citeseer_A.txt 0.000648213 0.000647189 1.024e-06
540 Citeseer_A.txt 0.000653524 0.000652756 7.68e-07
541 Citeseer_A.txt 0.000651684 0.00065069 9.94e-07
542 Citeseer_A.txt 0.000656446 0.000655524 9.22e-07
543 Citeseer_A.txt 0.000653287 0.000652376 9.11e-07
544 Citeseer_A.txt 0.000709564 0.000708362 1.202e-06
545 Citeseer_A.txt 0.000706769 0.000705906 8.63e-07
546 Citeseer_A.txt 0.000713241 0.000711793 1.448e-06
547 Citeseer_A.txt 0.000710495 0.000709264 1.231e-06
548 Citeseer_A.txt 0.000706107 0.000704496 1.611e-06
549 Citeseer_A.txt 0.000702683 0.000701972 7.11e-07
550 Citeseer_A.txt 0.00070982 0.00070906 7.6e-07
551 Citeseer_A.txt 0.000706597 0.00070588 7.17e-07
552 Citeseer_A.txt 0.0006613 0.000660259 1.041e-06
553 Citeseer_A.txt 0.000657974 0.000657225 7.49e-07
554 Citeseer_A.txt 0.000664401 0.000663637 7.64e-07
555 Citeseer_A.txt 0.000661216 0.000660414 8.02e-07
556 Citeseer_A.txt 0.000664275 0.0006635 7.75e-07
557 Citeseer_A.txt 0.000661453 0.000660737 7.16e-07
558 Citeseer_A.txt 0.000669138 0.000668046 1.092e-06
559 Citeseer_A.txt 0.000665909 0.000664773 1.136e-06
560 Citeseer_A.txt 0.000552752 0.000551999 7.53e-07
561 Citeseer_A.txt 0.000550138 0.000549359 7.79e-07
562 Citeseer_A.txt 0.000557614 0.000556546 1.068e-06
563 Citeseer_A.txt 0.00055516 0.000554343 8.17e-07
564 Citeseer_A.txt 0.000562144 0.000561378 7.66e-07
565 Citeseer_A.txt 0.000560198 0.000559156 1.042e-06
566 Citeseer_A.txt 0.000564773 0.000563605 1.168e-06
567 Citeseer_A.txt 0.000561306 0.000560315 9.91e-07
568 Citeseer_A.txt 0.000558252 0.000557497 7.55e-07
569 Citeseer_A.txt 0.000556529 0.000555602 9.27e-07
570 Citeseer_A.txt 0.000562617 0.00056137 1.247e-06
571 Citeseer_A.txt 0.000559474 0.000558653 8.21e-07
572 Citeseer_A.txt 0.000563297 0.000562248 1.049e-06
573 Citeseer_A.txt 0.000560542 0.000559631 9.11e-07
574 Citeseer_A.txt 0.000566275 0.000565184 1.091e-06
575 Citeseer_A.txt 0.000563064 0.000562234 8.3e-07
576 Citeseer_A.txt 0.000653146 0.000652153 9.93e-07
577 Citeseer_A.txt 0.000650657 0.000649867 7.9e-07
578 Citeseer_A.txt 0.000655382 0.000654596 7.86e-07
579 Citeseer_A.txt 0.000655498 0.000651866 3.632e-06
580 Citeseer_A.txt 0.000657904 0.00065647 1.434e-06
581 Citeseer_A.txt 0.00065513 0.000654028 1.102e-06
582 Citeseer_A.txt 0.000660689 0.000659563 1.126e-06
583 Citeseer_A.txt 0.000657061 0.000656242 8.19e-07
584 Citeseer_A.txt 0.000656377 0.000655375 1.002e-06
585 Citeseer_A.txt 0.000653851 0.000653037 8.14e-07
586 Citeseer_A.txt 0.000668883 0.000667726 1.157e-06
587 Citeseer_A.txt 0.000666666 0.000665242 1.424e-06
588 Citeseer_A.txt 0.000660078 0.000658876 1.202e-06
589 Citeseer_A.txt 0.000658565 0.000657373 1.192e-06
590 Citeseer_A.txt 0.000663544 0.000661679 1.865e-06
591 Citeseer_A.txt 0.00065978 0.000658776 1.004e-06
592 Citeseer_A.txt 0.000729123 0.000728186 9.37e-07
593 Citeseer_A.txt 0.000729698 0.000725877 3.821e-06
594 Citeseer_A.txt 0.000733419 0.000731705 1.714e-06
595 Citeseer_A.txt 0.000728722 0.00072786 8.62e-07
596 Citeseer_A.txt 0.000720708 0.000720035 6.73e-07
597 Citeseer_A.txt 0.00071848 0.000717427 1.053e-06
598 Citeseer_A.txt 0.000723993 0.000722868 1.125e-06
599 Citeseer_A.txt 0.000720804 0.000719603 1.201e-06
600 Citeseer_A.txt 0.000677099 0.000676168 9.31e-07
601 Citeseer_A.txt 0.000674228 0.000673466 7.62e-07
602 Citeseer_A.txt 0.000685331 0.000684428 9.03e-07
603 Citeseer_A.txt 0.000678926 0.000677811 1.115e-06
604 Citeseer_A.txt 0.000681869 0.000680995 8.74e-07
605 Citeseer_A.txt 0.000679421 0.000678727 6.94e-07
606 Citeseer_A.txt 0.000683733 0.000682986 7.47e-07
607 Citeseer_A.txt 0.000680535 0.000679737 7.98e-07
608 Citeseer_A.txt 0.00056635 0.000565363 9.87e-07
609 Citeseer_A.txt 0.000563594 0.000562665 9.29e-07
610 Citeseer_A.txt 0.000571568 0.000570386 1.182e-06
611 Citeseer_A.txt 0.000568091 0.000567147 9.44e-07
612 Citeseer_A.txt 0.00057415 0.000573561 5.89e-07
613 Citeseer_A.txt 0.000571514 0.000570811 7.03e-07
614 Citeseer_A.txt 0.000575233 0.000574442 7.91e-07
615 Citeseer_A.txt 0.000572244 0.000571202 1.042e-06
616 Citeseer_A.txt 0.000569851 0.000569114 7.37e-07
617 Citeseer_A.txt 0.000567259 0.000566304 9.55e-07
618 Citeseer_A.txt 0.00057451 0.000573702 8.08e-07
619 Citeseer_A.txt 0.000571118 0.000570527 5.91e-07
620 Citeseer_A.txt 0.000572923 0.000572153 7.7e-07
621 Citeseer_A.txt 0.000570401 0.000569739 6.62e-07
622 Citeseer_A.txt 0.000576392 0.000575691 7.01e-07
623 Citeseer_A.txt 0.000573942 0.000572518 1.424e-06
624 Citeseer_A.txt 0.000637894 0.00063668 1.214e-06
625 Citeseer_A.txt 0.000636273 0.000634807 1.466e-06
626 Citeseer_A.txt 0.00064271 0.000641015 1.695e-06
627 Citeseer_A.txt 0.000638876 0.000637714 1.162e-06
628 Citeseer_A.txt 0.000644747 0.00064381 9.37e-07
629 Citeseer_A.txt 0.000642662 0.000641521 1.141e-06
630 Citeseer_A.txt 0.000649557 0.00064856 9.97e-07
631 Citeseer_A.txt 0.000647187 0.000645697 1.49e-06
632 Citeseer_A.txt 0.000643436 0.000642496 9.4e-07
633 Citeseer_A.txt 0.00064094 0.000639942 9.98e-07
634 Citeseer_A.txt 0.000648711 0.000647435 1.276e-06
635 Citeseer_A.txt 0.000644941 0.000643994 9.47e-07
636 Citeseer_A.txt 0.000647 0.000645725 1.275e-06
637 Citeseer_A.txt 0.000644633 0.000643771 8.62e-07
638 Citeseer_A.txt 0.000652045 0.000650433 1.612e-06
639 Citeseer_A.txt 0.00064883 0.000647595 1.235e-06
640 Citeseer_A.txt 0.000714427 0.00071359 8.37e-07
641 Citeseer_A.txt 0.000712323 0.0007113 1.023e-06
642 Citeseer_A.txt 0.00072 0.000719261 7.39e-07
643 Citeseer_A.txt 0.000716091 0.000715221 8.7e-07
644 Citeseer_A.txt 0.000707511 0.000706642 8.69e-07
645 Citeseer_A.txt 0.000706399 0.000705336 1.063e-06
646 Citeseer_A.txt 0.000718406 0.000715755 2.651e-06
647 Citeseer_A.txt 0.000714729 0.000712795 1.934e-06
648 Citeseer_A.txt 0.000667524 0.000665962 1.562e-06
649 Citeseer_A.txt 0.000664736 0.000663188 1.548e-06
650 Citeseer_A.txt 0.000667997 0.000667239 7.58e-07
651 Citeseer_A.txt 0.000665089 0.000664045 1.044e-06
652 Citeseer_A.txt 0.000667528 0.000666506 1.022e-06
653 Citeseer_A.txt 0.000665908 0.000665031 8.77e-07
654 Citeseer_A.txt 0.000669351 0.000668372 9.79e-07
655 Citeseer_A.txt 0.000667355 0.000666197 1.158e-06
656 Citeseer_A.txt 0.000555124 0.000554281 8.43e-07
657 Citeseer_A.txt 0.000553303 0.000552291 1.012e-06
658 Citeseer_A.txt 0.000561905 0.000560684 1.221e-06
659 Citeseer_A.txt 0.000558671 0.000557658 1.013e-06
660 Citeseer_A.txt 0.000564065 0.000563358 7.07e-07
661 Citeseer_A.txt 0.000561654 0.000560738 9.16e-07
662 Citeseer_A.txt 0.000566641 0.000565579 1.062e-06
663 Citeseer_A.txt 0.000564035 0.000562798 1.237e-06
664 Citeseer_A.txt 0.000566063 0.000565201 8.62e-07
665 Citeseer_A.txt 0.000564618 0.000563363 1.255e-06
666 Citeseer_A.txt 0.000567678 0.000566612 1.066e-06
667 Citeseer_A.txt 0.000564873 0.000563721 1.152e-06
668 Citeseer_A.txt 0.00056519 0.000564286 9.04e-07
669 Citeseer_A.txt 0.00056297 0.000562048 9.22e-07
670 Citeseer_A.txt 0.00056909 0.000568076 1.014e-06
671 Citeseer_A.txt 0.000565899 0.000565125 7.74e-07
672 Citeseer_A.txt 0.000699115 0.000697926 1.189e-06
673 Citeseer_A.txt 0.000695867 0.000694731 1.136e-06
674 Citeseer_A.txt 0.000701325 0.000700317 1.008e-06
675 Citeseer_A.txt 0.000698334 0.00069737 9.64e-07
676 Citeseer_A.txt 0.000706857 0.000705734 1.123e-06
677 Citeseer_A.txt 0.000704936 0.000702759 2.177e-06
678 Citeseer_A.txt 0.000707563 0.000706319 1.244e-06
679 Citeseer_A.txt 0.000703736 0.000702619 1.117e-06
680 Citeseer_A.txt 0.000702566 0.000701551 1.015e-06
681 Citeseer_A.txt 0.000700348 0.000699315 1.033e-06
682 Citeseer_A.txt 0.000715392 0.000714078 1.314e-06
683 Citeseer_A.txt 0.000708827 0.000707304 1.523e-06
684 Citeseer_A.txt 0.000709243 0.000707776 1.467e-06
685 Citeseer_A.txt 0.000706635 0.000705331 1.304e-06
686 Citeseer_A.txt 0.00070936 0.000707996 1.364e-06
687 Citeseer_A.txt 0.000705253 0.000704502 7.51e-07
688 Citeseer_A.txt 0.000766827 0.000766062 7.65e-07
689 Citeseer_A.txt 0.000764623 0.000763536 1.087e-06
690 Citeseer_A.txt 0.000773698 0.000772548 1.15e-06
691 Citeseer_A.txt 0.000771088 0.000769229 1.859e-06
692 Citeseer_A.txt 0.000762257 0.000761512 7.45e-07
693 Citeseer_A.txt 0.000760208 0.00075893 1.278e-06
694 Citeseer_A.txt 0.000765972 0.000765008 9.64e-07
695 Citeseer_A.txt 0.000762651 0.000761805 8.46e-07
696 Citeseer_A.txt 0.000718434 0.000717341 1.093e-06
697 Citeseer_A.txt 0.000714788 0.000714046 7.42e-07
698 Citeseer_A.txt 0.000722186 0.000721074 1.112e-06
699 Citeseer_A.txt 0.000719754 0.000718909 8.45e-07
700 Citeseer_A.txt 0.000723937 0.00072304 8.97e-07
701 Citeseer_A.txt 0.000721774 0.000720678 1.096e-06
702 Citeseer_A.txt 0.000728529 0.000727017 1.512e-06
703 Citeseer_A.txt 0.000725799 0.000723955 1.844e-06
704 Citeseer_A.txt 0.000612852 0.000611074 1.778e-06
705 Citeseer_A.txt 0.000610731 0.000609244 1.487e-06
706 Citeseer_A.txt 0.000617636 0.000616659 9.77e-07
707 Citeseer_A.txt 0.000615289 0.000614284 1.005e-06
708 Citeseer_A.txt 0.000620935 0.000619991 9.44e-07
709 Citeseer_A.txt 0.000619051 0.000618024 1.027e-06
710 Citeseer_A.txt 0.000622058 0.000621424 6.34e-07
711 Citeseer_A.txt 0.000619551 0.000618438 1.113e-06
712 Citeseer_A.txt 0.000618832 0.00061809 7.42e-07
713 Citeseer_A.txt 0.000616292 0.000615317 9.75e-07
714 Citeseer_A.txt 0.000623837 0.000622893 9.44e-07
715 Citeseer_A.txt 0.000620563 0.000619531 1.032e-06
716 Citeseer_A.txt 0.000623822 0.000622936 8.86e-07
717 Citeseer_A.txt 0.000621203 0.000620398 8.05e-07
718 Citeseer_A.txt 0.000627828 0.000626374 1.454e-06
719 Citeseer_A.txt 0.000624705 0.000623396 1.309e-06
720 Citeseer_A.txt 0.000706685 0.000705595 1.09e-06
721 Citeseer_A.txt 0.000704397 0.000703454 9.43e-07
722 Citeseer_A.txt 0.000708608 0.00070771 8.98e-07
723 Citeseer_A.txt 0.00070549 0.000704514 9.76e-07
724 Citeseer_A.txt 0.000708266 0.000707553 7.13e-07
725 Citeseer_A.txt 0.000705674 0.00070498 6.94e-07
726 Citeseer_A.txt 0.000709463 0.000708989 4.74e-07
727 Citeseer_A.txt 0.000708276 0.000707557 7.19e-07
728 Citeseer_A.txt 0.000706969 0.000705928 1.041e-06
729 Citeseer_A.txt 0.000704524 0.000703493 1.031e-06
730 Citeseer_A.txt 0.000712658 0.000711297 1.361e-06
731 Citeseer_A.txt 0.000709393 0.000708512 8.81e-07
732 Citeseer_A.txt 0.000709569 0.000708689 8.8e-07
733 Citeseer_A.txt 0.000707398 0.000706293 1.105e-06
734 Citeseer_A.txt 0.000711811 0.00071061 1.201e-06
735 Citeseer_A.txt 0.000709162 0.000707984 1.178e-06
736 Citeseer_A.txt 0.000776714 0.000775186 1.528e-06
737 Citeseer_A.txt 0.000773904 0.000772955 9.49e-07
738 Citeseer_A.txt 0.000779002 0.000778157 8.45e-07
739 Citeseer_A.txt 0.000775336 0.000774487 8.49e-07
740 Citeseer_A.txt 0.000773307 0.000772348 9.59e-07
741 Citeseer_A.txt 0.000771262 0.000770093 1.169e-06
742 Citeseer_A.txt 0.000778482 0.000777495 9.87e-07
743 Citeseer_A.txt 0.000774673 0.000773627 1.046e-06
744 Citeseer_A.txt 0.000723106 0.000722196 9.1e-07
745 Citeseer_A.txt 0.000719206 0.000718241 9.65e-07
746 Citeseer_A.txt 0.000727034 0.000726197 8.37e-07
747 Citeseer_A.txt 0.000723844 0.00072315 6.94e-07
748 Citeseer_A.txt 0.000729656 0.000728979 6.77e-07
749 Citeseer_A.txt 0.000727071 0.000726167 9.04e-07
750 Citeseer_A.txt 0.00073329 0.000732277 1.013e-06
751 Citeseer_A.txt 0.000727218 0.000726332 8.86e-07
752 Citeseer_A.txt 0.000616533 0.00061559 9.43e-07
753 Citeseer_A.txt 0.000613914 0.000612921 9.93e-07
754 Citeseer_A.txt 0.000623603 0.000622816 7.87e-07
755 Citeseer_A.txt 0.000621653 0.000620521 1.132e-06
756 Citeseer_A.txt 0.000625295 0.000624171 1.124e-06
757 Citeseer_A.txt 0.000622377 0.000621376 1.001e-06
758 Citeseer_A.txt 0.000635355 0.000634474 8.81e-07
759 Citeseer_A.txt 0.000632727 0.000631588 1.139e-06
760 Citeseer_A.txt 0.000629363 0.00062787 1.493e-06
761 Citeseer_A.txt 0.000627459 0.000626154 1.305e-06
762 Citeseer_A.txt 0.000631604 0.00063063 9.74e-07
763 Citeseer_A.txt 0.000628524 0.000627603 9.21e-07
764 Citeseer_A.txt 0.000630326 0.000628089 2.237e-06
765 Citeseer_A.txt 0.000626786 0.00062572 1.066e-06
766 Citeseer_A.txt 0.000632874 0.00063169 1.184e-06
767 Citeseer_A.txt 0.00065889 0.000629374 2.9516e-05
TACC:  Shutdown complete. Exiting. 
