TACC:  Starting up job 10024616 
TACC:  Starting parallel tasks... 
0 Cora_feat_L1.txt 0.00166574 0.00166319 2.549e-06
1 Cora_feat_L1.txt 0.00165314 0.00165102 2.119e-06
2 Cora_feat_L1.txt 0.00168561 0.00168326 2.347e-06
3 Cora_feat_L1.txt 0.00160686 0.00160494 1.921e-06
4 Cora_feat_L1.txt 0.00177108 0.00176904 2.042e-06
5 Cora_feat_L1.txt 0.00166609 0.00166453 1.566e-06
6 Cora_feat_L1.txt 0.0016429 0.00164159 1.306e-06
7 Cora_feat_L1.txt 0.00164471 0.00164259 2.118e-06
8 Cora_feat_L1.txt 0.00165979 0.00165769 2.105e-06
9 Cora_feat_L1.txt 0.00175957 0.00175782 1.75e-06
10 Cora_feat_L1.txt 0.00166598 0.00166411 1.875e-06
11 Cora_feat_L1.txt 0.00165453 0.00165314 1.389e-06
12 Cora_feat_L1.txt 0.00166789 0.00166618 1.714e-06
13 Cora_feat_L1.txt 0.00162778 0.0016256 2.18e-06
14 Cora_feat_L1.txt 0.00167811 0.00167615 1.965e-06
15 Cora_feat_L1.txt 0.00173954 0.00173744 2.099e-06
16 Cora_feat_L1.txt 0.0020568 0.00205417 2.634e-06
17 Cora_feat_L1.txt 0.0016923 0.00169008 2.225e-06
18 Cora_feat_L1.txt 0.00167991 0.00167778 2.125e-06
19 Cora_feat_L1.txt 0.00166565 0.00166403 1.615e-06
20 Cora_feat_L1.txt 0.00166079 0.0016586 2.187e-06
21 Cora_feat_L1.txt 0.00165416 0.00165158 2.585e-06
22 Cora_feat_L1.txt 0.00167916 0.00167724 1.915e-06
23 Cora_feat_L1.txt 0.00167955 0.00167719 2.354e-06
24 Cora_feat_L1.txt 0.00167748 0.00167569 1.795e-06
25 Cora_feat_L1.txt 0.00164352 0.00164119 2.331e-06
26 Cora_feat_L1.txt 0.00176246 0.00176074 1.72e-06
27 Cora_feat_L1.txt 0.0016829 0.0016812 1.706e-06
28 Cora_feat_L1.txt 0.00201828 0.00201625 2.026e-06
29 Cora_feat_L1.txt 0.00166334 0.00166135 1.989e-06
30 Cora_feat_L1.txt 0.0016837 0.00168137 2.33e-06
31 Cora_feat_L1.txt 0.00166183 0.0016597 2.13e-06
32 Cora_feat_L1.txt 0.00154602 0.00154422 1.797e-06
33 Cora_feat_L1.txt 0.00158004 0.00157759 2.449e-06
34 Cora_feat_L1.txt 0.00160895 0.0016069 2.051e-06
35 Cora_feat_L1.txt 0.00158144 0.00157972 1.723e-06
36 Cora_feat_L1.txt 0.00160442 0.00160249 1.93e-06
37 Cora_feat_L1.txt 0.00156658 0.00156396 2.615e-06
38 Cora_feat_L1.txt 0.00159633 0.00159458 1.756e-06
39 Cora_feat_L1.txt 0.00160163 0.00160001 1.625e-06
40 Cora_feat_L1.txt 0.00158274 0.00158088 1.855e-06
41 Cora_feat_L1.txt 0.0015672 0.00156508 2.122e-06
42 Cora_feat_L1.txt 0.0015929 0.00159086 2.041e-06
43 Cora_feat_L1.txt 0.00164719 0.00164462 2.571e-06
44 Cora_feat_L1.txt 0.00160559 0.00160333 2.252e-06
45 Cora_feat_L1.txt 0.00166737 0.00166543 1.935e-06
46 Cora_feat_L1.txt 0.00156631 0.00156453 1.777e-06
47 Cora_feat_L1.txt 0.00153322 0.00153041 2.813e-06
48 Cora_feat_L1.txt 0.00160781 0.00160532 2.492e-06
49 Cora_feat_L1.txt 0.00168793 0.00168508 2.857e-06
50 Cora_feat_L1.txt 0.00152159 0.0015196 1.989e-06
51 Cora_feat_L1.txt 0.00162485 0.00162297 1.872e-06
52 Cora_feat_L1.txt 0.00153109 0.00152942 1.668e-06
53 Cora_feat_L1.txt 0.00155456 0.00155253 2.032e-06
54 Cora_feat_L1.txt 0.00163662 0.00163427 2.353e-06
55 Cora_feat_L1.txt 0.00169042 0.00168808 2.341e-06
56 Cora_feat_L1.txt 0.0016864 0.00168458 1.827e-06
57 Cora_feat_L1.txt 0.00153224 0.00152969 2.552e-06
58 Cora_feat_L1.txt 0.00167691 0.001674 2.914e-06
59 Cora_feat_L1.txt 0.00161688 0.00161471 2.173e-06
60 Cora_feat_L1.txt 0.0016219 0.00161979 2.105e-06
61 Cora_feat_L1.txt 0.00162236 0.00161978 2.581e-06
62 Cora_feat_L1.txt 0.00163649 0.00163415 2.343e-06
63 Cora_feat_L1.txt 0.0016153 0.00161318 2.12e-06
64 Cora_feat_L1.txt 0.00202302 0.00202008 2.94e-06
65 Cora_feat_L1.txt 0.00164062 0.00163827 2.356e-06
66 Cora_feat_L1.txt 0.00169817 0.00169629 1.877e-06
67 Cora_feat_L1.txt 0.00171626 0.00171354 2.719e-06
68 Cora_feat_L1.txt 0.0016439 0.00164185 2.042e-06
69 Cora_feat_L1.txt 0.00159608 0.00159372 2.361e-06
70 Cora_feat_L1.txt 0.00163205 0.00163006 1.99e-06
71 Cora_feat_L1.txt 0.00156645 0.00156357 2.878e-06
72 Cora_feat_L1.txt 0.00157997 0.00157817 1.8e-06
73 Cora_feat_L1.txt 0.00169999 0.00169781 2.179e-06
74 Cora_feat_L1.txt 0.00206611 0.00206315 2.958e-06
75 Cora_feat_L1.txt 0.00159695 0.00159469 2.267e-06
76 Cora_feat_L1.txt 0.00199088 0.0019887 2.179e-06
77 Cora_feat_L1.txt 0.00159286 0.00159125 1.61e-06
78 Cora_feat_L1.txt 0.00199227 0.00198938 2.894e-06
79 Cora_feat_L1.txt 0.00155796 0.0015554 2.555e-06
80 Cora_feat_L1.txt 0.00156209 0.00155995 2.141e-06
81 Cora_feat_L1.txt 0.00158344 0.00158066 2.778e-06
82 Cora_feat_L1.txt 0.00147303 0.00147054 2.492e-06
83 Cora_feat_L1.txt 0.00150108 0.00149877 2.311e-06
84 Cora_feat_L1.txt 0.00160428 0.0016019 2.375e-06
85 Cora_feat_L1.txt 0.00145125 0.001449 2.253e-06
86 Cora_feat_L1.txt 0.00160113 0.0015992 1.93e-06
87 Cora_feat_L1.txt 0.00157322 0.00157033 2.895e-06
88 Cora_feat_L1.txt 0.00160098 0.0015986 2.383e-06
89 Cora_feat_L1.txt 0.00149503 0.0014927 2.325e-06
90 Cora_feat_L1.txt 0.00158605 0.00158373 2.321e-06
91 Cora_feat_L1.txt 0.00162942 0.00162687 2.55e-06
92 Cora_feat_L1.txt 0.00148442 0.00148237 2.053e-06
93 Cora_feat_L1.txt 0.0014521 0.0014498 2.299e-06
94 Cora_feat_L1.txt 0.00145703 0.00145483 2.194e-06
95 Cora_feat_L1.txt 0.00154517 0.00154321 1.964e-06
96 Cora_feat_L1.txt 0.00166531 0.00166284 2.469e-06
97 Cora_feat_L1.txt 0.00162133 0.00161936 1.965e-06
98 Cora_feat_L1.txt 0.00167296 0.00167099 1.969e-06
99 Cora_feat_L1.txt 0.00165248 0.00165046 2.012e-06
100 Cora_feat_L1.txt 0.00159875 0.00159646 2.29e-06
101 Cora_feat_L1.txt 0.00166528 0.00166346 1.824e-06
102 Cora_feat_L1.txt 0.0016925 0.00168984 2.655e-06
103 Cora_feat_L1.txt 0.0016745 0.00167195 2.556e-06
104 Cora_feat_L1.txt 0.00169966 0.00169808 1.582e-06
105 Cora_feat_L1.txt 0.00169174 0.00168934 2.395e-06
106 Cora_feat_L1.txt 0.00168221 0.00168003 2.177e-06
107 Cora_feat_L1.txt 0.00165031 0.0016477 2.607e-06
108 Cora_feat_L1.txt 0.00168137 0.00167969 1.685e-06
109 Cora_feat_L1.txt 0.00167168 0.0016691 2.579e-06
110 Cora_feat_L1.txt 0.00167764 0.00167533 2.308e-06
111 Cora_feat_L1.txt 0.00165323 0.0016505 2.728e-06
112 Cora_feat_L1.txt 0.0016924 0.00169032 2.077e-06
113 Cora_feat_L1.txt 0.00166054 0.0016587 1.837e-06
114 Cora_feat_L1.txt 0.00170298 0.00170089 2.091e-06
115 Cora_feat_L1.txt 0.00170578 0.00170354 2.239e-06
116 Cora_feat_L1.txt 0.00170313 0.00170079 2.342e-06
117 Cora_feat_L1.txt 0.00163831 0.00163572 2.587e-06
118 Cora_feat_L1.txt 0.00170307 0.00170065 2.422e-06
119 Cora_feat_L1.txt 0.00168928 0.00168673 2.547e-06
120 Cora_feat_L1.txt 0.00167286 0.00167053 2.327e-06
121 Cora_feat_L1.txt 0.00167214 0.00166973 2.416e-06
122 Cora_feat_L1.txt 0.00165654 0.0016548 1.743e-06
123 Cora_feat_L1.txt 0.00164931 0.00164773 1.589e-06
124 Cora_feat_L1.txt 0.00207126 0.00206947 1.794e-06
125 Cora_feat_L1.txt 0.00204031 0.00203854 1.769e-06
126 Cora_feat_L1.txt 0.0020842 0.00208144 2.763e-06
127 Cora_feat_L1.txt 0.00162246 0.00161993 2.534e-06
128 Cora_feat_L1.txt 0.00164367 0.00164134 2.331e-06
129 Cora_feat_L1.txt 0.00157719 0.00157494 2.247e-06
130 Cora_feat_L1.txt 0.00161609 0.00161374 2.343e-06
131 Cora_feat_L1.txt 0.00152433 0.00152175 2.573e-06
132 Cora_feat_L1.txt 0.0016437 0.00164161 2.087e-06
133 Cora_feat_L1.txt 0.00157736 0.00157452 2.843e-06
134 Cora_feat_L1.txt 0.00162263 0.00162041 2.221e-06
135 Cora_feat_L1.txt 0.00158421 0.00158204 2.167e-06
136 Cora_feat_L1.txt 0.00158632 0.00158405 2.275e-06
137 Cora_feat_L1.txt 0.00158385 0.0015814 2.447e-06
138 Cora_feat_L1.txt 0.00160811 0.00160555 2.564e-06
139 Cora_feat_L1.txt 0.00159405 0.00159219 1.863e-06
140 Cora_feat_L1.txt 0.00156249 0.00156081 1.684e-06
141 Cora_feat_L1.txt 0.00159883 0.00159657 2.259e-06
142 Cora_feat_L1.txt 0.00152164 0.00151933 2.311e-06
143 Cora_feat_L1.txt 0.00158563 0.00158338 2.251e-06
144 Cora_feat_L1.txt 0.00164526 0.00164285 2.408e-06
145 Cora_feat_L1.txt 0.00161004 0.00160765 2.387e-06
146 Cora_feat_L1.txt 0.00167264 0.00167039 2.253e-06
147 Cora_feat_L1.txt 0.00160252 0.00160048 2.032e-06
148 Cora_feat_L1.txt 0.00170587 0.00170444 1.423e-06
149 Cora_feat_L1.txt 0.00166264 0.00166071 1.933e-06
150 Cora_feat_L1.txt 0.00164627 0.00164421 2.058e-06
151 Cora_feat_L1.txt 0.00165473 0.00165275 1.974e-06
152 Cora_feat_L1.txt 0.00162815 0.00162606 2.088e-06
153 Cora_feat_L1.txt 0.00164476 0.00164267 2.092e-06
154 Cora_feat_L1.txt 0.00160678 0.00160468 2.096e-06
155 Cora_feat_L1.txt 0.00162633 0.00162408 2.245e-06
156 Cora_feat_L1.txt 0.0015955 0.00159312 2.377e-06
157 Cora_feat_L1.txt 0.00161248 0.00161014 2.335e-06
158 Cora_feat_L1.txt 0.00165687 0.00165497 1.903e-06
159 Cora_feat_L1.txt 0.00168965 0.00168759 2.051e-06
160 Cora_feat_L1.txt 0.00169794 0.00169617 1.77e-06
161 Cora_feat_L1.txt 0.00168848 0.00168615 2.33e-06
162 Cora_feat_L1.txt 0.00163297 0.0016309 2.064e-06
163 Cora_feat_L1.txt 0.00166725 0.00166506 2.188e-06
164 Cora_feat_L1.txt 0.00166957 0.00166736 2.21e-06
165 Cora_feat_L1.txt 0.00169293 0.00169131 1.627e-06
166 Cora_feat_L1.txt 0.00170811 0.00170561 2.497e-06
167 Cora_feat_L1.txt 0.00162068 0.00161888 1.805e-06
168 Cora_feat_L1.txt 0.0019992 0.00199696 2.233e-06
169 Cora_feat_L1.txt 0.00154114 0.00153902 2.119e-06
170 Cora_feat_L1.txt 0.0016532 0.0016512 1.994e-06
171 Cora_feat_L1.txt 0.00152711 0.00152475 2.363e-06
172 Cora_feat_L1.txt 0.00196371 0.00196153 2.18e-06
173 Cora_feat_L1.txt 0.00205221 0.00205021 2.004e-06
174 Cora_feat_L1.txt 0.0015526 0.00155028 2.32e-06
175 Cora_feat_L1.txt 0.00168968 0.00168756 2.127e-06
176 Cora_feat_L1.txt 0.00162182 0.0016196 2.224e-06
177 Cora_feat_L1.txt 0.00157639 0.00157382 2.566e-06
178 Cora_feat_L1.txt 0.00148734 0.0014855 1.849e-06
179 Cora_feat_L1.txt 0.00156325 0.00156083 2.423e-06
180 Cora_feat_L1.txt 0.00159593 0.00159387 2.059e-06
181 Cora_feat_L1.txt 0.00149907 0.00149681 2.264e-06
182 Cora_feat_L1.txt 0.00156944 0.00156714 2.297e-06
183 Cora_feat_L1.txt 0.00147074 0.00146828 2.457e-06
184 Cora_feat_L1.txt 0.00149402 0.00149191 2.109e-06
185 Cora_feat_L1.txt 0.00151673 0.0015143 2.428e-06
186 Cora_feat_L1.txt 0.00148173 0.00147984 1.892e-06
187 Cora_feat_L1.txt 0.00146484 0.00146261 2.233e-06
188 Cora_feat_L1.txt 0.00156187 0.0015597 2.165e-06
189 Cora_feat_L1.txt 0.00150671 0.00150428 2.425e-06
190 Cora_feat_L1.txt 0.00150541 0.0015032 2.207e-06
191 Cora_feat_L1.txt 0.00151298 0.0015109 2.079e-06
192 Cora_feat_L1.txt 0.00154165 0.00153882 2.835e-06
193 Cora_feat_L1.txt 0.00162624 0.00162409 2.151e-06
194 Cora_feat_L1.txt 0.00164168 0.00163981 1.863e-06
195 Cora_feat_L1.txt 0.00155485 0.00155257 2.277e-06
196 Cora_feat_L1.txt 0.00155678 0.00155436 2.418e-06
197 Cora_feat_L1.txt 0.00175176 0.00174937 2.389e-06
198 Cora_feat_L1.txt 0.00158356 0.00158182 1.739e-06
199 Cora_feat_L1.txt 0.00163672 0.00163499 1.725e-06
200 Cora_feat_L1.txt 0.0016572 0.00165512 2.085e-06
201 Cora_feat_L1.txt 0.00153418 0.00153194 2.244e-06
202 Cora_feat_L1.txt 0.00167839 0.0016765 1.89e-06
203 Cora_feat_L1.txt 0.00164135 0.00163956 1.795e-06
204 Cora_feat_L1.txt 0.00166053 0.00165886 1.662e-06
205 Cora_feat_L1.txt 0.00175858 0.00175609 2.491e-06
206 Cora_feat_L1.txt 0.00160647 0.00160433 2.143e-06
207 Cora_feat_L1.txt 0.00157294 0.00157076 2.176e-06
208 Cora_feat_L1.txt 0.00204131 0.00203872 2.586e-06
209 Cora_feat_L1.txt 0.00203024 0.00202774 2.506e-06
210 Cora_feat_L1.txt 0.00167097 0.0016686 2.371e-06
211 Cora_feat_L1.txt 0.00162888 0.00162691 1.962e-06
212 Cora_feat_L1.txt 0.00162513 0.00162333 1.799e-06
213 Cora_feat_L1.txt 0.00167486 0.00167273 2.121e-06
214 Cora_feat_L1.txt 0.00172576 0.00172357 2.195e-06
215 Cora_feat_L1.txt 0.00161078 0.00160874 2.047e-06
216 Cora_feat_L1.txt 0.00202017 0.00201783 2.338e-06
217 Cora_feat_L1.txt 0.0015947 0.00159234 2.352e-06
218 Cora_feat_L1.txt 0.00160294 0.00160104 1.899e-06
219 Cora_feat_L1.txt 0.0016 0.00159757 2.422e-06
220 Cora_feat_L1.txt 0.0016263 0.0016245 1.797e-06
221 Cora_feat_L1.txt 0.00163931 0.00163735 1.955e-06
222 Cora_feat_L1.txt 0.00164821 0.00164618 2.034e-06
223 Cora_feat_L1.txt 0.00165364 0.00165151 2.127e-06
224 Cora_feat_L1.txt 0.00156784 0.00156623 1.61e-06
225 Cora_feat_L1.txt 0.00157304 0.00157038 2.664e-06
226 Cora_feat_L1.txt 0.00147737 0.00147567 1.702e-06
227 Cora_feat_L1.txt 0.00146018 0.00145815 2.035e-06
228 Cora_feat_L1.txt 0.00158691 0.00158466 2.246e-06
229 Cora_feat_L1.txt 0.00165059 0.00164817 2.416e-06
230 Cora_feat_L1.txt 0.00155108 0.00154921 1.867e-06
231 Cora_feat_L1.txt 0.00153845 0.00153685 1.599e-06
232 Cora_feat_L1.txt 0.00150842 0.00150608 2.342e-06
233 Cora_feat_L1.txt 0.00154678 0.00154466 2.115e-06
234 Cora_feat_L1.txt 0.00150203 0.00149977 2.252e-06
235 Cora_feat_L1.txt 0.00147799 0.00147585 2.137e-06
236 Cora_feat_L1.txt 0.00158353 0.00158167 1.861e-06
237 Cora_feat_L1.txt 0.0015349 0.00153239 2.51e-06
238 Cora_feat_L1.txt 0.00154938 0.00154762 1.762e-06
239 Cora_feat_L1.txt 0.00157645 0.00157388 2.562e-06
240 Cora_feat_L1.txt 0.00161526 0.00161262 2.638e-06
241 Cora_feat_L1.txt 0.00167321 0.00167063 2.577e-06
242 Cora_feat_L1.txt 0.00156518 0.00156274 2.441e-06
243 Cora_feat_L1.txt 0.00160272 0.00160016 2.561e-06
244 Cora_feat_L1.txt 0.00171159 0.00170944 2.148e-06
245 Cora_feat_L1.txt 0.00159838 0.00159585 2.53e-06
246 Cora_feat_L1.txt 0.00162041 0.00161883 1.576e-06
247 Cora_feat_L1.txt 0.00160806 0.00160565 2.402e-06
248 Cora_feat_L1.txt 0.00163994 0.001638 1.939e-06
249 Cora_feat_L1.txt 0.00157697 0.00157475 2.222e-06
250 Cora_feat_L1.txt 0.00160744 0.00160474 2.701e-06
251 Cora_feat_L1.txt 0.00160234 0.0015997 2.639e-06
252 Cora_feat_L1.txt 0.00159151 0.00158958 1.933e-06
253 Cora_feat_L1.txt 0.00164692 0.00164499 1.93e-06
254 Cora_feat_L1.txt 0.00174549 0.00174324 2.247e-06
255 Cora_feat_L1.txt 0.00167507 0.00167311 1.956e-06
256 Cora_feat_L1.txt 0.00204577 0.00204328 2.487e-06
257 Cora_feat_L1.txt 0.00162905 0.00162647 2.584e-06
258 Cora_feat_L1.txt 0.00174742 0.0017452 2.213e-06
259 Cora_feat_L1.txt 0.00160713 0.00160516 1.97e-06
260 Cora_feat_L1.txt 0.00165915 0.00165736 1.791e-06
261 Cora_feat_L1.txt 0.00161909 0.00161717 1.91e-06
262 Cora_feat_L1.txt 0.00166894 0.00166649 2.454e-06
263 Cora_feat_L1.txt 0.00164218 0.00164035 1.837e-06
264 Cora_feat_L1.txt 0.00199242 0.00198995 2.465e-06
265 Cora_feat_L1.txt 0.0017635 0.00176125 2.252e-06
266 Cora_feat_L1.txt 0.00167526 0.00167302 2.24e-06
267 Cora_feat_L1.txt 0.00160321 0.00160084 2.372e-06
268 Cora_feat_L1.txt 0.0016011 0.00159904 2.057e-06
269 Cora_feat_L1.txt 0.00163969 0.00163739 2.301e-06
270 Cora_feat_L1.txt 0.00169969 0.00169746 2.225e-06
271 Cora_feat_L1.txt 0.00160351 0.0016012 2.31e-06
272 Cora_feat_L1.txt 0.00150507 0.00150286 2.212e-06
273 Cora_feat_L1.txt 0.00155164 0.00154997 1.673e-06
274 Cora_feat_L1.txt 0.00153613 0.00153383 2.297e-06
275 Cora_feat_L1.txt 0.0014933 0.00149136 1.935e-06
276 Cora_feat_L1.txt 0.00160583 0.00160391 1.925e-06
277 Cora_feat_L1.txt 0.00160595 0.00160404 1.908e-06
278 Cora_feat_L1.txt 0.0016149 0.0016129 2.001e-06
279 Cora_feat_L1.txt 0.00152907 0.00152718 1.894e-06
280 Cora_feat_L1.txt 0.00160899 0.00160737 1.613e-06
281 Cora_feat_L1.txt 0.00149891 0.00149706 1.85e-06
282 Cora_feat_L1.txt 0.00160396 0.00160204 1.917e-06
283 Cora_feat_L1.txt 0.00153889 0.00153657 2.325e-06
284 Cora_feat_L1.txt 0.00166778 0.00166566 2.116e-06
285 Cora_feat_L1.txt 0.00151471 0.0015123 2.416e-06
286 Cora_feat_L1.txt 0.00152617 0.00152377 2.397e-06
287 Cora_feat_L1.txt 0.00152337 0.00152077 2.597e-06
288 Cora_feat_L1.txt 0.00157694 0.00157394 2.998e-06
289 Cora_feat_L1.txt 0.00162268 0.00162032 2.362e-06
290 Cora_feat_L1.txt 0.00167721 0.00167511 2.108e-06
291 Cora_feat_L1.txt 0.00169476 0.00169241 2.343e-06
292 Cora_feat_L1.txt 0.00158663 0.00158465 1.978e-06
293 Cora_feat_L1.txt 0.00162496 0.00162337 1.589e-06
294 Cora_feat_L1.txt 0.00160537 0.00160356 1.815e-06
295 Cora_feat_L1.txt 0.00166867 0.00166666 2.012e-06
296 Cora_feat_L1.txt 0.00163607 0.00163374 2.323e-06
297 Cora_feat_L1.txt 0.00162503 0.00162271 2.326e-06
298 Cora_feat_L1.txt 0.00163644 0.00163434 2.104e-06
299 Cora_feat_L1.txt 0.00160535 0.00160329 2.065e-06
300 Cora_feat_L1.txt 0.00165559 0.0016539 1.691e-06
301 Cora_feat_L1.txt 0.00162371 0.00162171 1.997e-06
302 Cora_feat_L1.txt 0.00163102 0.00162847 2.552e-06
303 Cora_feat_L1.txt 0.00156331 0.00156117 2.135e-06
304 Cora_feat_L1.txt 0.00158307 0.00158129 1.784e-06
305 Cora_feat_L1.txt 0.00171654 0.00171391 2.631e-06
306 Cora_feat_L1.txt 0.00169795 0.00169604 1.911e-06
307 Cora_feat_L1.txt 0.00162158 0.00161962 1.965e-06
308 Cora_feat_L1.txt 0.00164283 0.00164074 2.083e-06
309 Cora_feat_L1.txt 0.00158771 0.00158567 2.031e-06
310 Cora_feat_L1.txt 0.00163797 0.00163544 2.53e-06
311 Cora_feat_L1.txt 0.00166781 0.00166557 2.234e-06
312 Cora_feat_L1.txt 0.00166085 0.0016588 2.045e-06
313 Cora_feat_L1.txt 0.00167741 0.00167485 2.568e-06
314 Cora_feat_L1.txt 0.00172515 0.00172348 1.67e-06
315 Cora_feat_L1.txt 0.00175066 0.00174843 2.228e-06
316 Cora_feat_L1.txt 0.00159685 0.00159458 2.269e-06
317 Cora_feat_L1.txt 0.00159115 0.00158926 1.888e-06
318 Cora_feat_L1.txt 0.00207134 0.0020694 1.943e-06
319 Cora_feat_L1.txt 0.00162543 0.00162285 2.58e-06
320 Cora_feat_L1.txt 0.00156763 0.00156555 2.086e-06
321 Cora_feat_L1.txt 0.00162288 0.00162042 2.458e-06
322 Cora_feat_L1.txt 0.0015031 0.00150148 1.622e-06
323 Cora_feat_L1.txt 0.00161476 0.00161269 2.07e-06
324 Cora_feat_L1.txt 0.00159863 0.00159635 2.281e-06
325 Cora_feat_L1.txt 0.00146855 0.00146635 2.199e-06
326 Cora_feat_L1.txt 0.00151811 0.00151567 2.446e-06
327 Cora_feat_L1.txt 0.00152346 0.00152108 2.382e-06
328 Cora_feat_L1.txt 0.00162146 0.00161947 1.984e-06
329 Cora_feat_L1.txt 0.00150602 0.00150332 2.704e-06
330 Cora_feat_L1.txt 0.00152699 0.00152501 1.98e-06
331 Cora_feat_L1.txt 0.00150788 0.00150633 1.557e-06
332 Cora_feat_L1.txt 0.00155898 0.00155704 1.94e-06
333 Cora_feat_L1.txt 0.00147823 0.00147577 2.458e-06
334 Cora_feat_L1.txt 0.00157441 0.00157228 2.134e-06
335 Cora_feat_L1.txt 0.00162904 0.0016271 1.933e-06
336 Cora_feat_L1.txt 0.00161543 0.00161275 2.684e-06
337 Cora_feat_L1.txt 0.00165527 0.00165269 2.584e-06
338 Cora_feat_L1.txt 0.00153988 0.00153817 1.714e-06
339 Cora_feat_L1.txt 0.00164567 0.00164342 2.254e-06
340 Cora_feat_L1.txt 0.00169222 0.00169004 2.183e-06
341 Cora_feat_L1.txt 0.00159535 0.00159321 2.139e-06
342 Cora_feat_L1.txt 0.00168847 0.00168645 2.02e-06
343 Cora_feat_L1.txt 0.00165599 0.00165342 2.567e-06
344 Cora_feat_L1.txt 0.00152746 0.00152545 2.014e-06
345 Cora_feat_L1.txt 0.00154158 0.0015391 2.482e-06
346 Cora_feat_L1.txt 0.00158945 0.00158747 1.984e-06
347 Cora_feat_L1.txt 0.00162735 0.00162526 2.094e-06
348 Cora_feat_L1.txt 0.00154739 0.0015454 1.987e-06
349 Cora_feat_L1.txt 0.00153655 0.00153462 1.927e-06
350 Cora_feat_L1.txt 0.00158903 0.00158707 1.963e-06
351 Cora_feat_L1.txt 0.00162585 0.00162338 2.475e-06
352 Cora_feat_L1.txt 0.00204968 0.00204749 2.193e-06
353 Cora_feat_L1.txt 0.00163286 0.00163073 2.134e-06
354 Cora_feat_L1.txt 0.00167426 0.00166461 9.652e-06
355 Cora_feat_L1.txt 0.00155881 0.00155627 2.542e-06
356 Cora_feat_L1.txt 0.00160275 0.00160063 2.122e-06
357 Cora_feat_L1.txt 0.00163711 0.00163484 2.271e-06
358 Cora_feat_L1.txt 0.00163923 0.0016306 8.633e-06
359 Cora_feat_L1.txt 0.00160097 0.0015987 2.267e-06
360 Cora_feat_L1.txt 0.0020218 0.0020192 2.596e-06
361 Cora_feat_L1.txt 0.0016432 0.0016411 2.103e-06
362 Cora_feat_L1.txt 0.00204528 0.00204322 2.065e-06
363 Cora_feat_L1.txt 0.00161112 0.00160883 2.284e-06
364 Cora_feat_L1.txt 0.00162233 0.0016209 1.432e-06
365 Cora_feat_L1.txt 0.00161775 0.00161545 2.304e-06
366 Cora_feat_L1.txt 0.00197378 0.00197089 2.883e-06
367 Cora_feat_L1.txt 0.0016358 0.0016333 2.505e-06
368 Cora_feat_L1.txt 0.00148563 0.00148341 2.222e-06
369 Cora_feat_L1.txt 0.00151493 0.00151251 2.416e-06
370 Cora_feat_L1.txt 0.0014721 0.00147013 1.975e-06
371 Cora_feat_L1.txt 0.00152187 0.00151943 2.432e-06
372 Cora_feat_L1.txt 0.00147357 0.00147155 2.019e-06
373 Cora_feat_L1.txt 0.00154733 0.00154477 2.562e-06
374 Cora_feat_L1.txt 0.00155971 0.00155789 1.827e-06
375 Cora_feat_L1.txt 0.00157428 0.00157246 1.823e-06
376 Cora_feat_L1.txt 0.00152185 0.00151961 2.244e-06
377 Cora_feat_L1.txt 0.001497 0.00149481 2.188e-06
378 Cora_feat_L1.txt 0.00150788 0.00150538 2.498e-06
379 Cora_feat_L1.txt 0.00155423 0.00155163 2.594e-06
380 Cora_feat_L1.txt 0.0015726 0.00157067 1.93e-06
381 Cora_feat_L1.txt 0.00149018 0.0014879 2.29e-06
382 Cora_feat_L1.txt 0.00158188 0.00157912 2.762e-06
383 Cora_feat_L1.txt 0.00149727 0.00149484 2.432e-06
384 Cora_feat_L1.txt 0.00159897 0.00159639 2.579e-06
385 Cora_feat_L1.txt 0.00159387 0.0015912 2.671e-06
386 Cora_feat_L1.txt 0.00165245 0.00165057 1.88e-06
387 Cora_feat_L1.txt 0.00153365 0.00153206 1.583e-06
388 Cora_feat_L1.txt 0.00158745 0.00158533 2.127e-06
389 Cora_feat_L1.txt 0.00158814 0.0015855 2.638e-06
390 Cora_feat_L1.txt 0.00155847 0.00155696 1.515e-06
391 Cora_feat_L1.txt 0.00151978 0.001517 2.784e-06
392 Cora_feat_L1.txt 0.00172423 0.00172206 2.168e-06
393 Cora_feat_L1.txt 0.00159945 0.00159677 2.685e-06
394 Cora_feat_L1.txt 0.00161708 0.00161516 1.927e-06
395 Cora_feat_L1.txt 0.00155904 0.00155655 2.494e-06
396 Cora_feat_L1.txt 0.00161333 0.00161108 2.249e-06
397 Cora_feat_L1.txt 0.00163092 0.00162881 2.114e-06
398 Cora_feat_L1.txt 0.00160624 0.00160406 2.183e-06
399 Cora_feat_L1.txt 0.00163267 0.00163067 1.999e-06
400 Cora_feat_L1.txt 0.00204352 0.00204094 2.579e-06
401 Cora_feat_L1.txt 0.00209869 0.00209653 2.16e-06
402 Cora_feat_L1.txt 0.00159434 0.00159241 1.93e-06
403 Cora_feat_L1.txt 0.00163514 0.00163265 2.491e-06
404 Cora_feat_L1.txt 0.00159393 0.00159195 1.974e-06
405 Cora_feat_L1.txt 0.00162191 0.00161966 2.243e-06
406 Cora_feat_L1.txt 0.00160889 0.00160644 2.453e-06
407 Cora_feat_L1.txt 0.0017016 0.00169923 2.375e-06
408 Cora_feat_L1.txt 0.00202201 0.00201989 2.124e-06
409 Cora_feat_L1.txt 0.00164429 0.00164191 2.384e-06
410 Cora_feat_L1.txt 0.00165452 0.00165228 2.245e-06
411 Cora_feat_L1.txt 0.00159697 0.00159465 2.317e-06
412 Cora_feat_L1.txt 0.00209477 0.00209253 2.238e-06
413 Cora_feat_L1.txt 0.00172985 0.00172744 2.409e-06
414 Cora_feat_L1.txt 0.00195039 0.00194761 2.784e-06
415 Cora_feat_L1.txt 0.0016422 0.0016395 2.698e-06
416 Cora_feat_L1.txt 0.00157242 0.00157024 2.171e-06
417 Cora_feat_L1.txt 0.00158336 0.00158095 2.404e-06
418 Cora_feat_L1.txt 0.00155424 0.00155193 2.314e-06
419 Cora_feat_L1.txt 0.00162987 0.00162737 2.5e-06
420 Cora_feat_L1.txt 0.00156362 0.00156154 2.08e-06
421 Cora_feat_L1.txt 0.00158234 0.00158013 2.208e-06
422 Cora_feat_L1.txt 0.00155532 0.0015534 1.922e-06
423 Cora_feat_L1.txt 0.00152481 0.00152268 2.131e-06
424 Cora_feat_L1.txt 0.00161352 0.00161135 2.167e-06
425 Cora_feat_L1.txt 0.00153041 0.00152824 2.171e-06
426 Cora_feat_L1.txt 0.00156537 0.00156377 1.598e-06
427 Cora_feat_L1.txt 0.00157215 0.00156981 2.342e-06
428 Cora_feat_L1.txt 0.00155092 0.0015491 1.821e-06
429 Cora_feat_L1.txt 0.00161117 0.00160888 2.285e-06
430 Cora_feat_L1.txt 0.00156536 0.00156304 2.317e-06
431 Cora_feat_L1.txt 0.00162421 0.00162168 2.528e-06
432 Cora_feat_L1.txt 0.00162587 0.0016233 2.568e-06
433 Cora_feat_L1.txt 0.00161818 0.001616 2.181e-06
434 Cora_feat_L1.txt 0.00165065 0.00164818 2.472e-06
435 Cora_feat_L1.txt 0.00159794 0.00159544 2.498e-06
436 Cora_feat_L1.txt 0.0017447 0.00174302 1.681e-06
437 Cora_feat_L1.txt 0.00162127 0.00161895 2.32e-06
438 Cora_feat_L1.txt 0.00163768 0.00163574 1.935e-06
439 Cora_feat_L1.txt 0.00164281 0.00164018 2.637e-06
440 Cora_feat_L1.txt 0.00164124 0.00163907 2.17e-06
441 Cora_feat_L1.txt 0.00165423 0.00165222 2.018e-06
442 Cora_feat_L1.txt 0.00165586 0.00165355 2.306e-06
443 Cora_feat_L1.txt 0.00164088 0.00163857 2.315e-06
444 Cora_feat_L1.txt 0.00166807 0.00166596 2.113e-06
445 Cora_feat_L1.txt 0.00165082 0.00164836 2.462e-06
446 Cora_feat_L1.txt 0.00163795 0.00163587 2.076e-06
447 Cora_feat_L1.txt 0.00170417 0.00170173 2.446e-06
448 Cora_feat_L1.txt 0.00206635 0.00206422 2.133e-06
449 Cora_feat_L1.txt 0.00203758 0.00203556 2.025e-06
450 Cora_feat_L1.txt 0.00167964 0.00167733 2.309e-06
451 Cora_feat_L1.txt 0.00163202 0.00163006 1.961e-06
452 Cora_feat_L1.txt 0.00165986 0.00165811 1.748e-06
453 Cora_feat_L1.txt 0.00163705 0.00163466 2.388e-06
454 Cora_feat_L1.txt 0.00167867 0.00167645 2.213e-06
455 Cora_feat_L1.txt 0.00164821 0.00164602 2.189e-06
456 Cora_feat_L1.txt 0.00166212 0.00166001 2.103e-06
457 Cora_feat_L1.txt 0.00164869 0.00164612 2.564e-06
458 Cora_feat_L1.txt 0.00158668 0.00158443 2.256e-06
459 Cora_feat_L1.txt 0.00159509 0.00159242 2.664e-06
460 Cora_feat_L1.txt 0.00200193 0.00199962 2.31e-06
461 Cora_feat_L1.txt 0.00161059 0.00160836 2.228e-06
462 Cora_feat_L1.txt 0.00164179 0.00163984 1.948e-06
463 Cora_feat_L1.txt 0.00168789 0.00168626 1.635e-06
464 Cora_feat_L1.txt 0.0015392 0.00153709 2.109e-06
465 Cora_feat_L1.txt 0.00156474 0.00156264 2.1e-06
466 Cora_feat_L1.txt 0.00157424 0.00157164 2.604e-06
467 Cora_feat_L1.txt 0.00152051 0.00151878 1.731e-06
468 Cora_feat_L1.txt 0.00156897 0.00156743 1.538e-06
469 Cora_feat_L1.txt 0.00157598 0.00157395 2.026e-06
470 Cora_feat_L1.txt 0.00154678 0.00154488 1.899e-06
471 Cora_feat_L1.txt 0.00153393 0.00153167 2.26e-06
472 Cora_feat_L1.txt 0.00153055 0.00152831 2.231e-06
473 Cora_feat_L1.txt 0.00158554 0.00158323 2.311e-06
474 Cora_feat_L1.txt 0.00151978 0.0015183 1.478e-06
475 Cora_feat_L1.txt 0.00158173 0.00157955 2.184e-06
476 Cora_feat_L1.txt 0.00157377 0.00157186 1.912e-06
477 Cora_feat_L1.txt 0.00153428 0.00153232 1.964e-06
478 Cora_feat_L1.txt 0.00158166 0.00157992 1.744e-06
479 Cora_feat_L1.txt 0.00154566 0.00154302 2.637e-06
480 Cora_feat_L1.txt 0.00153543 0.00153278 2.644e-06
481 Cora_feat_L1.txt 0.0016197 0.00161761 2.085e-06
482 Cora_feat_L1.txt 0.00166606 0.00166372 2.339e-06
483 Cora_feat_L1.txt 0.0016803 0.00167836 1.938e-06
484 Cora_feat_L1.txt 0.00150652 0.00150429 2.225e-06
485 Cora_feat_L1.txt 0.00162996 0.00162725 2.71e-06
486 Cora_feat_L1.txt 0.00164978 0.00164794 1.838e-06
487 Cora_feat_L1.txt 0.00156575 0.00156305 2.698e-06
488 Cora_feat_L1.txt 0.00163704 0.00163467 2.365e-06
489 Cora_feat_L1.txt 0.00151416 0.00151208 2.084e-06
490 Cora_feat_L1.txt 0.00168256 0.00168099 1.576e-06
491 Cora_feat_L1.txt 0.00151345 0.00151161 1.839e-06
492 Cora_feat_L1.txt 0.00170777 0.00170634 1.424e-06
493 Cora_feat_L1.txt 0.00158767 0.00158554 2.132e-06
494 Cora_feat_L1.txt 0.00156668 0.00156476 1.926e-06
495 Cora_feat_L1.txt 0.00150973 0.00150707 2.662e-06
496 Cora_feat_L1.txt 0.00204886 0.00204615 2.714e-06
497 Cora_feat_L1.txt 0.00205374 0.0020513 2.442e-06
498 Cora_feat_L1.txt 0.00215936 0.00215564 3.718e-06
499 Cora_feat_L1.txt 0.0015666 0.00156425 2.357e-06
500 Cora_feat_L1.txt 0.00171061 0.00170825 2.363e-06
501 Cora_feat_L1.txt 0.00166512 0.00166248 2.64e-06
502 Cora_feat_L1.txt 0.00160123 0.00159954 1.69e-06
503 Cora_feat_L1.txt 0.00163604 0.00163367 2.369e-06
504 Cora_feat_L1.txt 0.00154067 0.00153833 2.337e-06
505 Cora_feat_L1.txt 0.00159394 0.00159181 2.129e-06
506 Cora_feat_L1.txt 0.00203471 0.00203294 1.768e-06
507 Cora_feat_L1.txt 0.00167546 0.00167327 2.19e-06
508 Cora_feat_L1.txt 0.00195617 0.00195396 2.213e-06
509 Cora_feat_L1.txt 0.00154225 0.0015405 1.744e-06
510 Cora_feat_L1.txt 0.00168557 0.00168371 1.859e-06
511 Cora_feat_L1.txt 0.00161361 0.00161206 1.544e-06
512 Cora_feat_L1.txt 0.00155241 0.00155091 1.504e-06
513 Cora_feat_L1.txt 0.001505 0.00150275 2.243e-06
514 Cora_feat_L1.txt 0.0014853 0.00148304 2.265e-06
515 Cora_feat_L1.txt 0.0014891 0.00148743 1.675e-06
516 Cora_feat_L1.txt 0.00154348 0.00154127 2.212e-06
517 Cora_feat_L1.txt 0.00154162 0.00153984 1.776e-06
518 Cora_feat_L1.txt 0.00154568 0.00154382 1.854e-06
519 Cora_feat_L1.txt 0.00154803 0.00154597 2.059e-06
520 Cora_feat_L1.txt 0.00151848 0.00151674 1.737e-06
521 Cora_feat_L1.txt 0.00165358 0.00165142 2.156e-06
522 Cora_feat_L1.txt 0.00155145 0.00154995 1.505e-06
523 Cora_feat_L1.txt 0.00151745 0.00151543 2.016e-06
524 Cora_feat_L1.txt 0.00159656 0.00159432 2.242e-06
525 Cora_feat_L1.txt 0.00147911 0.00147671 2.403e-06
526 Cora_feat_L1.txt 0.00147712 0.00147508 2.043e-06
527 Cora_feat_L1.txt 0.00154273 0.00154045 2.282e-06
528 Cora_feat_L1.txt 0.00152807 0.00152568 2.39e-06
529 Cora_feat_L1.txt 0.00154651 0.00154404 2.478e-06
530 Cora_feat_L1.txt 0.00158407 0.00158216 1.911e-06
531 Cora_feat_L1.txt 0.0015171 0.00151485 2.251e-06
532 Cora_feat_L1.txt 0.0015723 0.00156999 2.309e-06
533 Cora_feat_L1.txt 0.00155072 0.00154839 2.324e-06
534 Cora_feat_L1.txt 0.00157319 0.00157088 2.308e-06
535 Cora_feat_L1.txt 0.00151626 0.00151385 2.411e-06
536 Cora_feat_L1.txt 0.001572 0.00156973 2.271e-06
537 Cora_feat_L1.txt 0.00156239 0.00156023 2.161e-06
538 Cora_feat_L1.txt 0.00153498 0.00153258 2.4e-06
539 Cora_feat_L1.txt 0.00153718 0.00153503 2.147e-06
540 Cora_feat_L1.txt 0.00155799 0.00155584 2.156e-06
541 Cora_feat_L1.txt 0.00164939 0.00164739 1.999e-06
542 Cora_feat_L1.txt 0.00157944 0.00157757 1.874e-06
543 Cora_feat_L1.txt 0.00158052 0.00157782 2.698e-06
544 Cora_feat_L1.txt 0.00164252 0.00164059 1.935e-06
545 Cora_feat_L1.txt 0.00155519 0.00155261 2.577e-06
546 Cora_feat_L1.txt 0.00158536 0.00158298 2.378e-06
547 Cora_feat_L1.txt 0.00161337 0.0016109 2.47e-06
548 Cora_feat_L1.txt 0.00160571 0.00160351 2.193e-06
549 Cora_feat_L1.txt 0.00157143 0.0015688 2.631e-06
550 Cora_feat_L1.txt 0.00158014 0.00157721 2.931e-06
551 Cora_feat_L1.txt 0.00172194 0.00171983 2.11e-06
552 Cora_feat_L1.txt 0.00156938 0.0015669 2.481e-06
553 Cora_feat_L1.txt 0.00159015 0.00158782 2.329e-06
554 Cora_feat_L1.txt 0.00159546 0.00159307 2.396e-06
555 Cora_feat_L1.txt 0.00154454 0.00154205 2.493e-06
556 Cora_feat_L1.txt 0.00160208 0.00159996 2.12e-06
557 Cora_feat_L1.txt 0.00162564 0.00162327 2.363e-06
558 Cora_feat_L1.txt 0.00160285 0.00160049 2.365e-06
559 Cora_feat_L1.txt 0.00159929 0.00159682 2.475e-06
560 Cora_feat_L1.txt 0.00144562 0.00144316 2.459e-06
561 Cora_feat_L1.txt 0.00151602 0.00151337 2.649e-06
562 Cora_feat_L1.txt 0.00148966 0.0014877 1.957e-06
563 Cora_feat_L1.txt 0.00144324 0.00144094 2.3e-06
564 Cora_feat_L1.txt 0.00153804 0.00153569 2.348e-06
565 Cora_feat_L1.txt 0.00151459 0.00151188 2.708e-06
566 Cora_feat_L1.txt 0.00153652 0.00153442 2.103e-06
567 Cora_feat_L1.txt 0.00149004 0.00148796 2.077e-06
568 Cora_feat_L1.txt 0.0015379 0.00153603 1.872e-06
569 Cora_feat_L1.txt 0.00159695 0.00159501 1.941e-06
570 Cora_feat_L1.txt 0.00149925 0.00149695 2.305e-06
571 Cora_feat_L1.txt 0.0014821 0.00147939 2.714e-06
572 Cora_feat_L1.txt 0.00152537 0.00152281 2.556e-06
573 Cora_feat_L1.txt 0.00144071 0.00143844 2.267e-06
574 Cora_feat_L1.txt 0.00145393 0.00145177 2.165e-06
575 Cora_feat_L1.txt 0.00159823 0.00159564 2.595e-06
576 Cora_feat_L1.txt 0.00157335 0.00157167 1.678e-06
577 Cora_feat_L1.txt 0.00168724 0.00168572 1.522e-06
578 Cora_feat_L1.txt 0.00175344 0.00175093 2.509e-06
579 Cora_feat_L1.txt 0.00166304 0.00166065 2.395e-06
580 Cora_feat_L1.txt 0.00149263 0.00149094 1.688e-06
581 Cora_feat_L1.txt 0.0015649 0.00156213 2.769e-06
582 Cora_feat_L1.txt 0.00165894 0.00165674 2.201e-06
583 Cora_feat_L1.txt 0.00164707 0.0016445 2.574e-06
584 Cora_feat_L1.txt 0.00149806 0.00149596 2.098e-06
585 Cora_feat_L1.txt 0.00164384 0.00164126 2.585e-06
586 Cora_feat_L1.txt 0.00158931 0.00158708 2.232e-06
587 Cora_feat_L1.txt 0.00150565 0.00150347 2.178e-06
588 Cora_feat_L1.txt 0.00162089 0.00161917 1.721e-06
589 Cora_feat_L1.txt 0.00152675 0.00152511 1.639e-06
590 Cora_feat_L1.txt 0.0016825 0.00168002 2.473e-06
591 Cora_feat_L1.txt 0.00164582 0.00164306 2.757e-06
592 Cora_feat_L1.txt 0.00164071 0.00163888 1.83e-06
593 Cora_feat_L1.txt 0.0017036 0.00170133 2.273e-06
594 Cora_feat_L1.txt 0.00164113 0.00163894 2.188e-06
595 Cora_feat_L1.txt 0.0016398 0.00163756 2.238e-06
596 Cora_feat_L1.txt 0.00153826 0.00153606 2.197e-06
597 Cora_feat_L1.txt 0.0016361 0.0016336 2.493e-06
598 Cora_feat_L1.txt 0.00155719 0.00155543 1.761e-06
599 Cora_feat_L1.txt 0.00160471 0.00160253 2.178e-06
600 Cora_feat_L1.txt 0.00158923 0.00158738 1.85e-06
601 Cora_feat_L1.txt 0.00160234 0.00159992 2.414e-06
602 Cora_feat_L1.txt 0.00157557 0.00157327 2.3e-06
603 Cora_feat_L1.txt 0.00165063 0.00164816 2.47e-06
604 Cora_feat_L1.txt 0.00156307 0.00156098 2.082e-06
605 Cora_feat_L1.txt 0.0016129 0.00161035 2.55e-06
606 Cora_feat_L1.txt 0.0015904 0.00158803 2.366e-06
607 Cora_feat_L1.txt 0.00160907 0.00160665 2.413e-06
608 Cora_feat_L1.txt 0.00151259 0.0015106 1.99e-06
609 Cora_feat_L1.txt 0.00146834 0.00146581 2.529e-06
610 Cora_feat_L1.txt 0.00147537 0.00147312 2.251e-06
611 Cora_feat_L1.txt 0.00148282 0.00148036 2.459e-06
612 Cora_feat_L1.txt 0.00153349 0.00153127 2.229e-06
613 Cora_feat_L1.txt 0.00152742 0.0015254 2.027e-06
614 Cora_feat_L1.txt 0.00151883 0.00151695 1.888e-06
615 Cora_feat_L1.txt 0.00152549 0.00152303 2.455e-06
616 Cora_feat_L1.txt 0.00152125 0.00151904 2.212e-06
617 Cora_feat_L1.txt 0.00150149 0.00149879 2.703e-06
618 Cora_feat_L1.txt 0.0015737 0.00157154 2.158e-06
619 Cora_feat_L1.txt 0.0014701 0.00146887 1.225e-06
620 Cora_feat_L1.txt 0.00148569 0.00148353 2.164e-06
621 Cora_feat_L1.txt 0.00160757 0.00160507 2.508e-06
622 Cora_feat_L1.txt 0.00153197 0.0015294 2.569e-06
623 Cora_feat_L1.txt 0.00161733 0.00161499 2.347e-06
624 Cora_feat_L1.txt 0.00158312 0.00158108 2.039e-06
625 Cora_feat_L1.txt 0.00157618 0.00157354 2.64e-06
626 Cora_feat_L1.txt 0.00170839 0.00170597 2.423e-06
627 Cora_feat_L1.txt 0.00167891 0.00167653 2.38e-06
628 Cora_feat_L1.txt 0.0015971 0.00159501 2.087e-06
629 Cora_feat_L1.txt 0.00163624 0.00163357 2.669e-06
630 Cora_feat_L1.txt 0.00158735 0.00158499 2.352e-06
631 Cora_feat_L1.txt 0.00161464 0.00161216 2.475e-06
632 Cora_feat_L1.txt 0.00160513 0.00160339 1.735e-06
633 Cora_feat_L1.txt 0.0015739 0.00157151 2.386e-06
634 Cora_feat_L1.txt 0.00157158 0.00156994 1.645e-06
635 Cora_feat_L1.txt 0.00158973 0.00158706 2.671e-06
636 Cora_feat_L1.txt 0.00167957 0.00167727 2.297e-06
637 Cora_feat_L1.txt 0.00161406 0.00161159 2.472e-06
638 Cora_feat_L1.txt 0.00164648 0.00164418 2.306e-06
639 Cora_feat_L1.txt 0.00159358 0.00159179 1.795e-06
640 Cora_feat_L1.txt 0.00162983 0.00162782 2.015e-06
641 Cora_feat_L1.txt 0.00162749 0.00162565 1.837e-06
642 Cora_feat_L1.txt 0.00163543 0.00163308 2.351e-06
643 Cora_feat_L1.txt 0.00159377 0.00159131 2.463e-06
644 Cora_feat_L1.txt 0.00159138 0.00158874 2.64e-06
645 Cora_feat_L1.txt 0.0015952 0.00159322 1.977e-06
646 Cora_feat_L1.txt 0.00163637 0.00163399 2.382e-06
647 Cora_feat_L1.txt 0.00157874 0.00157697 1.771e-06
648 Cora_feat_L1.txt 0.00162457 0.00162224 2.324e-06
649 Cora_feat_L1.txt 0.00167961 0.00167735 2.26e-06
650 Cora_feat_L1.txt 0.0017189 0.00171655 2.345e-06
651 Cora_feat_L1.txt 0.00161286 0.00161063 2.225e-06
652 Cora_feat_L1.txt 0.00159963 0.00159782 1.809e-06
653 Cora_feat_L1.txt 0.00164003 0.00163771 2.32e-06
654 Cora_feat_L1.txt 0.00161072 0.00160836 2.362e-06
655 Cora_feat_L1.txt 0.00161058 0.00160852 2.058e-06
656 Cora_feat_L1.txt 0.00151952 0.00151706 2.458e-06
657 Cora_feat_L1.txt 0.00154294 0.00154085 2.09e-06
658 Cora_feat_L1.txt 0.00155143 0.00154911 2.313e-06
659 Cora_feat_L1.txt 0.00154051 0.00153816 2.355e-06
660 Cora_feat_L1.txt 0.00151283 0.0015106 2.226e-06
661 Cora_feat_L1.txt 0.00151238 0.00151012 2.254e-06
662 Cora_feat_L1.txt 0.00153914 0.00153755 1.596e-06
663 Cora_feat_L1.txt 0.0014726 0.00147061 1.987e-06
664 Cora_feat_L1.txt 0.00151652 0.00151433 2.184e-06
665 Cora_feat_L1.txt 0.00156754 0.00156544 2.103e-06
666 Cora_feat_L1.txt 0.00153494 0.00153301 1.934e-06
667 Cora_feat_L1.txt 0.00153296 0.00153073 2.228e-06
668 Cora_feat_L1.txt 0.00154639 0.00154415 2.239e-06
669 Cora_feat_L1.txt 0.00149467 0.00149194 2.732e-06
670 Cora_feat_L1.txt 0.00150675 0.00150463 2.113e-06
671 Cora_feat_L1.txt 0.00150551 0.00150299 2.523e-06
672 Cora_feat_L1.txt 0.00158762 0.00158505 2.564e-06
673 Cora_feat_L1.txt 0.0016275 0.00162528 2.215e-06
674 Cora_feat_L1.txt 0.00162396 0.0016215 2.459e-06
675 Cora_feat_L1.txt 0.00165014 0.00164841 1.737e-06
676 Cora_feat_L1.txt 0.00158387 0.00158175 2.121e-06
677 Cora_feat_L1.txt 0.00159797 0.00159569 2.28e-06
678 Cora_feat_L1.txt 0.00163924 0.00163674 2.502e-06
679 Cora_feat_L1.txt 0.00162461 0.00162233 2.272e-06
680 Cora_feat_L1.txt 0.00167137 0.00166916 2.21e-06
681 Cora_feat_L1.txt 0.00160518 0.0016029 2.281e-06
682 Cora_feat_L1.txt 0.00159861 0.00159631 2.292e-06
683 Cora_feat_L1.txt 0.00160938 0.0016071 2.284e-06
684 Cora_feat_L1.txt 0.00160239 0.00160049 1.9e-06
685 Cora_feat_L1.txt 0.0015749 0.0015731 1.796e-06
686 Cora_feat_L1.txt 0.0016114 0.00160935 2.053e-06
687 Cora_feat_L1.txt 0.00156886 0.00156688 1.983e-06
688 Cora_feat_L1.txt 0.00166144 0.00165907 2.367e-06
689 Cora_feat_L1.txt 0.00161211 0.00161003 2.08e-06
690 Cora_feat_L1.txt 0.00161226 0.00161022 2.033e-06
691 Cora_feat_L1.txt 0.00170481 0.00170264 2.176e-06
692 Cora_feat_L1.txt 0.00159584 0.00159407 1.777e-06
693 Cora_feat_L1.txt 0.00160045 0.00159818 2.277e-06
694 Cora_feat_L1.txt 0.00161944 0.00161705 2.381e-06
695 Cora_feat_L1.txt 0.00161913 0.00161723 1.896e-06
696 Cora_feat_L1.txt 0.00166151 0.00165932 2.196e-06
697 Cora_feat_L1.txt 0.00165525 0.00165314 2.107e-06
698 Cora_feat_L1.txt 0.0015952 0.0015929 2.302e-06
699 Cora_feat_L1.txt 0.00165262 0.00165028 2.345e-06
700 Cora_feat_L1.txt 0.0016116 0.00160936 2.243e-06
701 Cora_feat_L1.txt 0.00163272 0.00163017 2.545e-06
702 Cora_feat_L1.txt 0.0016607 0.00165864 2.068e-06
703 Cora_feat_L1.txt 0.00163151 0.00162954 1.965e-06
704 Cora_feat_L1.txt 0.00155359 0.00155134 2.248e-06
705 Cora_feat_L1.txt 0.00155867 0.00155624 2.43e-06
706 Cora_feat_L1.txt 0.00151149 0.00150916 2.333e-06
707 Cora_feat_L1.txt 0.00150379 0.00150158 2.206e-06
708 Cora_feat_L1.txt 0.00150929 0.00150782 1.467e-06
709 Cora_feat_L1.txt 0.00152939 0.00152766 1.735e-06
710 Cora_feat_L1.txt 0.00154812 0.00154558 2.543e-06
711 Cora_feat_L1.txt 0.00153438 0.00153206 2.316e-06
712 Cora_feat_L1.txt 0.00152412 0.00152227 1.851e-06
713 Cora_feat_L1.txt 0.0015755 0.00157322 2.278e-06
714 Cora_feat_L1.txt 0.00159362 0.0015913 2.312e-06
715 Cora_feat_L1.txt 0.00157399 0.00157142 2.574e-06
716 Cora_feat_L1.txt 0.0015076 0.0015051 2.502e-06
717 Cora_feat_L1.txt 0.00150968 0.00150746 2.219e-06
718 Cora_feat_L1.txt 0.00153021 0.0015277 2.511e-06
719 Cora_feat_L1.txt 0.00152724 0.00152567 1.571e-06
720 Cora_feat_L1.txt 0.00151277 0.00151069 2.078e-06
721 Cora_feat_L1.txt 0.00149446 0.00149182 2.637e-06
722 Cora_feat_L1.txt 0.00158729 0.00158526 2.036e-06
723 Cora_feat_L1.txt 0.00148848 0.00148604 2.442e-06
724 Cora_feat_L1.txt 0.00157464 0.0015724 2.231e-06
725 Cora_feat_L1.txt 0.00151335 0.00151078 2.567e-06
726 Cora_feat_L1.txt 0.00160148 0.00159917 2.308e-06
727 Cora_feat_L1.txt 0.00147611 0.00147378 2.325e-06
728 Cora_feat_L1.txt 0.00153344 0.00153102 2.421e-06
729 Cora_feat_L1.txt 0.00157713 0.00157458 2.549e-06
730 Cora_feat_L1.txt 0.00156945 0.00156719 2.26e-06
731 Cora_feat_L1.txt 0.00162217 0.00162023 1.94e-06
732 Cora_feat_L1.txt 0.00154585 0.0015438 2.045e-06
733 Cora_feat_L1.txt 0.00157867 0.00157666 2.009e-06
734 Cora_feat_L1.txt 0.0015476 0.00154531 2.29e-06
735 Cora_feat_L1.txt 0.00156843 0.00156611 2.326e-06
736 Cora_feat_L1.txt 0.00162046 0.00161874 1.726e-06
737 Cora_feat_L1.txt 0.00163463 0.00163239 2.243e-06
738 Cora_feat_L1.txt 0.00155079 0.0015486 2.194e-06
739 Cora_feat_L1.txt 0.00151706 0.00151516 1.893e-06
740 Cora_feat_L1.txt 0.00161195 0.00160962 2.326e-06
741 Cora_feat_L1.txt 0.00152546 0.00152292 2.545e-06
742 Cora_feat_L1.txt 0.00161292 0.00161055 2.374e-06
743 Cora_feat_L1.txt 0.00158925 0.00158749 1.763e-06
744 Cora_feat_L1.txt 0.0015025 0.00150022 2.285e-06
745 Cora_feat_L1.txt 0.00167975 0.00167733 2.42e-06
746 Cora_feat_L1.txt 0.00171989 0.00171747 2.423e-06
747 Cora_feat_L1.txt 0.00156355 0.0015613 2.249e-06
748 Cora_feat_L1.txt 0.00166677 0.00166477 1.994e-06
749 Cora_feat_L1.txt 0.00159334 0.00159076 2.579e-06
750 Cora_feat_L1.txt 0.00168543 0.00168319 2.238e-06
751 Cora_feat_L1.txt 0.00166185 0.00166013 1.721e-06
752 Cora_feat_L1.txt 0.00151902 0.00151708 1.939e-06
753 Cora_feat_L1.txt 0.00147133 0.00146886 2.467e-06
754 Cora_feat_L1.txt 0.00150167 0.00149926 2.406e-06
755 Cora_feat_L1.txt 0.00149186 0.00148936 2.491e-06
756 Cora_feat_L1.txt 0.0015916 0.00158956 2.034e-06
757 Cora_feat_L1.txt 0.0015854 0.00158285 2.549e-06
758 Cora_feat_L1.txt 0.00151652 0.00151465 1.875e-06
759 Cora_feat_L1.txt 0.00148704 0.00148467 2.369e-06
760 Cora_feat_L1.txt 0.00161924 0.0016169 2.339e-06
761 Cora_feat_L1.txt 0.00150713 0.00150559 1.537e-06
762 Cora_feat_L1.txt 0.00147481 0.00147273 2.08e-06
763 Cora_feat_L1.txt 0.0014953 0.00149287 2.426e-06
764 Cora_feat_L1.txt 0.00157677 0.00157454 2.23e-06
765 Cora_feat_L1.txt 0.00148236 0.00147977 2.59e-06
766 Cora_feat_L1.txt 0.00145268 0.00145031 2.37e-06
767 Cora_feat_L1.txt 0.0017608 0.00157912 0.000181675
0 Cora_A.txt 0.000599688 0.00059866 1.028e-06
1 Cora_A.txt 0.000597574 0.00059643 1.144e-06
2 Cora_A.txt 0.000606202 0.000605069 1.133e-06
3 Cora_A.txt 0.000601811 0.000601032 7.79e-07
4 Cora_A.txt 0.000608854 0.000607941 9.13e-07
5 Cora_A.txt 0.000605811 0.000604989 8.22e-07
6 Cora_A.txt 0.000614388 0.000613458 9.3e-07
7 Cora_A.txt 0.000610501 0.00060983 6.71e-07
8 Cora_A.txt 0.00061121 0.000610531 6.79e-07
9 Cora_A.txt 0.000608419 0.000607772 6.47e-07
10 Cora_A.txt 0.000617353 0.000616587 7.66e-07
11 Cora_A.txt 0.000614093 0.000613164 9.29e-07
12 Cora_A.txt 0.000615383 0.000614633 7.5e-07
13 Cora_A.txt 0.000612718 0.00061204 6.78e-07
14 Cora_A.txt 0.000619595 0.000618858 7.37e-07
15 Cora_A.txt 0.000616726 0.000615755 9.71e-07
16 Cora_A.txt 0.000674328 0.00067365 6.78e-07
17 Cora_A.txt 0.000671927 0.000671379 5.48e-07
18 Cora_A.txt 0.000678917 0.000678148 7.69e-07
19 Cora_A.txt 0.000676393 0.00067552 8.73e-07
20 Cora_A.txt 0.000672321 0.000671716 6.05e-07
21 Cora_A.txt 0.000670749 0.000669979 7.7e-07
22 Cora_A.txt 0.000681566 0.000680556 1.01e-06
23 Cora_A.txt 0.000678546 0.000677668 8.78e-07
24 Cora_A.txt 0.000628399 0.000627652 7.47e-07
25 Cora_A.txt 0.000625437 0.000624914 5.23e-07
26 Cora_A.txt 0.000633612 0.000632929 6.83e-07
27 Cora_A.txt 0.000630263 0.000629597 6.66e-07
28 Cora_A.txt 0.000633585 0.000632919 6.66e-07
29 Cora_A.txt 0.000632197 0.000631614 5.83e-07
30 Cora_A.txt 0.000636804 0.000636093 7.11e-07
31 Cora_A.txt 0.000633594 0.000633034 5.6e-07
32 Cora_A.txt 0.000546264 0.000545668 5.96e-07
33 Cora_A.txt 0.000544741 0.000544195 5.46e-07
34 Cora_A.txt 0.000553591 0.000553067 5.24e-07
35 Cora_A.txt 0.000550152 0.000549579 5.73e-07
36 Cora_A.txt 0.000550558 0.000549836 7.22e-07
37 Cora_A.txt 0.00054806 0.000547434 6.26e-07
38 Cora_A.txt 0.000557836 0.000557102 7.34e-07
39 Cora_A.txt 0.000554548 0.000553941 6.07e-07
40 Cora_A.txt 0.000549551 0.000548524 1.027e-06
41 Cora_A.txt 0.000547524 0.000546408 1.116e-06
42 Cora_A.txt 0.000554906 0.000553787 1.119e-06
43 Cora_A.txt 0.000551057 0.000550219 8.38e-07
44 Cora_A.txt 0.000552966 0.000552116 8.5e-07
45 Cora_A.txt 0.000550593 0.000549529 1.064e-06
46 Cora_A.txt 0.000562143 0.000561304 8.39e-07
47 Cora_A.txt 0.000559426 0.000558452 9.74e-07
48 Cora_A.txt 0.000590639 0.000589962 6.77e-07
49 Cora_A.txt 0.000589073 0.000588115 9.58e-07
50 Cora_A.txt 0.000596291 0.000595534 7.57e-07
51 Cora_A.txt 0.000593204 0.000592554 6.5e-07
52 Cora_A.txt 0.000602821 0.000602143 6.78e-07
53 Cora_A.txt 0.00060024 0.0005996 6.4e-07
54 Cora_A.txt 0.000609701 0.000608934 7.67e-07
55 Cora_A.txt 0.000606817 0.000606105 7.12e-07
56 Cora_A.txt 0.000598974 0.000598356 6.18e-07
57 Cora_A.txt 0.000597458 0.000596756 7.02e-07
58 Cora_A.txt 0.000604916 0.000604149 7.67e-07
59 Cora_A.txt 0.000601573 0.000600946 6.27e-07
60 Cora_A.txt 0.000607052 0.000606261 7.91e-07
61 Cora_A.txt 0.0006046 0.000603722 8.78e-07
62 Cora_A.txt 0.000609589 0.000608919 6.7e-07
63 Cora_A.txt 0.000607489 0.000606683 8.06e-07
64 Cora_A.txt 0.000661223 0.000660393 8.3e-07
65 Cora_A.txt 0.000658405 0.000657762 6.43e-07
66 Cora_A.txt 0.000665116 0.000664419 6.97e-07
67 Cora_A.txt 0.000661198 0.000660664 5.34e-07
68 Cora_A.txt 0.000658796 0.000658089 7.07e-07
69 Cora_A.txt 0.000656733 0.000656018 7.15e-07
70 Cora_A.txt 0.000667904 0.000667293 6.11e-07
71 Cora_A.txt 0.000665133 0.000664545 5.88e-07
72 Cora_A.txt 0.000612202 0.000611332 8.7e-07
73 Cora_A.txt 0.00060924 0.000608546 6.94e-07
74 Cora_A.txt 0.000617302 0.000616819 4.83e-07
75 Cora_A.txt 0.000614701 0.000613951 7.5e-07
76 Cora_A.txt 0.000624921 0.000624221 7e-07
77 Cora_A.txt 0.00062332 0.000622438 8.82e-07
78 Cora_A.txt 0.000626771 0.00062583 9.41e-07
79 Cora_A.txt 0.000622992 0.000622226 7.66e-07
80 Cora_A.txt 0.000525506 0.00052475 7.56e-07
81 Cora_A.txt 0.000522313 0.000521584 7.29e-07
82 Cora_A.txt 0.000532867 0.00053198 8.87e-07
83 Cora_A.txt 0.000529416 0.000528622 7.94e-07
84 Cora_A.txt 0.000536352 0.000535613 7.39e-07
85 Cora_A.txt 0.000534437 0.000533462 9.75e-07
86 Cora_A.txt 0.000540537 0.000539625 9.12e-07
87 Cora_A.txt 0.000537317 0.000536679 6.38e-07
88 Cora_A.txt 0.000534628 0.000533792 8.36e-07
89 Cora_A.txt 0.000532583 0.000531888 6.95e-07
90 Cora_A.txt 0.000541765 0.000540831 9.34e-07
91 Cora_A.txt 0.000538426 0.000537307 1.119e-06
92 Cora_A.txt 0.000534607 0.000533987 6.2e-07
93 Cora_A.txt 0.00053261 0.000531738 8.72e-07
94 Cora_A.txt 0.000539582 0.000538753 8.29e-07
95 Cora_A.txt 0.000536371 0.000535707 6.64e-07
96 Cora_A.txt 0.00059413 0.000592963 1.167e-06
97 Cora_A.txt 0.000591827 0.000590878 9.49e-07
98 Cora_A.txt 0.000601572 0.000600703 8.69e-07
99 Cora_A.txt 0.000597985 0.000597088 8.97e-07
100 Cora_A.txt 0.000608522 0.000607862 6.6e-07
101 Cora_A.txt 0.000606113 0.000605451 6.62e-07
102 Cora_A.txt 0.00061469 0.000613641 1.049e-06
103 Cora_A.txt 0.000611095 0.000610009 1.086e-06
104 Cora_A.txt 0.000609038 0.000608313 7.25e-07
105 Cora_A.txt 0.000606927 0.000606109 8.18e-07
106 Cora_A.txt 0.000614312 0.000613697 6.15e-07
107 Cora_A.txt 0.000611164 0.000610473 6.91e-07
108 Cora_A.txt 0.00061309 0.000612412 6.78e-07
109 Cora_A.txt 0.000611427 0.000610368 1.059e-06
110 Cora_A.txt 0.00061746 0.000616326 1.134e-06
111 Cora_A.txt 0.000614168 0.000613251 9.17e-07
112 Cora_A.txt 0.000669892 0.000669332 5.6e-07
113 Cora_A.txt 0.000668066 0.000667268 7.98e-07
114 Cora_A.txt 0.00067835 0.000677613 7.37e-07
115 Cora_A.txt 0.000675546 0.000674744 8.02e-07
116 Cora_A.txt 0.000670139 0.000669083 1.056e-06
117 Cora_A.txt 0.000667646 0.000666755 8.91e-07
118 Cora_A.txt 0.000675054 0.000674073 9.81e-07
119 Cora_A.txt 0.000671629 0.000670749 8.8e-07
120 Cora_A.txt 0.00062215 0.000621289 8.61e-07
121 Cora_A.txt 0.000618697 0.000617954 7.43e-07
122 Cora_A.txt 0.000631829 0.000630839 9.9e-07
123 Cora_A.txt 0.000628716 0.000627985 7.31e-07
124 Cora_A.txt 0.000628223 0.000627496 7.27e-07
125 Cora_A.txt 0.000626252 0.00062545 8.02e-07
126 Cora_A.txt 0.000633939 0.000633121 8.18e-07
127 Cora_A.txt 0.000631152 0.000630186 9.66e-07
128 Cora_A.txt 0.000524688 0.000524043 6.45e-07
129 Cora_A.txt 0.000521481 0.000520908 5.73e-07
130 Cora_A.txt 0.000533476 0.000532759 7.17e-07
131 Cora_A.txt 0.000530187 0.000529281 9.06e-07
132 Cora_A.txt 0.000533187 0.000532318 8.69e-07
133 Cora_A.txt 0.000530792 0.000529724 1.068e-06
134 Cora_A.txt 0.000539702 0.000538833 8.69e-07
135 Cora_A.txt 0.000536851 0.00053608 7.71e-07
136 Cora_A.txt 0.000535625 0.000534816 8.09e-07
137 Cora_A.txt 0.000533698 0.000532736 9.62e-07
138 Cora_A.txt 0.000538993 0.000538083 9.1e-07
139 Cora_A.txt 0.00053626 0.000535526 7.34e-07
140 Cora_A.txt 0.000536861 0.000536221 6.4e-07
141 Cora_A.txt 0.000534542 0.000533937 6.05e-07
142 Cora_A.txt 0.00054099 0.00054033 6.6e-07
143 Cora_A.txt 0.000538235 0.000537178 1.057e-06
144 Cora_A.txt 0.000588505 0.000587658 8.47e-07
145 Cora_A.txt 0.000586411 0.000585548 8.63e-07
146 Cora_A.txt 0.000608991 0.000608241 7.5e-07
147 Cora_A.txt 0.000596943 0.000596345 5.98e-07
148 Cora_A.txt 0.000608828 0.00060015 8.678e-06
149 Cora_A.txt 0.000598036 0.000597378 6.58e-07
150 Cora_A.txt 0.0006126 0.000611798 8.02e-07
151 Cora_A.txt 0.000607525 0.000606832 6.93e-07
152 Cora_A.txt 0.000596905 0.000595752 1.153e-06
153 Cora_A.txt 0.000594169 0.00059348 6.89e-07
154 Cora_A.txt 0.000608259 0.00060749 7.69e-07
155 Cora_A.txt 0.000599475 0.000598751 7.24e-07
156 Cora_A.txt 0.000607734 0.000607052 6.82e-07
157 Cora_A.txt 0.000609627 0.000609072 5.55e-07
158 Cora_A.txt 0.000617255 0.000616542 7.13e-07
159 Cora_A.txt 0.000614355 0.000613509 8.46e-07
160 Cora_A.txt 0.000674936 0.000674278 6.58e-07
161 Cora_A.txt 0.000672094 0.000671514 5.8e-07
162 Cora_A.txt 0.000681285 0.000680592 6.93e-07
163 Cora_A.txt 0.000678067 0.000677358 7.09e-07
164 Cora_A.txt 0.000668472 0.000667819 6.53e-07
165 Cora_A.txt 0.000666506 0.000665876 6.3e-07
166 Cora_A.txt 0.000673082 0.000672309 7.73e-07
167 Cora_A.txt 0.000670035 0.000669199 8.36e-07
168 Cora_A.txt 0.000625708 0.000624917 7.91e-07
169 Cora_A.txt 0.00062351 0.000622739 7.71e-07
170 Cora_A.txt 0.000631331 0.00063067 6.61e-07
171 Cora_A.txt 0.00062873 0.00062804 6.9e-07
172 Cora_A.txt 0.000630363 0.000629618 7.45e-07
173 Cora_A.txt 0.000628114 0.000627394 7.2e-07
174 Cora_A.txt 0.000634472 0.00063366 8.12e-07
175 Cora_A.txt 0.000630767 0.000630145 6.22e-07
176 Cora_A.txt 0.00052104 0.000520361 6.79e-07
177 Cora_A.txt 0.000519664 0.000518806 8.58e-07
178 Cora_A.txt 0.00052817 0.00052717 1e-06
179 Cora_A.txt 0.00052471 0.000523849 8.61e-07
180 Cora_A.txt 0.000529501 0.000528747 7.54e-07
181 Cora_A.txt 0.000527617 0.000526537 1.08e-06
182 Cora_A.txt 0.000534472 0.000533887 5.85e-07
183 Cora_A.txt 0.000532292 0.000531438 8.54e-07
184 Cora_A.txt 0.000528842 0.000528172 6.7e-07
185 Cora_A.txt 0.000526587 0.000525781 8.06e-07
186 Cora_A.txt 0.000536219 0.000535472 7.47e-07
187 Cora_A.txt 0.000533156 0.000532336 8.2e-07
188 Cora_A.txt 0.00053149 0.000530779 7.11e-07
189 Cora_A.txt 0.000529521 0.000528494 1.027e-06
190 Cora_A.txt 0.000536378 0.000535701 6.77e-07
191 Cora_A.txt 0.000533621 0.000532659 9.62e-07
192 Cora_A.txt 0.000580977 0.0005801 8.77e-07
193 Cora_A.txt 0.000578754 0.000578009 7.45e-07
194 Cora_A.txt 0.000588753 0.000587798 9.55e-07
195 Cora_A.txt 0.000585138 0.000584491 6.47e-07
196 Cora_A.txt 0.000589542 0.000588724 8.18e-07
197 Cora_A.txt 0.000587441 0.000586541 9e-07
198 Cora_A.txt 0.000594104 0.000592953 1.151e-06
199 Cora_A.txt 0.000590936 0.000590203 7.33e-07
200 Cora_A.txt 0.000591962 0.00059113 8.32e-07
201 Cora_A.txt 0.000589297 0.000588532 7.65e-07
202 Cora_A.txt 0.000599309 0.000598636 6.73e-07
203 Cora_A.txt 0.000594975 0.000594317 6.58e-07
204 Cora_A.txt 0.000602252 0.000601497 7.55e-07
205 Cora_A.txt 0.000599686 0.000598957 7.29e-07
206 Cora_A.txt 0.000605203 0.000604452 7.51e-07
207 Cora_A.txt 0.000602625 0.000601711 9.14e-07
208 Cora_A.txt 0.000661718 0.000661049 6.69e-07
209 Cora_A.txt 0.000659507 0.000658638 8.69e-07
210 Cora_A.txt 0.000667267 0.000666639 6.28e-07
211 Cora_A.txt 0.000664677 0.000663823 8.54e-07
212 Cora_A.txt 0.000658922 0.000658037 8.85e-07
213 Cora_A.txt 0.000656707 0.000655895 8.12e-07
214 Cora_A.txt 0.000663144 0.00066235 7.94e-07
215 Cora_A.txt 0.00066014 0.000659415 7.25e-07
216 Cora_A.txt 0.000621803 0.000620941 8.62e-07
217 Cora_A.txt 0.000618439 0.000617707 7.32e-07
218 Cora_A.txt 0.000623608 0.000622741 8.67e-07
219 Cora_A.txt 0.000619709 0.000619077 6.32e-07
220 Cora_A.txt 0.000626986 0.000626207 7.79e-07
221 Cora_A.txt 0.000624969 0.000623963 1.006e-06
222 Cora_A.txt 0.000629658 0.000629056 6.02e-07
223 Cora_A.txt 0.000626492 0.000625743 7.49e-07
224 Cora_A.txt 0.000523997 0.000523316 6.81e-07
225 Cora_A.txt 0.000522561 0.000521459 1.102e-06
226 Cora_A.txt 0.000532176 0.00053152 6.56e-07
227 Cora_A.txt 0.000529567 0.000528689 8.78e-07
228 Cora_A.txt 0.000533556 0.000532891 6.65e-07
229 Cora_A.txt 0.000531724 0.000530755 9.69e-07
230 Cora_A.txt 0.000536417 0.000535696 7.21e-07
231 Cora_A.txt 0.000533073 0.000532098 9.75e-07
232 Cora_A.txt 0.000530015 0.000529062 9.53e-07
233 Cora_A.txt 0.000527908 0.000527015 8.93e-07
234 Cora_A.txt 0.000535494 0.000534405 1.089e-06
235 Cora_A.txt 0.000532846 0.000531882 9.64e-07
236 Cora_A.txt 0.000536708 0.000535922 7.86e-07
237 Cora_A.txt 0.000534798 0.000533701 1.097e-06
238 Cora_A.txt 0.000539324 0.000538233 1.091e-06
239 Cora_A.txt 0.000536112 0.000535323 7.89e-07
240 Cora_A.txt 0.000588702 0.000587634 1.068e-06
241 Cora_A.txt 0.000586899 0.000585869 1.03e-06
242 Cora_A.txt 0.000594069 0.000593108 9.61e-07
243 Cora_A.txt 0.000590448 0.000589559 8.89e-07
244 Cora_A.txt 0.000598937 0.000598142 7.95e-07
245 Cora_A.txt 0.000596411 0.000595323 1.088e-06
246 Cora_A.txt 0.000601148 0.000600244 9.04e-07
247 Cora_A.txt 0.000595905 0.000595177 7.28e-07
248 Cora_A.txt 0.000600716 0.000599787 9.29e-07
249 Cora_A.txt 0.000598507 0.000597549 9.58e-07
250 Cora_A.txt 0.000606832 0.000605915 9.17e-07
251 Cora_A.txt 0.000604026 0.000603022 1.004e-06
252 Cora_A.txt 0.000605671 0.000604762 9.09e-07
253 Cora_A.txt 0.000603271 0.000602218 1.053e-06
254 Cora_A.txt 0.000611153 0.000610226 9.27e-07
255 Cora_A.txt 0.000607264 0.000606376 8.88e-07
256 Cora_A.txt 0.000663143 0.000662305 8.38e-07
257 Cora_A.txt 0.000661135 0.000660139 9.96e-07
258 Cora_A.txt 0.000670394 0.000669252 1.142e-06
259 Cora_A.txt 0.000667019 0.000665999 1.02e-06
260 Cora_A.txt 0.000660477 0.000659657 8.2e-07
261 Cora_A.txt 0.000658076 0.000657283 7.93e-07
262 Cora_A.txt 0.00066527 0.000664358 9.12e-07
263 Cora_A.txt 0.000662087 0.000661188 8.99e-07
264 Cora_A.txt 0.000616586 0.000615787 7.99e-07
265 Cora_A.txt 0.000613946 0.000613145 8.01e-07
266 Cora_A.txt 0.000621584 0.000620524 1.06e-06
267 Cora_A.txt 0.000617696 0.000616802 8.94e-07
268 Cora_A.txt 0.000616871 0.000616065 8.06e-07
269 Cora_A.txt 0.000615603 0.000614589 1.014e-06
270 Cora_A.txt 0.000621418 0.000620576 8.42e-07
271 Cora_A.txt 0.000618178 0.000617188 9.9e-07
272 Cora_A.txt 0.00052348 0.00052281 6.7e-07
273 Cora_A.txt 0.000521247 0.000520239 1.008e-06
274 Cora_A.txt 0.00053116 0.000530243 9.17e-07
275 Cora_A.txt 0.00052817 0.000527101 1.069e-06
276 Cora_A.txt 0.000528119 0.000527298 8.21e-07
277 Cora_A.txt 0.000525965 0.000525025 9.4e-07
278 Cora_A.txt 0.000532286 0.000531392 8.94e-07
279 Cora_A.txt 0.000528496 0.000527771 7.25e-07
280 Cora_A.txt 0.00052798 0.000527188 7.92e-07
281 Cora_A.txt 0.000525729 0.000524666 1.063e-06
282 Cora_A.txt 0.000535497 0.000534367 1.13e-06
283 Cora_A.txt 0.000529396 0.000528586 8.1e-07
284 Cora_A.txt 0.000529922 0.000529226 6.96e-07
285 Cora_A.txt 0.000527532 0.000526876 6.56e-07
286 Cora_A.txt 0.00053303 0.00053219 8.4e-07
287 Cora_A.txt 0.000530479 0.000529521 9.58e-07
288 Cora_A.txt 0.000581956 0.000581048 9.08e-07
289 Cora_A.txt 0.000579146 0.000578139 1.007e-06
290 Cora_A.txt 0.000585726 0.000584863 8.63e-07
291 Cora_A.txt 0.000582248 0.000581176 1.072e-06
292 Cora_A.txt 0.000593043 0.000592289 7.54e-07
293 Cora_A.txt 0.000591244 0.000590314 9.3e-07
294 Cora_A.txt 0.000596519 0.000595722 7.97e-07
295 Cora_A.txt 0.000593617 0.000592871 7.46e-07
296 Cora_A.txt 0.00058475 0.000584048 7.02e-07
297 Cora_A.txt 0.000582703 0.000582071 6.32e-07
298 Cora_A.txt 0.000591941 0.000591153 7.88e-07
299 Cora_A.txt 0.000589521 0.000588546 9.75e-07
300 Cora_A.txt 0.000594953 0.000594048 9.05e-07
301 Cora_A.txt 0.000592425 0.000591465 9.6e-07
302 Cora_A.txt 0.000597829 0.000597116 7.13e-07
303 Cora_A.txt 0.000594067 0.000592961 1.106e-06
304 Cora_A.txt 0.000652522 0.000651745 7.77e-07
305 Cora_A.txt 0.00065069 0.000649833 8.57e-07
306 Cora_A.txt 0.000655131 0.000654278 8.53e-07
307 Cora_A.txt 0.000652148 0.000651178 9.7e-07
308 Cora_A.txt 0.000647664 0.000646829 8.35e-07
309 Cora_A.txt 0.000645707 0.00064459 1.117e-06
310 Cora_A.txt 0.000650337 0.000649456 8.81e-07
311 Cora_A.txt 0.000647987 0.000647243 7.44e-07
312 Cora_A.txt 0.000609073 0.000608184 8.89e-07
313 Cora_A.txt 0.000606228 0.000605481 7.47e-07
314 Cora_A.txt 0.00061435 0.000613578 7.72e-07
315 Cora_A.txt 0.000610657 0.000609825 8.32e-07
316 Cora_A.txt 0.000612917 0.000612044 8.73e-07
317 Cora_A.txt 0.000608434 0.000607774 6.6e-07
318 Cora_A.txt 0.000615223 0.000614474 7.49e-07
319 Cora_A.txt 0.000612433 0.000611597 8.36e-07
320 Cora_A.txt 0.000517969 0.000517076 8.93e-07
321 Cora_A.txt 0.000516074 0.000515179 8.95e-07
322 Cora_A.txt 0.000521263 0.000520432 8.31e-07
323 Cora_A.txt 0.000517616 0.000516665 9.51e-07
324 Cora_A.txt 0.000522048 0.00052108 9.68e-07
325 Cora_A.txt 0.000519192 0.000518381 8.11e-07
326 Cora_A.txt 0.000526668 0.000525621 1.047e-06
327 Cora_A.txt 0.000523853 0.000522988 8.65e-07
328 Cora_A.txt 0.000521037 0.000520436 6.01e-07
329 Cora_A.txt 0.000519452 0.000518573 8.79e-07
330 Cora_A.txt 0.000530892 0.00052991 9.82e-07
331 Cora_A.txt 0.000527709 0.000527037 6.72e-07
332 Cora_A.txt 0.0005254 0.000524506 8.94e-07
333 Cora_A.txt 0.000523166 0.000522216 9.5e-07
334 Cora_A.txt 0.000528499 0.000527728 7.71e-07
335 Cora_A.txt 0.00052572 0.000524871 8.49e-07
336 Cora_A.txt 0.000575015 0.000574128 8.87e-07
337 Cora_A.txt 0.000572852 0.000571962 8.9e-07
338 Cora_A.txt 0.000579548 0.000578829 7.19e-07
339 Cora_A.txt 0.000576594 0.000575714 8.8e-07
340 Cora_A.txt 0.000588396 0.000587594 8.02e-07
341 Cora_A.txt 0.000586179 0.000585283 8.96e-07
342 Cora_A.txt 0.000592892 0.000591995 8.97e-07
343 Cora_A.txt 0.000590149 0.000589268 8.81e-07
344 Cora_A.txt 0.000585654 0.000584838 8.16e-07
345 Cora_A.txt 0.000583411 0.000582635 7.76e-07
346 Cora_A.txt 0.000591808 0.00059102 7.88e-07
347 Cora_A.txt 0.000588625 0.000587712 9.13e-07
348 Cora_A.txt 0.000593954 0.000592955 9.99e-07
349 Cora_A.txt 0.000591234 0.000590259 9.75e-07
350 Cora_A.txt 0.000598018 0.000597324 6.94e-07
351 Cora_A.txt 0.000595019 0.000593999 1.02e-06
352 Cora_A.txt 0.000649581 0.000648815 7.66e-07
353 Cora_A.txt 0.000647756 0.000646621 1.135e-06
354 Cora_A.txt 0.000655569 0.000654392 1.177e-06
355 Cora_A.txt 0.000650876 0.000649995 8.81e-07
356 Cora_A.txt 0.000649386 0.000648591 7.95e-07
357 Cora_A.txt 0.000647324 0.00064635 9.74e-07
358 Cora_A.txt 0.000654353 0.00065341 9.43e-07
359 Cora_A.txt 0.000650547 0.000649805 7.42e-07
360 Cora_A.txt 0.000609482 0.000608613 8.69e-07
361 Cora_A.txt 0.000606765 0.00060601 7.55e-07
362 Cora_A.txt 0.00061455 0.000613801 7.49e-07
363 Cora_A.txt 0.0006122 0.000610809 1.391e-06
364 Cora_A.txt 0.0006205 0.000619704 7.96e-07
365 Cora_A.txt 0.00061655 0.00061575 8e-07
366 Cora_A.txt 0.000622593 0.00062173 8.63e-07
367 Cora_A.txt 0.000619359 0.000618519 8.4e-07
368 Cora_A.txt 0.000514881 0.000514096 7.85e-07
369 Cora_A.txt 0.000513005 0.000512137 8.68e-07
370 Cora_A.txt 0.00052177 0.000520982 7.88e-07
371 Cora_A.txt 0.000518815 0.000517899 9.16e-07
372 Cora_A.txt 0.000523963 0.000523012 9.51e-07
373 Cora_A.txt 0.000521179 0.000520274 9.05e-07
374 Cora_A.txt 0.000528471 0.000527618 8.53e-07
375 Cora_A.txt 0.000526 0.000524897 1.103e-06
376 Cora_A.txt 0.000521811 0.000520573 1.238e-06
377 Cora_A.txt 0.000520526 0.00051909 1.436e-06
378 Cora_A.txt 0.000527417 0.000526199 1.218e-06
379 Cora_A.txt 0.000523536 0.000522465 1.071e-06
380 Cora_A.txt 0.000526093 0.000525154 9.39e-07
381 Cora_A.txt 0.000523693 0.00052293 7.63e-07
382 Cora_A.txt 0.000529636 0.000528687 9.49e-07
383 Cora_A.txt 0.000526141 0.000525251 8.9e-07
384 Cora_A.txt 0.00058748 0.00058668 8e-07
385 Cora_A.txt 0.000585545 0.000584895 6.5e-07
386 Cora_A.txt 0.000595086 0.000593965 1.121e-06
387 Cora_A.txt 0.000592115 0.00059107 1.045e-06
388 Cora_A.txt 0.000599309 0.000598535 7.74e-07
389 Cora_A.txt 0.000597335 0.000596163 1.172e-06
390 Cora_A.txt 0.000603114 0.000602134 9.8e-07
391 Cora_A.txt 0.000599535 0.000598878 6.57e-07
392 Cora_A.txt 0.000596179 0.000595363 8.16e-07
393 Cora_A.txt 0.000594332 0.000593358 9.74e-07
394 Cora_A.txt 0.000603606 0.000602953 6.53e-07
395 Cora_A.txt 0.000599802 0.000598949 8.53e-07
396 Cora_A.txt 0.000603573 0.000602467 1.106e-06
397 Cora_A.txt 0.000601511 0.000600575 9.36e-07
398 Cora_A.txt 0.000611037 0.000610183 8.54e-07
399 Cora_A.txt 0.00060803 0.000607269 7.61e-07
400 Cora_A.txt 0.000664021 0.000663214 8.07e-07
401 Cora_A.txt 0.000662305 0.000661385 9.2e-07
402 Cora_A.txt 0.00066961 0.000668831 7.79e-07
403 Cora_A.txt 0.000666624 0.000665854 7.7e-07
404 Cora_A.txt 0.000663481 0.000662391 1.09e-06
405 Cora_A.txt 0.000660055 0.000659101 9.54e-07
406 Cora_A.txt 0.000668036 0.000667084 9.52e-07
407 Cora_A.txt 0.000664944 0.000664137 8.07e-07
408 Cora_A.txt 0.000613934 0.000613179 7.55e-07
409 Cora_A.txt 0.000612207 0.000611067 1.14e-06
410 Cora_A.txt 0.000618892 0.000618049 8.43e-07
411 Cora_A.txt 0.000616882 0.000615888 9.94e-07
412 Cora_A.txt 0.000625492 0.000624704 7.88e-07
413 Cora_A.txt 0.000624413 0.000622695 1.718e-06
414 Cora_A.txt 0.000629146 0.00062834 8.06e-07
415 Cora_A.txt 0.000626579 0.000625601 9.78e-07
416 Cora_A.txt 0.000527458 0.000526554 9.04e-07
417 Cora_A.txt 0.00052528 0.000524328 9.52e-07
418 Cora_A.txt 0.000533461 0.000532447 1.014e-06
419 Cora_A.txt 0.000530129 0.000529036 1.093e-06
420 Cora_A.txt 0.000534366 0.000533458 9.08e-07
421 Cora_A.txt 0.000532223 0.000531575 6.48e-07
422 Cora_A.txt 0.00053792 0.000536828 1.092e-06
423 Cora_A.txt 0.00053548 0.000534339 1.141e-06
424 Cora_A.txt 0.000535928 0.000534948 9.8e-07
425 Cora_A.txt 0.000533291 0.000532431 8.6e-07
426 Cora_A.txt 0.000540004 0.000538914 1.09e-06
427 Cora_A.txt 0.000537265 0.0005364 8.65e-07
428 Cora_A.txt 0.000536329 0.000535615 7.14e-07
429 Cora_A.txt 0.000534108 0.000533006 1.102e-06
430 Cora_A.txt 0.000540678 0.000539689 9.89e-07
431 Cora_A.txt 0.000537831 0.000537068 7.63e-07
432 Cora_A.txt 0.000600346 0.000599395 9.51e-07
433 Cora_A.txt 0.000598155 0.00059752 6.35e-07
434 Cora_A.txt 0.000604895 0.000603849 1.046e-06
435 Cora_A.txt 0.000602442 0.000601566 8.76e-07
436 Cora_A.txt 0.00061011 0.000609189 9.21e-07
437 Cora_A.txt 0.000607991 0.000607098 8.93e-07
438 Cora_A.txt 0.0006143 0.00061326 1.04e-06
439 Cora_A.txt 0.000611031 0.000610228 8.03e-07
440 Cora_A.txt 0.00061328 0.000611727 1.553e-06
441 Cora_A.txt 0.000610715 0.000609291 1.424e-06
442 Cora_A.txt 0.000618373 0.000617453 9.2e-07
443 Cora_A.txt 0.00061503 0.000613872 1.158e-06
444 Cora_A.txt 0.000624023 0.000623031 9.92e-07
445 Cora_A.txt 0.000622038 0.000620955 1.083e-06
446 Cora_A.txt 0.000627319 0.000626389 9.3e-07
447 Cora_A.txt 0.00062432 0.000623372 9.48e-07
448 Cora_A.txt 0.000669379 0.000668594 7.85e-07
449 Cora_A.txt 0.000665661 0.000664798 8.63e-07
450 Cora_A.txt 0.000671997 0.000671104 8.93e-07
451 Cora_A.txt 0.000669433 0.000668698 7.35e-07
452 Cora_A.txt 0.000664099 0.000663367 7.32e-07
453 Cora_A.txt 0.000661439 0.000660582 8.57e-07
454 Cora_A.txt 0.000670672 0.00066999 6.82e-07
455 Cora_A.txt 0.000667452 0.000666699 7.53e-07
456 Cora_A.txt 0.000625996 0.000624915 1.081e-06
457 Cora_A.txt 0.000622639 0.000621398 1.241e-06
458 Cora_A.txt 0.000628159 0.000627437 7.22e-07
459 Cora_A.txt 0.00062471 0.000623973 7.37e-07
460 Cora_A.txt 0.000632636 0.000631773 8.63e-07
461 Cora_A.txt 0.000630396 0.000629452 9.44e-07
462 Cora_A.txt 0.000633989 0.000632984 1.005e-06
463 Cora_A.txt 0.000631096 0.0006303 7.96e-07
464 Cora_A.txt 0.000529897 0.000529087 8.1e-07
465 Cora_A.txt 0.000528648 0.000526875 1.773e-06
466 Cora_A.txt 0.000534332 0.000533398 9.34e-07
467 Cora_A.txt 0.000533023 0.000530692 2.331e-06
468 Cora_A.txt 0.000534806 0.000532978 1.828e-06
469 Cora_A.txt 0.000531706 0.00052982 1.886e-06
470 Cora_A.txt 0.000539841 0.000538372 1.469e-06
471 Cora_A.txt 0.000537129 0.000535632 1.497e-06
472 Cora_A.txt 0.000540258 0.000539036 1.222e-06
473 Cora_A.txt 0.000538222 0.000536809 1.413e-06
474 Cora_A.txt 0.000544531 0.000543268 1.263e-06
475 Cora_A.txt 0.000541533 0.000540277 1.256e-06
476 Cora_A.txt 0.000539001 0.000538004 9.97e-07
477 Cora_A.txt 0.000536277 0.000535182 1.095e-06
478 Cora_A.txt 0.000544558 0.000543383 1.175e-06
479 Cora_A.txt 0.000541375 0.000540288 1.087e-06
480 Cora_A.txt 0.000600401 0.000599323 1.078e-06
481 Cora_A.txt 0.000597528 0.000596506 1.022e-06
482 Cora_A.txt 0.000609094 0.000608026 1.068e-06
483 Cora_A.txt 0.000605065 0.000604082 9.83e-07
484 Cora_A.txt 0.000608535 0.000607544 9.91e-07
485 Cora_A.txt 0.000605977 0.000605154 8.23e-07
486 Cora_A.txt 0.000614944 0.000613889 1.055e-06
487 Cora_A.txt 0.000611203 0.000610389 8.14e-07
488 Cora_A.txt 0.000603848 0.000602756 1.092e-06
489 Cora_A.txt 0.000601771 0.000600801 9.7e-07
490 Cora_A.txt 0.0006125 0.000611622 8.78e-07
491 Cora_A.txt 0.000609047 0.000608049 9.98e-07
492 Cora_A.txt 0.000611679 0.000610805 8.74e-07
493 Cora_A.txt 0.000610442 0.000609515 9.27e-07
494 Cora_A.txt 0.000618635 0.000617671 9.64e-07
495 Cora_A.txt 0.000615945 0.000615032 9.13e-07
496 Cora_A.txt 0.000672687 0.000671881 8.06e-07
497 Cora_A.txt 0.00067097 0.000670103 8.67e-07
498 Cora_A.txt 0.000677648 0.00067676 8.88e-07
499 Cora_A.txt 0.000674132 0.000673412 7.2e-07
500 Cora_A.txt 0.000665808 0.000665027 7.81e-07
501 Cora_A.txt 0.000663628 0.000662884 7.44e-07
502 Cora_A.txt 0.000672316 0.000671431 8.85e-07
503 Cora_A.txt 0.000668588 0.000667813 7.75e-07
504 Cora_A.txt 0.000624727 0.000623841 8.86e-07
505 Cora_A.txt 0.000621877 0.000621057 8.2e-07
506 Cora_A.txt 0.000629802 0.000628996 8.06e-07
507 Cora_A.txt 0.000627002 0.000626161 8.41e-07
508 Cora_A.txt 0.000629617 0.000628872 7.45e-07
509 Cora_A.txt 0.000627523 0.000626694 8.29e-07
510 Cora_A.txt 0.000634994 0.000634092 9.02e-07
511 Cora_A.txt 0.000631162 0.000630482 6.8e-07
512 Cora_A.txt 0.000520847 0.000520266 5.81e-07
513 Cora_A.txt 0.000518743 0.000518093 6.5e-07
514 Cora_A.txt 0.000530679 0.000530002 6.77e-07
515 Cora_A.txt 0.000529742 0.000521074 8.668e-06
516 Cora_A.txt 0.000537566 0.000536609 9.57e-07
517 Cora_A.txt 0.000535128 0.000534113 1.015e-06
518 Cora_A.txt 0.000542512 0.000541774 7.38e-07
519 Cora_A.txt 0.000539923 0.000539283 6.4e-07
520 Cora_A.txt 0.000531129 0.000530291 8.38e-07
521 Cora_A.txt 0.00052086 0.000520035 8.25e-07
522 Cora_A.txt 0.000532998 0.000532272 7.26e-07
523 Cora_A.txt 0.000531285 0.000530278 1.007e-06
524 Cora_A.txt 0.000533739 0.000532984 7.55e-07
525 Cora_A.txt 0.000530334 0.000529614 7.2e-07
526 Cora_A.txt 0.000539314 0.000538653 6.61e-07
527 Cora_A.txt 0.00053705 0.000536387 6.63e-07
528 Cora_A.txt 0.000585502 0.000584445 1.057e-06
529 Cora_A.txt 0.000583762 0.000582577 1.185e-06
530 Cora_A.txt 0.00059324 0.00059228 9.6e-07
531 Cora_A.txt 0.000590321 0.000589396 9.25e-07
532 Cora_A.txt 0.000594089 0.000592996 1.093e-06
533 Cora_A.txt 0.000591322 0.000590338 9.84e-07
534 Cora_A.txt 0.000600604 0.000599746 8.58e-07
535 Cora_A.txt 0.00059788 0.000596684 1.196e-06
536 Cora_A.txt 0.000594505 0.00059354 9.65e-07
537 Cora_A.txt 0.000592 0.000591194 8.06e-07
538 Cora_A.txt 0.000605058 0.000604046 1.012e-06
539 Cora_A.txt 0.000602017 0.000601124 8.93e-07
540 Cora_A.txt 0.000605309 0.000604335 9.74e-07
541 Cora_A.txt 0.000603091 0.000602166 9.25e-07
542 Cora_A.txt 0.000604724 0.000603773 9.51e-07
543 Cora_A.txt 0.000603456 0.000602403 1.053e-06
544 Cora_A.txt 0.000649064 0.000648299 7.65e-07
545 Cora_A.txt 0.000646954 0.000646208 7.46e-07
546 Cora_A.txt 0.000658267 0.000657335 9.32e-07
547 Cora_A.txt 0.000654549 0.00065337 1.179e-06
548 Cora_A.txt 0.00064874 0.000647583 1.157e-06
549 Cora_A.txt 0.000646353 0.000645416 9.37e-07
550 Cora_A.txt 0.000654363 0.000653563 8e-07
551 Cora_A.txt 0.000651494 0.000650653 8.41e-07
552 Cora_A.txt 0.00061011 0.000609383 7.27e-07
553 Cora_A.txt 0.000607372 0.000606429 9.43e-07
554 Cora_A.txt 0.000613672 0.000612783 8.89e-07
555 Cora_A.txt 0.000611441 0.000610547 8.94e-07
556 Cora_A.txt 0.000617383 0.00061631 1.073e-06
557 Cora_A.txt 0.000615197 0.000614098 1.099e-06
558 Cora_A.txt 0.000625962 0.000625042 9.2e-07
559 Cora_A.txt 0.000623785 0.000622715 1.07e-06
560 Cora_A.txt 0.000517916 0.000517174 7.42e-07
561 Cora_A.txt 0.000515305 0.000514452 8.53e-07
562 Cora_A.txt 0.000522347 0.000521627 7.2e-07
563 Cora_A.txt 0.00052001 0.000519065 9.45e-07
564 Cora_A.txt 0.000528726 0.000527953 7.73e-07
565 Cora_A.txt 0.000526038 0.00052496 1.078e-06
566 Cora_A.txt 0.000530778 0.000529624 1.154e-06
567 Cora_A.txt 0.000527919 0.000526832 1.087e-06
568 Cora_A.txt 0.0005247 0.000523804 8.96e-07
569 Cora_A.txt 0.000522482 0.000521903 5.79e-07
570 Cora_A.txt 0.000528794 0.000527854 9.4e-07
571 Cora_A.txt 0.000525745 0.000524621 1.124e-06
572 Cora_A.txt 0.000524773 0.000523931 8.42e-07
573 Cora_A.txt 0.000522494 0.000521578 9.16e-07
574 Cora_A.txt 0.000531907 0.000531075 8.32e-07
575 Cora_A.txt 0.000528757 0.000527872 8.85e-07
576 Cora_A.txt 0.000585254 0.000584317 9.37e-07
577 Cora_A.txt 0.000583221 0.000582285 9.36e-07
578 Cora_A.txt 0.000589374 0.000588473 9.01e-07
579 Cora_A.txt 0.00058686 0.000585818 1.042e-06
580 Cora_A.txt 0.000585929 0.000585089 8.4e-07
581 Cora_A.txt 0.000584853 0.000583919 9.34e-07
582 Cora_A.txt 0.000594974 0.000593882 1.092e-06
583 Cora_A.txt 0.000592508 0.000590999 1.509e-06
584 Cora_A.txt 0.000591176 0.000590161 1.015e-06
585 Cora_A.txt 0.000589163 0.00058839 7.73e-07
586 Cora_A.txt 0.000596068 0.00059455 1.518e-06
587 Cora_A.txt 0.000592526 0.000591377 1.149e-06
588 Cora_A.txt 0.000592157 0.000591249 9.08e-07
589 Cora_A.txt 0.000588768 0.000587914 8.54e-07
590 Cora_A.txt 0.00059927 0.000598311 9.59e-07
591 Cora_A.txt 0.000596625 0.000595741 8.84e-07
592 Cora_A.txt 0.000639046 0.000637541 1.505e-06
593 Cora_A.txt 0.000636465 0.000635394 1.071e-06
594 Cora_A.txt 0.000642546 0.000641715 8.31e-07
595 Cora_A.txt 0.000639373 0.000638564 8.09e-07
596 Cora_A.txt 0.000638893 0.00063825 6.43e-07
597 Cora_A.txt 0.00063708 0.000636035 1.045e-06
598 Cora_A.txt 0.000646925 0.000646009 9.16e-07
599 Cora_A.txt 0.000644038 0.000643192 8.46e-07
600 Cora_A.txt 0.000606703 0.000605382 1.321e-06
601 Cora_A.txt 0.000603127 0.000602376 7.51e-07
602 Cora_A.txt 0.000610054 0.000609214 8.4e-07
603 Cora_A.txt 0.000606711 0.00060598 7.31e-07
604 Cora_A.txt 0.000613533 0.000612606 9.27e-07
605 Cora_A.txt 0.000610836 0.000610171 6.65e-07
606 Cora_A.txt 0.000616556 0.000615297 1.259e-06
607 Cora_A.txt 0.000613261 0.000612498 7.63e-07
608 Cora_A.txt 0.000512036 0.000511144 8.92e-07
609 Cora_A.txt 0.000507808 0.000506775 1.033e-06
610 Cora_A.txt 0.000516812 0.000515778 1.034e-06
611 Cora_A.txt 0.000513804 0.000513104 7e-07
612 Cora_A.txt 0.000521153 0.000520153 1e-06
613 Cora_A.txt 0.000519255 0.00051835 9.05e-07
614 Cora_A.txt 0.000523328 0.000522495 8.33e-07
615 Cora_A.txt 0.000519914 0.000519037 8.77e-07
616 Cora_A.txt 0.000514883 0.000514003 8.8e-07
617 Cora_A.txt 0.000511988 0.000511099 8.89e-07
618 Cora_A.txt 0.000519531 0.000518711 8.2e-07
619 Cora_A.txt 0.00051682 0.000516008 8.12e-07
620 Cora_A.txt 0.000516655 0.000515816 8.39e-07
621 Cora_A.txt 0.000514828 0.000513792 1.036e-06
622 Cora_A.txt 0.000523493 0.000522642 8.51e-07
623 Cora_A.txt 0.000520763 0.000519851 9.12e-07
624 Cora_A.txt 0.000584169 0.000583337 8.32e-07
625 Cora_A.txt 0.000582906 0.000581901 1.005e-06
626 Cora_A.txt 0.000592266 0.00059112 1.146e-06
627 Cora_A.txt 0.000590403 0.000589364 1.039e-06
628 Cora_A.txt 0.000594144 0.000593148 9.96e-07
629 Cora_A.txt 0.000592206 0.000591152 1.054e-06
630 Cora_A.txt 0.000598053 0.000597112 9.41e-07
631 Cora_A.txt 0.000595074 0.000594313 7.61e-07
632 Cora_A.txt 0.000596076 0.000595284 7.92e-07
633 Cora_A.txt 0.000594136 0.000593053 1.083e-06
634 Cora_A.txt 0.000602031 0.00060104 9.91e-07
635 Cora_A.txt 0.000599381 0.000598264 1.117e-06
636 Cora_A.txt 0.000605898 0.000605045 8.53e-07
637 Cora_A.txt 0.000603996 0.000603043 9.53e-07
638 Cora_A.txt 0.000609765 0.000608924 8.41e-07
639 Cora_A.txt 0.000607483 0.000605967 1.516e-06
640 Cora_A.txt 0.000657122 0.000656025 1.097e-06
641 Cora_A.txt 0.000654825 0.000653784 1.041e-06
642 Cora_A.txt 0.00066234 0.000660665 1.675e-06
643 Cora_A.txt 0.000659473 0.000657834 1.639e-06
644 Cora_A.txt 0.00065209 0.000651211 8.79e-07
645 Cora_A.txt 0.000650764 0.00064948 1.284e-06
646 Cora_A.txt 0.000659447 0.000658139 1.308e-06
647 Cora_A.txt 0.000656372 0.000655398 9.74e-07
648 Cora_A.txt 0.000612275 0.000611297 9.78e-07
649 Cora_A.txt 0.000609425 0.000608543 8.82e-07
650 Cora_A.txt 0.000617637 0.000616722 9.15e-07
651 Cora_A.txt 0.000614036 0.000613085 9.51e-07
652 Cora_A.txt 0.000620537 0.000619414 1.123e-06
653 Cora_A.txt 0.000618216 0.000617275 9.41e-07
654 Cora_A.txt 0.000626403 0.000625546 8.57e-07
655 Cora_A.txt 0.000623478 0.000622638 8.4e-07
656 Cora_A.txt 0.00051598 0.000514975 1.005e-06
657 Cora_A.txt 0.000514412 0.000513152 1.26e-06
658 Cora_A.txt 0.00052735 0.000526235 1.115e-06
659 Cora_A.txt 0.000524141 0.000523271 8.7e-07
660 Cora_A.txt 0.000517846 0.000516927 9.19e-07
661 Cora_A.txt 0.000515745 0.000514534 1.211e-06
662 Cora_A.txt 0.000520065 0.000518567 1.498e-06
663 Cora_A.txt 0.000517721 0.000516288 1.433e-06
664 Cora_A.txt 0.000522873 0.000521909 9.64e-07
665 Cora_A.txt 0.000520361 0.000519667 6.94e-07
666 Cora_A.txt 0.000525125 0.000523391 1.734e-06
667 Cora_A.txt 0.000521862 0.000520678 1.184e-06
668 Cora_A.txt 0.00052233 0.000520663 1.667e-06
669 Cora_A.txt 0.000520949 0.000519876 1.073e-06
670 Cora_A.txt 0.000529729 0.000528581 1.148e-06
671 Cora_A.txt 0.000527071 0.000525788 1.283e-06
672 Cora_A.txt 0.000574958 0.000573287 1.671e-06
673 Cora_A.txt 0.000572103 0.000571241 8.62e-07
674 Cora_A.txt 0.000581858 0.000580215 1.643e-06
675 Cora_A.txt 0.000578363 0.000577337 1.026e-06
676 Cora_A.txt 0.000581261 0.000580547 7.14e-07
677 Cora_A.txt 0.000579217 0.000578354 8.63e-07
678 Cora_A.txt 0.00058667 0.000585827 8.43e-07
679 Cora_A.txt 0.000583958 0.000583254 7.04e-07
680 Cora_A.txt 0.000583347 0.000582479 8.68e-07
681 Cora_A.txt 0.000581415 0.000580605 8.1e-07
682 Cora_A.txt 0.000589989 0.0005893 6.89e-07
683 Cora_A.txt 0.000587044 0.000586141 9.03e-07
684 Cora_A.txt 0.00058869 0.000587864 8.26e-07
685 Cora_A.txt 0.000586528 0.00058577 7.58e-07
686 Cora_A.txt 0.000595185 0.000594181 1.004e-06
687 Cora_A.txt 0.000593126 0.000592166 9.6e-07
688 Cora_A.txt 0.000649075 0.000646207 2.868e-06
689 Cora_A.txt 0.000644832 0.000644112 7.2e-07
690 Cora_A.txt 0.000654512 0.000653427 1.085e-06
691 Cora_A.txt 0.00065152 0.000650554 9.66e-07
692 Cora_A.txt 0.00064012 0.000639145 9.75e-07
693 Cora_A.txt 0.000637216 0.000636398 8.18e-07
694 Cora_A.txt 0.00064737 0.000646252 1.118e-06
695 Cora_A.txt 0.000644622 0.000643504 1.118e-06
696 Cora_A.txt 0.000607206 0.000606198 1.008e-06
697 Cora_A.txt 0.000604309 0.000603337 9.72e-07
698 Cora_A.txt 0.000611296 0.000610315 9.81e-07
699 Cora_A.txt 0.000608483 0.000607613 8.7e-07
700 Cora_A.txt 0.000609261 0.000608076 1.185e-06
701 Cora_A.txt 0.000611588 0.000606192 5.396e-06
702 Cora_A.txt 0.000615624 0.000614827 7.97e-07
703 Cora_A.txt 0.000613606 0.000611907 1.699e-06
704 Cora_A.txt 0.000506377 0.000505552 8.25e-07
705 Cora_A.txt 0.000504304 0.000503394 9.1e-07
706 Cora_A.txt 0.000514294 0.000513576 7.18e-07
707 Cora_A.txt 0.000512421 0.000511339 1.082e-06
708 Cora_A.txt 0.00051584 0.000514995 8.45e-07
709 Cora_A.txt 0.000513946 0.000512862 1.084e-06
710 Cora_A.txt 0.000518121 0.000517258 8.63e-07
711 Cora_A.txt 0.000515433 0.000514704 7.29e-07
712 Cora_A.txt 0.000518489 0.000517664 8.25e-07
713 Cora_A.txt 0.000515734 0.000513857 1.877e-06
714 Cora_A.txt 0.000520989 0.000519686 1.303e-06
715 Cora_A.txt 0.000517539 0.000516781 7.58e-07
716 Cora_A.txt 0.000520085 0.000518894 1.191e-06
717 Cora_A.txt 0.000517448 0.000516598 8.5e-07
718 Cora_A.txt 0.000524904 0.000523553 1.351e-06
719 Cora_A.txt 0.000522027 0.00052104 9.87e-07
720 Cora_A.txt 0.000580249 0.000579255 9.94e-07
721 Cora_A.txt 0.000577786 0.000577171 6.15e-07
722 Cora_A.txt 0.000589123 0.000588364 7.59e-07
723 Cora_A.txt 0.000586979 0.000586478 5.01e-07
724 Cora_A.txt 0.000590393 0.000589696 6.97e-07
725 Cora_A.txt 0.000588445 0.000587655 7.9e-07
726 Cora_A.txt 0.000593995 0.000593399 5.96e-07
727 Cora_A.txt 0.000592405 0.000591566 8.39e-07
728 Cora_A.txt 0.000583741 0.000582682 1.059e-06
729 Cora_A.txt 0.000581769 0.000580904 8.65e-07
730 Cora_A.txt 0.00059141 0.00059047 9.4e-07
731 Cora_A.txt 0.000588851 0.000587807 1.044e-06
732 Cora_A.txt 0.000593055 0.000592248 8.07e-07
733 Cora_A.txt 0.000589224 0.000588403 8.21e-07
734 Cora_A.txt 0.000600166 0.000599184 9.82e-07
735 Cora_A.txt 0.000597159 0.000596258 9.01e-07
736 Cora_A.txt 0.00065499 0.000654263 7.27e-07
737 Cora_A.txt 0.00065292 0.000652158 7.62e-07
738 Cora_A.txt 0.000657021 0.000655874 1.147e-06
739 Cora_A.txt 0.000654833 0.000653774 1.059e-06
740 Cora_A.txt 0.000649576 0.00064855 1.026e-06
741 Cora_A.txt 0.000647698 0.000646007 1.691e-06
742 Cora_A.txt 0.000655797 0.000655033 7.64e-07
743 Cora_A.txt 0.00065465 0.000652058 2.592e-06
744 Cora_A.txt 0.000612004 0.000610841 1.163e-06
745 Cora_A.txt 0.000608005 0.000606872 1.133e-06
746 Cora_A.txt 0.000617375 0.000616341 1.034e-06
747 Cora_A.txt 0.000614115 0.000613266 8.49e-07
748 Cora_A.txt 0.000612664 0.000611864 8e-07
749 Cora_A.txt 0.000609956 0.000608906 1.05e-06
750 Cora_A.txt 0.000616963 0.000615593 1.37e-06
751 Cora_A.txt 0.000614067 0.000612948 1.119e-06
752 Cora_A.txt 0.000514791 0.000514006 7.85e-07
753 Cora_A.txt 0.000512614 0.000511851 7.63e-07
754 Cora_A.txt 0.000524225 0.00052285 1.375e-06
755 Cora_A.txt 0.000521417 0.000519936 1.481e-06
756 Cora_A.txt 0.000524651 0.000523861 7.9e-07
757 Cora_A.txt 0.000522659 0.000521401 1.258e-06
758 Cora_A.txt 0.000536946 0.000535925 1.021e-06
759 Cora_A.txt 0.000534483 0.00053331 1.173e-06
760 Cora_A.txt 0.00051539 0.000514654 7.36e-07
761 Cora_A.txt 0.000513297 0.000512249 1.048e-06
762 Cora_A.txt 0.000524905 0.000523842 1.063e-06
763 Cora_A.txt 0.000522428 0.00052126 1.168e-06
764 Cora_A.txt 0.00052365 0.000522623 1.027e-06
765 Cora_A.txt 0.000521063 0.000519875 1.188e-06
766 Cora_A.txt 0.000526677 0.000525916 7.61e-07
767 Cora_A.txt 0.000594668 0.000523322 7.1346e-05
TACC:  Shutdown complete. Exiting. 
