TACC:  Starting up job 10024616 
TACC:  Starting parallel tasks... 
0 Pubmed_feat_L1.txt 0.0023775 0.00235603 2.1465e-05
1 Pubmed_feat_L1.txt 0.00140837 0.00137988 2.8487e-05
2 Pubmed_feat_L1.txt 0.002313 0.00228581 2.7197e-05
3 Pubmed_feat_L1.txt 0.00127663 0.00125219 2.4442e-05
4 Pubmed_feat_L1.txt 0.00229642 0.00226784 2.8584e-05
5 Pubmed_feat_L1.txt 0.00133952 0.00131017 2.9348e-05
6 Pubmed_feat_L1.txt 0.00240256 0.00237156 3.0997e-05
7 Pubmed_feat_L1.txt 0.00122799 0.00119859 2.9394e-05
8 Pubmed_feat_L1.txt 0.00257392 0.00254428 2.9634e-05
9 Pubmed_feat_L1.txt 0.00135158 0.00132618 2.5401e-05
10 Pubmed_feat_L1.txt 0.00238978 0.00236276 2.7022e-05
11 Pubmed_feat_L1.txt 0.00121004 0.00118378 2.6261e-05
12 Pubmed_feat_L1.txt 0.00241905 0.0023901 2.8951e-05
13 Pubmed_feat_L1.txt 0.00124829 0.00122144 2.6842e-05
14 Pubmed_feat_L1.txt 0.00243575 0.00241005 2.5691e-05
15 Pubmed_feat_L1.txt 0.00136149 0.00133652 2.4967e-05
16 Pubmed_feat_L1.txt 0.00248974 0.0024624 2.7345e-05
17 Pubmed_feat_L1.txt 0.00141438 0.00138499 2.9393e-05
18 Pubmed_feat_L1.txt 0.0023996 0.00237174 2.7859e-05
19 Pubmed_feat_L1.txt 0.00139215 0.00136768 2.4472e-05
20 Pubmed_feat_L1.txt 0.00243173 0.00240358 2.8151e-05
21 Pubmed_feat_L1.txt 0.00132579 0.00129108 3.4709e-05
22 Pubmed_feat_L1.txt 0.0024739 0.00244479 2.9114e-05
23 Pubmed_feat_L1.txt 0.00122974 0.00119782 3.1925e-05
24 Pubmed_feat_L1.txt 0.00233295 0.00230487 2.8078e-05
25 Pubmed_feat_L1.txt 0.00141484 0.00139091 2.3926e-05
26 Pubmed_feat_L1.txt 0.00246307 0.00243518 2.789e-05
27 Pubmed_feat_L1.txt 0.0012825 0.00125586 2.6649e-05
28 Pubmed_feat_L1.txt 0.00241923 0.00238913 3.0102e-05
29 Pubmed_feat_L1.txt 0.00125295 0.00122046 3.2484e-05
30 Pubmed_feat_L1.txt 0.00262888 0.00260252 2.6369e-05
31 Pubmed_feat_L1.txt 0.00116016 0.00113399 2.6172e-05
32 Pubmed_feat_L1.txt 0.0025605 0.00253339 2.711e-05
33 Pubmed_feat_L1.txt 0.00141485 0.00138574 2.9109e-05
34 Pubmed_feat_L1.txt 0.00248404 0.00245425 2.9788e-05
35 Pubmed_feat_L1.txt 0.00134884 0.00132025 2.8594e-05
36 Pubmed_feat_L1.txt 0.00255596 0.00252949 2.6466e-05
37 Pubmed_feat_L1.txt 0.00129962 0.00127338 2.6234e-05
38 Pubmed_feat_L1.txt 0.00257693 0.00255054 2.6391e-05
39 Pubmed_feat_L1.txt 0.00121086 0.00118426 2.6601e-05
40 Pubmed_feat_L1.txt 0.00270184 0.002673 2.8839e-05
41 Pubmed_feat_L1.txt 0.0014391 0.00140845 3.0643e-05
42 Pubmed_feat_L1.txt 0.00243826 0.00241147 2.6789e-05
43 Pubmed_feat_L1.txt 0.00124753 0.00122455 2.2975e-05
44 Pubmed_feat_L1.txt 0.0024467 0.00241239 3.4309e-05
45 Pubmed_feat_L1.txt 0.00133999 0.00131105 2.8944e-05
46 Pubmed_feat_L1.txt 0.00261081 0.00257853 3.2275e-05
47 Pubmed_feat_L1.txt 0.00123378 0.001205 2.8774e-05
48 Pubmed_feat_L1.txt 0.00223562 0.00220611 2.9507e-05
49 Pubmed_feat_L1.txt 0.00134449 0.0013124 3.2088e-05
50 Pubmed_feat_L1.txt 0.00197678 0.00194376 3.3012e-05
51 Pubmed_feat_L1.txt 0.00130513 0.00127331 3.1813e-05
52 Pubmed_feat_L1.txt 0.00218814 0.00215599 3.2143e-05
53 Pubmed_feat_L1.txt 0.00130424 0.00128032 2.3917e-05
54 Pubmed_feat_L1.txt 0.00250765 0.00247494 3.2712e-05
55 Pubmed_feat_L1.txt 0.00122227 0.00119622 2.605e-05
56 Pubmed_feat_L1.txt 0.00242387 0.00239495 2.8927e-05
57 Pubmed_feat_L1.txt 0.00130482 0.00127863 2.6189e-05
58 Pubmed_feat_L1.txt 0.00224992 0.00222338 2.6538e-05
59 Pubmed_feat_L1.txt 0.00118794 0.00115558 3.2359e-05
60 Pubmed_feat_L1.txt 0.00248054 0.00245025 3.0284e-05
61 Pubmed_feat_L1.txt 0.00124025 0.00120624 3.4006e-05
62 Pubmed_feat_L1.txt 0.00269897 0.00266897 2.9997e-05
63 Pubmed_feat_L1.txt 0.00122503 0.00118769 3.735e-05
64 Pubmed_feat_L1.txt 0.00252791 0.00249311 3.4799e-05
65 Pubmed_feat_L1.txt 0.00150574 0.00147232 3.3418e-05
66 Pubmed_feat_L1.txt 0.00235785 0.00233266 2.5182e-05
67 Pubmed_feat_L1.txt 0.00127607 0.00124867 2.7402e-05
68 Pubmed_feat_L1.txt 0.00231849 0.00228589 3.2598e-05
69 Pubmed_feat_L1.txt 0.00132021 0.0012821 3.8109e-05
70 Pubmed_feat_L1.txt 0.00248208 0.00245231 2.9772e-05
71 Pubmed_feat_L1.txt 0.0012279 0.00120214 2.5767e-05
72 Pubmed_feat_L1.txt 0.00250395 0.00247517 2.8775e-05
73 Pubmed_feat_L1.txt 0.00138063 0.0013434 3.7221e-05
74 Pubmed_feat_L1.txt 0.00243001 0.00239391 3.6098e-05
75 Pubmed_feat_L1.txt 0.0012683 0.00124154 2.676e-05
76 Pubmed_feat_L1.txt 0.00242489 0.00239445 3.0438e-05
77 Pubmed_feat_L1.txt 0.00134435 0.00131363 3.0715e-05
78 Pubmed_feat_L1.txt 0.00241893 0.00238879 3.0139e-05
79 Pubmed_feat_L1.txt 0.00123764 0.00120857 2.9075e-05
80 Pubmed_feat_L1.txt 0.00247952 0.00244762 3.19e-05
81 Pubmed_feat_L1.txt 0.00145095 0.00141805 3.29e-05
82 Pubmed_feat_L1.txt 0.00247413 0.00244138 3.275e-05
83 Pubmed_feat_L1.txt 0.00136515 0.0013387 2.6448e-05
84 Pubmed_feat_L1.txt 0.00249505 0.00246854 2.6512e-05
85 Pubmed_feat_L1.txt 0.00140405 0.0013742 2.9851e-05
86 Pubmed_feat_L1.txt 0.00252264 0.00249619 2.6453e-05
87 Pubmed_feat_L1.txt 0.00133431 0.00130313 3.1176e-05
88 Pubmed_feat_L1.txt 0.00248638 0.00245965 2.673e-05
89 Pubmed_feat_L1.txt 0.00135975 0.00132393 3.5823e-05
90 Pubmed_feat_L1.txt 0.00254979 0.00251744 3.2348e-05
91 Pubmed_feat_L1.txt 0.00130932 0.00127668 3.2639e-05
92 Pubmed_feat_L1.txt 0.00243237 0.00240278 2.9589e-05
93 Pubmed_feat_L1.txt 0.00135062 0.00130681 4.381e-05
94 Pubmed_feat_L1.txt 0.00265061 0.00262249 2.8124e-05
95 Pubmed_feat_L1.txt 0.00124635 0.00121623 3.0119e-05
96 Pubmed_feat_L1.txt 0.00259706 0.00256173 3.5331e-05
97 Pubmed_feat_L1.txt 0.00143469 0.00139979 3.4897e-05
98 Pubmed_feat_L1.txt 0.00259318 0.00256683 2.6354e-05
99 Pubmed_feat_L1.txt 0.00142309 0.00139878 2.4317e-05
100 Pubmed_feat_L1.txt 0.00240475 0.00237714 2.7606e-05
101 Pubmed_feat_L1.txt 0.00136894 0.00133834 3.0606e-05
102 Pubmed_feat_L1.txt 0.00260977 0.00258006 2.9706e-05
103 Pubmed_feat_L1.txt 0.00132093 0.00129311 2.7829e-05
104 Pubmed_feat_L1.txt 0.00265523 0.00262812 2.7114e-05
105 Pubmed_feat_L1.txt 0.00143838 0.0014129 2.5476e-05
106 Pubmed_feat_L1.txt 0.00250036 0.00247359 2.6772e-05
107 Pubmed_feat_L1.txt 0.00128368 0.00125645 2.7238e-05
108 Pubmed_feat_L1.txt 0.0025867 0.00255879 2.7911e-05
109 Pubmed_feat_L1.txt 0.0012907 0.0012535 3.7205e-05
110 Pubmed_feat_L1.txt 0.00260207 0.00256323 3.8841e-05
111 Pubmed_feat_L1.txt 0.0012343 0.00120311 3.1184e-05
112 Pubmed_feat_L1.txt 0.00199808 0.00196663 3.1447e-05
113 Pubmed_feat_L1.txt 0.00132637 0.00129315 3.3218e-05
114 Pubmed_feat_L1.txt 0.00191992 0.00188953 3.0391e-05
115 Pubmed_feat_L1.txt 0.00131756 0.0012806 3.6965e-05
116 Pubmed_feat_L1.txt 0.00220359 0.0021706 3.2989e-05
117 Pubmed_feat_L1.txt 0.00126135 0.00123304 2.8303e-05
118 Pubmed_feat_L1.txt 0.00246894 0.00243744 3.1498e-05
119 Pubmed_feat_L1.txt 0.00128155 0.00124948 3.2072e-05
120 Pubmed_feat_L1.txt 0.00244691 0.00241313 3.3782e-05
121 Pubmed_feat_L1.txt 0.00125716 0.00122734 2.9814e-05
122 Pubmed_feat_L1.txt 0.00219846 0.00216831 3.015e-05
123 Pubmed_feat_L1.txt 0.00124671 0.00121612 3.0588e-05
124 Pubmed_feat_L1.txt 0.00242174 0.00239622 2.5519e-05
125 Pubmed_feat_L1.txt 0.00123202 0.00120339 2.8624e-05
126 Pubmed_feat_L1.txt 0.00269033 0.00266297 2.7357e-05
127 Pubmed_feat_L1.txt 0.00115125 0.00112046 3.0791e-05
128 Pubmed_feat_L1.txt 0.00241106 0.00237929 3.1771e-05
129 Pubmed_feat_L1.txt 0.00143455 0.00139794 3.6608e-05
130 Pubmed_feat_L1.txt 0.00238667 0.00234915 3.7519e-05
131 Pubmed_feat_L1.txt 0.00138515 0.0013482 3.6955e-05
132 Pubmed_feat_L1.txt 0.00235955 0.00232485 3.4703e-05
133 Pubmed_feat_L1.txt 0.00131293 0.00128011 3.2816e-05
134 Pubmed_feat_L1.txt 0.00249074 0.00245217 3.8571e-05
135 Pubmed_feat_L1.txt 0.00134323 0.00130936 3.387e-05
136 Pubmed_feat_L1.txt 0.00248428 0.00245418 3.0103e-05
137 Pubmed_feat_L1.txt 0.00134641 0.00131794 2.8467e-05
138 Pubmed_feat_L1.txt 0.00240363 0.00237239 3.124e-05
139 Pubmed_feat_L1.txt 0.0012721 0.00124025 3.185e-05
140 Pubmed_feat_L1.txt 0.00240644 0.00237989 2.6545e-05
141 Pubmed_feat_L1.txt 0.00131689 0.00128645 3.0437e-05
142 Pubmed_feat_L1.txt 0.0025213 0.00249506 2.6236e-05
143 Pubmed_feat_L1.txt 0.0012002 0.00116658 3.3625e-05
144 Pubmed_feat_L1.txt 0.00234618 0.00230948 3.6699e-05
145 Pubmed_feat_L1.txt 0.00134269 0.00130572 3.6962e-05
146 Pubmed_feat_L1.txt 0.00245776 0.00242261 3.5145e-05
147 Pubmed_feat_L1.txt 0.00127936 0.00124684 3.2523e-05
148 Pubmed_feat_L1.txt 0.00236708 0.00233889 2.8188e-05
149 Pubmed_feat_L1.txt 0.00142826 0.00139976 2.8499e-05
150 Pubmed_feat_L1.txt 0.00247817 0.00245046 2.7712e-05
151 Pubmed_feat_L1.txt 0.00131452 0.00128538 2.9132e-05
152 Pubmed_feat_L1.txt 0.00249549 0.00246152 3.3973e-05
153 Pubmed_feat_L1.txt 0.00130914 0.0012812 2.7938e-05
154 Pubmed_feat_L1.txt 0.00251182 0.00248101 3.0802e-05
155 Pubmed_feat_L1.txt 0.00131901 0.00128767 3.1337e-05
156 Pubmed_feat_L1.txt 0.00237936 0.00234877 3.0584e-05
157 Pubmed_feat_L1.txt 0.00134586 0.00131636 2.95e-05
158 Pubmed_feat_L1.txt 0.00266635 0.0026347 3.1651e-05
159 Pubmed_feat_L1.txt 0.00117751 0.00114373 3.3776e-05
160 Pubmed_feat_L1.txt 0.00253827 0.00250725 3.1018e-05
161 Pubmed_feat_L1.txt 0.00134905 0.00131767 3.1381e-05
162 Pubmed_feat_L1.txt 0.0024403 0.00241376 2.6543e-05
163 Pubmed_feat_L1.txt 0.00131211 0.00128415 2.796e-05
164 Pubmed_feat_L1.txt 0.00248095 0.00245095 3e-05
165 Pubmed_feat_L1.txt 0.00132355 0.0012939 2.9654e-05
166 Pubmed_feat_L1.txt 0.00256897 0.00254289 2.6078e-05
167 Pubmed_feat_L1.txt 0.00124673 0.00121672 3.0014e-05
168 Pubmed_feat_L1.txt 0.00253938 0.00250766 3.1717e-05
169 Pubmed_feat_L1.txt 0.00133657 0.00131087 2.5699e-05
170 Pubmed_feat_L1.txt 0.00243276 0.00240475 2.8006e-05
171 Pubmed_feat_L1.txt 0.0012866 0.00125477 3.183e-05
172 Pubmed_feat_L1.txt 0.00251632 0.00248506 3.1265e-05
173 Pubmed_feat_L1.txt 0.00132065 0.00128899 3.1656e-05
174 Pubmed_feat_L1.txt 0.00258932 0.00256044 2.8878e-05
175 Pubmed_feat_L1.txt 0.001195 0.00116437 3.0631e-05
176 Pubmed_feat_L1.txt 0.00219629 0.0021661 3.0191e-05
177 Pubmed_feat_L1.txt 0.0014131 0.0013874 2.5696e-05
178 Pubmed_feat_L1.txt 0.00187264 0.00184242 3.0217e-05
179 Pubmed_feat_L1.txt 0.00127181 0.00124663 2.5176e-05
180 Pubmed_feat_L1.txt 0.00218008 0.0021545 2.5577e-05
181 Pubmed_feat_L1.txt 0.00131156 0.00128023 3.1333e-05
182 Pubmed_feat_L1.txt 0.0024124 0.00238593 2.6473e-05
183 Pubmed_feat_L1.txt 0.00122988 0.00120105 2.8829e-05
184 Pubmed_feat_L1.txt 0.00244244 0.00241395 2.8492e-05
185 Pubmed_feat_L1.txt 0.00130066 0.00127194 2.8718e-05
186 Pubmed_feat_L1.txt 0.00230345 0.00226225 4.1202e-05
187 Pubmed_feat_L1.txt 0.00116698 0.00114004 2.694e-05
188 Pubmed_feat_L1.txt 0.002433 0.00240133 3.1671e-05
189 Pubmed_feat_L1.txt 0.00120803 0.00118335 2.4684e-05
190 Pubmed_feat_L1.txt 0.00272558 0.00269577 2.9814e-05
191 Pubmed_feat_L1.txt 0.00119349 0.00116505 2.8441e-05
192 Pubmed_feat_L1.txt 0.00253344 0.00250203 3.1409e-05
193 Pubmed_feat_L1.txt 0.00146113 0.00142947 3.166e-05
194 Pubmed_feat_L1.txt 0.00234754 0.00231401 3.3526e-05
195 Pubmed_feat_L1.txt 0.0013425 0.00131207 3.0424e-05
196 Pubmed_feat_L1.txt 0.0023381 0.00230803 3.0077e-05
197 Pubmed_feat_L1.txt 0.00137995 0.00134652 3.3433e-05
198 Pubmed_feat_L1.txt 0.00253609 0.00250044 3.5646e-05
199 Pubmed_feat_L1.txt 0.00129658 0.00126216 3.4411e-05
200 Pubmed_feat_L1.txt 0.00255174 0.00251918 3.2568e-05
201 Pubmed_feat_L1.txt 0.00143258 0.00140053 3.2052e-05
202 Pubmed_feat_L1.txt 0.00239294 0.00236452 2.8421e-05
203 Pubmed_feat_L1.txt 0.00118001 0.00115363 2.6379e-05
204 Pubmed_feat_L1.txt 0.0025189 0.00249007 2.8827e-05
205 Pubmed_feat_L1.txt 0.00127783 0.00124634 3.1493e-05
206 Pubmed_feat_L1.txt 0.00237535 0.0023443 3.1051e-05
207 Pubmed_feat_L1.txt 0.00123499 0.0012023 3.2689e-05
208 Pubmed_feat_L1.txt 0.00241158 0.00237777 3.3809e-05
209 Pubmed_feat_L1.txt 0.00144995 0.00141234 3.7614e-05
210 Pubmed_feat_L1.txt 0.00245293 0.00241744 3.5492e-05
211 Pubmed_feat_L1.txt 0.00139086 0.00135555 3.5302e-05
212 Pubmed_feat_L1.txt 0.00246958 0.00243468 3.4896e-05
213 Pubmed_feat_L1.txt 0.00147124 0.0014386 3.2643e-05
214 Pubmed_feat_L1.txt 0.00251664 0.00248107 3.5576e-05
215 Pubmed_feat_L1.txt 0.00131148 0.00127917 3.2311e-05
216 Pubmed_feat_L1.txt 0.00247133 0.00244262 2.8716e-05
217 Pubmed_feat_L1.txt 0.00143296 0.00140016 3.28e-05
218 Pubmed_feat_L1.txt 0.00253483 0.00250271 3.2125e-05
219 Pubmed_feat_L1.txt 0.0013516 0.00131804 3.3567e-05
220 Pubmed_feat_L1.txt 0.00248888 0.00245597 3.2913e-05
221 Pubmed_feat_L1.txt 0.0014238 0.00138638 3.7417e-05
222 Pubmed_feat_L1.txt 0.00259689 0.00256412 3.277e-05
223 Pubmed_feat_L1.txt 0.0012872 0.00125685 3.0355e-05
224 Pubmed_feat_L1.txt 0.00302444 0.00299265 3.1788e-05
225 Pubmed_feat_L1.txt 0.00147085 0.00143726 3.3585e-05
226 Pubmed_feat_L1.txt 0.00254467 0.00251224 3.2428e-05
227 Pubmed_feat_L1.txt 0.00140391 0.00137156 3.2355e-05
228 Pubmed_feat_L1.txt 0.00245698 0.00242648 3.0491e-05
229 Pubmed_feat_L1.txt 0.00142642 0.00139527 3.1156e-05
230 Pubmed_feat_L1.txt 0.00264221 0.00261339 2.8819e-05
231 Pubmed_feat_L1.txt 0.00135886 0.00133201 2.6849e-05
232 Pubmed_feat_L1.txt 0.0025478 0.00251622 3.1585e-05
233 Pubmed_feat_L1.txt 0.0013599 0.00133015 2.9754e-05
234 Pubmed_feat_L1.txt 0.00245092 0.00241516 3.5766e-05
235 Pubmed_feat_L1.txt 0.001339 0.00130419 3.4816e-05
236 Pubmed_feat_L1.txt 0.00259207 0.00255741 3.4662e-05
237 Pubmed_feat_L1.txt 0.00133661 0.00130912 2.7487e-05
238 Pubmed_feat_L1.txt 0.00265109 0.00262189 2.9201e-05
239 Pubmed_feat_L1.txt 0.00124002 0.00120749 3.2522e-05
240 Pubmed_feat_L1.txt 0.00187581 0.00183795 3.7863e-05
241 Pubmed_feat_L1.txt 0.00137225 0.00133821 3.4042e-05
242 Pubmed_feat_L1.txt 0.00195844 0.00192704 3.1393e-05
243 Pubmed_feat_L1.txt 0.00122327 0.00119037 3.2894e-05
244 Pubmed_feat_L1.txt 0.00229051 0.00225833 3.2181e-05
245 Pubmed_feat_L1.txt 0.0014616 0.00142811 3.3495e-05
246 Pubmed_feat_L1.txt 0.00246064 0.00243128 2.9356e-05
247 Pubmed_feat_L1.txt 0.00121948 0.0011938 2.5687e-05
248 Pubmed_feat_L1.txt 0.00242536 0.00239005 3.5312e-05
249 Pubmed_feat_L1.txt 0.00145162 0.00141685 3.4769e-05
250 Pubmed_feat_L1.txt 0.00254013 0.00250725 3.2878e-05
251 Pubmed_feat_L1.txt 0.00122614 0.00119217 3.3969e-05
252 Pubmed_feat_L1.txt 0.0024507 0.00241298 3.7718e-05
253 Pubmed_feat_L1.txt 0.00130989 0.00127471 3.5175e-05
254 Pubmed_feat_L1.txt 0.00264801 0.00261382 3.4193e-05
255 Pubmed_feat_L1.txt 0.00113461 0.00110502 2.9589e-05
256 Pubmed_feat_L1.txt 0.00243761 0.00240907 2.8541e-05
257 Pubmed_feat_L1.txt 0.0013906 0.00135987 3.0728e-05
258 Pubmed_feat_L1.txt 0.00236224 0.00233366 2.8586e-05
259 Pubmed_feat_L1.txt 0.00127867 0.0012528 2.5878e-05
260 Pubmed_feat_L1.txt 0.00232278 0.00228856 3.4225e-05
261 Pubmed_feat_L1.txt 0.00131996 0.00128018 3.9784e-05
262 Pubmed_feat_L1.txt 0.00248906 0.00245647 3.2592e-05
263 Pubmed_feat_L1.txt 0.00124323 0.00121367 2.9559e-05
264 Pubmed_feat_L1.txt 0.00241848 0.00238357 3.4909e-05
265 Pubmed_feat_L1.txt 0.00140946 0.00137634 3.312e-05
266 Pubmed_feat_L1.txt 0.00237364 0.00234003 3.3604e-05
267 Pubmed_feat_L1.txt 0.00124052 0.00120976 3.0765e-05
268 Pubmed_feat_L1.txt 0.00242068 0.0023851 3.5579e-05
269 Pubmed_feat_L1.txt 0.00123644 0.00120161 3.4828e-05
270 Pubmed_feat_L1.txt 0.00253573 0.0025045 3.1226e-05
271 Pubmed_feat_L1.txt 0.00117261 0.00114292 2.9683e-05
272 Pubmed_feat_L1.txt 0.0023775 0.0023461 3.1405e-05
273 Pubmed_feat_L1.txt 0.00133402 0.00130005 3.397e-05
274 Pubmed_feat_L1.txt 0.0023859 0.00235011 3.5786e-05
275 Pubmed_feat_L1.txt 0.0012652 0.00123144 3.3761e-05
276 Pubmed_feat_L1.txt 0.00248509 0.00244843 3.6655e-05
277 Pubmed_feat_L1.txt 0.00136075 0.00132728 3.3462e-05
278 Pubmed_feat_L1.txt 0.00245765 0.00242194 3.5718e-05
279 Pubmed_feat_L1.txt 0.00122226 0.00118436 3.7903e-05
280 Pubmed_feat_L1.txt 0.00239275 0.00235854 3.4204e-05
281 Pubmed_feat_L1.txt 0.00127002 0.00123911 3.0913e-05
282 Pubmed_feat_L1.txt 0.00241292 0.00237999 3.2934e-05
283 Pubmed_feat_L1.txt 0.00128379 0.00124769 3.6099e-05
284 Pubmed_feat_L1.txt 0.00240346 0.00236863 3.4831e-05
285 Pubmed_feat_L1.txt 0.00135604 0.00132121 3.4828e-05
286 Pubmed_feat_L1.txt 0.00256731 0.00254298 2.4338e-05
287 Pubmed_feat_L1.txt 0.00115372 0.00112861 2.5114e-05
288 Pubmed_feat_L1.txt 0.00261604 0.00258782 2.8223e-05
289 Pubmed_feat_L1.txt 0.00144348 0.00139961 4.3879e-05
290 Pubmed_feat_L1.txt 0.00249968 0.00246529 3.4391e-05
291 Pubmed_feat_L1.txt 0.00127988 0.00124845 3.143e-05
292 Pubmed_feat_L1.txt 0.00240296 0.00237461 2.8347e-05
293 Pubmed_feat_L1.txt 0.00139293 0.00136331 2.9618e-05
294 Pubmed_feat_L1.txt 0.00261425 0.00258615 2.8094e-05
295 Pubmed_feat_L1.txt 0.00126975 0.00124056 2.9187e-05
296 Pubmed_feat_L1.txt 0.00265326 0.00262278 3.0481e-05
297 Pubmed_feat_L1.txt 0.00136033 0.00133124 2.9081e-05
298 Pubmed_feat_L1.txt 0.00248911 0.00246096 2.8157e-05
299 Pubmed_feat_L1.txt 0.00126057 0.00123012 3.0443e-05
300 Pubmed_feat_L1.txt 0.00255599 0.00252785 2.8147e-05
301 Pubmed_feat_L1.txt 0.00131816 0.00128695 3.1213e-05
302 Pubmed_feat_L1.txt 0.00258005 0.00255268 2.7374e-05
303 Pubmed_feat_L1.txt 0.00124124 0.00121264 2.8601e-05
304 Pubmed_feat_L1.txt 0.0022534 0.0022284 2.4997e-05
305 Pubmed_feat_L1.txt 0.0012812 0.00125327 2.7924e-05
306 Pubmed_feat_L1.txt 0.00203864 0.00200895 2.9694e-05
307 Pubmed_feat_L1.txt 0.00127241 0.00123843 3.3987e-05
308 Pubmed_feat_L1.txt 0.0021614 0.0021258 3.5608e-05
309 Pubmed_feat_L1.txt 0.00130425 0.00127325 3.1001e-05
310 Pubmed_feat_L1.txt 0.00251935 0.00249341 2.5941e-05
311 Pubmed_feat_L1.txt 0.00116975 0.001142 2.7754e-05
312 Pubmed_feat_L1.txt 0.00237963 0.00235519 2.4443e-05
313 Pubmed_feat_L1.txt 0.00123254 0.00120281 2.9721e-05
314 Pubmed_feat_L1.txt 0.00225898 0.00222772 3.1268e-05
315 Pubmed_feat_L1.txt 0.00116427 0.00113978 2.4491e-05
316 Pubmed_feat_L1.txt 0.00237599 0.00234935 2.6641e-05
317 Pubmed_feat_L1.txt 0.00130979 0.00127761 3.218e-05
318 Pubmed_feat_L1.txt 0.00266466 0.00263441 3.0246e-05
319 Pubmed_feat_L1.txt 0.00117697 0.00114551 3.146e-05
320 Pubmed_feat_L1.txt 0.00245283 0.00241997 3.2853e-05
321 Pubmed_feat_L1.txt 0.00138886 0.00135836 3.05e-05
322 Pubmed_feat_L1.txt 0.00235171 0.00231305 3.8653e-05
323 Pubmed_feat_L1.txt 0.0013058 0.00126985 3.5947e-05
324 Pubmed_feat_L1.txt 0.00234607 0.00231224 3.3831e-05
325 Pubmed_feat_L1.txt 0.00126471 0.00122915 3.5557e-05
326 Pubmed_feat_L1.txt 0.00242807 0.00239119 3.6883e-05
327 Pubmed_feat_L1.txt 0.00121091 0.00117329 3.7611e-05
328 Pubmed_feat_L1.txt 0.00257364 0.00254074 3.2894e-05
329 Pubmed_feat_L1.txt 0.0013101 0.00127201 3.8083e-05
330 Pubmed_feat_L1.txt 0.00240559 0.0023625 4.3096e-05
331 Pubmed_feat_L1.txt 0.00117051 0.00113397 3.6545e-05
332 Pubmed_feat_L1.txt 0.00250066 0.00247007 3.0589e-05
333 Pubmed_feat_L1.txt 0.00123274 0.00119335 3.9383e-05
334 Pubmed_feat_L1.txt 0.00247923 0.002443 3.6232e-05
335 Pubmed_feat_L1.txt 0.00125397 0.00122133 3.2635e-05
336 Pubmed_feat_L1.txt 0.00250813 0.00247611 3.2028e-05
337 Pubmed_feat_L1.txt 0.0013226 0.00127765 4.4958e-05
338 Pubmed_feat_L1.txt 0.00243088 0.00239551 3.5368e-05
339 Pubmed_feat_L1.txt 0.00128793 0.00124817 3.9758e-05
340 Pubmed_feat_L1.txt 0.00239384 0.00235985 3.3991e-05
341 Pubmed_feat_L1.txt 0.00134719 0.00130384 4.3351e-05
342 Pubmed_feat_L1.txt 0.00246473 0.00242442 4.0313e-05
343 Pubmed_feat_L1.txt 0.00123619 0.00119764 3.8553e-05
344 Pubmed_feat_L1.txt 0.00239277 0.00235724 3.5534e-05
345 Pubmed_feat_L1.txt 0.00126239 0.00122313 3.9262e-05
346 Pubmed_feat_L1.txt 0.0025102 0.00246913 4.1072e-05
347 Pubmed_feat_L1.txt 0.00119859 0.0011592 3.9396e-05
348 Pubmed_feat_L1.txt 0.0024594 0.00242 3.9399e-05
349 Pubmed_feat_L1.txt 0.0012962 0.00126285 3.3348e-05
350 Pubmed_feat_L1.txt 0.00262331 0.002584 3.9305e-05
351 Pubmed_feat_L1.txt 0.00127217 0.00123905 3.3119e-05
352 Pubmed_feat_L1.txt 0.00253264 0.00249738 3.526e-05
353 Pubmed_feat_L1.txt 0.00136595 0.00132002 4.5923e-05
354 Pubmed_feat_L1.txt 0.00246238 0.00243489 2.7487e-05
355 Pubmed_feat_L1.txt 0.00123857 0.00120181 3.6758e-05
356 Pubmed_feat_L1.txt 0.00241268 0.00237623 3.6453e-05
357 Pubmed_feat_L1.txt 0.00126725 0.00123553 3.1725e-05
358 Pubmed_feat_L1.txt 0.00261853 0.00257714 4.1385e-05
359 Pubmed_feat_L1.txt 0.00122801 0.00118687 4.1136e-05
360 Pubmed_feat_L1.txt 0.00253458 0.00250305 3.1527e-05
361 Pubmed_feat_L1.txt 0.00139511 0.00136246 3.2645e-05
362 Pubmed_feat_L1.txt 0.00241243 0.0023753 3.7127e-05
363 Pubmed_feat_L1.txt 0.00125357 0.00122779 2.5773e-05
364 Pubmed_feat_L1.txt 0.00258955 0.00255799 3.1559e-05
365 Pubmed_feat_L1.txt 0.0013111 0.00128408 2.7023e-05
366 Pubmed_feat_L1.txt 0.00264751 0.00261598 3.1523e-05
367 Pubmed_feat_L1.txt 0.00115044 0.00111889 3.1546e-05
368 Pubmed_feat_L1.txt 0.00191883 0.00188388 3.4951e-05
369 Pubmed_feat_L1.txt 0.00130759 0.00127533 3.2263e-05
370 Pubmed_feat_L1.txt 0.00203295 0.00199983 3.3115e-05
371 Pubmed_feat_L1.txt 0.00126281 0.00123429 2.8512e-05
372 Pubmed_feat_L1.txt 0.00216967 0.00213401 3.5662e-05
373 Pubmed_feat_L1.txt 0.00121862 0.00118706 3.1558e-05
374 Pubmed_feat_L1.txt 0.00256604 0.00253429 3.1756e-05
375 Pubmed_feat_L1.txt 0.00117698 0.00114778 2.92e-05
376 Pubmed_feat_L1.txt 0.00248968 0.0024554 3.4275e-05
377 Pubmed_feat_L1.txt 0.00129992 0.0012646 3.5318e-05
378 Pubmed_feat_L1.txt 0.00214072 0.00210662 3.4103e-05
379 Pubmed_feat_L1.txt 0.00111462 0.00107905 3.557e-05
380 Pubmed_feat_L1.txt 0.00246778 0.00243553 3.2249e-05
381 Pubmed_feat_L1.txt 0.00124687 0.00121908 2.7791e-05
382 Pubmed_feat_L1.txt 0.00261791 0.00258813 2.9781e-05
383 Pubmed_feat_L1.txt 0.00120167 0.00116992 3.1752e-05
384 Pubmed_feat_L1.txt 0.00249565 0.00245604 3.9607e-05
385 Pubmed_feat_L1.txt 0.00142875 0.00138329 4.5458e-05
386 Pubmed_feat_L1.txt 0.00242509 0.00237983 4.5258e-05
387 Pubmed_feat_L1.txt 0.00131654 0.0012702 4.6343e-05
388 Pubmed_feat_L1.txt 0.00238632 0.00233696 4.9361e-05
389 Pubmed_feat_L1.txt 0.00137145 0.00132949 4.1959e-05
390 Pubmed_feat_L1.txt 0.00254231 0.00250632 3.5986e-05
391 Pubmed_feat_L1.txt 0.00126781 0.00122869 3.9123e-05
392 Pubmed_feat_L1.txt 0.00250654 0.00247027 3.6275e-05
393 Pubmed_feat_L1.txt 0.00139297 0.00134692 4.6048e-05
394 Pubmed_feat_L1.txt 0.00235366 0.00231531 3.8357e-05
395 Pubmed_feat_L1.txt 0.00127235 0.00122767 4.4677e-05
396 Pubmed_feat_L1.txt 0.00241379 0.00237316 4.0622e-05
397 Pubmed_feat_L1.txt 0.00131293 0.00127194 4.0992e-05
398 Pubmed_feat_L1.txt 0.00247853 0.00243846 4.0075e-05
399 Pubmed_feat_L1.txt 0.00125344 0.00121151 4.1926e-05
400 Pubmed_feat_L1.txt 0.0024469 0.00241338 3.3522e-05
401 Pubmed_feat_L1.txt 0.00140575 0.00136279 4.2967e-05
402 Pubmed_feat_L1.txt 0.00245328 0.00241442 3.8859e-05
403 Pubmed_feat_L1.txt 0.00130325 0.00126515 3.8102e-05
404 Pubmed_feat_L1.txt 0.00238614 0.00234729 3.8849e-05
405 Pubmed_feat_L1.txt 0.00134359 0.00130762 3.5968e-05
406 Pubmed_feat_L1.txt 0.00247988 0.00243909 4.079e-05
407 Pubmed_feat_L1.txt 0.00129003 0.00125543 3.4604e-05
408 Pubmed_feat_L1.txt 0.00249171 0.00246142 3.029e-05
409 Pubmed_feat_L1.txt 0.00133695 0.00131104 2.5911e-05
410 Pubmed_feat_L1.txt 0.00249034 0.00245763 3.2705e-05
411 Pubmed_feat_L1.txt 0.00127417 0.00123959 3.4587e-05
412 Pubmed_feat_L1.txt 0.00238407 0.00234665 3.7422e-05
413 Pubmed_feat_L1.txt 0.00127727 0.00124647 3.0797e-05
414 Pubmed_feat_L1.txt 0.0025925 0.00256286 2.9636e-05
415 Pubmed_feat_L1.txt 0.00124594 0.0012152 3.0746e-05
416 Pubmed_feat_L1.txt 0.00260521 0.00257691 2.8299e-05
417 Pubmed_feat_L1.txt 0.00131242 0.00128455 2.7867e-05
418 Pubmed_feat_L1.txt 0.00242973 0.00240157 2.8163e-05
419 Pubmed_feat_L1.txt 0.00130111 0.00127451 2.6604e-05
420 Pubmed_feat_L1.txt 0.00251751 0.00248699 3.052e-05
421 Pubmed_feat_L1.txt 0.00138126 0.00135228 2.8973e-05
422 Pubmed_feat_L1.txt 0.00263581 0.00260791 2.79e-05
423 Pubmed_feat_L1.txt 0.00117063 0.0011433 2.733e-05
424 Pubmed_feat_L1.txt 0.00254572 0.0025151 3.0623e-05
425 Pubmed_feat_L1.txt 0.0013666 0.00133594 3.0661e-05
426 Pubmed_feat_L1.txt 0.00251073 0.00248343 2.7299e-05
427 Pubmed_feat_L1.txt 0.0012817 0.00125312 2.8582e-05
428 Pubmed_feat_L1.txt 0.00249338 0.00245967 3.3707e-05
429 Pubmed_feat_L1.txt 0.00133787 0.00131134 2.6531e-05
430 Pubmed_feat_L1.txt 0.00264032 0.00261131 2.9013e-05
431 Pubmed_feat_L1.txt 0.00130298 0.00127555 2.743e-05
432 Pubmed_feat_L1.txt 0.00228837 0.00225972 2.8653e-05
433 Pubmed_feat_L1.txt 0.00135028 0.00132138 2.8903e-05
434 Pubmed_feat_L1.txt 0.00192904 0.00189095 3.8087e-05
435 Pubmed_feat_L1.txt 0.00123626 0.00120356 3.2708e-05
436 Pubmed_feat_L1.txt 0.00224029 0.00220792 3.2373e-05
437 Pubmed_feat_L1.txt 0.00124347 0.00121228 3.1191e-05
438 Pubmed_feat_L1.txt 0.00248941 0.00246244 2.6978e-05
439 Pubmed_feat_L1.txt 0.0011424 0.0011121 3.0299e-05
440 Pubmed_feat_L1.txt 0.00243418 0.00240645 2.7727e-05
441 Pubmed_feat_L1.txt 0.00121173 0.00118473 2.6997e-05
442 Pubmed_feat_L1.txt 0.00215547 0.0021308 2.4668e-05
443 Pubmed_feat_L1.txt 0.00112941 0.00110344 2.5975e-05
444 Pubmed_feat_L1.txt 0.00236723 0.00233858 2.8647e-05
445 Pubmed_feat_L1.txt 0.00121564 0.00118419 3.1457e-05
446 Pubmed_feat_L1.txt 0.00271581 0.00269125 2.4558e-05
447 Pubmed_feat_L1.txt 0.00114206 0.00111264 2.9414e-05
448 Pubmed_feat_L1.txt 0.00241177 0.00238426 2.7511e-05
449 Pubmed_feat_L1.txt 0.00134468 0.00131768 2.7003e-05
450 Pubmed_feat_L1.txt 0.0024629 0.00243187 3.1028e-05
451 Pubmed_feat_L1.txt 0.00127072 0.00124255 2.8166e-05
452 Pubmed_feat_L1.txt 0.00236863 0.00233877 2.9856e-05
453 Pubmed_feat_L1.txt 0.00132181 0.00129269 2.9118e-05
454 Pubmed_feat_L1.txt 0.00245131 0.00242109 3.0216e-05
455 Pubmed_feat_L1.txt 0.00123052 0.00119713 3.3391e-05
456 Pubmed_feat_L1.txt 0.00247976 0.0024489 3.0861e-05
457 Pubmed_feat_L1.txt 0.0013303 0.0012969 3.3398e-05
458 Pubmed_feat_L1.txt 0.00243981 0.00241132 2.8484e-05
459 Pubmed_feat_L1.txt 0.00120492 0.00116935 3.5576e-05
460 Pubmed_feat_L1.txt 0.00242947 0.00239261 3.686e-05
461 Pubmed_feat_L1.txt 0.0012468 0.00120238 4.4423e-05
462 Pubmed_feat_L1.txt 0.00239789 0.00235743 4.0462e-05
463 Pubmed_feat_L1.txt 0.00116062 0.00112351 3.711e-05
464 Pubmed_feat_L1.txt 0.0025323 0.00249758 3.4724e-05
465 Pubmed_feat_L1.txt 0.00146295 0.00142765 3.5292e-05
466 Pubmed_feat_L1.txt 0.0024017 0.00236635 3.5347e-05
467 Pubmed_feat_L1.txt 0.00133457 0.00129621 3.8356e-05
468 Pubmed_feat_L1.txt 0.00242211 0.00238418 3.7927e-05
469 Pubmed_feat_L1.txt 0.0013519 0.0013151 3.6803e-05
470 Pubmed_feat_L1.txt 0.00253575 0.00249534 4.0403e-05
471 Pubmed_feat_L1.txt 0.00128248 0.00124218 4.0296e-05
472 Pubmed_feat_L1.txt 0.00250245 0.00246846 3.3989e-05
473 Pubmed_feat_L1.txt 0.00129257 0.00126154 3.1031e-05
474 Pubmed_feat_L1.txt 0.00253172 0.00250236 2.936e-05
475 Pubmed_feat_L1.txt 0.00131384 0.001285 2.8849e-05
476 Pubmed_feat_L1.txt 0.00255706 0.00252432 3.2738e-05
477 Pubmed_feat_L1.txt 0.00139583 0.00136673 2.91e-05
478 Pubmed_feat_L1.txt 0.00264584 0.00261901 2.6824e-05
479 Pubmed_feat_L1.txt 0.0012361 0.00120115 3.4949e-05
480 Pubmed_feat_L1.txt 0.00290164 0.00285204 4.9599e-05
481 Pubmed_feat_L1.txt 0.00136643 0.00132799 3.8436e-05
482 Pubmed_feat_L1.txt 0.00247794 0.00243895 3.8989e-05
483 Pubmed_feat_L1.txt 0.0012738 0.00123191 4.1888e-05
484 Pubmed_feat_L1.txt 0.00244049 0.00240502 3.5475e-05
485 Pubmed_feat_L1.txt 0.00136755 0.00133125 3.6298e-05
486 Pubmed_feat_L1.txt 0.00261125 0.00257502 3.6234e-05
487 Pubmed_feat_L1.txt 0.00138055 0.00134035 4.0199e-05
488 Pubmed_feat_L1.txt 0.00262424 0.00258618 3.8061e-05
489 Pubmed_feat_L1.txt 0.001395 0.00135585 3.9144e-05
490 Pubmed_feat_L1.txt 0.0024797 0.00244143 3.8268e-05
491 Pubmed_feat_L1.txt 0.00129764 0.00125708 4.0561e-05
492 Pubmed_feat_L1.txt 0.00256213 0.00252981 3.2321e-05
493 Pubmed_feat_L1.txt 0.00129872 0.0012691 2.9624e-05
494 Pubmed_feat_L1.txt 0.00261084 0.0025746 3.624e-05
495 Pubmed_feat_L1.txt 0.00116634 0.00113049 3.5849e-05
496 Pubmed_feat_L1.txt 0.00193825 0.00190213 3.612e-05
497 Pubmed_feat_L1.txt 0.00143577 0.00140042 3.5348e-05
498 Pubmed_feat_L1.txt 0.0019445 0.00190789 3.6612e-05
499 Pubmed_feat_L1.txt 0.0011861 0.00115137 3.4723e-05
500 Pubmed_feat_L1.txt 0.00228366 0.00225288 3.0786e-05
501 Pubmed_feat_L1.txt 0.00139466 0.00135642 3.8243e-05
502 Pubmed_feat_L1.txt 0.00250402 0.00246973 3.4291e-05
503 Pubmed_feat_L1.txt 0.00121142 0.00117866 3.2758e-05
504 Pubmed_feat_L1.txt 0.00230498 0.00227263 3.2351e-05
505 Pubmed_feat_L1.txt 0.00131112 0.00127928 3.1841e-05
506 Pubmed_feat_L1.txt 0.00240287 0.00236857 3.4298e-05
507 Pubmed_feat_L1.txt 0.00111119 0.00108029 3.0898e-05
508 Pubmed_feat_L1.txt 0.00245347 0.0024225 3.0971e-05
509 Pubmed_feat_L1.txt 0.00134339 0.00130807 3.5321e-05
510 Pubmed_feat_L1.txt 0.00256679 0.00253521 3.1588e-05
511 Pubmed_feat_L1.txt 0.00104927 0.00101401 3.5258e-05
512 Pubmed_feat_L1.txt 0.00236276 0.00233075 3.2011e-05
513 Pubmed_feat_L1.txt 0.00133695 0.00130343 3.3512e-05
514 Pubmed_feat_L1.txt 0.00246595 0.002435 3.0957e-05
515 Pubmed_feat_L1.txt 0.00134134 0.00130247 3.8866e-05
516 Pubmed_feat_L1.txt 0.00232627 0.00228956 3.6707e-05
517 Pubmed_feat_L1.txt 0.00141884 0.00137993 3.8909e-05
518 Pubmed_feat_L1.txt 0.00242692 0.00239461 3.2316e-05
519 Pubmed_feat_L1.txt 0.00116554 0.00113419 3.1355e-05
520 Pubmed_feat_L1.txt 0.00237767 0.00234684 3.0827e-05
521 Pubmed_feat_L1.txt 0.00136836 0.00133318 3.5184e-05
522 Pubmed_feat_L1.txt 0.00239716 0.00236181 3.5348e-05
523 Pubmed_feat_L1.txt 0.00132246 0.00128401 3.8455e-05
524 Pubmed_feat_L1.txt 0.00240587 0.00237397 3.1899e-05
525 Pubmed_feat_L1.txt 0.00133963 0.00131494 2.4697e-05
526 Pubmed_feat_L1.txt 0.00247022 0.00244806 2.2155e-05
527 Pubmed_feat_L1.txt 0.00122353 0.00119275 3.0778e-05
528 Pubmed_feat_L1.txt 0.00236424 0.00232501 3.9234e-05
529 Pubmed_feat_L1.txt 0.00141613 0.00137856 3.7561e-05
530 Pubmed_feat_L1.txt 0.00233542 0.00229922 3.62e-05
531 Pubmed_feat_L1.txt 0.00131546 0.00128168 3.3771e-05
532 Pubmed_feat_L1.txt 0.00240851 0.0023733 3.5209e-05
533 Pubmed_feat_L1.txt 0.00137698 0.00133602 4.0952e-05
534 Pubmed_feat_L1.txt 0.0024743 0.00244151 3.2787e-05
535 Pubmed_feat_L1.txt 0.00131247 0.00127892 3.3552e-05
536 Pubmed_feat_L1.txt 0.00243232 0.00239369 3.8636e-05
537 Pubmed_feat_L1.txt 0.0013408 0.00130207 3.8736e-05
538 Pubmed_feat_L1.txt 0.00237181 0.00233669 3.5113e-05
539 Pubmed_feat_L1.txt 0.00120317 0.00116404 3.9128e-05
540 Pubmed_feat_L1.txt 0.00242532 0.00239695 2.8367e-05
541 Pubmed_feat_L1.txt 0.00123782 0.00120773 3.0087e-05
542 Pubmed_feat_L1.txt 0.00259378 0.00255895 3.483e-05
543 Pubmed_feat_L1.txt 0.00124418 0.00121339 3.0792e-05
544 Pubmed_feat_L1.txt 0.00250561 0.00247274 3.287e-05
545 Pubmed_feat_L1.txt 0.00144964 0.00140854 4.1102e-05
546 Pubmed_feat_L1.txt 0.00236284 0.00233096 3.1872e-05
547 Pubmed_feat_L1.txt 0.00136047 0.00132364 3.6832e-05
548 Pubmed_feat_L1.txt 0.00247431 0.0024358 3.8503e-05
549 Pubmed_feat_L1.txt 0.00130041 0.00126545 3.4955e-05
550 Pubmed_feat_L1.txt 0.00255567 0.00252107 3.46e-05
551 Pubmed_feat_L1.txt 0.00119375 0.00115614 3.7605e-05
552 Pubmed_feat_L1.txt 0.00261674 0.00258752 2.9221e-05
553 Pubmed_feat_L1.txt 0.00143036 0.00139522 3.5136e-05
554 Pubmed_feat_L1.txt 0.00243448 0.00239364 4.0847e-05
555 Pubmed_feat_L1.txt 0.00123849 0.00119877 3.9726e-05
556 Pubmed_feat_L1.txt 0.00255258 0.00251512 3.7461e-05
557 Pubmed_feat_L1.txt 0.00131926 0.00128067 3.8595e-05
558 Pubmed_feat_L1.txt 0.00262948 0.00259079 3.8691e-05
559 Pubmed_feat_L1.txt 0.00125548 0.00121849 3.6993e-05
560 Pubmed_feat_L1.txt 0.00213847 0.00210755 3.092e-05
561 Pubmed_feat_L1.txt 0.00133756 0.00130752 3.0039e-05
562 Pubmed_feat_L1.txt 0.00195626 0.00191673 3.9527e-05
563 Pubmed_feat_L1.txt 0.00126485 0.00122446 4.0391e-05
564 Pubmed_feat_L1.txt 0.00225161 0.00221794 3.367e-05
565 Pubmed_feat_L1.txt 0.00123798 0.00120131 3.6679e-05
566 Pubmed_feat_L1.txt 0.00236643 0.00233174 3.469e-05
567 Pubmed_feat_L1.txt 0.00123607 0.00120202 3.4051e-05
568 Pubmed_feat_L1.txt 0.00246163 0.00242047 4.1163e-05
569 Pubmed_feat_L1.txt 0.00132538 0.00128903 3.6342e-05
570 Pubmed_feat_L1.txt 0.00221096 0.0021752 3.5763e-05
571 Pubmed_feat_L1.txt 0.0012496 0.00121469 3.4902e-05
572 Pubmed_feat_L1.txt 0.00239668 0.00236093 3.5754e-05
573 Pubmed_feat_L1.txt 0.00126664 0.00123796 2.8684e-05
574 Pubmed_feat_L1.txt 0.0026791 0.00264601 3.3092e-05
575 Pubmed_feat_L1.txt 0.0012373 0.00120484 3.2456e-05
576 Pubmed_feat_L1.txt 0.00243804 0.00239916 3.8875e-05
577 Pubmed_feat_L1.txt 0.00140076 0.00136544 3.5325e-05
578 Pubmed_feat_L1.txt 0.00242029 0.00238933 3.0957e-05
579 Pubmed_feat_L1.txt 0.00129729 0.00126409 3.3206e-05
580 Pubmed_feat_L1.txt 0.00229007 0.00225858 3.1494e-05
581 Pubmed_feat_L1.txt 0.00129513 0.00126342 3.1715e-05
582 Pubmed_feat_L1.txt 0.0024107 0.00238178 2.8916e-05
583 Pubmed_feat_L1.txt 0.00122656 0.00119219 3.4373e-05
584 Pubmed_feat_L1.txt 0.0025664 0.00253168 3.4722e-05
585 Pubmed_feat_L1.txt 0.00133214 0.00129372 3.8414e-05
586 Pubmed_feat_L1.txt 0.00237083 0.00233299 3.7844e-05
587 Pubmed_feat_L1.txt 0.00126017 0.0012272 3.297e-05
588 Pubmed_feat_L1.txt 0.00239027 0.00236194 2.8332e-05
589 Pubmed_feat_L1.txt 0.00134357 0.00130841 3.5166e-05
590 Pubmed_feat_L1.txt 0.00236624 0.00233104 3.5202e-05
591 Pubmed_feat_L1.txt 0.00120914 0.00117364 3.55e-05
592 Pubmed_feat_L1.txt 0.00242004 0.00238874 3.1306e-05
593 Pubmed_feat_L1.txt 0.00138962 0.00135409 3.5525e-05
594 Pubmed_feat_L1.txt 0.00236381 0.00233189 3.1921e-05
595 Pubmed_feat_L1.txt 0.00133203 0.00129889 3.3141e-05
596 Pubmed_feat_L1.txt 0.00250625 0.00247153 3.472e-05
597 Pubmed_feat_L1.txt 0.00147298 0.00144001 3.297e-05
598 Pubmed_feat_L1.txt 0.00251839 0.00248957 2.8821e-05
599 Pubmed_feat_L1.txt 0.00128335 0.00125035 3.3005e-05
600 Pubmed_feat_L1.txt 0.00245231 0.00242012 3.2188e-05
601 Pubmed_feat_L1.txt 0.00132245 0.00129295 2.9503e-05
602 Pubmed_feat_L1.txt 0.00249418 0.00245973 3.445e-05
603 Pubmed_feat_L1.txt 0.00125629 0.0012218 3.449e-05
604 Pubmed_feat_L1.txt 0.00242177 0.00238616 3.5609e-05
605 Pubmed_feat_L1.txt 0.00132385 0.00128957 3.4277e-05
606 Pubmed_feat_L1.txt 0.00257393 0.00254101 3.2922e-05
607 Pubmed_feat_L1.txt 0.00132027 0.00129072 2.9547e-05
608 Pubmed_feat_L1.txt 0.00260521 0.00257125 3.3965e-05
609 Pubmed_feat_L1.txt 0.00142218 0.00138796 3.4221e-05
610 Pubmed_feat_L1.txt 0.00254295 0.00250034 4.2609e-05
611 Pubmed_feat_L1.txt 0.00126686 0.00123319 3.3669e-05
612 Pubmed_feat_L1.txt 0.00247569 0.00244516 3.0535e-05
613 Pubmed_feat_L1.txt 0.00134695 0.00130765 3.93e-05
614 Pubmed_feat_L1.txt 0.00259008 0.00255643 3.3645e-05
615 Pubmed_feat_L1.txt 0.00121484 0.00118023 3.4612e-05
616 Pubmed_feat_L1.txt 0.00255447 0.00251457 3.9896e-05
617 Pubmed_feat_L1.txt 0.00135036 0.00131133 3.9038e-05
618 Pubmed_feat_L1.txt 0.00247634 0.00243895 3.7388e-05
619 Pubmed_feat_L1.txt 0.00132859 0.00128939 3.9194e-05
620 Pubmed_feat_L1.txt 0.00252697 0.00248784 3.9124e-05
621 Pubmed_feat_L1.txt 0.0013906 0.00135164 3.8957e-05
622 Pubmed_feat_L1.txt 0.00256773 0.00252878 3.8944e-05
623 Pubmed_feat_L1.txt 0.00117693 0.00114524 3.1695e-05
624 Pubmed_feat_L1.txt 0.00192192 0.0018829 3.9027e-05
625 Pubmed_feat_L1.txt 0.00134362 0.00130953 3.4084e-05
626 Pubmed_feat_L1.txt 0.00191767 0.00188681 3.0864e-05
627 Pubmed_feat_L1.txt 0.00125653 0.00121774 3.8787e-05
628 Pubmed_feat_L1.txt 0.00227166 0.00222977 4.1895e-05
629 Pubmed_feat_L1.txt 0.00133377 0.00129571 3.8066e-05
630 Pubmed_feat_L1.txt 0.00239812 0.00236225 3.5869e-05
631 Pubmed_feat_L1.txt 0.0012438 0.00120579 3.8018e-05
632 Pubmed_feat_L1.txt 0.00241468 0.00237499 3.969e-05
633 Pubmed_feat_L1.txt 0.00131338 0.00126889 4.4491e-05
634 Pubmed_feat_L1.txt 0.00222703 0.00218855 3.8487e-05
635 Pubmed_feat_L1.txt 0.001201 0.00116189 3.9111e-05
636 Pubmed_feat_L1.txt 0.00245191 0.00241712 3.4793e-05
637 Pubmed_feat_L1.txt 0.00124561 0.00120621 3.9404e-05
638 Pubmed_feat_L1.txt 0.00265719 0.00261506 4.2138e-05
639 Pubmed_feat_L1.txt 0.00119822 0.00116161 3.6617e-05
640 Pubmed_feat_L1.txt 0.00244048 0.00239714 4.3335e-05
641 Pubmed_feat_L1.txt 0.00142161 0.00138788 3.3725e-05
642 Pubmed_feat_L1.txt 0.00238368 0.00234052 4.316e-05
643 Pubmed_feat_L1.txt 0.00134006 0.00129686 4.3195e-05
644 Pubmed_feat_L1.txt 0.00230095 0.00225641 4.4542e-05
645 Pubmed_feat_L1.txt 0.00134746 0.00131175 3.5712e-05
646 Pubmed_feat_L1.txt 0.00243202 0.00239416 3.7861e-05
647 Pubmed_feat_L1.txt 0.00124504 0.00120468 4.036e-05
648 Pubmed_feat_L1.txt 0.00241256 0.00237391 3.8653e-05
649 Pubmed_feat_L1.txt 0.00136264 0.0013221 4.0535e-05
650 Pubmed_feat_L1.txt 0.00239773 0.00236005 3.7679e-05
651 Pubmed_feat_L1.txt 0.00125062 0.00122299 2.7633e-05
652 Pubmed_feat_L1.txt 0.00244782 0.00241945 2.8367e-05
653 Pubmed_feat_L1.txt 0.00132237 0.00129182 3.0556e-05
654 Pubmed_feat_L1.txt 0.00252541 0.00249716 2.8243e-05
655 Pubmed_feat_L1.txt 0.00127578 0.00125087 2.4904e-05
656 Pubmed_feat_L1.txt 0.00242078 0.00239285 2.7926e-05
657 Pubmed_feat_L1.txt 0.00139015 0.00136146 2.869e-05
658 Pubmed_feat_L1.txt 0.00242661 0.00239593 3.0682e-05
659 Pubmed_feat_L1.txt 0.00133154 0.00130403 2.7507e-05
660 Pubmed_feat_L1.txt 0.0025006 0.00247385 2.6753e-05
661 Pubmed_feat_L1.txt 0.00133777 0.00130735 3.0418e-05
662 Pubmed_feat_L1.txt 0.00244527 0.00241733 2.7934e-05
663 Pubmed_feat_L1.txt 0.0012808 0.00124924 3.1561e-05
664 Pubmed_feat_L1.txt 0.00243674 0.00241186 2.4873e-05
665 Pubmed_feat_L1.txt 0.00138558 0.00135768 2.7901e-05
666 Pubmed_feat_L1.txt 0.0023986 0.00237003 2.8569e-05
667 Pubmed_feat_L1.txt 0.00125829 0.00123346 2.4829e-05
668 Pubmed_feat_L1.txt 0.00249042 0.00246164 2.8778e-05
669 Pubmed_feat_L1.txt 0.00135776 0.00132922 2.8537e-05
670 Pubmed_feat_L1.txt 0.00263059 0.00260261 2.7974e-05
671 Pubmed_feat_L1.txt 0.00125298 0.00122486 2.8119e-05
672 Pubmed_feat_L1.txt 0.00255754 0.00251586 4.1683e-05
673 Pubmed_feat_L1.txt 0.00143827 0.001399 3.927e-05
674 Pubmed_feat_L1.txt 0.00233814 0.00230109 3.705e-05
675 Pubmed_feat_L1.txt 0.00121536 0.00117972 3.564e-05
676 Pubmed_feat_L1.txt 0.00237326 0.00233674 3.6518e-05
677 Pubmed_feat_L1.txt 0.00125955 0.00122292 3.6633e-05
678 Pubmed_feat_L1.txt 0.00246872 0.00243329 3.5435e-05
679 Pubmed_feat_L1.txt 0.00135053 0.00131209 3.8433e-05
680 Pubmed_feat_L1.txt 0.00267322 0.00264001 3.321e-05
681 Pubmed_feat_L1.txt 0.00136077 0.00132958 3.1188e-05
682 Pubmed_feat_L1.txt 0.0024553 0.002421 3.4298e-05
683 Pubmed_feat_L1.txt 0.00126071 0.00121623 4.4484e-05
684 Pubmed_feat_L1.txt 0.00238824 0.0023491 3.914e-05
685 Pubmed_feat_L1.txt 0.00121033 0.00117176 3.8568e-05
686 Pubmed_feat_L1.txt 0.00249141 0.00245532 3.6081e-05
687 Pubmed_feat_L1.txt 0.001288 0.0012537 3.4297e-05
688 Pubmed_feat_L1.txt 0.00228213 0.00224516 3.6969e-05
689 Pubmed_feat_L1.txt 0.00123431 0.00119974 3.4572e-05
690 Pubmed_feat_L1.txt 0.00196011 0.00192788 3.2227e-05
691 Pubmed_feat_L1.txt 0.00123929 0.00120576 3.3535e-05
692 Pubmed_feat_L1.txt 0.0021191 0.00208329 3.5813e-05
693 Pubmed_feat_L1.txt 0.00124987 0.00121192 3.795e-05
694 Pubmed_feat_L1.txt 0.00234081 0.00230321 3.7593e-05
695 Pubmed_feat_L1.txt 0.00117124 0.00113593 3.5313e-05
696 Pubmed_feat_L1.txt 0.00244502 0.00241952 2.5502e-05
697 Pubmed_feat_L1.txt 0.00120054 0.00117091 2.9632e-05
698 Pubmed_feat_L1.txt 0.00215158 0.00212282 2.8765e-05
699 Pubmed_feat_L1.txt 0.00124179 0.00121136 3.0437e-05
700 Pubmed_feat_L1.txt 0.00247824 0.00244788 3.0363e-05
701 Pubmed_feat_L1.txt 0.00123556 0.00120592 2.9634e-05
702 Pubmed_feat_L1.txt 0.0027064 0.00267824 2.8165e-05
703 Pubmed_feat_L1.txt 0.00126236 0.00122984 3.2519e-05
704 Pubmed_feat_L1.txt 0.0024854 0.00244967 3.5723e-05
705 Pubmed_feat_L1.txt 0.0014028 0.00137112 3.1673e-05
706 Pubmed_feat_L1.txt 0.00238944 0.00235793 3.1506e-05
707 Pubmed_feat_L1.txt 0.00125554 0.00121821 3.7333e-05
708 Pubmed_feat_L1.txt 0.00226713 0.00222649 4.0644e-05
709 Pubmed_feat_L1.txt 0.00132862 0.00129365 3.4974e-05
710 Pubmed_feat_L1.txt 0.00250244 0.00246667 3.5768e-05
711 Pubmed_feat_L1.txt 0.00119999 0.00115891 4.1075e-05
712 Pubmed_feat_L1.txt 0.00237381 0.00233223 4.1579e-05
713 Pubmed_feat_L1.txt 0.00151255 0.00147267 3.9878e-05
714 Pubmed_feat_L1.txt 0.00234918 0.00231076 3.8417e-05
715 Pubmed_feat_L1.txt 0.00128174 0.00124911 3.2626e-05
716 Pubmed_feat_L1.txt 0.00240929 0.00237309 3.6199e-05
717 Pubmed_feat_L1.txt 0.00140774 0.00137001 3.7726e-05
718 Pubmed_feat_L1.txt 0.0024675 0.00243256 3.4939e-05
719 Pubmed_feat_L1.txt 0.00132996 0.00129878 3.1176e-05
720 Pubmed_feat_L1.txt 0.00239732 0.00235861 3.8716e-05
721 Pubmed_feat_L1.txt 0.00135395 0.00131644 3.7511e-05
722 Pubmed_feat_L1.txt 0.00236344 0.00232897 3.4468e-05
723 Pubmed_feat_L1.txt 0.00135448 0.00131794 3.6546e-05
724 Pubmed_feat_L1.txt 0.00244343 0.00240375 3.9682e-05
725 Pubmed_feat_L1.txt 0.00148645 0.00144923 3.7221e-05
726 Pubmed_feat_L1.txt 0.00247019 0.00243346 3.673e-05
727 Pubmed_feat_L1.txt 0.00135348 0.00131364 3.9834e-05
728 Pubmed_feat_L1.txt 0.00239991 0.00236775 3.2156e-05
729 Pubmed_feat_L1.txt 0.00148096 0.00143986 4.1099e-05
730 Pubmed_feat_L1.txt 0.0024884 0.00245006 3.8342e-05
731 Pubmed_feat_L1.txt 0.00126018 0.00122901 3.1162e-05
732 Pubmed_feat_L1.txt 0.0024031 0.00235857 4.4537e-05
733 Pubmed_feat_L1.txt 0.00134414 0.00130831 3.5827e-05
734 Pubmed_feat_L1.txt 0.00255661 0.00251857 3.8039e-05
735 Pubmed_feat_L1.txt 0.00122086 0.00117908 4.1784e-05
736 Pubmed_feat_L1.txt 0.00256392 0.00252574 3.8174e-05
737 Pubmed_feat_L1.txt 0.00137946 0.00134423 3.523e-05
738 Pubmed_feat_L1.txt 0.0024754 0.00244487 3.0533e-05
739 Pubmed_feat_L1.txt 0.00129921 0.00126943 2.9782e-05
740 Pubmed_feat_L1.txt 0.00246147 0.0024301 3.1365e-05
741 Pubmed_feat_L1.txt 0.00135019 0.0013151 3.5098e-05
742 Pubmed_feat_L1.txt 0.00253912 0.0025061 3.3025e-05
743 Pubmed_feat_L1.txt 0.00132854 0.00129213 3.6416e-05
744 Pubmed_feat_L1.txt 0.00265992 0.00262653 3.3391e-05
745 Pubmed_feat_L1.txt 0.00142865 0.00139898 2.9666e-05
746 Pubmed_feat_L1.txt 0.00238443 0.0023568 2.7625e-05
747 Pubmed_feat_L1.txt 0.00130994 0.00127296 3.6978e-05
748 Pubmed_feat_L1.txt 0.00252265 0.00249743 2.522e-05
749 Pubmed_feat_L1.txt 0.00137123 0.00133818 3.3051e-05
750 Pubmed_feat_L1.txt 0.00256379 0.00253658 2.7209e-05
751 Pubmed_feat_L1.txt 0.00126738 0.00124344 2.3935e-05
752 Pubmed_feat_L1.txt 0.00190317 0.0018755 2.7678e-05
753 Pubmed_feat_L1.txt 0.00140918 0.00137867 3.0509e-05
754 Pubmed_feat_L1.txt 0.0019232 0.00189404 2.9162e-05
755 Pubmed_feat_L1.txt 0.00125572 0.00122344 3.2283e-05
756 Pubmed_feat_L1.txt 0.00222005 0.00218615 3.3903e-05
757 Pubmed_feat_L1.txt 0.00135672 0.00131805 3.8678e-05
758 Pubmed_feat_L1.txt 0.00243599 0.00239719 3.8793e-05
759 Pubmed_feat_L1.txt 0.00121649 0.00118526 3.1234e-05
760 Pubmed_feat_L1.txt 0.0023976 0.00236065 3.6947e-05
761 Pubmed_feat_L1.txt 0.00130004 0.00126404 3.6e-05
762 Pubmed_feat_L1.txt 0.00245364 0.00241952 3.4123e-05
763 Pubmed_feat_L1.txt 0.00122568 0.00119341 3.2275e-05
764 Pubmed_feat_L1.txt 0.00248665 0.00245039 3.6257e-05
765 Pubmed_feat_L1.txt 0.00123321 0.00120092 3.2283e-05
766 Pubmed_feat_L1.txt 0.00267426 0.00263754 3.672e-05
767 Pubmed_feat_L1.txt 0.00189191 0.00120899 0.000682924
0 Pubmed_A.txt 0.00293303 0.00293021 2.821e-06
1 Pubmed_A.txt 0.00293341 0.0029312 2.209e-06
2 Pubmed_A.txt 0.00296511 0.00296241 2.703e-06
3 Pubmed_A.txt 0.00296241 0.0029601 2.307e-06
4 Pubmed_A.txt 0.0029671 0.00296385 3.252e-06
5 Pubmed_A.txt 0.0029585 0.00295633 2.169e-06
6 Pubmed_A.txt 0.0029766 0.00297404 2.557e-06
7 Pubmed_A.txt 0.00297144 0.00296849 2.951e-06
8 Pubmed_A.txt 0.00297571 0.00297373 1.98e-06
9 Pubmed_A.txt 0.00297301 0.0029705 2.511e-06
10 Pubmed_A.txt 0.00299557 0.00299316 2.403e-06
11 Pubmed_A.txt 0.00299215 0.00298965 2.5e-06
12 Pubmed_A.txt 0.00296537 0.00296261 2.753e-06
13 Pubmed_A.txt 0.00296309 0.00296072 2.364e-06
14 Pubmed_A.txt 0.0029627 0.00296048 2.216e-06
15 Pubmed_A.txt 0.00296323 0.00296086 2.363e-06
16 Pubmed_A.txt 0.00335248 0.00335056 1.914e-06
17 Pubmed_A.txt 0.00335109 0.00334896 2.129e-06
18 Pubmed_A.txt 0.00335739 0.0033555 1.894e-06
19 Pubmed_A.txt 0.00335381 0.00335092 2.888e-06
20 Pubmed_A.txt 0.00331851 0.00331577 2.741e-06
21 Pubmed_A.txt 0.00331667 0.00331475 1.915e-06
22 Pubmed_A.txt 0.00332184 0.00331908 2.768e-06
23 Pubmed_A.txt 0.00331744 0.00331502 2.422e-06
24 Pubmed_A.txt 0.00312538 0.00312264 2.741e-06
25 Pubmed_A.txt 0.00312273 0.00312029 2.443e-06
26 Pubmed_A.txt 0.00313673 0.00313478 1.947e-06
27 Pubmed_A.txt 0.00313422 0.0031305 3.721e-06
28 Pubmed_A.txt 0.00313971 0.00313633 3.385e-06
29 Pubmed_A.txt 0.00313761 0.00313485 2.76e-06
30 Pubmed_A.txt 0.00313541 0.00313148 3.933e-06
31 Pubmed_A.txt 0.00313027 0.00312794 2.326e-06
32 Pubmed_A.txt 0.0025721 0.00256992 2.181e-06
33 Pubmed_A.txt 0.00257036 0.00256825 2.113e-06
34 Pubmed_A.txt 0.00259018 0.00258606 4.123e-06
35 Pubmed_A.txt 0.00258815 0.00258348 4.671e-06
36 Pubmed_A.txt 0.00260339 0.00259916 4.23e-06
37 Pubmed_A.txt 0.00259961 0.00259704 2.567e-06
38 Pubmed_A.txt 0.00259962 0.00259567 3.948e-06
39 Pubmed_A.txt 0.00259644 0.00259275 3.692e-06
40 Pubmed_A.txt 0.00258501 0.00258279 2.224e-06
41 Pubmed_A.txt 0.00258557 0.00258172 3.849e-06
42 Pubmed_A.txt 0.00257556 0.00257341 2.148e-06
43 Pubmed_A.txt 0.00257369 0.0025706 3.098e-06
44 Pubmed_A.txt 0.00259047 0.00258767 2.803e-06
45 Pubmed_A.txt 0.00258695 0.00258472 2.232e-06
46 Pubmed_A.txt 0.00259093 0.00258884 2.093e-06
47 Pubmed_A.txt 0.00258819 0.00258456 3.627e-06
48 Pubmed_A.txt 0.00304889 0.00304654 2.351e-06
49 Pubmed_A.txt 0.00305108 0.00304745 3.637e-06
50 Pubmed_A.txt 0.00307012 0.00306621 3.915e-06
51 Pubmed_A.txt 0.00306746 0.00306274 4.725e-06
52 Pubmed_A.txt 0.00305141 0.00304891 2.501e-06
53 Pubmed_A.txt 0.00304867 0.00304589 2.782e-06
54 Pubmed_A.txt 0.00303826 0.00303501 3.252e-06
55 Pubmed_A.txt 0.00303449 0.00303173 2.761e-06
56 Pubmed_A.txt 0.00300303 0.00300029 2.747e-06
57 Pubmed_A.txt 0.00300143 0.00299881 2.628e-06
58 Pubmed_A.txt 0.00304047 0.00303705 3.415e-06
59 Pubmed_A.txt 0.00303581 0.00303335 2.463e-06
60 Pubmed_A.txt 0.00304939 0.00304624 3.147e-06
61 Pubmed_A.txt 0.00304699 0.00304483 2.164e-06
62 Pubmed_A.txt 0.00305347 0.00305126 2.218e-06
63 Pubmed_A.txt 0.00305117 0.00304892 2.255e-06
64 Pubmed_A.txt 0.00339229 0.00338867 3.621e-06
65 Pubmed_A.txt 0.00339092 0.00338794 2.973e-06
66 Pubmed_A.txt 0.00337295 0.00336894 4.007e-06
67 Pubmed_A.txt 0.00336817 0.00336523 2.942e-06
68 Pubmed_A.txt 0.00338123 0.00337615 5.083e-06
69 Pubmed_A.txt 0.00337796 0.00337383 4.126e-06
70 Pubmed_A.txt 0.00336847 0.00336579 2.68e-06
71 Pubmed_A.txt 0.00336454 0.00336147 3.073e-06
72 Pubmed_A.txt 0.00325185 0.00324769 4.16e-06
73 Pubmed_A.txt 0.00324962 0.00324489 4.736e-06
74 Pubmed_A.txt 0.00324647 0.0032441 2.371e-06
75 Pubmed_A.txt 0.0032434 0.00323874 4.659e-06
76 Pubmed_A.txt 0.00323544 0.0032328 2.632e-06
77 Pubmed_A.txt 0.00323334 0.00323 3.346e-06
78 Pubmed_A.txt 0.00322027 0.00321723 3.033e-06
79 Pubmed_A.txt 0.00321547 0.00321325 2.22e-06
80 Pubmed_A.txt 0.00257595 0.00257353 2.426e-06
81 Pubmed_A.txt 0.00257482 0.00257215 2.671e-06
82 Pubmed_A.txt 0.00259872 0.00259592 2.803e-06
83 Pubmed_A.txt 0.00259532 0.00259256 2.76e-06
84 Pubmed_A.txt 0.00262211 0.00261988 2.235e-06
85 Pubmed_A.txt 0.00261977 0.00261756 2.211e-06
86 Pubmed_A.txt 0.00261426 0.00261168 2.58e-06
87 Pubmed_A.txt 0.00261079 0.00260775 3.041e-06
88 Pubmed_A.txt 0.0025989 0.00259651 2.384e-06
89 Pubmed_A.txt 0.0025971 0.00259376 3.334e-06
90 Pubmed_A.txt 0.00262959 0.00262746 2.132e-06
91 Pubmed_A.txt 0.00262602 0.00262356 2.463e-06
92 Pubmed_A.txt 0.00261381 0.00261084 2.969e-06
93 Pubmed_A.txt 0.00261009 0.00260755 2.544e-06
94 Pubmed_A.txt 0.00262513 0.00262297 2.162e-06
95 Pubmed_A.txt 0.00262171 0.00261945 2.253e-06
96 Pubmed_A.txt 0.00305447 0.00305206 2.406e-06
97 Pubmed_A.txt 0.00305409 0.00305186 2.234e-06
98 Pubmed_A.txt 0.00306404 0.00306194 2.094e-06
99 Pubmed_A.txt 0.00305936 0.00305679 2.566e-06
100 Pubmed_A.txt 0.00309922 0.00309692 2.3e-06
101 Pubmed_A.txt 0.00309686 0.00309448 2.382e-06
102 Pubmed_A.txt 0.0030809 0.00307895 1.947e-06
103 Pubmed_A.txt 0.00307916 0.00307584 3.323e-06
104 Pubmed_A.txt 0.00308594 0.00308301 2.938e-06
105 Pubmed_A.txt 0.00308447 0.00308072 3.75e-06
106 Pubmed_A.txt 0.00312468 0.00312188 2.797e-06
107 Pubmed_A.txt 0.00312311 0.00311968 3.435e-06
108 Pubmed_A.txt 0.00312123 0.00311719 4.042e-06
109 Pubmed_A.txt 0.00311567 0.00311313 2.54e-06
110 Pubmed_A.txt 0.00310198 0.00309981 2.172e-06
111 Pubmed_A.txt 0.00309929 0.00309697 2.325e-06
112 Pubmed_A.txt 0.00344531 0.0034433 2.007e-06
113 Pubmed_A.txt 0.00344455 0.00344191 2.635e-06
114 Pubmed_A.txt 0.00345414 0.00345128 2.852e-06
115 Pubmed_A.txt 0.00345112 0.00344696 4.163e-06
116 Pubmed_A.txt 0.00339343 0.00339101 2.42e-06
117 Pubmed_A.txt 0.00339137 0.00338872 2.65e-06
118 Pubmed_A.txt 0.00341067 0.0034084 2.268e-06
119 Pubmed_A.txt 0.00340732 0.00340489 2.424e-06
120 Pubmed_A.txt 0.00320774 0.00320526 2.482e-06
121 Pubmed_A.txt 0.00320487 0.00320195 2.92e-06
122 Pubmed_A.txt 0.00321176 0.00320974 2.016e-06
123 Pubmed_A.txt 0.00320762 0.00320543 2.196e-06
124 Pubmed_A.txt 0.00319887 0.00319614 2.73e-06
125 Pubmed_A.txt 0.00319694 0.00319435 2.589e-06
126 Pubmed_A.txt 0.00320094 0.0031975 3.432e-06
127 Pubmed_A.txt 0.0031972 0.00319449 2.715e-06
128 Pubmed_A.txt 0.00260046 0.00259818 2.279e-06
129 Pubmed_A.txt 0.00259941 0.00259655 2.857e-06
130 Pubmed_A.txt 0.00263493 0.00263269 2.242e-06
131 Pubmed_A.txt 0.00263191 0.00262937 2.539e-06
132 Pubmed_A.txt 0.00265645 0.00265416 2.286e-06
133 Pubmed_A.txt 0.00265436 0.00265215 2.218e-06
134 Pubmed_A.txt 0.00264775 0.00264565 2.099e-06
135 Pubmed_A.txt 0.00264508 0.00264285 2.234e-06
136 Pubmed_A.txt 0.00267114 0.00266904 2.091e-06
137 Pubmed_A.txt 0.00266886 0.00266602 2.835e-06
138 Pubmed_A.txt 0.00264697 0.00264452 2.457e-06
139 Pubmed_A.txt 0.00264424 0.00264204 2.205e-06
140 Pubmed_A.txt 0.00265574 0.0026534 2.331e-06
141 Pubmed_A.txt 0.00265339 0.00265041 2.982e-06
142 Pubmed_A.txt 0.00266508 0.00266193 3.147e-06
143 Pubmed_A.txt 0.00266192 0.00265938 2.541e-06
144 Pubmed_A.txt 0.003118 0.00311592 2.078e-06
145 Pubmed_A.txt 0.00311838 0.003116 2.384e-06
146 Pubmed_A.txt 0.0031075 0.00310498 2.511e-06
147 Pubmed_A.txt 0.0031045 0.0031018 2.7e-06
148 Pubmed_A.txt 0.00314168 0.00313834 3.345e-06
149 Pubmed_A.txt 0.00313997 0.00313693 3.036e-06
150 Pubmed_A.txt 0.00311367 0.00311083 2.844e-06
151 Pubmed_A.txt 0.00311089 0.00310751 3.371e-06
152 Pubmed_A.txt 0.00311365 0.00311192 1.728e-06
153 Pubmed_A.txt 0.00311335 0.00311008 3.273e-06
154 Pubmed_A.txt 0.00312825 0.00312484 3.416e-06
155 Pubmed_A.txt 0.00312278 0.00312002 2.758e-06
156 Pubmed_A.txt 0.00310949 0.00310749 1.998e-06
157 Pubmed_A.txt 0.00310764 0.00310471 2.935e-06
158 Pubmed_A.txt 0.00310755 0.0031048 2.751e-06
159 Pubmed_A.txt 0.0031025 0.00310008 2.428e-06
160 Pubmed_A.txt 0.00340106 0.00339701 4.049e-06
161 Pubmed_A.txt 0.00339957 0.00339378 5.792e-06
162 Pubmed_A.txt 0.00343017 0.0034246 5.566e-06
163 Pubmed_A.txt 0.00342576 0.00342118 4.583e-06
164 Pubmed_A.txt 0.00340709 0.00340278 4.308e-06
165 Pubmed_A.txt 0.00340418 0.00340103 3.148e-06
166 Pubmed_A.txt 0.00339034 0.00338732 3.016e-06
167 Pubmed_A.txt 0.00338421 0.00338124 2.975e-06
168 Pubmed_A.txt 0.00320714 0.00320365 3.498e-06
169 Pubmed_A.txt 0.00320576 0.00320178 3.985e-06
170 Pubmed_A.txt 0.00323786 0.00323289 4.972e-06
171 Pubmed_A.txt 0.00323258 0.0032283 4.287e-06
172 Pubmed_A.txt 0.00323641 0.00323401 2.408e-06
173 Pubmed_A.txt 0.00323516 0.00323222 2.942e-06
174 Pubmed_A.txt 0.00323424 0.00323099 3.252e-06
175 Pubmed_A.txt 0.0032309 0.00322763 3.274e-06
176 Pubmed_A.txt 0.00259121 0.00258895 2.266e-06
177 Pubmed_A.txt 0.00259048 0.00258668 3.798e-06
178 Pubmed_A.txt 0.00261159 0.00260774 3.859e-06
179 Pubmed_A.txt 0.00260851 0.00260573 2.776e-06
180 Pubmed_A.txt 0.00261664 0.00261414 2.496e-06
181 Pubmed_A.txt 0.00261506 0.00261223 2.827e-06
182 Pubmed_A.txt 0.0026128 0.00261049 2.31e-06
183 Pubmed_A.txt 0.0026104 0.00260698 3.423e-06
184 Pubmed_A.txt 0.00262894 0.0026262 2.746e-06
185 Pubmed_A.txt 0.00262701 0.00262383 3.179e-06
186 Pubmed_A.txt 0.00263423 0.00263213 2.098e-06
187 Pubmed_A.txt 0.00263158 0.00262897 2.606e-06
188 Pubmed_A.txt 0.00263569 0.00263373 1.957e-06
189 Pubmed_A.txt 0.002636 0.00263202 3.98e-06
190 Pubmed_A.txt 0.00263831 0.00263578 2.532e-06
191 Pubmed_A.txt 0.0026363 0.00263272 3.573e-06
192 Pubmed_A.txt 0.00297036 0.00296773 2.629e-06
193 Pubmed_A.txt 0.0029709 0.00296822 2.676e-06
194 Pubmed_A.txt 0.00298748 0.00298476 2.717e-06
195 Pubmed_A.txt 0.00298248 0.0029795 2.981e-06
196 Pubmed_A.txt 0.00300617 0.00300024 5.931e-06
197 Pubmed_A.txt 0.00300062 0.00299841 2.214e-06
198 Pubmed_A.txt 0.00300956 0.00300608 3.48e-06
199 Pubmed_A.txt 0.00300581 0.0030013 4.506e-06
200 Pubmed_A.txt 0.00298715 0.00298336 3.783e-06
201 Pubmed_A.txt 0.00298497 0.00298114 3.831e-06
202 Pubmed_A.txt 0.00301016 0.00300739 2.768e-06
203 Pubmed_A.txt 0.00300682 0.00300389 2.926e-06
204 Pubmed_A.txt 0.00302552 0.00302274 2.778e-06
205 Pubmed_A.txt 0.00302343 0.00302064 2.792e-06
206 Pubmed_A.txt 0.00303183 0.00302705 4.78e-06
207 Pubmed_A.txt 0.00302641 0.00302253 3.88e-06
208 Pubmed_A.txt 0.00338792 0.00338521 2.711e-06
209 Pubmed_A.txt 0.00338564 0.00338313 2.51e-06
210 Pubmed_A.txt 0.00338597 0.00338297 2.997e-06
211 Pubmed_A.txt 0.00338197 0.0033796 2.372e-06
212 Pubmed_A.txt 0.00340361 0.00340116 2.444e-06
213 Pubmed_A.txt 0.00340163 0.00339832 3.311e-06
214 Pubmed_A.txt 0.0033948 0.00339112 3.688e-06
215 Pubmed_A.txt 0.00338788 0.00338508 2.797e-06
216 Pubmed_A.txt 0.00323833 0.00323567 2.663e-06
217 Pubmed_A.txt 0.00323627 0.00323282 3.453e-06
218 Pubmed_A.txt 0.00323144 0.00322886 2.581e-06
219 Pubmed_A.txt 0.00322769 0.00322483 2.859e-06
220 Pubmed_A.txt 0.00323074 0.00322828 2.458e-06
221 Pubmed_A.txt 0.00322866 0.00322569 2.964e-06
222 Pubmed_A.txt 0.00322244 0.00321926 3.176e-06
223 Pubmed_A.txt 0.00321941 0.00321657 2.839e-06
224 Pubmed_A.txt 0.00262443 0.00262213 2.302e-06
225 Pubmed_A.txt 0.00262073 0.00261843 2.305e-06
226 Pubmed_A.txt 0.00264725 0.00264361 3.638e-06
227 Pubmed_A.txt 0.00264315 0.00264004 3.111e-06
228 Pubmed_A.txt 0.00264399 0.00264098 3.012e-06
229 Pubmed_A.txt 0.00264291 0.00263978 3.134e-06
230 Pubmed_A.txt 0.00262492 0.00262174 3.179e-06
231 Pubmed_A.txt 0.00262186 0.00261755 4.306e-06
232 Pubmed_A.txt 0.00262839 0.00262594 2.443e-06
233 Pubmed_A.txt 0.00262643 0.00262397 2.456e-06
234 Pubmed_A.txt 0.00263517 0.00263248 2.69e-06
235 Pubmed_A.txt 0.00263113 0.00262839 2.742e-06
236 Pubmed_A.txt 0.00263252 0.00263005 2.474e-06
237 Pubmed_A.txt 0.00263085 0.0026282 2.656e-06
238 Pubmed_A.txt 0.00264459 0.00264067 3.924e-06
239 Pubmed_A.txt 0.00264157 0.00263791 3.658e-06
240 Pubmed_A.txt 0.00305869 0.00305659 2.103e-06
241 Pubmed_A.txt 0.00306051 0.00305765 2.859e-06
242 Pubmed_A.txt 0.00306411 0.00306085 3.257e-06
243 Pubmed_A.txt 0.00305932 0.00305637 2.952e-06
244 Pubmed_A.txt 0.00309473 0.00309155 3.18e-06
245 Pubmed_A.txt 0.00309232 0.00308957 2.752e-06
246 Pubmed_A.txt 0.0030725 0.00306845 4.049e-06
247 Pubmed_A.txt 0.00306811 0.0030651 3.005e-06
248 Pubmed_A.txt 0.00306742 0.00306517 2.249e-06
249 Pubmed_A.txt 0.00306552 0.00306237 3.151e-06
250 Pubmed_A.txt 0.0030909 0.00308672 4.182e-06
251 Pubmed_A.txt 0.00308603 0.00308353 2.505e-06
252 Pubmed_A.txt 0.00305717 0.00305486 2.312e-06
253 Pubmed_A.txt 0.00305674 0.00305306 3.676e-06
254 Pubmed_A.txt 0.00306622 0.00306352 2.706e-06
255 Pubmed_A.txt 0.00306448 0.00306027 4.217e-06
256 Pubmed_A.txt 0.0034425 0.0034382 4.292e-06
257 Pubmed_A.txt 0.00344043 0.00343645 3.981e-06
258 Pubmed_A.txt 0.00344976 0.00343728 1.2485e-05
259 Pubmed_A.txt 0.00343958 0.00343399 5.587e-06
260 Pubmed_A.txt 0.00339516 0.00339099 4.165e-06
261 Pubmed_A.txt 0.00339302 0.00338982 3.197e-06
262 Pubmed_A.txt 0.0034093 0.00340634 2.957e-06
263 Pubmed_A.txt 0.00340641 0.00340274 3.665e-06
264 Pubmed_A.txt 0.00321033 0.00320653 3.795e-06
265 Pubmed_A.txt 0.0032097 0.00320545 4.251e-06
266 Pubmed_A.txt 0.00322072 0.00321495 5.778e-06
267 Pubmed_A.txt 0.00321261 0.00320997 2.636e-06
268 Pubmed_A.txt 0.00321758 0.00321449 3.095e-06
269 Pubmed_A.txt 0.00321569 0.0032121 3.591e-06
270 Pubmed_A.txt 0.00321012 0.00320752 2.604e-06
271 Pubmed_A.txt 0.00320732 0.00320537 1.954e-06
272 Pubmed_A.txt 0.00262499 0.00262198 3.01e-06
273 Pubmed_A.txt 0.00262458 0.00261951 5.068e-06
274 Pubmed_A.txt 0.00263761 0.00263294 4.668e-06
275 Pubmed_A.txt 0.00263235 0.00262902 3.33e-06
276 Pubmed_A.txt 0.00264213 0.00263818 3.954e-06
277 Pubmed_A.txt 0.00263861 0.00263556 3.047e-06
278 Pubmed_A.txt 0.00266077 0.00265822 2.556e-06
279 Pubmed_A.txt 0.00265732 0.00265472 2.604e-06
280 Pubmed_A.txt 0.00264195 0.00264011 1.84e-06
281 Pubmed_A.txt 0.00264104 0.00263764 3.399e-06
282 Pubmed_A.txt 0.00265224 0.00264872 3.521e-06
283 Pubmed_A.txt 0.00264724 0.00264466 2.579e-06
284 Pubmed_A.txt 0.00260573 0.00260162 4.116e-06
285 Pubmed_A.txt 0.00260184 0.00259926 2.586e-06
286 Pubmed_A.txt 0.00262504 0.00262109 3.943e-06
287 Pubmed_A.txt 0.00262192 0.00261891 3.014e-06
288 Pubmed_A.txt 0.00306904 0.00306551 3.532e-06
289 Pubmed_A.txt 0.00306846 0.00306519 3.267e-06
290 Pubmed_A.txt 0.00307834 0.0030765 1.845e-06
291 Pubmed_A.txt 0.00307345 0.00307127 2.18e-06
292 Pubmed_A.txt 0.00306353 0.00306125 2.286e-06
293 Pubmed_A.txt 0.0030628 0.00305966 3.139e-06
294 Pubmed_A.txt 0.00306373 0.00306141 2.323e-06
295 Pubmed_A.txt 0.0030606 0.00305778 2.823e-06
296 Pubmed_A.txt 0.00304806 0.00304546 2.606e-06
297 Pubmed_A.txt 0.00304773 0.00304347 4.264e-06
298 Pubmed_A.txt 0.00307667 0.00307259 4.08e-06
299 Pubmed_A.txt 0.00306995 0.00306726 2.684e-06
300 Pubmed_A.txt 0.00306796 0.00306464 3.316e-06
301 Pubmed_A.txt 0.00306783 0.00306437 3.462e-06
302 Pubmed_A.txt 0.00307174 0.00306719 4.553e-06
303 Pubmed_A.txt 0.00306521 0.00306271 2.501e-06
304 Pubmed_A.txt 0.00339051 0.00338691 3.603e-06
305 Pubmed_A.txt 0.00338982 0.00338506 4.76e-06
306 Pubmed_A.txt 0.00340066 0.00339652 4.134e-06
307 Pubmed_A.txt 0.00339538 0.00339242 2.967e-06
308 Pubmed_A.txt 0.00339336 0.00338994 3.418e-06
309 Pubmed_A.txt 0.00339167 0.00338833 3.344e-06
310 Pubmed_A.txt 0.00339629 0.003393 3.29e-06
311 Pubmed_A.txt 0.00339119 0.00338733 3.866e-06
312 Pubmed_A.txt 0.0031777 0.00317393 3.776e-06
313 Pubmed_A.txt 0.00317503 0.00317205 2.98e-06
314 Pubmed_A.txt 0.00320233 0.00320025 2.077e-06
315 Pubmed_A.txt 0.00319904 0.00319676 2.28e-06
316 Pubmed_A.txt 0.00320541 0.00320177 3.631e-06
317 Pubmed_A.txt 0.00320497 0.00320039 4.58e-06
318 Pubmed_A.txt 0.00322649 0.00322261 3.879e-06
319 Pubmed_A.txt 0.00322099 0.00321846 2.527e-06
320 Pubmed_A.txt 0.0026268 0.00262225 4.548e-06
321 Pubmed_A.txt 0.00262916 0.0026195 9.661e-06
322 Pubmed_A.txt 0.00263713 0.00263402 3.11e-06
323 Pubmed_A.txt 0.00263373 0.00263115 2.585e-06
324 Pubmed_A.txt 0.00264276 0.00263941 3.352e-06
325 Pubmed_A.txt 0.00263889 0.0026361 2.797e-06
326 Pubmed_A.txt 0.00264569 0.00264139 4.296e-06
327 Pubmed_A.txt 0.00264324 0.00263935 3.891e-06
328 Pubmed_A.txt 0.00262294 0.00262061 2.33e-06
329 Pubmed_A.txt 0.00262086 0.00261799 2.865e-06
330 Pubmed_A.txt 0.00263018 0.00262679 3.388e-06
331 Pubmed_A.txt 0.00262663 0.00262367 2.961e-06
332 Pubmed_A.txt 0.00261991 0.00261778 2.13e-06
333 Pubmed_A.txt 0.002621 0.00261688 4.12e-06
334 Pubmed_A.txt 0.00262961 0.00262444 5.172e-06
335 Pubmed_A.txt 0.00262762 0.00262226 5.358e-06
336 Pubmed_A.txt 0.00303941 0.00303294 6.468e-06
337 Pubmed_A.txt 0.00303818 0.00303181 6.37e-06
338 Pubmed_A.txt 0.00304205 0.00303722 4.832e-06
339 Pubmed_A.txt 0.00303948 0.00303315 6.329e-06
340 Pubmed_A.txt 0.00307307 0.00306861 4.46e-06
341 Pubmed_A.txt 0.00307301 0.00306681 6.199e-06
342 Pubmed_A.txt 0.00304501 0.00303838 6.626e-06
343 Pubmed_A.txt 0.00303653 0.00303439 2.133e-06
344 Pubmed_A.txt 0.00301347 0.00300984 3.633e-06
345 Pubmed_A.txt 0.00301027 0.0030076 2.673e-06
346 Pubmed_A.txt 0.00303459 0.00303089 3.703e-06
347 Pubmed_A.txt 0.00303055 0.00302732 3.226e-06
348 Pubmed_A.txt 0.00304309 0.00303983 3.257e-06
349 Pubmed_A.txt 0.00304109 0.00303784 3.252e-06
350 Pubmed_A.txt 0.00302463 0.00302121 3.418e-06
351 Pubmed_A.txt 0.00302253 0.00301673 5.799e-06
352 Pubmed_A.txt 0.0033751 0.00336792 7.18e-06
353 Pubmed_A.txt 0.00337467 0.00336757 7.097e-06
354 Pubmed_A.txt 0.0033805 0.00337454 5.958e-06
355 Pubmed_A.txt 0.00337822 0.00337113 7.094e-06
356 Pubmed_A.txt 0.00339159 0.00338811 3.484e-06
357 Pubmed_A.txt 0.00339167 0.00338541 6.265e-06
358 Pubmed_A.txt 0.00339838 0.00339328 5.104e-06
359 Pubmed_A.txt 0.00339604 0.00338923 6.816e-06
360 Pubmed_A.txt 0.00320081 0.00319743 3.383e-06
361 Pubmed_A.txt 0.00320361 0.00319485 8.759e-06
362 Pubmed_A.txt 0.00321135 0.00320815 3.205e-06
363 Pubmed_A.txt 0.00320801 0.00320459 3.426e-06
364 Pubmed_A.txt 0.00320243 0.00319637 6.062e-06
365 Pubmed_A.txt 0.00320212 0.00319457 7.549e-06
366 Pubmed_A.txt 0.00320942 0.00320299 6.436e-06
367 Pubmed_A.txt 0.0032046 0.00319977 4.83e-06
368 Pubmed_A.txt 0.00260566 0.00260274 2.921e-06
369 Pubmed_A.txt 0.00260439 0.00260118 3.203e-06
370 Pubmed_A.txt 0.00262713 0.00262008 7.054e-06
371 Pubmed_A.txt 0.0026238 0.00261773 6.075e-06
372 Pubmed_A.txt 0.00261461 0.0026083 6.316e-06
373 Pubmed_A.txt 0.00260826 0.00260361 4.644e-06
374 Pubmed_A.txt 0.00261473 0.00260999 4.737e-06
375 Pubmed_A.txt 0.0026127 0.00260762 5.078e-06
376 Pubmed_A.txt 0.00259335 0.00258743 5.918e-06
377 Pubmed_A.txt 0.00258947 0.00258492 4.551e-06
378 Pubmed_A.txt 0.00262006 0.00261522 4.841e-06
379 Pubmed_A.txt 0.00261755 0.00261255 4.996e-06
380 Pubmed_A.txt 0.00260763 0.00260038 7.253e-06
381 Pubmed_A.txt 0.0026043 0.00259714 7.167e-06
382 Pubmed_A.txt 0.00261797 0.00261245 5.529e-06
383 Pubmed_A.txt 0.00261643 0.0026105 5.936e-06
384 Pubmed_A.txt 0.00296232 0.00295799 4.324e-06
385 Pubmed_A.txt 0.00296494 0.0029592 5.741e-06
386 Pubmed_A.txt 0.0029955 0.00298445 1.1054e-05
387 Pubmed_A.txt 0.00298816 0.00298058 7.572e-06
388 Pubmed_A.txt 0.00301096 0.00300513 5.83e-06
389 Pubmed_A.txt 0.00301061 0.00300294 7.671e-06
390 Pubmed_A.txt 0.00300297 0.00299873 4.239e-06
391 Pubmed_A.txt 0.00299994 0.00299589 4.048e-06
392 Pubmed_A.txt 0.0030126 0.00300882 3.788e-06
393 Pubmed_A.txt 0.00301499 0.0030066 8.385e-06
394 Pubmed_A.txt 0.00304101 0.00303657 4.441e-06
395 Pubmed_A.txt 0.00303567 0.00303179 3.879e-06
396 Pubmed_A.txt 0.00300058 0.00299591 4.673e-06
397 Pubmed_A.txt 0.00299645 0.00299293 3.519e-06
398 Pubmed_A.txt 0.00300426 0.00299993 4.338e-06
399 Pubmed_A.txt 0.00300125 0.00299675 4.5e-06
400 Pubmed_A.txt 0.0033245 0.00332006 4.434e-06
401 Pubmed_A.txt 0.00332104 0.00331742 3.622e-06
402 Pubmed_A.txt 0.00332841 0.00332233 6.08e-06
403 Pubmed_A.txt 0.00332344 0.00331864 4.8e-06
404 Pubmed_A.txt 0.00331672 0.00331198 4.744e-06
405 Pubmed_A.txt 0.00331565 0.00331103 4.623e-06
406 Pubmed_A.txt 0.00332746 0.0033205 6.956e-06
407 Pubmed_A.txt 0.00332374 0.00331691 6.834e-06
408 Pubmed_A.txt 0.00311539 0.00311131 4.082e-06
409 Pubmed_A.txt 0.00311436 0.00310968 4.678e-06
410 Pubmed_A.txt 0.00312541 0.00311554 9.865e-06
411 Pubmed_A.txt 0.00311793 0.0031128 5.126e-06
412 Pubmed_A.txt 0.00313931 0.0031357 3.602e-06
413 Pubmed_A.txt 0.00314053 0.00313335 7.178e-06
414 Pubmed_A.txt 0.00313414 0.0031271 7.048e-06
415 Pubmed_A.txt 0.00312865 0.00312385 4.792e-06
416 Pubmed_A.txt 0.00259193 0.00258684 5.091e-06
417 Pubmed_A.txt 0.00258978 0.00258377 6.01e-06
418 Pubmed_A.txt 0.00262392 0.00261653 7.397e-06
419 Pubmed_A.txt 0.00262218 0.00261349 8.691e-06
420 Pubmed_A.txt 0.00263018 0.00261977 1.0406e-05
421 Pubmed_A.txt 0.00262306 0.00261756 5.492e-06
422 Pubmed_A.txt 0.00262002 0.00261423 5.794e-06
423 Pubmed_A.txt 0.00261603 0.00261059 5.432e-06
424 Pubmed_A.txt 0.00258902 0.00258321 5.81e-06
425 Pubmed_A.txt 0.00259093 0.00258162 9.313e-06
426 Pubmed_A.txt 0.00261279 0.00260294 9.855e-06
427 Pubmed_A.txt 0.00260843 0.00259999 8.447e-06
428 Pubmed_A.txt 0.00261075 0.00259936 1.1392e-05
429 Pubmed_A.txt 0.00260914 0.00259769 1.1455e-05
430 Pubmed_A.txt 0.00261322 0.00260428 8.944e-06
431 Pubmed_A.txt 0.002606 0.00260172 4.281e-06
432 Pubmed_A.txt 0.00305127 0.00304907 2.206e-06
433 Pubmed_A.txt 0.00305577 0.00305023 5.54e-06
434 Pubmed_A.txt 0.00303148 0.00302506 6.418e-06
435 Pubmed_A.txt 0.00302661 0.00302094 5.668e-06
436 Pubmed_A.txt 0.00305007 0.00304216 7.91e-06
437 Pubmed_A.txt 0.00305044 0.00304118 9.268e-06
438 Pubmed_A.txt 0.00303575 0.00302172 1.4036e-05
439 Pubmed_A.txt 0.00303115 0.00301997 1.1183e-05
440 Pubmed_A.txt 0.00301625 0.00300895 7.302e-06
441 Pubmed_A.txt 0.00301295 0.00300648 6.475e-06
442 Pubmed_A.txt 0.00303723 0.00302906 8.169e-06
443 Pubmed_A.txt 0.00303429 0.00302412 1.0169e-05
444 Pubmed_A.txt 0.00302939 0.00302009 9.302e-06
445 Pubmed_A.txt 0.00302719 0.00301793 9.262e-06
446 Pubmed_A.txt 0.00300946 0.0030004 9.06e-06
447 Pubmed_A.txt 0.00300842 0.00299795 1.0473e-05
448 Pubmed_A.txt 0.00338792 0.00338002 7.898e-06
449 Pubmed_A.txt 0.00338724 0.00337832 8.919e-06
450 Pubmed_A.txt 0.00339544 0.00339026 5.184e-06
451 Pubmed_A.txt 0.00339336 0.00338671 6.646e-06
452 Pubmed_A.txt 0.00338978 0.00338069 9.089e-06
453 Pubmed_A.txt 0.00339112 0.00337756 1.3562e-05
454 Pubmed_A.txt 0.00340032 0.00339425 6.069e-06
455 Pubmed_A.txt 0.00339306 0.00338915 3.906e-06
456 Pubmed_A.txt 0.00321644 0.003213 3.438e-06
457 Pubmed_A.txt 0.00321339 0.00321037 3.013e-06
458 Pubmed_A.txt 0.00321956 0.00321674 2.82e-06
459 Pubmed_A.txt 0.00321823 0.00321336 4.864e-06
460 Pubmed_A.txt 0.00320399 0.00320056 3.435e-06
461 Pubmed_A.txt 0.00320039 0.00319794 2.45e-06
462 Pubmed_A.txt 0.00320717 0.00320257 4.607e-06
463 Pubmed_A.txt 0.00320336 0.00319929 4.071e-06
464 Pubmed_A.txt 0.00260095 0.00259819 2.756e-06
465 Pubmed_A.txt 0.0026002 0.00259594 4.266e-06
466 Pubmed_A.txt 0.00261787 0.00261389 3.99e-06
467 Pubmed_A.txt 0.0026135 0.00260904 4.461e-06
468 Pubmed_A.txt 0.0026323 0.00262932 2.986e-06
469 Pubmed_A.txt 0.00262931 0.00261959 9.722e-06
470 Pubmed_A.txt 0.00260822 0.00260495 3.273e-06
471 Pubmed_A.txt 0.00260426 0.00260218 2.081e-06
472 Pubmed_A.txt 0.00260897 0.00260633 2.635e-06
473 Pubmed_A.txt 0.00261317 0.00260477 8.407e-06
474 Pubmed_A.txt 0.00264261 0.0026342 8.417e-06
475 Pubmed_A.txt 0.00263607 0.00263163 4.434e-06
476 Pubmed_A.txt 0.00258857 0.00258247 6.098e-06
477 Pubmed_A.txt 0.00258977 0.00258206 7.708e-06
478 Pubmed_A.txt 0.00259811 0.0025834 1.4701e-05
479 Pubmed_A.txt 0.00259379 0.00258131 1.2482e-05
480 Pubmed_A.txt 0.00306154 0.00305567 5.873e-06
481 Pubmed_A.txt 0.00306155 0.00305709 4.458e-06
482 Pubmed_A.txt 0.0030918 0.00308527 6.532e-06
483 Pubmed_A.txt 0.00308945 0.00308181 7.646e-06
484 Pubmed_A.txt 0.00309985 0.00309126 8.593e-06
485 Pubmed_A.txt 0.00309352 0.00308882 4.694e-06
486 Pubmed_A.txt 0.00309537 0.00309233 3.045e-06
487 Pubmed_A.txt 0.00309891 0.00308945 9.46e-06
488 Pubmed_A.txt 0.00308413 0.00307218 1.1953e-05
489 Pubmed_A.txt 0.00307742 0.00306991 7.504e-06
490 Pubmed_A.txt 0.0031208 0.00311082 9.982e-06
491 Pubmed_A.txt 0.00311139 0.00310654 4.852e-06
492 Pubmed_A.txt 0.00311126 0.00310007 1.1189e-05
493 Pubmed_A.txt 0.00310706 0.00309788 9.177e-06
494 Pubmed_A.txt 0.00309857 0.00308651 1.2058e-05
495 Pubmed_A.txt 0.00309413 0.00308346 1.0667e-05
496 Pubmed_A.txt 0.00344425 0.00343206 1.2185e-05
497 Pubmed_A.txt 0.00343756 0.00343129 6.274e-06
498 Pubmed_A.txt 0.00344713 0.00344021 6.914e-06
499 Pubmed_A.txt 0.00344376 0.00343568 8.081e-06
500 Pubmed_A.txt 0.00340354 0.00339651 7.026e-06
501 Pubmed_A.txt 0.00340024 0.00339501 5.234e-06
502 Pubmed_A.txt 0.00341678 0.00341157 5.204e-06
503 Pubmed_A.txt 0.00341079 0.00340772 3.071e-06
504 Pubmed_A.txt 0.00324314 0.00323389 9.254e-06
505 Pubmed_A.txt 0.0032363 0.00323006 6.236e-06
506 Pubmed_A.txt 0.00324726 0.00324178 5.486e-06
507 Pubmed_A.txt 0.00324318 0.0032384 4.776e-06
508 Pubmed_A.txt 0.003226 0.00321869 7.307e-06
509 Pubmed_A.txt 0.00322822 0.00321696 1.126e-05
510 Pubmed_A.txt 0.00323234 0.00322356 8.778e-06
511 Pubmed_A.txt 0.00323371 0.00322066 1.3052e-05
512 Pubmed_A.txt 0.00265784 0.00264944 8.392e-06
513 Pubmed_A.txt 0.00264831 0.00264598 2.329e-06
514 Pubmed_A.txt 0.00266719 0.00266275 4.44e-06
515 Pubmed_A.txt 0.0026636 0.00266053 3.062e-06
516 Pubmed_A.txt 0.00265803 0.00265451 3.518e-06
517 Pubmed_A.txt 0.00265587 0.00265283 3.043e-06
518 Pubmed_A.txt 0.0026559 0.00265132 4.576e-06
519 Pubmed_A.txt 0.00265305 0.00264806 4.997e-06
520 Pubmed_A.txt 0.00258548 0.00258268 2.798e-06
521 Pubmed_A.txt 0.00258704 0.0025806 6.442e-06
522 Pubmed_A.txt 0.00263284 0.00262249 1.0358e-05
523 Pubmed_A.txt 0.0026265 0.00261959 6.914e-06
524 Pubmed_A.txt 0.00259754 0.0025939 3.638e-06
525 Pubmed_A.txt 0.00260304 0.00259135 1.1684e-05
526 Pubmed_A.txt 0.00259627 0.00258808 8.186e-06
527 Pubmed_A.txt 0.00259761 0.00258572 1.1894e-05
528 Pubmed_A.txt 0.00302661 0.00302367 2.946e-06
529 Pubmed_A.txt 0.00303101 0.00302394 7.062e-06
530 Pubmed_A.txt 0.00303576 0.00302077 1.4991e-05
531 Pubmed_A.txt 0.00302817 0.00301811 1.0057e-05
532 Pubmed_A.txt 0.00305098 0.0030483 2.679e-06
533 Pubmed_A.txt 0.00305304 0.00304713 5.914e-06
534 Pubmed_A.txt 0.0030612 0.00305767 3.528e-06
535 Pubmed_A.txt 0.00305951 0.00305475 4.764e-06
536 Pubmed_A.txt 0.00301934 0.0030098 9.543e-06
537 Pubmed_A.txt 0.00302012 0.00300944 1.0678e-05
538 Pubmed_A.txt 0.00305984 0.00304932 1.0519e-05
539 Pubmed_A.txt 0.00305538 0.00304573 9.651e-06
540 Pubmed_A.txt 0.00306164 0.00305621 5.437e-06
541 Pubmed_A.txt 0.00306414 0.00305508 9.06e-06
542 Pubmed_A.txt 0.00304346 0.00303891 4.548e-06
543 Pubmed_A.txt 0.00304231 0.00303464 7.671e-06
544 Pubmed_A.txt 0.00348221 0.00347353 8.68e-06
545 Pubmed_A.txt 0.003477 0.00347154 5.46e-06
546 Pubmed_A.txt 0.00344572 0.00344096 4.757e-06
547 Pubmed_A.txt 0.0034421 0.00343638 5.719e-06
548 Pubmed_A.txt 0.00340177 0.00339567 6.102e-06
549 Pubmed_A.txt 0.00339937 0.00339343 5.937e-06
550 Pubmed_A.txt 0.00342555 0.0034216 3.948e-06
551 Pubmed_A.txt 0.0034225 0.00341826 4.235e-06
552 Pubmed_A.txt 0.00318893 0.00317707 1.1865e-05
553 Pubmed_A.txt 0.00318505 0.00317438 1.0675e-05
554 Pubmed_A.txt 0.00321696 0.00320848 8.486e-06
555 Pubmed_A.txt 0.00321201 0.00320446 7.551e-06
556 Pubmed_A.txt 0.00320326 0.00320085 2.41e-06
557 Pubmed_A.txt 0.00320058 0.00319834 2.245e-06
558 Pubmed_A.txt 0.00324117 0.00323565 5.516e-06
559 Pubmed_A.txt 0.00323687 0.00323194 4.925e-06
560 Pubmed_A.txt 0.00263046 0.00261269 1.7772e-05
561 Pubmed_A.txt 0.00261571 0.00261162 4.087e-06
562 Pubmed_A.txt 0.00263333 0.00262718 6.149e-06
563 Pubmed_A.txt 0.00262995 0.00262451 5.443e-06
564 Pubmed_A.txt 0.00264958 0.00264596 3.623e-06
565 Pubmed_A.txt 0.00264617 0.00264352 2.645e-06
566 Pubmed_A.txt 0.00263721 0.00263411 3.099e-06
567 Pubmed_A.txt 0.00263681 0.00263189 4.92e-06
568 Pubmed_A.txt 0.00261471 0.00261072 3.996e-06
569 Pubmed_A.txt 0.00261202 0.00260879 3.228e-06
570 Pubmed_A.txt 0.00262157 0.00261668 4.893e-06
571 Pubmed_A.txt 0.002618 0.00261414 3.859e-06
572 Pubmed_A.txt 0.0026009 0.00259563 5.269e-06
573 Pubmed_A.txt 0.0025975 0.00259341 4.094e-06
574 Pubmed_A.txt 0.00263219 0.00262689 5.302e-06
575 Pubmed_A.txt 0.00263019 0.00262569 4.504e-06
576 Pubmed_A.txt 0.00303669 0.00303287 3.818e-06
577 Pubmed_A.txt 0.00303692 0.00303214 4.787e-06
578 Pubmed_A.txt 0.00301511 0.00301058 4.53e-06
579 Pubmed_A.txt 0.00301036 0.00300752 2.843e-06
580 Pubmed_A.txt 0.00304994 0.00304604 3.902e-06
581 Pubmed_A.txt 0.00304777 0.00304396 3.817e-06
582 Pubmed_A.txt 0.00304855 0.00304296 5.583e-06
583 Pubmed_A.txt 0.00304188 0.00303816 3.717e-06
584 Pubmed_A.txt 0.00307276 0.00307018 2.573e-06
585 Pubmed_A.txt 0.00307017 0.00306649 3.687e-06
586 Pubmed_A.txt 0.00309346 0.00309126 2.204e-06
587 Pubmed_A.txt 0.00309165 0.0030877 3.958e-06
588 Pubmed_A.txt 0.00305006 0.00304597 4.09e-06
589 Pubmed_A.txt 0.00304685 0.00304323 3.624e-06
590 Pubmed_A.txt 0.00304886 0.00304443 4.429e-06
591 Pubmed_A.txt 0.00304654 0.00304082 5.725e-06
592 Pubmed_A.txt 0.00340079 0.00339771 3.074e-06
593 Pubmed_A.txt 0.00339858 0.00339444 4.139e-06
594 Pubmed_A.txt 0.00340506 0.00339753 7.532e-06
595 Pubmed_A.txt 0.00340263 0.00339411 8.519e-06
596 Pubmed_A.txt 0.0033864 0.00338276 3.643e-06
597 Pubmed_A.txt 0.00338489 0.00338053 4.361e-06
598 Pubmed_A.txt 0.00341391 0.0034083 5.611e-06
599 Pubmed_A.txt 0.00340724 0.00340439 2.848e-06
600 Pubmed_A.txt 0.00321632 0.00321234 3.983e-06
601 Pubmed_A.txt 0.00321305 0.0032097 3.347e-06
602 Pubmed_A.txt 0.00322654 0.00321698 9.56e-06
603 Pubmed_A.txt 0.00321641 0.0032125 3.912e-06
604 Pubmed_A.txt 0.00319846 0.00319483 3.628e-06
605 Pubmed_A.txt 0.00319852 0.00319283 5.692e-06
606 Pubmed_A.txt 0.00320879 0.00320291 5.873e-06
607 Pubmed_A.txt 0.00320233 0.00319868 3.655e-06
608 Pubmed_A.txt 0.00258301 0.00257901 4e-06
609 Pubmed_A.txt 0.00258159 0.00257753 4.062e-06
610 Pubmed_A.txt 0.00262248 0.00261845 4.027e-06
611 Pubmed_A.txt 0.00261867 0.00261495 3.712e-06
612 Pubmed_A.txt 0.00263555 0.00263178 3.769e-06
613 Pubmed_A.txt 0.00263287 0.00262939 3.483e-06
614 Pubmed_A.txt 0.00263204 0.00262671 5.329e-06
615 Pubmed_A.txt 0.00262781 0.00262315 4.653e-06
616 Pubmed_A.txt 0.00263082 0.00262884 1.98e-06
617 Pubmed_A.txt 0.00263008 0.00262716 2.918e-06
618 Pubmed_A.txt 0.00263531 0.00262998 5.327e-06
619 Pubmed_A.txt 0.00262954 0.0026261 3.444e-06
620 Pubmed_A.txt 0.00262015 0.00261713 3.022e-06
621 Pubmed_A.txt 0.0026203 0.00261458 5.722e-06
622 Pubmed_A.txt 0.00262784 0.00262171 6.125e-06
623 Pubmed_A.txt 0.00262176 0.00261828 3.485e-06
624 Pubmed_A.txt 0.00297626 0.00297114 5.119e-06
625 Pubmed_A.txt 0.0029796 0.00297201 7.596e-06
626 Pubmed_A.txt 0.00299617 0.00299025 5.918e-06
627 Pubmed_A.txt 0.00299052 0.00298609 4.433e-06
628 Pubmed_A.txt 0.00303519 0.00303106 4.129e-06
629 Pubmed_A.txt 0.00303475 0.00303036 4.388e-06
630 Pubmed_A.txt 0.0030153 0.00301016 5.139e-06
631 Pubmed_A.txt 0.00301197 0.00300619 5.78e-06
632 Pubmed_A.txt 0.00300814 0.00300554 2.602e-06
633 Pubmed_A.txt 0.00300708 0.00300329 3.787e-06
634 Pubmed_A.txt 0.00303691 0.00302938 7.529e-06
635 Pubmed_A.txt 0.00302987 0.00302453 5.339e-06
636 Pubmed_A.txt 0.00303761 0.00303556 2.047e-06
637 Pubmed_A.txt 0.00303698 0.00303391 3.067e-06
638 Pubmed_A.txt 0.00303161 0.00302832 3.29e-06
639 Pubmed_A.txt 0.00302837 0.00302476 3.606e-06
640 Pubmed_A.txt 0.00343 0.00342643 3.567e-06
641 Pubmed_A.txt 0.0034273 0.00342322 4.078e-06
642 Pubmed_A.txt 0.00343763 0.00343183 5.8e-06
643 Pubmed_A.txt 0.00343125 0.00342826 2.993e-06
644 Pubmed_A.txt 0.00338952 0.00338636 3.154e-06
645 Pubmed_A.txt 0.00338866 0.00338323 5.429e-06
646 Pubmed_A.txt 0.00338981 0.00338649 3.326e-06
647 Pubmed_A.txt 0.00338619 0.00338339 2.799e-06
648 Pubmed_A.txt 0.00315514 0.00315189 3.249e-06
649 Pubmed_A.txt 0.00315298 0.00314973 3.248e-06
650 Pubmed_A.txt 0.00318107 0.00317645 4.62e-06
651 Pubmed_A.txt 0.00317977 0.00317237 7.394e-06
652 Pubmed_A.txt 0.00323409 0.0032251 8.993e-06
653 Pubmed_A.txt 0.00322646 0.00322271 3.749e-06
654 Pubmed_A.txt 0.00319641 0.00319118 5.233e-06
655 Pubmed_A.txt 0.0031942 0.00318747 6.734e-06
656 Pubmed_A.txt 0.00258181 0.00257785 3.96e-06
657 Pubmed_A.txt 0.00258461 0.00257562 8.992e-06
658 Pubmed_A.txt 0.00262481 0.00261146 1.3349e-05
659 Pubmed_A.txt 0.00262383 0.00260928 1.4549e-05
660 Pubmed_A.txt 0.00264134 0.00263068 1.0654e-05
661 Pubmed_A.txt 0.00263578 0.00262877 7.005e-06
662 Pubmed_A.txt 0.00262192 0.00261107 1.0843e-05
663 Pubmed_A.txt 0.00261319 0.00260859 4.597e-06
664 Pubmed_A.txt 0.00257312 0.00256073 1.2398e-05
665 Pubmed_A.txt 0.00256812 0.00255891 9.205e-06
666 Pubmed_A.txt 0.00259245 0.00257928 1.3172e-05
667 Pubmed_A.txt 0.00258746 0.00257721 1.0254e-05
668 Pubmed_A.txt 0.00262175 0.00260711 1.4638e-05
669 Pubmed_A.txt 0.00261461 0.00260448 1.013e-05
670 Pubmed_A.txt 0.00259884 0.00258685 1.199e-05
671 Pubmed_A.txt 0.00259312 0.00258383 9.287e-06
672 Pubmed_A.txt 0.00299876 0.00299582 2.945e-06
673 Pubmed_A.txt 0.00300192 0.00299605 5.869e-06
674 Pubmed_A.txt 0.00300469 0.00300048 4.218e-06
675 Pubmed_A.txt 0.00300046 0.00299639 4.074e-06
676 Pubmed_A.txt 0.00306026 0.00305737 2.889e-06
677 Pubmed_A.txt 0.00305876 0.00305485 3.909e-06
678 Pubmed_A.txt 0.00304945 0.00304442 5.025e-06
679 Pubmed_A.txt 0.0030517 0.00303948 1.2226e-05
680 Pubmed_A.txt 0.00300745 0.0029997 7.757e-06
681 Pubmed_A.txt 0.00300198 0.00299816 3.823e-06
682 Pubmed_A.txt 0.003039 0.00303618 2.818e-06
683 Pubmed_A.txt 0.00303322 0.00303118 2.039e-06
684 Pubmed_A.txt 0.00308563 0.00306386 2.1773e-05
685 Pubmed_A.txt 0.00307147 0.00306187 9.603e-06
686 Pubmed_A.txt 0.00304472 0.00303517 9.554e-06
687 Pubmed_A.txt 0.00303893 0.00303178 7.147e-06
688 Pubmed_A.txt 0.00340314 0.0033982 4.936e-06
689 Pubmed_A.txt 0.00340451 0.00339625 8.259e-06
690 Pubmed_A.txt 0.00342227 0.00340349 1.8783e-05
691 Pubmed_A.txt 0.00340571 0.00339919 6.52e-06
692 Pubmed_A.txt 0.00339868 0.00339557 3.11e-06
693 Pubmed_A.txt 0.00339814 0.00339391 4.236e-06
694 Pubmed_A.txt 0.00342184 0.00341806 3.775e-06
695 Pubmed_A.txt 0.00342194 0.00341678 5.166e-06
696 Pubmed_A.txt 0.00315518 0.00313993 1.5247e-05
697 Pubmed_A.txt 0.00315047 0.00313719 1.3278e-05
698 Pubmed_A.txt 0.00317547 0.00316982 5.646e-06
699 Pubmed_A.txt 0.0031698 0.00316697 2.83e-06
700 Pubmed_A.txt 0.00319059 0.00318439 6.203e-06
701 Pubmed_A.txt 0.0031907 0.00318164 9.059e-06
702 Pubmed_A.txt 0.00317584 0.00316663 9.216e-06
703 Pubmed_A.txt 0.0031741 0.00316271 1.1396e-05
704 Pubmed_A.txt 0.00264724 0.00263797 9.272e-06
705 Pubmed_A.txt 0.00265081 0.00263539 1.5426e-05
706 Pubmed_A.txt 0.00266739 0.00265258 1.4814e-05
707 Pubmed_A.txt 0.00265445 0.0026507 3.75e-06
708 Pubmed_A.txt 0.00267624 0.00266389 1.2347e-05
709 Pubmed_A.txt 0.00266591 0.0026624 3.515e-06
710 Pubmed_A.txt 0.00263287 0.00262828 4.596e-06
711 Pubmed_A.txt 0.00263125 0.00262587 5.381e-06
712 Pubmed_A.txt 0.00257437 0.0025703 4.069e-06
713 Pubmed_A.txt 0.0025743 0.00256964 4.657e-06
714 Pubmed_A.txt 0.0026097 0.0026052 4.501e-06
715 Pubmed_A.txt 0.00260663 0.00260185 4.779e-06
716 Pubmed_A.txt 0.00263281 0.00262403 8.78e-06
717 Pubmed_A.txt 0.00262703 0.0026234 3.637e-06
718 Pubmed_A.txt 0.00261391 0.00260209 1.1821e-05
719 Pubmed_A.txt 0.00260463 0.00259895 5.688e-06
720 Pubmed_A.txt 0.00299488 0.00299086 4.022e-06
721 Pubmed_A.txt 0.00299826 0.00299229 5.967e-06
722 Pubmed_A.txt 0.00300987 0.00300387 6.003e-06
723 Pubmed_A.txt 0.00300343 0.00299945 3.984e-06
724 Pubmed_A.txt 0.0030414 0.00303738 4.016e-06
725 Pubmed_A.txt 0.00303997 0.00303556 4.414e-06
726 Pubmed_A.txt 0.00303567 0.00302803 7.641e-06
727 Pubmed_A.txt 0.00303131 0.00302434 6.973e-06
728 Pubmed_A.txt 0.00303388 0.0030261 7.78e-06
729 Pubmed_A.txt 0.00302588 0.0030235 2.375e-06
730 Pubmed_A.txt 0.00305257 0.00304461 7.961e-06
731 Pubmed_A.txt 0.00304369 0.00304099 2.699e-06
732 Pubmed_A.txt 0.00306404 0.00305153 1.2513e-05
733 Pubmed_A.txt 0.00305636 0.00304868 7.679e-06
734 Pubmed_A.txt 0.00303808 0.00303311 4.97e-06
735 Pubmed_A.txt 0.00303615 0.00302987 6.278e-06
736 Pubmed_A.txt 0.00337788 0.00337385 4.028e-06
737 Pubmed_A.txt 0.00337625 0.00337237 3.875e-06
738 Pubmed_A.txt 0.00338805 0.00338406 3.985e-06
739 Pubmed_A.txt 0.00338475 0.00338022 4.528e-06
740 Pubmed_A.txt 0.00333972 0.00333224 7.486e-06
741 Pubmed_A.txt 0.00333419 0.00333148 2.709e-06
742 Pubmed_A.txt 0.00336197 0.00335782 4.145e-06
743 Pubmed_A.txt 0.003357 0.00335175 5.241e-06
744 Pubmed_A.txt 0.00317811 0.00317446 3.649e-06
745 Pubmed_A.txt 0.00317516 0.00317191 3.255e-06
746 Pubmed_A.txt 0.00320839 0.0032048 3.596e-06
747 Pubmed_A.txt 0.00320522 0.00320166 3.56e-06
748 Pubmed_A.txt 0.00316402 0.0031597 4.324e-06
749 Pubmed_A.txt 0.00316502 0.00315745 7.572e-06
750 Pubmed_A.txt 0.00315265 0.00314623 6.426e-06
751 Pubmed_A.txt 0.00314913 0.0031423 6.835e-06
752 Pubmed_A.txt 0.00261439 0.0026028 1.1591e-05
753 Pubmed_A.txt 0.00260564 0.00260048 5.153e-06
754 Pubmed_A.txt 0.00261586 0.00261297 2.886e-06
755 Pubmed_A.txt 0.0026173 0.00261024 7.067e-06
756 Pubmed_A.txt 0.00267189 0.00264589 2.6003e-05
757 Pubmed_A.txt 0.00265527 0.00264265 1.2617e-05
758 Pubmed_A.txt 0.00267824 0.00266858 9.662e-06
759 Pubmed_A.txt 0.00267892 0.00266398 1.4938e-05
760 Pubmed_A.txt 0.00264135 0.00262657 1.4776e-05
761 Pubmed_A.txt 0.00263489 0.00262427 1.0617e-05
762 Pubmed_A.txt 0.00265468 0.00264588 8.806e-06
763 Pubmed_A.txt 0.00265117 0.00264336 7.803e-06
764 Pubmed_A.txt 0.00264205 0.00262502 1.7032e-05
765 Pubmed_A.txt 0.00262843 0.00261812 1.0302e-05
766 Pubmed_A.txt 0.00262314 0.00260529 1.7855e-05
767 Pubmed_A.txt 0.00278378 0.00260283 0.000180949
TACC:  Shutdown complete. Exiting. 
