TACC:  Starting up job 10066049 
TACC:  Starting parallel tasks... 
0 Cora_feat_L1.txt 0.00127448 0.00126272 1.1756e-05
1 Cora_feat_L1.txt 0.000487916 0.000477838 1.0078e-05
2 Cora_feat_L1.txt 0.0012767 0.00126439 1.2308e-05
3 Cora_feat_L1.txt 0.000471134 0.0004601 1.1034e-05
4 Cora_feat_L1.txt 0.00122297 0.00121219 1.0784e-05
5 Cora_feat_L1.txt 0.000488107 0.00047822 9.887e-06
6 Cora_feat_L1.txt 0.00125646 0.00124465 1.1812e-05
7 Cora_feat_L1.txt 0.000486481 0.000474768 1.1713e-05
8 Cora_feat_L1.txt 0.00127422 0.00126295 1.1274e-05
9 Cora_feat_L1.txt 0.000473827 0.000462066 1.1761e-05
10 Cora_feat_L1.txt 0.000996814 0.000986248 1.0566e-05
11 Cora_feat_L1.txt 0.00045564 0.000443502 1.2138e-05
12 Cora_feat_L1.txt 0.00129249 0.00127965 1.2839e-05
13 Cora_feat_L1.txt 0.000413315 0.000402329 1.0986e-05
14 Cora_feat_L1.txt 0.00129568 0.00128234 1.3347e-05
15 Cora_feat_L1.txt 0.000422681 0.000412146 1.0535e-05
16 Cora_feat_L1.txt 0.00130491 0.00129376 1.115e-05
17 Cora_feat_L1.txt 0.000483149 0.000472514 1.0635e-05
18 Cora_feat_L1.txt 0.00124011 0.00122799 1.2118e-05
19 Cora_feat_L1.txt 0.000494531 0.000481414 1.3117e-05
20 Cora_feat_L1.txt 0.00123583 0.00122388 1.1948e-05
21 Cora_feat_L1.txt 0.00050252 0.000492327 1.0193e-05
22 Cora_feat_L1.txt 0.00126817 0.00125644 1.1733e-05
23 Cora_feat_L1.txt 0.00048918 0.000478088 1.1092e-05
24 Cora_feat_L1.txt 0.00129803 0.00128488 1.315e-05
25 Cora_feat_L1.txt 0.000501665 0.000488574 1.3091e-05
26 Cora_feat_L1.txt 0.000981201 0.000968006 1.3195e-05
27 Cora_feat_L1.txt 0.00043434 0.000423101 1.1239e-05
28 Cora_feat_L1.txt 0.00122202 0.00120945 1.2567e-05
29 Cora_feat_L1.txt 0.00043557 0.00042578 9.79e-06
30 Cora_feat_L1.txt 0.00124257 0.00123026 1.2302e-05
31 Cora_feat_L1.txt 0.000401312 0.000389967 1.1345e-05
32 Cora_feat_L1.txt 0.00129014 0.00127908 1.1061e-05
33 Cora_feat_L1.txt 0.000508674 0.000496446 1.2228e-05
34 Cora_feat_L1.txt 0.00130038 0.001289 1.1385e-05
35 Cora_feat_L1.txt 0.000489949 0.000479712 1.0237e-05
36 Cora_feat_L1.txt 0.00124289 0.00123053 1.2356e-05
37 Cora_feat_L1.txt 0.000505033 0.000485363 1.967e-05
38 Cora_feat_L1.txt 0.00124174 0.00122936 1.2389e-05
39 Cora_feat_L1.txt 0.000475709 0.000463931 1.1778e-05
40 Cora_feat_L1.txt 0.00125923 0.00124778 1.1452e-05
41 Cora_feat_L1.txt 0.00046571 0.000454433 1.1277e-05
42 Cora_feat_L1.txt 0.00100119 0.000989441 1.1747e-05
43 Cora_feat_L1.txt 0.000460652 0.000448963 1.1689e-05
44 Cora_feat_L1.txt 0.00130361 0.0012901 1.3514e-05
45 Cora_feat_L1.txt 0.000413119 0.00040245 1.0669e-05
46 Cora_feat_L1.txt 0.00130961 0.00129755 1.2063e-05
47 Cora_feat_L1.txt 0.000425415 0.0004134 1.2015e-05
48 Cora_feat_L1.txt 0.00128964 0.00127754 1.2095e-05
49 Cora_feat_L1.txt 0.000468784 0.000457213 1.1571e-05
50 Cora_feat_L1.txt 0.00123501 0.00122418 1.0831e-05
51 Cora_feat_L1.txt 0.000484187 0.000472909 1.1278e-05
52 Cora_feat_L1.txt 0.001223 0.00121307 9.925e-06
53 Cora_feat_L1.txt 0.000496058 0.000483876 1.2182e-05
54 Cora_feat_L1.txt 0.00128038 0.00127015 1.0231e-05
55 Cora_feat_L1.txt 0.000508997 0.00049907 9.927e-06
56 Cora_feat_L1.txt 0.00131544 0.00130369 1.1745e-05
57 Cora_feat_L1.txt 0.000524456 0.00051193 1.2526e-05
58 Cora_feat_L1.txt 0.000999795 0.000987522 1.2273e-05
59 Cora_feat_L1.txt 0.000461759 0.000449199 1.256e-05
60 Cora_feat_L1.txt 0.00123817 0.00122547 1.2701e-05
61 Cora_feat_L1.txt 0.000447393 0.000435879 1.1514e-05
62 Cora_feat_L1.txt 0.00123517 0.00122282 1.2343e-05
63 Cora_feat_L1.txt 0.000385179 0.000373793 1.1386e-05
64 Cora_feat_L1.txt 0.00122402 0.00121217 1.1844e-05
65 Cora_feat_L1.txt 0.000437619 0.000425012 1.2607e-05
66 Cora_feat_L1.txt 0.00124937 0.00123739 1.1985e-05
67 Cora_feat_L1.txt 0.000429664 0.000417438 1.2226e-05
68 Cora_feat_L1.txt 0.00120377 0.00117576 2.8012e-05
69 Cora_feat_L1.txt 0.00042894 0.000417432 1.1508e-05
70 Cora_feat_L1.txt 0.00122883 0.00121688 1.1952e-05
71 Cora_feat_L1.txt 0.000457719 0.000446083 1.1636e-05
72 Cora_feat_L1.txt 0.00122044 0.00120745 1.2986e-05
73 Cora_feat_L1.txt 0.000416823 0.000404994 1.1829e-05
74 Cora_feat_L1.txt 0.00101335 0.00100139 1.1957e-05
75 Cora_feat_L1.txt 0.000407658 0.000397031 1.0627e-05
76 Cora_feat_L1.txt 0.00122352 0.00121166 1.186e-05
77 Cora_feat_L1.txt 0.00037196 0.000360295 1.1665e-05
78 Cora_feat_L1.txt 0.00123702 0.00122536 1.1655e-05
79 Cora_feat_L1.txt 0.000399816 0.000387115 1.2701e-05
80 Cora_feat_L1.txt 0.00123613 0.00122398 1.2148e-05
81 Cora_feat_L1.txt 0.000424051 0.000412526 1.1525e-05
82 Cora_feat_L1.txt 0.00122722 0.00121561 1.1612e-05
83 Cora_feat_L1.txt 0.000432981 0.000421119 1.1862e-05
84 Cora_feat_L1.txt 0.00121467 0.00120316 1.1512e-05
85 Cora_feat_L1.txt 0.000437164 0.000423872 1.3292e-05
86 Cora_feat_L1.txt 0.00120769 0.0011955 1.2189e-05
87 Cora_feat_L1.txt 0.000468813 0.000458048 1.0765e-05
88 Cora_feat_L1.txt 0.00123722 0.00122716 1.0059e-05
89 Cora_feat_L1.txt 0.000442975 0.000434486 8.489e-06
90 Cora_feat_L1.txt 0.0010081 0.000997204 1.0898e-05
91 Cora_feat_L1.txt 0.000407496 0.00039511 1.2386e-05
92 Cora_feat_L1.txt 0.0011812 0.00116961 1.1585e-05
93 Cora_feat_L1.txt 0.000370196 0.000359178 1.1018e-05
94 Cora_feat_L1.txt 0.00118476 0.00117421 1.0545e-05
95 Cora_feat_L1.txt 0.000355613 0.000336905 1.8708e-05
0 Cora_A.txt 0.000858298 0.000855243 3.055e-06
1 Cora_A.txt 0.000854698 0.000852464 2.234e-06
2 Cora_A.txt 0.000842468 0.000840431 2.037e-06
3 Cora_A.txt 0.000839893 0.000838458 1.435e-06
4 Cora_A.txt 0.000837534 0.000834865 2.669e-06
5 Cora_A.txt 0.000834022 0.000832612 1.41e-06
6 Cora_A.txt 0.00083273 0.000831251 1.479e-06
7 Cora_A.txt 0.000829449 0.000828097 1.352e-06
8 Cora_A.txt 0.000795124 0.000792905 2.219e-06
9 Cora_A.txt 0.00078504 0.000782946 2.094e-06
10 Cora_A.txt 0.000779048 0.000776546 2.502e-06
11 Cora_A.txt 0.000905733 0.000903148 2.585e-06
12 Cora_A.txt 0.000906347 0.000903895 2.452e-06
13 Cora_A.txt 0.000903952 0.000901491 2.461e-06
14 Cora_A.txt 0.000902721 0.000899954 2.767e-06
15 Cora_A.txt 0.000900335 0.000898446 1.889e-06
16 Cora_A.txt 0.00089822 0.000896254 1.966e-06
17 Cora_A.txt 0.00103625 0.00103451 1.741e-06
18 Cora_A.txt 0.00103484 0.0010326 2.244e-06
19 Cora_A.txt 0.00103205 0.00102936 2.681e-06
20 Cora_A.txt 0.00102874 0.00102614 2.601e-06
21 Cora_A.txt 0.00102657 0.0010242 2.369e-06
22 Cora_A.txt 0.00102312 0.00102078 2.333e-06
23 Cora_A.txt 0.00104519 0.00104309 2.098e-06
24 Cora_A.txt 0.00104485 0.00104239 2.462e-06
25 Cora_A.txt 0.0010432 0.00104007 3.131e-06
26 Cora_A.txt 0.00104088 0.00103805 2.834e-06
27 Cora_A.txt 0.00103958 0.00103643 3.152e-06
28 Cora_A.txt 0.0010275 0.00102432 3.17e-06
29 Cora_A.txt 0.00102658 0.00102417 2.407e-06
30 Cora_A.txt 0.00102613 0.00102343 2.702e-06
31 Cora_A.txt 0.00102395 0.00102138 2.578e-06
32 Cora_A.txt 0.0010225 0.00101956 2.945e-06
33 Cora_A.txt 0.00102049 0.00101797 2.524e-06
34 Cora_A.txt 0.00101786 0.00101533 2.524e-06
35 Cora_A.txt 0.00101594 0.00101369 2.252e-06
36 Cora_A.txt 0.00101629 0.00101348 2.815e-06
37 Cora_A.txt 0.00101118 0.00100793 3.251e-06
38 Cora_A.txt 0.00099704 0.000993853 3.187e-06
39 Cora_A.txt 0.000994209 0.000991377 2.832e-06
40 Cora_A.txt 0.000989572 0.000985929 3.643e-06
41 Cora_A.txt 0.000986939 0.000984333 2.606e-06
42 Cora_A.txt 0.000986448 0.000983609 2.839e-06
43 Cora_A.txt 0.000983795 0.00098073 3.065e-06
44 Cora_A.txt 0.000964646 0.000960871 3.775e-06
45 Cora_A.txt 0.000962488 0.000959575 2.913e-06
46 Cora_A.txt 0.00096054 0.000957283 3.257e-06
47 Cora_A.txt 0.000958722 0.00095479 3.932e-06
48 Cora_A.txt 0.000899244 0.000896621 2.623e-06
49 Cora_A.txt 0.000897541 0.000893589 3.952e-06
50 Cora_A.txt 0.000898255 0.00089069 7.565e-06
51 Cora_A.txt 0.000892248 0.000888583 3.665e-06
52 Cora_A.txt 0.000888946 0.000885963 2.983e-06
53 Cora_A.txt 0.0010122 0.00100998 2.22e-06
54 Cora_A.txt 0.00101088 0.00100871 2.166e-06
55 Cora_A.txt 0.00100763 0.00100518 2.443e-06
56 Cora_A.txt 0.0010047 0.00100133 3.378e-06
57 Cora_A.txt 0.00100288 0.000999341 3.534e-06
58 Cora_A.txt 0.000999653 0.000995913 3.74e-06
59 Cora_A.txt 0.000999977 0.000997133 2.844e-06
60 Cora_A.txt 0.00100419 0.00100096 3.224e-06
61 Cora_A.txt 0.00100045 0.000997931 2.517e-06
62 Cora_A.txt 0.000999114 0.000994675 4.439e-06
63 Cora_A.txt 0.00099547 0.000992131 3.339e-06
64 Cora_A.txt 0.00099209 0.000988795 3.295e-06
65 Cora_A.txt 0.000990111 0.000987143 2.968e-06
66 Cora_A.txt 0.000988034 0.000984983 3.051e-06
67 Cora_A.txt 0.000985324 0.000981976 3.348e-06
68 Cora_A.txt 0.000984504 0.000979541 4.963e-06
69 Cora_A.txt 0.000981808 0.000977454 4.354e-06
70 Cora_A.txt 0.000978257 0.000973964 4.293e-06
71 Cora_A.txt 0.000976005 0.000970749 5.256e-06
72 Cora_A.txt 0.000973734 0.000969956 3.778e-06
73 Cora_A.txt 0.000969649 0.000965417 4.232e-06
74 Cora_A.txt 0.00096741 0.000963682 3.728e-06
75 Cora_A.txt 0.000967376 0.000960627 6.749e-06
76 Cora_A.txt 0.000961334 0.000957233 4.101e-06
77 Cora_A.txt 0.000957589 0.000955427 2.162e-06
78 Cora_A.txt 0.00095655 0.000953092 3.458e-06
79 Cora_A.txt 0.000955917 0.000950305 5.612e-06
80 Cora_A.txt 0.000951645 0.000947511 4.134e-06
81 Cora_A.txt 0.000948245 0.000944614 3.631e-06
82 Cora_A.txt 0.000944961 0.000941419 3.542e-06
83 Cora_A.txt 0.000941744 0.000938304 3.44e-06
84 Cora_A.txt 0.000940721 0.000938325 2.396e-06
85 Cora_A.txt 0.000939013 0.0009353 3.713e-06
86 Cora_A.txt 0.000921681 0.000918858 2.823e-06
87 Cora_A.txt 0.000921995 0.00091751 4.485e-06
88 Cora_A.txt 0.0009218 0.000919387 2.413e-06
89 Cora_A.txt 0.000924501 0.000921652 2.849e-06
90 Cora_A.txt 0.000925861 0.000921294 4.567e-06
91 Cora_A.txt 0.00092288 0.000918876 4.004e-06
92 Cora_A.txt 0.000922653 0.000916644 6.009e-06
93 Cora_A.txt 0.000922172 0.000916939 5.233e-06
94 Cora_A.txt 0.000922422 0.000918192 4.23e-06
95 Cora_A.txt 0.000861566 0.000857481 4.085e-06
TACC:  Shutdown complete. Exiting. 
