TACC:  Starting up job 10066086 
TACC:  Starting parallel tasks... 
0 Cora_feat_L1.txt 0.000430379 0.000410463 1.9916e-05
1 Cora_feat_L1.txt 0.000367586 0.000347372 2.0214e-05
2 Cora_feat_L1.txt 0.000884916 0.000865632 1.9284e-05
3 Cora_feat_L1.txt 0.00039377 0.000371893 2.1877e-05
4 Cora_feat_L1.txt 0.000449934 0.000428773 2.1161e-05
5 Cora_feat_L1.txt 0.000372862 0.000352002 2.086e-05
6 Cora_feat_L1.txt 0.000970919 0.000948133 2.2786e-05
7 Cora_feat_L1.txt 0.000346477 0.000325403 2.1074e-05
8 Cora_feat_L1.txt 0.000438425 0.00041846 1.9965e-05
9 Cora_feat_L1.txt 0.000385713 0.000362084 2.3629e-05
10 Cora_feat_L1.txt 0.000511108 0.00049086 2.0248e-05
11 Cora_feat_L1.txt 0.000414815 0.000393258 2.1557e-05
12 Cora_feat_L1.txt 0.000463828 0.000440854 2.2974e-05
13 Cora_feat_L1.txt 0.000382671 0.000361341 2.133e-05
14 Cora_feat_L1.txt 0.000460896 0.000440724 2.0172e-05
15 Cora_feat_L1.txt 0.000363981 0.00034167 2.2311e-05
16 Cora_feat_L1.txt 0.000434957 0.00041374 2.1217e-05
17 Cora_feat_L1.txt 0.000371639 0.00035131 2.0329e-05
18 Cora_feat_L1.txt 0.000882015 0.000859473 2.2542e-05
19 Cora_feat_L1.txt 0.00037378 0.000351632 2.2148e-05
20 Cora_feat_L1.txt 0.000430111 0.000408743 2.1368e-05
21 Cora_feat_L1.txt 0.000364742 0.000342516 2.2226e-05
22 Cora_feat_L1.txt 0.000870952 0.000849148 2.1804e-05
23 Cora_feat_L1.txt 0.00035813 0.000335522 2.2608e-05
24 Cora_feat_L1.txt 0.000451674 0.000428798 2.2876e-05
25 Cora_feat_L1.txt 0.000377225 0.00035752 1.9705e-05
26 Cora_feat_L1.txt 0.00050748 0.000486987 2.0493e-05
27 Cora_feat_L1.txt 0.000417395 0.000398378 1.9017e-05
28 Cora_feat_L1.txt 0.000471256 0.000448872 2.2384e-05
29 Cora_feat_L1.txt 0.000391749 0.00036848 2.3269e-05
30 Cora_feat_L1.txt 0.00046131 0.000437995 2.3315e-05
31 Cora_feat_L1.txt 0.000345582 0.000325021 2.0561e-05
32 Cora_feat_L1.txt 0.000348779 0.00032664 2.2139e-05
33 Cora_feat_L1.txt 0.000334888 0.000311811 2.3077e-05
34 Cora_feat_L1.txt 0.000840058 0.000818462 2.1596e-05
35 Cora_feat_L1.txt 0.000303111 0.000280926 2.2185e-05
36 Cora_feat_L1.txt 0.000385042 0.000361709 2.3333e-05
37 Cora_feat_L1.txt 0.000313699 0.000292648 2.1051e-05
38 Cora_feat_L1.txt 0.000387222 0.000365146 2.2076e-05
39 Cora_feat_L1.txt 0.000323646 0.000300524 2.3122e-05
40 Cora_feat_L1.txt 0.000367799 0.000346172 2.1627e-05
41 Cora_feat_L1.txt 0.000348685 0.000326752 2.1933e-05
42 Cora_feat_L1.txt 0.000455191 0.000431802 2.3389e-05
43 Cora_feat_L1.txt 0.000366187 0.000344869 2.1318e-05
44 Cora_feat_L1.txt 0.00037919 0.000360932 1.8258e-05
45 Cora_feat_L1.txt 0.000327354 0.000305243 2.2111e-05
46 Cora_feat_L1.txt 0.000402573 0.00038214 2.0433e-05
47 Cora_feat_L1.txt 0.000310155 0.000282607 2.7548e-05
0 Cora_A.txt 0.00038094 0.000376902 4.038e-06
1 Cora_A.txt 0.000409004 0.000406829 2.175e-06
2 Cora_A.txt 0.000410535 0.000407174 3.361e-06
3 Cora_A.txt 0.000359232 0.000357315 1.917e-06
4 Cora_A.txt 0.000451326 0.000447951 3.375e-06
5 Cora_A.txt 0.000385361 0.000381171 4.19e-06
6 Cora_A.txt 0.000435992 0.00043191 4.082e-06
7 Cora_A.txt 0.000421781 0.000418139 3.642e-06
8 Cora_A.txt 0.000433494 0.000430205 3.289e-06
9 Cora_A.txt 0.00043569 0.000431376 4.314e-06
10 Cora_A.txt 0.00040581 0.000401812 3.998e-06
11 Cora_A.txt 0.000483845 0.000480113 3.732e-06
12 Cora_A.txt 0.000441489 0.000436298 5.191e-06
13 Cora_A.txt 0.000393349 0.000388559 4.79e-06
14 Cora_A.txt 0.000439943 0.000434975 4.968e-06
15 Cora_A.txt 0.000390475 0.000385954 4.521e-06
16 Cora_A.txt 0.000373367 0.000368826 4.541e-06
17 Cora_A.txt 0.000400391 0.00039654 3.851e-06
18 Cora_A.txt 0.000412368 0.000407205 5.163e-06
19 Cora_A.txt 0.00035994 0.000355101 4.839e-06
20 Cora_A.txt 0.000451649 0.000446155 5.494e-06
21 Cora_A.txt 0.000385958 0.000380982 4.976e-06
22 Cora_A.txt 0.000434068 0.000428231 5.837e-06
23 Cora_A.txt 0.00042212 0.000415729 6.391e-06
24 Cora_A.txt 0.00043538 0.000429684 5.696e-06
25 Cora_A.txt 0.000419149 0.000409608 9.541e-06
26 Cora_A.txt 0.000401808 0.000397426 4.382e-06
27 Cora_A.txt 0.000479842 0.00047628 3.562e-06
28 Cora_A.txt 0.000437305 0.000431075 6.23e-06
29 Cora_A.txt 0.000388609 0.000382595 6.014e-06
30 Cora_A.txt 0.000436763 0.000431767 4.996e-06
31 Cora_A.txt 0.000394277 0.000387779 6.498e-06
32 Cora_A.txt 0.000336098 0.000330509 5.589e-06
33 Cora_A.txt 0.000334336 0.000328558 5.778e-06
34 Cora_A.txt 0.000385046 0.000377034 8.012e-06
35 Cora_A.txt 0.000335388 0.000326674 8.714e-06
36 Cora_A.txt 0.000358999 0.000351428 7.571e-06
37 Cora_A.txt 0.000316708 0.000307286 9.422e-06
38 Cora_A.txt 0.000343861 0.000338107 5.754e-06
39 Cora_A.txt 0.000335197 0.000326816 8.381e-06
40 Cora_A.txt 0.000350467 0.00034376 6.707e-06
41 Cora_A.txt 0.000339766 0.000333817 5.949e-06
42 Cora_A.txt 0.000304968 0.000299796 5.172e-06
43 Cora_A.txt 0.000385225 0.000379364 5.861e-06
44 Cora_A.txt 0.000341787 0.000337629 4.158e-06
45 Cora_A.txt 0.00031914 0.000311339 7.801e-06
46 Cora_A.txt 0.000337512 0.000327358 1.0154e-05
47 Cora_A.txt 0.000335241 0.000327567 7.674e-06
TACC:  Shutdown complete. Exiting. 
