TACC:  Starting up job 10066086 
TACC:  Starting parallel tasks... 
0 Citeseer_feat_L2.txt 0.000564981 0.000557804 7.177e-06
1 Citeseer_feat_L2.txt 0.000159803 0.000139065 2.0738e-05
2 Citeseer_feat_L2.txt 0.000678786 0.000671937 6.849e-06
3 Citeseer_feat_L2.txt 0.000137652 0.000130571 7.081e-06
4 Citeseer_feat_L2.txt 0.000556091 0.000549035 7.056e-06
5 Citeseer_feat_L2.txt 0.000142802 0.000135653 7.149e-06
6 Citeseer_feat_L2.txt 0.000754927 0.000747657 7.27e-06
7 Citeseer_feat_L2.txt 0.000152406 0.000145715 6.691e-06
8 Citeseer_feat_L2.txt 0.000556524 0.000549807 6.717e-06
9 Citeseer_feat_L2.txt 0.00012576 0.000118588 7.172e-06
10 Citeseer_feat_L2.txt 0.000748532 0.000740967 7.565e-06
11 Citeseer_feat_L2.txt 0.000152973 0.000145837 7.136e-06
12 Citeseer_feat_L2.txt 0.000556665 0.000549122 7.543e-06
13 Citeseer_feat_L2.txt 0.000149454 0.000142627 6.827e-06
14 Citeseer_feat_L2.txt 0.000748004 0.00074108 6.924e-06
15 Citeseer_feat_L2.txt 0.000133288 0.000125854 7.434e-06
16 Citeseer_feat_L2.txt 0.000553225 0.000546513 6.712e-06
17 Citeseer_feat_L2.txt 0.00013398 0.000127069 6.911e-06
18 Citeseer_feat_L2.txt 0.000669282 0.000662318 6.964e-06
19 Citeseer_feat_L2.txt 0.000135969 0.000129337 6.632e-06
20 Citeseer_feat_L2.txt 0.000556621 0.00054959 7.031e-06
21 Citeseer_feat_L2.txt 0.000134734 0.000127452 7.282e-06
22 Citeseer_feat_L2.txt 0.000736757 0.000729557 7.2e-06
23 Citeseer_feat_L2.txt 0.000136391 0.000129363 7.028e-06
24 Citeseer_feat_L2.txt 0.000558146 0.000550552 7.594e-06
25 Citeseer_feat_L2.txt 0.000134584 0.000127953 6.631e-06
26 Citeseer_feat_L2.txt 0.000757041 0.000749831 7.21e-06
27 Citeseer_feat_L2.txt 0.000157824 0.000150449 7.375e-06
28 Citeseer_feat_L2.txt 0.000546488 0.000539438 7.05e-06
29 Citeseer_feat_L2.txt 0.000136031 0.000128984 7.047e-06
30 Citeseer_feat_L2.txt 0.000750078 0.000743363 6.715e-06
31 Citeseer_feat_L2.txt 0.000136758 0.000130037 6.721e-06
32 Citeseer_feat_L2.txt 0.000557502 0.000550676 6.826e-06
33 Citeseer_feat_L2.txt 0.0001263 0.000119375 6.925e-06
34 Citeseer_feat_L2.txt 0.0006652 0.00065797 7.23e-06
35 Citeseer_feat_L2.txt 0.000123362 0.000116489 6.873e-06
36 Citeseer_feat_L2.txt 0.000563097 0.000556282 6.815e-06
37 Citeseer_feat_L2.txt 0.000151133 0.000143802 7.331e-06
38 Citeseer_feat_L2.txt 0.000756308 0.00074922 7.088e-06
39 Citeseer_feat_L2.txt 0.000141452 0.000134547 6.905e-06
40 Citeseer_feat_L2.txt 0.000551914 0.000544979 6.935e-06
41 Citeseer_feat_L2.txt 0.000132499 0.000125576 6.923e-06
42 Citeseer_feat_L2.txt 0.000746476 0.000739663 6.813e-06
43 Citeseer_feat_L2.txt 0.000153622 0.000146754 6.868e-06
44 Citeseer_feat_L2.txt 0.000559277 0.000546758 1.2519e-05
45 Citeseer_feat_L2.txt 0.000119169 0.000112429 6.74e-06
46 Citeseer_feat_L2.txt 0.000732625 0.00072529 7.335e-06
47 Citeseer_feat_L2.txt 0.000118206 0.00011022 7.986e-06
0 Citeseer_A.txt 0.000187639 0.000185571 2.068e-06
1 Citeseer_A.txt 0.000226277 0.000213754 1.2523e-05
2 Citeseer_A.txt 0.000210232 0.000208732 1.5e-06
3 Citeseer_A.txt 0.00026481 0.000263229 1.581e-06
4 Citeseer_A.txt 0.000270777 0.000269386 1.391e-06
5 Citeseer_A.txt 0.000264382 0.000262842 1.54e-06
6 Citeseer_A.txt 0.00025906 0.000257322 1.738e-06
7 Citeseer_A.txt 0.000261528 0.000260026 1.502e-06
8 Citeseer_A.txt 0.000260078 0.000258494 1.584e-06
9 Citeseer_A.txt 0.000277804 0.000275884 1.92e-06
10 Citeseer_A.txt 0.000282383 0.000280432 1.951e-06
11 Citeseer_A.txt 0.000278718 0.000277149 1.569e-06
12 Citeseer_A.txt 0.000290784 0.00028847 2.314e-06
13 Citeseer_A.txt 0.000227209 0.000225691 1.518e-06
14 Citeseer_A.txt 0.000223744 0.000222314 1.43e-06
15 Citeseer_A.txt 0.000197481 0.000195651 1.83e-06
16 Citeseer_A.txt 0.000180598 0.000178957 1.641e-06
17 Citeseer_A.txt 0.000213721 0.000211628 2.093e-06
18 Citeseer_A.txt 0.000209091 0.000207183 1.908e-06
19 Citeseer_A.txt 0.000264011 0.000261052 2.959e-06
20 Citeseer_A.txt 0.000267624 0.000265444 2.18e-06
21 Citeseer_A.txt 0.000263538 0.000260426 3.112e-06
22 Citeseer_A.txt 0.000257661 0.000254894 2.767e-06
23 Citeseer_A.txt 0.000260107 0.000257548 2.559e-06
24 Citeseer_A.txt 0.000260274 0.000257523 2.751e-06
25 Citeseer_A.txt 0.000274958 0.000272463 2.495e-06
26 Citeseer_A.txt 0.000279537 0.000277183 2.354e-06
27 Citeseer_A.txt 0.000278573 0.000275026 3.547e-06
28 Citeseer_A.txt 0.000291464 0.000288815 2.649e-06
29 Citeseer_A.txt 0.000229061 0.000226719 2.342e-06
30 Citeseer_A.txt 0.000227824 0.000224026 3.798e-06
31 Citeseer_A.txt 0.000195168 0.000191865 3.303e-06
32 Citeseer_A.txt 0.000155498 0.000152836 2.662e-06
33 Citeseer_A.txt 0.000186447 0.000181843 4.604e-06
34 Citeseer_A.txt 0.00017706 0.000172452 4.608e-06
35 Citeseer_A.txt 0.000202205 0.000199672 2.533e-06
36 Citeseer_A.txt 0.000176403 0.00017224 4.163e-06
37 Citeseer_A.txt 0.000200685 0.000196189 4.496e-06
38 Citeseer_A.txt 0.000179743 0.00017632 3.423e-06
39 Citeseer_A.txt 0.000194851 0.00019039 4.461e-06
40 Citeseer_A.txt 0.000179139 0.000174875 4.264e-06
41 Citeseer_A.txt 0.000223379 0.000220347 3.032e-06
42 Citeseer_A.txt 0.000213623 0.000210516 3.107e-06
43 Citeseer_A.txt 0.000207435 0.000204716 2.719e-06
44 Citeseer_A.txt 0.000207409 0.000203926 3.483e-06
45 Citeseer_A.txt 0.000220348 0.000217324 3.024e-06
46 Citeseer_A.txt 0.000179048 0.00017622 2.828e-06
47 Citeseer_A.txt 0.000177229 0.000173276 3.953e-06
TACC:  Shutdown complete. Exiting. 
