TACC:  Starting up job 10066049 
TACC:  Starting parallel tasks... 
0 Citeseer_feat_L2.txt 0.0010723 0.00106843 3.871e-06
1 Citeseer_feat_L2.txt 0.000556274 0.000552516 3.758e-06
2 Citeseer_feat_L2.txt 0.00107246 0.00106865 3.804e-06
3 Citeseer_feat_L2.txt 0.000558027 0.000554576 3.451e-06
4 Citeseer_feat_L2.txt 0.000713314 0.000709714 3.6e-06
5 Citeseer_feat_L2.txt 0.000562785 0.000559227 3.558e-06
6 Citeseer_feat_L2.txt 0.000703592 0.000699956 3.636e-06
7 Citeseer_feat_L2.txt 0.000598842 0.000585531 1.3311e-05
8 Citeseer_feat_L2.txt 0.000748313 0.000744707 3.606e-06
9 Citeseer_feat_L2.txt 0.000581746 0.000577874 3.872e-06
10 Citeseer_feat_L2.txt 0.00109202 0.00108832 3.701e-06
11 Citeseer_feat_L2.txt 0.000588015 0.000584418 3.597e-06
12 Citeseer_feat_L2.txt 0.00103455 0.00103084 3.712e-06
13 Citeseer_feat_L2.txt 0.000570946 0.000567141 3.805e-06
14 Citeseer_feat_L2.txt 0.00111568 0.00111196 3.714e-06
15 Citeseer_feat_L2.txt 0.000571209 0.000567666 3.543e-06
16 Citeseer_feat_L2.txt 0.00102544 0.00102189 3.547e-06
17 Citeseer_feat_L2.txt 0.000568212 0.000564782 3.43e-06
18 Citeseer_feat_L2.txt 0.00108976 0.00108603 3.73e-06
19 Citeseer_feat_L2.txt 0.000593984 0.000590345 3.639e-06
20 Citeseer_feat_L2.txt 0.00104523 0.0010412 4.025e-06
21 Citeseer_feat_L2.txt 0.000582686 0.000578966 3.72e-06
22 Citeseer_feat_L2.txt 0.000705413 0.000701792 3.621e-06
23 Citeseer_feat_L2.txt 0.000580903 0.000577424 3.479e-06
24 Citeseer_feat_L2.txt 0.000721181 0.000717487 3.694e-06
25 Citeseer_feat_L2.txt 0.000562473 0.000558481 3.992e-06
26 Citeseer_feat_L2.txt 0.00107429 0.00107013 4.159e-06
27 Citeseer_feat_L2.txt 0.00057231 0.000568593 3.717e-06
28 Citeseer_feat_L2.txt 0.000724154 0.00072045 3.704e-06
29 Citeseer_feat_L2.txt 0.00055629 0.000552027 4.263e-06
30 Citeseer_feat_L2.txt 0.0010233 0.00101963 3.67e-06
31 Citeseer_feat_L2.txt 0.000589344 0.000585725 3.619e-06
32 Citeseer_feat_L2.txt 0.0010919 0.00108814 3.763e-06
33 Citeseer_feat_L2.txt 0.000574246 0.000570572 3.674e-06
34 Citeseer_feat_L2.txt 0.00109406 0.00108592 8.147e-06
35 Citeseer_feat_L2.txt 0.000579797 0.000576216 3.581e-06
36 Citeseer_feat_L2.txt 0.00072833 0.000724461 3.869e-06
37 Citeseer_feat_L2.txt 0.000555909 0.000552338 3.571e-06
38 Citeseer_feat_L2.txt 0.000688772 0.000685173 3.599e-06
39 Citeseer_feat_L2.txt 0.000564037 0.000560394 3.643e-06
40 Citeseer_feat_L2.txt 0.000730519 0.000726704 3.815e-06
41 Citeseer_feat_L2.txt 0.000563718 0.000560012 3.706e-06
42 Citeseer_feat_L2.txt 0.00104671 0.00104273 3.978e-06
43 Citeseer_feat_L2.txt 0.000536981 0.00053331 3.671e-06
44 Citeseer_feat_L2.txt 0.000998703 0.000994905 3.798e-06
45 Citeseer_feat_L2.txt 0.000528391 0.000524389 4.002e-06
46 Citeseer_feat_L2.txt 0.00107503 0.00107135 3.678e-06
47 Citeseer_feat_L2.txt 0.000527809 0.000524312 3.497e-06
48 Citeseer_feat_L2.txt 0.00099302 0.000989147 3.873e-06
49 Citeseer_feat_L2.txt 0.000530276 0.000526776 3.5e-06
50 Citeseer_feat_L2.txt 0.00104498 0.00104132 3.651e-06
51 Citeseer_feat_L2.txt 0.000541613 0.000538086 3.527e-06
52 Citeseer_feat_L2.txt 0.000992243 0.000988526 3.717e-06
53 Citeseer_feat_L2.txt 0.000536899 0.000533376 3.523e-06
54 Citeseer_feat_L2.txt 0.000706523 0.000702843 3.68e-06
55 Citeseer_feat_L2.txt 0.000583881 0.000580276 3.605e-06
56 Citeseer_feat_L2.txt 0.000743242 0.000739558 3.684e-06
57 Citeseer_feat_L2.txt 0.000577173 0.000573595 3.578e-06
58 Citeseer_feat_L2.txt 0.00109166 0.00108798 3.68e-06
59 Citeseer_feat_L2.txt 0.000586965 0.000583539 3.426e-06
60 Citeseer_feat_L2.txt 0.000722182 0.000718533 3.649e-06
61 Citeseer_feat_L2.txt 0.000568135 0.000564574 3.561e-06
62 Citeseer_feat_L2.txt 0.0010136 0.00101013 3.469e-06
63 Citeseer_feat_L2.txt 0.000559054 0.000555464 3.59e-06
64 Citeseer_feat_L2.txt 0.00107178 0.00106816 3.622e-06
65 Citeseer_feat_L2.txt 0.000554167 0.000550508 3.659e-06
66 Citeseer_feat_L2.txt 0.00108638 0.00108268 3.703e-06
67 Citeseer_feat_L2.txt 0.000568579 0.0005648 3.779e-06
68 Citeseer_feat_L2.txt 0.000730456 0.000726701 3.755e-06
69 Citeseer_feat_L2.txt 0.000563139 0.000559412 3.727e-06
70 Citeseer_feat_L2.txt 0.000691635 0.00068792 3.715e-06
71 Citeseer_feat_L2.txt 0.000564153 0.000560427 3.726e-06
72 Citeseer_feat_L2.txt 0.000724893 0.000721121 3.772e-06
73 Citeseer_feat_L2.txt 0.000541607 0.000537768 3.839e-06
74 Citeseer_feat_L2.txt 0.00106348 0.00105941 4.074e-06
75 Citeseer_feat_L2.txt 0.000551007 0.000547434 3.573e-06
76 Citeseer_feat_L2.txt 0.00101685 0.00101299 3.858e-06
77 Citeseer_feat_L2.txt 0.000543059 0.00053933 3.729e-06
78 Citeseer_feat_L2.txt 0.00109702 0.00109324 3.789e-06
79 Citeseer_feat_L2.txt 0.000553611 0.000549876 3.735e-06
80 Citeseer_feat_L2.txt 0.00101699 0.00101326 3.733e-06
81 Citeseer_feat_L2.txt 0.000555675 0.000551792 3.883e-06
82 Citeseer_feat_L2.txt 0.00106425 0.0010605 3.758e-06
83 Citeseer_feat_L2.txt 0.000563061 0.000559206 3.855e-06
84 Citeseer_feat_L2.txt 0.00102532 0.00102153 3.795e-06
85 Citeseer_feat_L2.txt 0.000561836 0.000558053 3.783e-06
86 Citeseer_feat_L2.txt 0.000694963 0.000691208 3.755e-06
87 Citeseer_feat_L2.txt 0.000562161 0.00055836 3.801e-06
88 Citeseer_feat_L2.txt 0.000727113 0.000723605 3.508e-06
89 Citeseer_feat_L2.txt 0.00055837 0.000554698 3.672e-06
90 Citeseer_feat_L2.txt 0.00108825 0.00108457 3.674e-06
91 Citeseer_feat_L2.txt 0.000587367 0.000578995 8.372e-06
92 Citeseer_feat_L2.txt 0.000737997 0.000734412 3.585e-06
93 Citeseer_feat_L2.txt 0.000567305 0.000563634 3.671e-06
94 Citeseer_feat_L2.txt 0.00101951 0.00101574 3.764e-06
95 Citeseer_feat_L2.txt 0.000582205 0.000566957 1.5248e-05
0 Citeseer_A.txt 0.000260196 0.000258636 1.56e-06
1 Citeseer_A.txt 0.000292341 0.000290911 1.43e-06
2 Citeseer_A.txt 0.000172752 0.000171242 1.51e-06
3 Citeseer_A.txt 0.000233191 0.000232185 1.006e-06
4 Citeseer_A.txt 0.000191618 0.000190459 1.159e-06
5 Citeseer_A.txt 0.000292069 0.00029123 8.39e-07
6 Citeseer_A.txt 0.000204291 0.000203044 1.247e-06
7 Citeseer_A.txt 0.000256076 0.000255137 9.39e-07
8 Citeseer_A.txt 0.000284882 0.0002838 1.082e-06
9 Citeseer_A.txt 0.000289268 0.000288299 9.69e-07
10 Citeseer_A.txt 0.000289625 0.000288664 9.61e-07
11 Citeseer_A.txt 0.000263947 0.000263104 8.43e-07
12 Citeseer_A.txt 0.000270844 0.000269715 1.129e-06
13 Citeseer_A.txt 0.000231605 0.000230523 1.082e-06
14 Citeseer_A.txt 0.00030623 0.000305137 1.093e-06
15 Citeseer_A.txt 0.000269866 0.000268718 1.148e-06
16 Citeseer_A.txt 0.000268911 0.000268049 8.62e-07
17 Citeseer_A.txt 0.000300756 0.000299738 1.018e-06
18 Citeseer_A.txt 0.000225586 0.000224286 1.3e-06
19 Citeseer_A.txt 0.000226405 0.000225104 1.301e-06
20 Citeseer_A.txt 0.000260123 0.000258898 1.225e-06
21 Citeseer_A.txt 0.000245817 0.000244663 1.154e-06
22 Citeseer_A.txt 0.000201711 0.000200371 1.34e-06
23 Citeseer_A.txt 0.000243088 0.000242283 8.05e-07
24 Citeseer_A.txt 0.000222215 0.000221056 1.159e-06
25 Citeseer_A.txt 0.000214083 0.000212789 1.294e-06
26 Citeseer_A.txt 0.000248584 0.000247131 1.453e-06
27 Citeseer_A.txt 0.000273864 0.000272895 9.69e-07
28 Citeseer_A.txt 0.000250048 0.000249148 9e-07
29 Citeseer_A.txt 0.0003095 0.000308374 1.126e-06
30 Citeseer_A.txt 0.000257216 0.000256203 1.013e-06
31 Citeseer_A.txt 0.000234826 0.000233814 1.012e-06
32 Citeseer_A.txt 0.000246015 0.000245085 9.3e-07
33 Citeseer_A.txt 0.000290276 0.000289166 1.11e-06
34 Citeseer_A.txt 0.000168864 0.000167857 1.007e-06
35 Citeseer_A.txt 0.000231209 0.000229924 1.285e-06
36 Citeseer_A.txt 0.000190621 0.00018932 1.301e-06
37 Citeseer_A.txt 0.00029061 0.000289462 1.148e-06
38 Citeseer_A.txt 0.000192194 0.000190785 1.409e-06
39 Citeseer_A.txt 0.000255758 0.000254053 1.705e-06
40 Citeseer_A.txt 0.000283018 0.000281671 1.347e-06
41 Citeseer_A.txt 0.000287233 0.000286123 1.11e-06
42 Citeseer_A.txt 0.000289633 0.000287897 1.736e-06
43 Citeseer_A.txt 0.000264045 0.000262032 2.013e-06
44 Citeseer_A.txt 0.000259828 0.000258623 1.205e-06
45 Citeseer_A.txt 0.000229439 0.00022803 1.409e-06
46 Citeseer_A.txt 0.00030424 0.000302501 1.739e-06
47 Citeseer_A.txt 0.000267152 0.000265784 1.368e-06
48 Citeseer_A.txt 0.000254155 0.000252866 1.289e-06
49 Citeseer_A.txt 0.000298023 0.000296238 1.785e-06
50 Citeseer_A.txt 0.000215489 0.000214117 1.372e-06
51 Citeseer_A.txt 0.00021973 0.000218164 1.566e-06
52 Citeseer_A.txt 0.000257138 0.000255782 1.356e-06
53 Citeseer_A.txt 0.000241928 0.000240555 1.373e-06
54 Citeseer_A.txt 0.00019826 0.000196545 1.715e-06
55 Citeseer_A.txt 0.000240814 0.000239284 1.53e-06
56 Citeseer_A.txt 0.000218729 0.000216441 2.288e-06
57 Citeseer_A.txt 0.000211211 0.000210038 1.173e-06
58 Citeseer_A.txt 0.000243882 0.000242087 1.795e-06
59 Citeseer_A.txt 0.000258213 0.000256955 1.258e-06
60 Citeseer_A.txt 0.000248324 0.000246716 1.608e-06
61 Citeseer_A.txt 0.000308951 0.000306855 2.096e-06
62 Citeseer_A.txt 0.000255245 0.00025321 2.035e-06
63 Citeseer_A.txt 0.000234518 0.000232907 1.611e-06
64 Citeseer_A.txt 0.000184819 0.000182808 2.011e-06
65 Citeseer_A.txt 0.00021222 0.000210772 1.448e-06
66 Citeseer_A.txt 0.000139755 0.000138015 1.74e-06
67 Citeseer_A.txt 0.000212396 0.000210206 2.19e-06
68 Citeseer_A.txt 0.000168858 0.000165901 2.957e-06
69 Citeseer_A.txt 0.000222121 0.000218339 3.782e-06
70 Citeseer_A.txt 0.0001725 0.000170825 1.675e-06
71 Citeseer_A.txt 0.000235637 0.00023391 1.727e-06
72 Citeseer_A.txt 0.00018416 0.000182602 1.558e-06
73 Citeseer_A.txt 0.000229773 0.00022702 2.753e-06
74 Citeseer_A.txt 0.000213484 0.000210771 2.713e-06
75 Citeseer_A.txt 0.00023952 0.000237672 1.848e-06
76 Citeseer_A.txt 0.000208498 0.000205576 2.922e-06
77 Citeseer_A.txt 0.000207634 0.000205977 1.657e-06
78 Citeseer_A.txt 0.000196474 0.00019446 2.014e-06
79 Citeseer_A.txt 0.000180345 0.000177805 2.54e-06
80 Citeseer_A.txt 0.000182677 0.000180037 2.64e-06
81 Citeseer_A.txt 0.000220106 0.000217973 2.133e-06
82 Citeseer_A.txt 0.00017736 0.000174699 2.661e-06
83 Citeseer_A.txt 0.000199421 0.000197587 1.834e-06
84 Citeseer_A.txt 0.000182174 0.000180205 1.969e-06
85 Citeseer_A.txt 0.00016924 0.000167773 1.467e-06
86 Citeseer_A.txt 0.000154008 0.000151879 2.129e-06
87 Citeseer_A.txt 0.000216494 0.000214866 1.628e-06
88 Citeseer_A.txt 0.000169284 0.000167457 1.827e-06
89 Citeseer_A.txt 0.000192608 0.000190265 2.343e-06
90 Citeseer_A.txt 0.000219538 0.000217633 1.905e-06
91 Citeseer_A.txt 0.000238481 0.000236717 1.764e-06
92 Citeseer_A.txt 0.000236041 0.000234487 1.554e-06
93 Citeseer_A.txt 0.000252841 0.000250594 2.247e-06
94 Citeseer_A.txt 0.000194928 0.000193224 1.704e-06
95 Citeseer_A.txt 0.000215705 0.000211122 4.583e-06
TACC:  Shutdown complete. Exiting. 
