TACC:  Starting up job 10066049 
TACC:  Starting parallel tasks... 
0 Citeseer_feat_L1.txt 0.000887539 0.000840302 4.7237e-05
1 Citeseer_feat_L1.txt 0.00100356 0.000977927 2.5629e-05
2 Citeseer_feat_L1.txt 0.000985891 0.000956037 2.9854e-05
3 Citeseer_feat_L1.txt 0.00105837 0.0010352 2.3168e-05
4 Citeseer_feat_L1.txt 0.000993469 0.000970325 2.3144e-05
5 Citeseer_feat_L1.txt 0.00102442 0.00100191 2.2513e-05
6 Citeseer_feat_L1.txt 0.00111052 0.00108222 2.8295e-05
7 Citeseer_feat_L1.txt 0.00110651 0.0010814 2.5103e-05
8 Citeseer_feat_L1.txt 0.000973287 0.000946647 2.664e-05
9 Citeseer_feat_L1.txt 0.00104621 0.00102402 2.2183e-05
10 Citeseer_feat_L1.txt 0.00103338 0.00101039 2.2986e-05
11 Citeseer_feat_L1.txt 0.00111383 0.00109092 2.2912e-05
12 Citeseer_feat_L1.txt 0.00104294 0.000997754 4.5182e-05
13 Citeseer_feat_L1.txt 0.00113603 0.00110794 2.8083e-05
14 Citeseer_feat_L1.txt 0.00109175 0.00105499 3.6765e-05
15 Citeseer_feat_L1.txt 0.00113141 0.00110871 2.27e-05
16 Citeseer_feat_L1.txt 0.00104767 0.00102654 2.1133e-05
17 Citeseer_feat_L1.txt 0.00106734 0.00104393 2.3405e-05
18 Citeseer_feat_L1.txt 0.00113224 0.00110249 2.975e-05
19 Citeseer_feat_L1.txt 0.00113025 0.00110161 2.864e-05
20 Citeseer_feat_L1.txt 0.00112094 0.00109069 3.0243e-05
21 Citeseer_feat_L1.txt 0.00106304 0.00104044 2.2599e-05
22 Citeseer_feat_L1.txt 0.00113276 0.00111247 2.0289e-05
23 Citeseer_feat_L1.txt 0.00106821 0.00104643 2.1781e-05
24 Citeseer_feat_L1.txt 0.000988041 0.000960694 2.7347e-05
25 Citeseer_feat_L1.txt 0.0010455 0.00101533 3.0167e-05
26 Citeseer_feat_L1.txt 0.000995903 0.000969677 2.6226e-05
27 Citeseer_feat_L1.txt 0.00107994 0.0010572 2.2742e-05
28 Citeseer_feat_L1.txt 0.000952731 0.000931588 2.1143e-05
29 Citeseer_feat_L1.txt 0.00106076 0.00103903 2.1735e-05
30 Citeseer_feat_L1.txt 0.00116484 0.00113772 2.7124e-05
31 Citeseer_feat_L1.txt 0.00107746 0.0010502 2.726e-05
32 Citeseer_feat_L1.txt 0.000873912 0.000848235 2.5677e-05
33 Citeseer_feat_L1.txt 0.00102663 0.000999657 2.6971e-05
34 Citeseer_feat_L1.txt 0.000990413 0.000968591 2.1822e-05
35 Citeseer_feat_L1.txt 0.00107403 0.00105202 2.2014e-05
36 Citeseer_feat_L1.txt 0.000985895 0.000958991 2.6904e-05
37 Citeseer_feat_L1.txt 0.00102217 0.0009951 2.7066e-05
38 Citeseer_feat_L1.txt 0.00108894 0.00106217 2.6767e-05
39 Citeseer_feat_L1.txt 0.00109439 0.00107049 2.3896e-05
40 Citeseer_feat_L1.txt 0.000962125 0.00093951 2.2615e-05
41 Citeseer_feat_L1.txt 0.00103176 0.00100969 2.207e-05
42 Citeseer_feat_L1.txt 0.00103212 0.00100542 2.6698e-05
43 Citeseer_feat_L1.txt 0.00110863 0.00108034 2.8293e-05
44 Citeseer_feat_L1.txt 0.00102815 0.00100021 2.7947e-05
45 Citeseer_feat_L1.txt 0.0011446 0.00112104 2.3561e-05
46 Citeseer_feat_L1.txt 0.00109611 0.00107355 2.2558e-05
47 Citeseer_feat_L1.txt 0.00114124 0.00111912 2.2117e-05
48 Citeseer_feat_L1.txt 0.00104277 0.00101652 2.6252e-05
49 Citeseer_feat_L1.txt 0.00104892 0.00102479 2.4123e-05
50 Citeseer_feat_L1.txt 0.00110912 0.00108279 2.6322e-05
51 Citeseer_feat_L1.txt 0.00111887 0.00109465 2.4217e-05
52 Citeseer_feat_L1.txt 0.00110256 0.00108081 2.1746e-05
53 Citeseer_feat_L1.txt 0.00101487 0.00099288 2.1987e-05
54 Citeseer_feat_L1.txt 0.00113521 0.00110607 2.9147e-05
55 Citeseer_feat_L1.txt 0.00106352 0.00103367 2.9854e-05
56 Citeseer_feat_L1.txt 0.000996483 0.000967028 2.9455e-05
57 Citeseer_feat_L1.txt 0.00104352 0.00102146 2.2063e-05
58 Citeseer_feat_L1.txt 0.00101206 0.000988961 2.3098e-05
59 Citeseer_feat_L1.txt 0.00108448 0.00106156 2.2914e-05
60 Citeseer_feat_L1.txt 0.000933101 0.000906084 2.7017e-05
61 Citeseer_feat_L1.txt 0.00107282 0.00103914 3.3679e-05
62 Citeseer_feat_L1.txt 0.00114463 0.00111764 2.6995e-05
63 Citeseer_feat_L1.txt 0.00105942 0.0010307 2.8714e-05
64 Citeseer_feat_L1.txt 0.000814812 0.000791405 2.3407e-05
65 Citeseer_feat_L1.txt 0.000959711 0.000935481 2.423e-05
66 Citeseer_feat_L1.txt 0.000939416 0.000912117 2.7299e-05
67 Citeseer_feat_L1.txt 0.00102627 0.000998623 2.7648e-05
68 Citeseer_feat_L1.txt 0.000919719 0.000892134 2.7585e-05
69 Citeseer_feat_L1.txt 0.000993422 0.000969747 2.3675e-05
70 Citeseer_feat_L1.txt 0.00105685 0.00103478 2.2072e-05
71 Citeseer_feat_L1.txt 0.00105648 0.00103368 2.2805e-05
72 Citeseer_feat_L1.txt 0.00088743 0.000860163 2.7267e-05
73 Citeseer_feat_L1.txt 0.000941098 0.000918128 2.297e-05
74 Citeseer_feat_L1.txt 0.000933937 0.000906513 2.7424e-05
75 Citeseer_feat_L1.txt 0.00105293 0.0010284 2.4532e-05
76 Citeseer_feat_L1.txt 0.000962437 0.000939042 2.3395e-05
77 Citeseer_feat_L1.txt 0.0010806 0.00105843 2.2167e-05
78 Citeseer_feat_L1.txt 0.00102363 0.000997013 2.6617e-05
79 Citeseer_feat_L1.txt 0.00103979 0.00101331 2.6477e-05
80 Citeseer_feat_L1.txt 0.000983739 0.00095613 2.7609e-05
81 Citeseer_feat_L1.txt 0.000984638 0.000962941 2.1697e-05
82 Citeseer_feat_L1.txt 0.00108142 0.00105849 2.2925e-05
83 Citeseer_feat_L1.txt 0.00106604 0.00104317 2.2875e-05
84 Citeseer_feat_L1.txt 0.00103969 0.00101479 2.4904e-05
85 Citeseer_feat_L1.txt 0.000931906 0.000906511 2.5395e-05
86 Citeseer_feat_L1.txt 0.00104036 0.00101477 2.5592e-05
87 Citeseer_feat_L1.txt 0.000978724 0.000955366 2.3358e-05
88 Citeseer_feat_L1.txt 0.000905608 0.000883399 2.2209e-05
89 Citeseer_feat_L1.txt 0.000935517 0.000911474 2.4043e-05
90 Citeseer_feat_L1.txt 0.000945857 0.000920411 2.5446e-05
91 Citeseer_feat_L1.txt 0.0010366 0.00100807 2.8536e-05
92 Citeseer_feat_L1.txt 0.000876608 0.000851769 2.4839e-05
93 Citeseer_feat_L1.txt 0.0010367 0.00100615 3.0549e-05
94 Citeseer_feat_L1.txt 0.0011127 0.00109063 2.2073e-05
95 Citeseer_feat_L1.txt 0.00106561 0.000999945 6.5662e-05
0 Citeseer_A.txt 0.000390733 0.000388066 2.667e-06
1 Citeseer_A.txt 0.000395911 0.000393683 2.228e-06
2 Citeseer_A.txt 0.000438083 0.000435317 2.766e-06
3 Citeseer_A.txt 0.000397879 0.000396049 1.83e-06
4 Citeseer_A.txt 0.000942544 0.000940583 1.961e-06
5 Citeseer_A.txt 0.000370094 0.000368672 1.422e-06
6 Citeseer_A.txt 0.000375148 0.000372925 2.223e-06
7 Citeseer_A.txt 0.000412517 0.000410918 1.599e-06
8 Citeseer_A.txt 0.000412941 0.000410934 2.007e-06
9 Citeseer_A.txt 0.000431602 0.000430177 1.425e-06
10 Citeseer_A.txt 0.000456804 0.000455072 1.732e-06
11 Citeseer_A.txt 0.000412076 0.000410577 1.499e-06
12 Citeseer_A.txt 0.000428045 0.000426062 1.983e-06
13 Citeseer_A.txt 0.000463731 0.000461616 2.115e-06
14 Citeseer_A.txt 0.000433741 0.000431674 2.067e-06
15 Citeseer_A.txt 0.000408185 0.000406095 2.09e-06
16 Citeseer_A.txt 0.00042642 0.000425032 1.388e-06
17 Citeseer_A.txt 0.000483671 0.000481837 1.834e-06
18 Citeseer_A.txt 0.000441113 0.000438757 2.356e-06
19 Citeseer_A.txt 0.000495104 0.000492613 2.491e-06
20 Citeseer_A.txt 0.000418908 0.000416521 2.387e-06
21 Citeseer_A.txt 0.000485498 0.000483582 1.916e-06
22 Citeseer_A.txt 0.000454336 0.00045221 2.126e-06
23 Citeseer_A.txt 0.000467062 0.000465707 1.355e-06
24 Citeseer_A.txt 0.000465985 0.000463546 2.439e-06
25 Citeseer_A.txt 0.000449688 0.000447528 2.16e-06
26 Citeseer_A.txt 0.000390046 0.000387249 2.797e-06
27 Citeseer_A.txt 0.00043057 0.000429024 1.546e-06
28 Citeseer_A.txt 0.000421362 0.000419815 1.547e-06
29 Citeseer_A.txt 0.000325566 0.000323805 1.761e-06
30 Citeseer_A.txt 0.00044643 0.000444557 1.873e-06
31 Citeseer_A.txt 0.000446047 0.000444163 1.884e-06
32 Citeseer_A.txt 0.00038663 0.000384802 1.828e-06
33 Citeseer_A.txt 0.000399147 0.000397091 2.056e-06
34 Citeseer_A.txt 0.000438452 0.000436674 1.778e-06
35 Citeseer_A.txt 0.000397636 0.000395284 2.352e-06
36 Citeseer_A.txt 0.000857844 0.000855476 2.368e-06
37 Citeseer_A.txt 0.000354794 0.000352621 2.173e-06
38 Citeseer_A.txt 0.000371862 0.000369126 2.736e-06
39 Citeseer_A.txt 0.000411732 0.000408647 3.085e-06
40 Citeseer_A.txt 0.000417132 0.000414787 2.345e-06
41 Citeseer_A.txt 0.000424459 0.000422381 2.078e-06
42 Citeseer_A.txt 0.000451791 0.000448616 3.175e-06
43 Citeseer_A.txt 0.000407624 0.000403573 4.051e-06
44 Citeseer_A.txt 0.000411834 0.000409471 2.363e-06
45 Citeseer_A.txt 0.000464472 0.000461905 2.567e-06
46 Citeseer_A.txt 0.00043845 0.000434963 3.487e-06
47 Citeseer_A.txt 0.000406585 0.000404036 2.549e-06
48 Citeseer_A.txt 0.000401548 0.000399061 2.487e-06
49 Citeseer_A.txt 0.00047758 0.00047419 3.39e-06
50 Citeseer_A.txt 0.000421709 0.000419075 2.634e-06
51 Citeseer_A.txt 0.00049761 0.000494468 3.142e-06
52 Citeseer_A.txt 0.000417842 0.000415775 2.067e-06
53 Citeseer_A.txt 0.000480227 0.000477732 2.495e-06
54 Citeseer_A.txt 0.000446906 0.000443059 3.847e-06
55 Citeseer_A.txt 0.000459218 0.000455629 3.589e-06
56 Citeseer_A.txt 0.000467007 0.000461422 5.585e-06
57 Citeseer_A.txt 0.00045365 0.000451333 2.317e-06
58 Citeseer_A.txt 0.000389161 0.000385992 3.169e-06
59 Citeseer_A.txt 0.000423393 0.000420861 2.532e-06
60 Citeseer_A.txt 0.000412606 0.000409461 3.145e-06
61 Citeseer_A.txt 0.000322882 0.000318155 4.727e-06
62 Citeseer_A.txt 0.000442999 0.000438648 4.351e-06
63 Citeseer_A.txt 0.00044883 0.000445855 2.975e-06
64 Citeseer_A.txt 0.000300142 0.000296098 4.044e-06
65 Citeseer_A.txt 0.000366111 0.000363398 2.713e-06
66 Citeseer_A.txt 0.000399928 0.000396652 3.276e-06
67 Citeseer_A.txt 0.000334198 0.000330158 4.04e-06
68 Citeseer_A.txt 0.000374254 0.000367899 6.355e-06
69 Citeseer_A.txt 0.00032805 0.000320606 7.444e-06
70 Citeseer_A.txt 0.000325808 0.000322821 2.987e-06
71 Citeseer_A.txt 0.000378218 0.000375161 3.057e-06
72 Citeseer_A.txt 0.000381879 0.000379081 2.798e-06
73 Citeseer_A.txt 0.000389959 0.000384893 5.066e-06
74 Citeseer_A.txt 0.000417387 0.000412632 4.755e-06
75 Citeseer_A.txt 0.000376781 0.000373208 3.573e-06
76 Citeseer_A.txt 0.000381465 0.000375803 5.662e-06
77 Citeseer_A.txt 0.000420924 0.000417713 3.211e-06
78 Citeseer_A.txt 0.000389615 0.000385341 4.274e-06
79 Citeseer_A.txt 0.000300459 0.000295703 4.756e-06
80 Citeseer_A.txt 0.000291687 0.000286659 5.028e-06
81 Citeseer_A.txt 0.000395894 0.000391804 4.09e-06
82 Citeseer_A.txt 0.000399435 0.000394607 4.828e-06
83 Citeseer_A.txt 0.0003988 0.000395546 3.254e-06
84 Citeseer_A.txt 0.000368761 0.000365215 3.546e-06
85 Citeseer_A.txt 0.000400832 0.000398172 2.66e-06
86 Citeseer_A.txt 0.000397081 0.000393242 3.839e-06
87 Citeseer_A.txt 0.000423779 0.000421032 2.747e-06
88 Citeseer_A.txt 0.000404524 0.000401279 3.245e-06
89 Citeseer_A.txt 0.000377724 0.000373214 4.51e-06
90 Citeseer_A.txt 0.000347031 0.000343675 3.356e-06
91 Citeseer_A.txt 0.000381168 0.000378024 3.144e-06
92 Citeseer_A.txt 0.000372468 0.000369696 2.772e-06
93 Citeseer_A.txt 0.000287585 0.000283583 4.002e-06
94 Citeseer_A.txt 0.000410736 0.000407815 2.921e-06
95 Citeseer_A.txt 0.000419152 0.000410379 8.773e-06
TACC:  Shutdown complete. Exiting. 
