TACC:  Starting up job 10024557 
TACC:  Starting parallel tasks... 
0 Pubmed_feat_L1.txt 0.00150212 0.00128268 0.000219438
1 Pubmed_feat_L1.txt 0.0015209 0.00130612 0.000214779
2 Pubmed_feat_L1.txt 0.00155445 0.00132221 0.000232233
3 Pubmed_feat_L1.txt 0.00161682 0.00139553 0.000221291
4 Pubmed_feat_L1.txt 0.00143087 0.00120839 0.000222478
5 Pubmed_feat_L1.txt 0.00161317 0.00135869 0.000254488
6 Pubmed_feat_L1.txt 0.00162816 0.00139166 0.000236501
7 Pubmed_feat_L1.txt 0.00157671 0.00132321 0.000253497
8 Pubmed_feat_L1.txt 0.00147553 0.00125106 0.000224466
9 Pubmed_feat_L1.txt 0.00161659 0.00137003 0.000246553
10 Pubmed_feat_L1.txt 0.00160345 0.00137798 0.000225466
11 Pubmed_feat_L1.txt 0.00163905 0.00138398 0.000255072
12 Pubmed_feat_L1.txt 0.00162156 0.00140469 0.000216869
13 Pubmed_feat_L1.txt 0.0016481 0.0013889 0.000259199
14 Pubmed_feat_L1.txt 0.00163907 0.00138319 0.00025588
15 Pubmed_feat_L1.txt 0.00159855 0.00134893 0.000249614
16 Pubmed_feat_L1.txt 0.00158761 0.00128953 0.000298089
17 Pubmed_feat_L1.txt 0.00162474 0.00136376 0.000260988
18 Pubmed_feat_L1.txt 0.00163965 0.00140162 0.000238028
19 Pubmed_feat_L1.txt 0.00164662 0.00141186 0.000234753
20 Pubmed_feat_L1.txt 0.00162872 0.00139523 0.000233496
21 Pubmed_feat_L1.txt 0.00160048 0.00136852 0.000231952
22 Pubmed_feat_L1.txt 0.00151085 0.00127713 0.000233729
23 Pubmed_feat_L1.txt 0.0015171 0.00127662 0.00024048
24 Pubmed_feat_L1.txt 0.00158405 0.00133099 0.00025306
25 Pubmed_feat_L1.txt 0.00163689 0.00136291 0.000273979
26 Pubmed_feat_L1.txt 0.00161694 0.00135804 0.000258899
27 Pubmed_feat_L1.txt 0.00157323 0.00131084 0.000262386
28 Pubmed_feat_L1.txt 0.00151461 0.0012637 0.000250905
29 Pubmed_feat_L1.txt 0.00160866 0.00134454 0.000264122
30 Pubmed_feat_L1.txt 0.00161706 0.00135021 0.000266852
31 Pubmed_feat_L1.txt 0.00158785 0.00133625 0.000251601
32 Pubmed_feat_L1.txt 0.00146522 0.00119809 0.000267133
33 Pubmed_feat_L1.txt 0.00140641 0.00113812 0.000268286
34 Pubmed_feat_L1.txt 0.00150951 0.00124095 0.000268562
35 Pubmed_feat_L1.txt 0.00151551 0.00127472 0.000240789
36 Pubmed_feat_L1.txt 0.00156192 0.00132856 0.000233364
37 Pubmed_feat_L1.txt 0.00150033 0.00126243 0.000237901
38 Pubmed_feat_L1.txt 0.00147301 0.00124475 0.000228261
39 Pubmed_feat_L1.txt 0.00158713 0.00131202 0.000275108
40 Pubmed_feat_L1.txt 0.0016135 0.00133078 0.000282718
41 Pubmed_feat_L1.txt 0.00160992 0.00135547 0.000254448
42 Pubmed_feat_L1.txt 0.00150623 0.00124703 0.000259197
43 Pubmed_feat_L1.txt 0.00156802 0.00132004 0.000247985
44 Pubmed_feat_L1.txt 0.00149011 0.00123757 0.000252536
45 Pubmed_feat_L1.txt 0.00155517 0.00129834 0.000256828
46 Pubmed_feat_L1.txt 0.00148694 0.00122844 0.000258496
47 Pubmed_feat_L1.txt 0.00159334 0.00133666 0.000256679
48 Pubmed_feat_L1.txt 0.00145414 0.00116905 0.000285092
49 Pubmed_feat_L1.txt 0.00152312 0.00129081 0.000232316
50 Pubmed_feat_L1.txt 0.00156924 0.00131146 0.000257777
51 Pubmed_feat_L1.txt 0.00161984 0.00137923 0.000240611
52 Pubmed_feat_L1.txt 0.00159156 0.00131939 0.000272165
53 Pubmed_feat_L1.txt 0.00160326 0.00136236 0.0002409
54 Pubmed_feat_L1.txt 0.0015355 0.00129812 0.00023738
55 Pubmed_feat_L1.txt 0.00169917 0.00144932 0.000249849
56 Pubmed_feat_L1.txt 0.00173956 0.00140516 0.0003344
57 Pubmed_feat_L1.txt 0.00172611 0.00144461 0.000281495
58 Pubmed_feat_L1.txt 0.00153599 0.00126356 0.000272432
59 Pubmed_feat_L1.txt 0.00171363 0.00143311 0.000280514
60 Pubmed_feat_L1.txt 0.00151134 0.00125547 0.000255874
61 Pubmed_feat_L1.txt 0.00174355 0.00148231 0.000261233
62 Pubmed_feat_L1.txt 0.00174342 0.00142918 0.000314237
63 Pubmed_feat_L1.txt 0.00178385 0.00146542 0.000318421
64 Pubmed_feat_L1.txt 0.00156112 0.00131666 0.00024446
65 Pubmed_feat_L1.txt 0.00167166 0.00139733 0.000274336
66 Pubmed_feat_L1.txt 0.00166962 0.00143356 0.00023606
67 Pubmed_feat_L1.txt 0.00170594 0.00138796 0.000317984
68 Pubmed_feat_L1.txt 0.00165168 0.00135224 0.00029944
69 Pubmed_feat_L1.txt 0.00162854 0.00134181 0.000286739
70 Pubmed_feat_L1.txt 0.00173133 0.00142659 0.000304741
71 Pubmed_feat_L1.txt 0.0016765 0.0014015 0.000275003
72 Pubmed_feat_L1.txt 0.00158689 0.00130726 0.000279635
73 Pubmed_feat_L1.txt 0.00163349 0.00135946 0.000274038
74 Pubmed_feat_L1.txt 0.00168749 0.00141212 0.000275374
75 Pubmed_feat_L1.txt 0.00172275 0.00140748 0.000315268
76 Pubmed_feat_L1.txt 0.00166793 0.00136564 0.00030229
77 Pubmed_feat_L1.txt 0.00167441 0.00135881 0.000315601
78 Pubmed_feat_L1.txt 0.00171705 0.00134763 0.000369413
79 Pubmed_feat_L1.txt 0.00155547 0.00128817 0.000267293
80 Pubmed_feat_L1.txt 0.0014075 0.00117657 0.000230923
81 Pubmed_feat_L1.txt 0.00142616 0.00120117 0.00022499
82 Pubmed_feat_L1.txt 0.00143416 0.00118325 0.000250904
83 Pubmed_feat_L1.txt 0.0014772 0.00124267 0.000234527
84 Pubmed_feat_L1.txt 0.001453 0.00121352 0.000239489
85 Pubmed_feat_L1.txt 0.00145674 0.00120494 0.000251803
86 Pubmed_feat_L1.txt 0.00162643 0.00128054 0.000345894
87 Pubmed_feat_L1.txt 0.00159385 0.00129741 0.000296441
88 Pubmed_feat_L1.txt 0.0015525 0.00125184 0.000300658
89 Pubmed_feat_L1.txt 0.0016368 0.00133939 0.000297408
90 Pubmed_feat_L1.txt 0.00149811 0.00123052 0.000267592
91 Pubmed_feat_L1.txt 0.00157153 0.0013355 0.000236028
92 Pubmed_feat_L1.txt 0.0015118 0.00122348 0.000288323
93 Pubmed_feat_L1.txt 0.0015107 0.00123863 0.000272066
94 Pubmed_feat_L1.txt 0.00160776 0.00132318 0.000284576
95 Pubmed_feat_L1.txt 0.00158285 0.00128706 0.000295792
0 Pubmed_A.txt 0.00288638 0.00287382 1.2554e-05
1 Pubmed_A.txt 0.00286911 0.00285891 1.0201e-05
2 Pubmed_A.txt 0.00287944 0.0028679 1.1544e-05
3 Pubmed_A.txt 0.00284397 0.00283027 1.3706e-05
4 Pubmed_A.txt 0.00286153 0.00284415 1.7381e-05
5 Pubmed_A.txt 0.00286587 0.00285297 1.2899e-05
6 Pubmed_A.txt 0.00286467 0.00284875 1.5924e-05
7 Pubmed_A.txt 0.00291548 0.00290335 1.2137e-05
8 Pubmed_A.txt 0.00293157 0.00291209 1.9481e-05
9 Pubmed_A.txt 0.00290542 0.0028927 1.2716e-05
10 Pubmed_A.txt 0.00292177 0.00290984 1.1924e-05
11 Pubmed_A.txt 0.00292949 0.00291902 1.0472e-05
12 Pubmed_A.txt 0.0029243 0.00290994 1.4358e-05
13 Pubmed_A.txt 0.0029321 0.00292025 1.1858e-05
14 Pubmed_A.txt 0.0029403 0.00292832 1.1984e-05
15 Pubmed_A.txt 0.00292627 0.00291458 1.1692e-05
16 Pubmed_A.txt 0.00296283 0.00294787 1.496e-05
17 Pubmed_A.txt 0.00297363 0.00296216 1.1473e-05
18 Pubmed_A.txt 0.00299411 0.00298012 1.3983e-05
19 Pubmed_A.txt 0.00301268 0.00298837 2.4317e-05
20 Pubmed_A.txt 0.00300688 0.00298677 2.0109e-05
21 Pubmed_A.txt 0.00301513 0.00300114 1.3981e-05
22 Pubmed_A.txt 0.00302198 0.00300954 1.2438e-05
23 Pubmed_A.txt 0.00302644 0.00301097 1.5473e-05
24 Pubmed_A.txt 0.00303131 0.00301282 1.8491e-05
25 Pubmed_A.txt 0.00302203 0.00300841 1.3616e-05
26 Pubmed_A.txt 0.00301924 0.00300576 1.3482e-05
27 Pubmed_A.txt 0.00298912 0.00297538 1.3747e-05
28 Pubmed_A.txt 0.00297831 0.00296454 1.3777e-05
29 Pubmed_A.txt 0.00297749 0.00296409 1.3394e-05
30 Pubmed_A.txt 0.00292027 0.00290554 1.4738e-05
31 Pubmed_A.txt 0.00293489 0.00290253 3.2354e-05
32 Pubmed_A.txt 0.0028462 0.00282683 1.9364e-05
33 Pubmed_A.txt 0.00289778 0.00288028 1.7495e-05
34 Pubmed_A.txt 0.00290317 0.00288798 1.5191e-05
35 Pubmed_A.txt 0.0029435 0.00293159 1.1913e-05
36 Pubmed_A.txt 0.00296143 0.00293961 2.182e-05
37 Pubmed_A.txt 0.00298047 0.00296288 1.7589e-05
38 Pubmed_A.txt 0.00301888 0.00300082 1.806e-05
39 Pubmed_A.txt 0.00305041 0.00301852 3.1896e-05
40 Pubmed_A.txt 0.00306426 0.00304342 2.0839e-05
41 Pubmed_A.txt 0.00309342 0.0030548 3.8625e-05
42 Pubmed_A.txt 0.0030919 0.00307029 2.1609e-05
43 Pubmed_A.txt 0.00311267 0.00307329 3.9377e-05
44 Pubmed_A.txt 0.00313109 0.00309614 3.4956e-05
45 Pubmed_A.txt 0.00313192 0.00309485 3.7075e-05
46 Pubmed_A.txt 0.00312865 0.00309995 2.8706e-05
47 Pubmed_A.txt 0.00314136 0.00310415 3.721e-05
48 Pubmed_A.txt 0.00312984 0.00310501 2.4834e-05
49 Pubmed_A.txt 0.00312991 0.00309412 3.5796e-05
50 Pubmed_A.txt 0.00313325 0.00309187 4.1373e-05
51 Pubmed_A.txt 0.00312659 0.00308006 4.6535e-05
52 Pubmed_A.txt 0.00313058 0.00307781 5.2769e-05
53 Pubmed_A.txt 0.00312419 0.00306538 5.8813e-05
54 Pubmed_A.txt 0.00312637 0.00306197 6.4405e-05
55 Pubmed_A.txt 0.00309855 0.00306063 3.7923e-05
56 Pubmed_A.txt 0.00306548 0.00304368 2.1804e-05
57 Pubmed_A.txt 0.00307049 0.00303982 3.0668e-05
58 Pubmed_A.txt 0.00307423 0.00301855 5.568e-05
59 Pubmed_A.txt 0.00306782 0.0030148 5.3014e-05
60 Pubmed_A.txt 0.00307929 0.00301073 6.8562e-05
61 Pubmed_A.txt 0.00304665 0.00300955 3.7101e-05
62 Pubmed_A.txt 0.00307075 0.00301697 5.3785e-05
63 Pubmed_A.txt 0.00305681 0.00301793 3.8875e-05
64 Pubmed_A.txt 0.00308328 0.00302514 5.814e-05
65 Pubmed_A.txt 0.00307405 0.00302441 4.9641e-05
66 Pubmed_A.txt 0.00307623 0.00303032 4.5907e-05
67 Pubmed_A.txt 0.00308088 0.00303249 4.8393e-05
68 Pubmed_A.txt 0.00308163 0.00303903 4.2602e-05
69 Pubmed_A.txt 0.00307388 0.00303821 3.5667e-05
70 Pubmed_A.txt 0.00306675 0.00303591 3.0838e-05
71 Pubmed_A.txt 0.00307268 0.00304679 2.5895e-05
72 Pubmed_A.txt 0.00309248 0.00305599 3.6487e-05
73 Pubmed_A.txt 0.00306957 0.00303689 3.2676e-05
74 Pubmed_A.txt 0.00305652 0.00302878 2.7741e-05
75 Pubmed_A.txt 0.00305669 0.00302827 2.8418e-05
76 Pubmed_A.txt 0.00304827 0.0030131 3.5171e-05
77 Pubmed_A.txt 0.00304578 0.00301148 3.4299e-05
78 Pubmed_A.txt 0.00301997 0.00299222 2.7752e-05
79 Pubmed_A.txt 0.00302837 0.0029883 4.0076e-05
80 Pubmed_A.txt 0.00304168 0.0029757 6.5973e-05
81 Pubmed_A.txt 0.00305089 0.0029754 7.5491e-05
82 Pubmed_A.txt 0.00299243 0.00295719 3.5244e-05
83 Pubmed_A.txt 0.00300803 0.00295613 5.19e-05
84 Pubmed_A.txt 0.00300939 0.00295424 5.5158e-05
85 Pubmed_A.txt 0.00301048 0.00295122 5.9261e-05
86 Pubmed_A.txt 0.00300364 0.00294974 5.3908e-05
87 Pubmed_A.txt 0.00296551 0.00292606 3.9452e-05
88 Pubmed_A.txt 0.00293284 0.00290057 3.2271e-05
89 Pubmed_A.txt 0.00294654 0.00290664 3.9904e-05
90 Pubmed_A.txt 0.00292637 0.00289438 3.1992e-05
91 Pubmed_A.txt 0.00293315 0.00289415 3.8998e-05
92 Pubmed_A.txt 0.00295612 0.00287303 8.3086e-05
93 Pubmed_A.txt 0.00299285 0.00289098 0.000101864
94 Pubmed_A.txt 0.00297037 0.00290195 6.8424e-05
95 Pubmed_A.txt 0.0029356 0.00287549 6.0114e-05
TACC:  Shutdown complete. Exiting. 
