TACC:  Starting up job 10024557 
TACC:  Starting parallel tasks... 
0 Pubmed_feat_L2.txt 0.00135811 0.00134053 1.7588e-05
1 Pubmed_feat_L2.txt 0.000986665 0.00096969 1.6975e-05
2 Pubmed_feat_L2.txt 0.00128972 0.00127249 1.7232e-05
3 Pubmed_feat_L2.txt 0.000986564 0.000969336 1.7228e-05
4 Pubmed_feat_L2.txt 0.00189476 0.00187729 1.747e-05
5 Pubmed_feat_L2.txt 0.00109092 0.00107338 1.7545e-05
6 Pubmed_feat_L2.txt 0.001744 0.00172709 1.6913e-05
7 Pubmed_feat_L2.txt 0.00126047 0.0012435 1.6974e-05
8 Pubmed_feat_L2.txt 0.00161981 0.00160306 1.6747e-05
9 Pubmed_feat_L2.txt 0.000941887 0.000924796 1.7091e-05
10 Pubmed_feat_L2.txt 0.00172353 0.00170619 1.7334e-05
11 Pubmed_feat_L2.txt 0.000934509 0.000917009 1.75e-05
12 Pubmed_feat_L2.txt 0.00196441 0.00194709 1.7325e-05
13 Pubmed_feat_L2.txt 0.00093231 0.000915368 1.6942e-05
14 Pubmed_feat_L2.txt 0.00160497 0.00158727 1.7697e-05
15 Pubmed_feat_L2.txt 0.00112867 0.00111174 1.6931e-05
16 Pubmed_feat_L2.txt 0.00131612 0.00129916 1.696e-05
17 Pubmed_feat_L2.txt 0.000958183 0.000941133 1.705e-05
18 Pubmed_feat_L2.txt 0.00192307 0.00190558 1.7491e-05
19 Pubmed_feat_L2.txt 0.00098581 0.000968578 1.7232e-05
20 Pubmed_feat_L2.txt 0.00195614 0.00193913 1.7012e-05
21 Pubmed_feat_L2.txt 0.000961205 0.00094386 1.7345e-05
22 Pubmed_feat_L2.txt 0.00180415 0.00178194 2.221e-05
23 Pubmed_feat_L2.txt 0.00126234 0.00124297 1.9375e-05
24 Pubmed_feat_L2.txt 0.00190302 0.00188581 1.7204e-05
25 Pubmed_feat_L2.txt 0.00119158 0.00117456 1.7014e-05
26 Pubmed_feat_L2.txt 0.00195129 0.00193396 1.7336e-05
27 Pubmed_feat_L2.txt 0.00114018 0.00112307 1.7116e-05
28 Pubmed_feat_L2.txt 0.0019743 0.00195738 1.6921e-05
29 Pubmed_feat_L2.txt 0.00125686 0.00123992 1.6945e-05
30 Pubmed_feat_L2.txt 0.00199253 0.0019756 1.6933e-05
31 Pubmed_feat_L2.txt 0.00121827 0.0012004 1.7866e-05
32 Pubmed_feat_L2.txt 0.00176842 0.00175082 1.7597e-05
33 Pubmed_feat_L2.txt 0.000938766 0.000921657 1.7109e-05
34 Pubmed_feat_L2.txt 0.00182223 0.00180515 1.7087e-05
35 Pubmed_feat_L2.txt 0.000931205 0.000914102 1.7103e-05
36 Pubmed_feat_L2.txt 0.00199886 0.00198171 1.7154e-05
37 Pubmed_feat_L2.txt 0.000948148 0.000930536 1.7612e-05
38 Pubmed_feat_L2.txt 0.00197192 0.0019529 1.9025e-05
39 Pubmed_feat_L2.txt 0.00122386 0.00120667 1.7188e-05
40 Pubmed_feat_L2.txt 0.00194835 0.00193094 1.7413e-05
41 Pubmed_feat_L2.txt 0.000940869 0.000923801 1.7068e-05
42 Pubmed_feat_L2.txt 0.00188725 0.00187026 1.6987e-05
43 Pubmed_feat_L2.txt 0.00104602 0.00102907 1.695e-05
44 Pubmed_feat_L2.txt 0.00203858 0.00202099 1.7584e-05
45 Pubmed_feat_L2.txt 0.000970328 0.000953147 1.7181e-05
46 Pubmed_feat_L2.txt 0.00196747 0.00194989 1.7583e-05
47 Pubmed_feat_L2.txt 0.00112856 0.00111169 1.6873e-05
48 Pubmed_feat_L2.txt 0.00131239 0.00129352 1.8879e-05
49 Pubmed_feat_L2.txt 0.000868756 0.000851824 1.6932e-05
50 Pubmed_feat_L2.txt 0.00199387 0.00197497 1.8899e-05
51 Pubmed_feat_L2.txt 0.000922511 0.000903093 1.9418e-05
52 Pubmed_feat_L2.txt 0.00187345 0.00185649 1.696e-05
53 Pubmed_feat_L2.txt 0.000894156 0.000877133 1.7023e-05
54 Pubmed_feat_L2.txt 0.00183891 0.00182195 1.6961e-05
55 Pubmed_feat_L2.txt 0.00130495 0.00128804 1.6908e-05
56 Pubmed_feat_L2.txt 0.00176272 0.00174339 1.9327e-05
57 Pubmed_feat_L2.txt 0.000914388 0.000897228 1.716e-05
58 Pubmed_feat_L2.txt 0.00186954 0.00185217 1.7368e-05
59 Pubmed_feat_L2.txt 0.000888296 0.000871341 1.6955e-05
60 Pubmed_feat_L2.txt 0.00188972 0.00187238 1.734e-05
61 Pubmed_feat_L2.txt 0.000870153 0.000852856 1.7297e-05
62 Pubmed_feat_L2.txt 0.00190909 0.0018916 1.7484e-05
63 Pubmed_feat_L2.txt 0.00105088 0.00103347 1.7413e-05
64 Pubmed_feat_L2.txt 0.00176557 0.00174676 1.8812e-05
65 Pubmed_feat_L2.txt 0.00102391 0.00100743 1.6481e-05
66 Pubmed_feat_L2.txt 0.00178041 0.00176154 1.8869e-05
67 Pubmed_feat_L2.txt 0.000919708 0.000902523 1.7185e-05
68 Pubmed_feat_L2.txt 0.00192946 0.00191255 1.6907e-05
69 Pubmed_feat_L2.txt 0.000980757 0.000963596 1.7161e-05
70 Pubmed_feat_L2.txt 0.00189629 0.00187921 1.7081e-05
71 Pubmed_feat_L2.txt 0.00126616 0.00124869 1.7476e-05
72 Pubmed_feat_L2.txt 0.00191521 0.0018979 1.7304e-05
73 Pubmed_feat_L2.txt 0.000932696 0.000913888 1.8808e-05
74 Pubmed_feat_L2.txt 0.00191994 0.00190254 1.7401e-05
75 Pubmed_feat_L2.txt 0.000924418 0.000907414 1.7004e-05
76 Pubmed_feat_L2.txt 0.00198401 0.00196684 1.7166e-05
77 Pubmed_feat_L2.txt 0.000919796 0.000902533 1.7263e-05
78 Pubmed_feat_L2.txt 0.00188588 0.00186709 1.879e-05
79 Pubmed_feat_L2.txt 0.00108957 0.00107269 1.6878e-05
80 Pubmed_feat_L2.txt 0.0013185 0.00129962 1.8879e-05
81 Pubmed_feat_L2.txt 0.000929857 0.000912836 1.7021e-05
82 Pubmed_feat_L2.txt 0.00188191 0.00186489 1.7019e-05
83 Pubmed_feat_L2.txt 0.000980113 0.000962911 1.7202e-05
84 Pubmed_feat_L2.txt 0.00193968 0.0019228 1.6881e-05
85 Pubmed_feat_L2.txt 0.00095393 0.000936986 1.6944e-05
86 Pubmed_feat_L2.txt 0.0018444 0.0018271 1.7295e-05
87 Pubmed_feat_L2.txt 0.0013779 0.00136086 1.704e-05
88 Pubmed_feat_L2.txt 0.00187958 0.00186272 1.6866e-05
89 Pubmed_feat_L2.txt 0.00117819 0.00116128 1.6914e-05
90 Pubmed_feat_L2.txt 0.00195779 0.00194097 1.6815e-05
91 Pubmed_feat_L2.txt 0.00119943 0.001183 1.6431e-05
92 Pubmed_feat_L2.txt 0.00194094 0.00192359 1.7352e-05
93 Pubmed_feat_L2.txt 0.00116292 0.00114611 1.6806e-05
94 Pubmed_feat_L2.txt 0.00202669 0.00200969 1.7006e-05
95 Pubmed_feat_L2.txt 0.00115532 0.00113556 1.9761e-05
0 Pubmed_A.txt 0.00094008 0.000935649 4.431e-06
1 Pubmed_A.txt 0.000938701 0.000934796 3.905e-06
2 Pubmed_A.txt 0.000947755 0.000943303 4.452e-06
3 Pubmed_A.txt 0.000939699 0.000935403 4.296e-06
4 Pubmed_A.txt 0.000950678 0.000944285 6.393e-06
5 Pubmed_A.txt 0.000949395 0.000945158 4.237e-06
6 Pubmed_A.txt 0.000951732 0.000945589 6.143e-06
7 Pubmed_A.txt 0.000941563 0.00093745 4.113e-06
8 Pubmed_A.txt 0.000946499 0.000939337 7.162e-06
9 Pubmed_A.txt 0.000938836 0.000934816 4.02e-06
10 Pubmed_A.txt 0.000950782 0.000946197 4.585e-06
11 Pubmed_A.txt 0.000946785 0.000942852 3.933e-06
12 Pubmed_A.txt 0.000948622 0.000943409 5.213e-06
13 Pubmed_A.txt 0.00094634 0.000942334 4.006e-06
14 Pubmed_A.txt 0.0009515 0.000947074 4.426e-06
15 Pubmed_A.txt 0.000942294 0.000938254 4.04e-06
16 Pubmed_A.txt 0.00102191 0.00101826 3.654e-06
17 Pubmed_A.txt 0.00101729 0.00101359 3.7e-06
18 Pubmed_A.txt 0.00102657 0.00102078 5.79e-06
19 Pubmed_A.txt 0.00101878 0.00101272 6.064e-06
20 Pubmed_A.txt 0.00101651 0.00100939 7.124e-06
21 Pubmed_A.txt 0.00101113 0.00100569 5.438e-06
22 Pubmed_A.txt 0.00101812 0.00101326 4.867e-06
23 Pubmed_A.txt 0.00101133 0.00100557 5.761e-06
24 Pubmed_A.txt 0.000962275 0.000955425 6.85e-06
25 Pubmed_A.txt 0.000956227 0.000951273 4.954e-06
26 Pubmed_A.txt 0.000965973 0.000960353 5.62e-06
27 Pubmed_A.txt 0.000957065 0.000952083 4.982e-06
28 Pubmed_A.txt 0.000968945 0.000963588 5.357e-06
29 Pubmed_A.txt 0.000964359 0.000959567 4.792e-06
30 Pubmed_A.txt 0.000975246 0.000969178 6.068e-06
31 Pubmed_A.txt 0.000970103 0.000961778 8.325e-06
32 Pubmed_A.txt 0.000836543 0.000829564 6.979e-06
33 Pubmed_A.txt 0.000833347 0.000827625 5.722e-06
34 Pubmed_A.txt 0.000843189 0.000837002 6.187e-06
35 Pubmed_A.txt 0.000835205 0.000830951 4.254e-06
36 Pubmed_A.txt 0.000844777 0.000838533 6.244e-06
37 Pubmed_A.txt 0.000840317 0.00083415 6.167e-06
38 Pubmed_A.txt 0.000845771 0.000838743 7.028e-06
39 Pubmed_A.txt 0.000838786 0.0008318 6.986e-06
40 Pubmed_A.txt 0.000834185 0.000826911 7.274e-06
41 Pubmed_A.txt 0.000833362 0.000823645 9.717e-06
42 Pubmed_A.txt 0.000841296 0.000832762 8.534e-06
43 Pubmed_A.txt 0.000835848 0.000825985 9.863e-06
44 Pubmed_A.txt 0.000841187 0.000829851 1.1336e-05
45 Pubmed_A.txt 0.000834632 0.000825013 9.619e-06
46 Pubmed_A.txt 0.000848807 0.000835524 1.3283e-05
47 Pubmed_A.txt 0.000843619 0.000830963 1.2656e-05
48 Pubmed_A.txt 0.000930104 0.000921063 9.041e-06
49 Pubmed_A.txt 0.000928067 0.000918569 9.498e-06
50 Pubmed_A.txt 0.000945455 0.000930763 1.4692e-05
51 Pubmed_A.txt 0.000939024 0.000924095 1.4929e-05
52 Pubmed_A.txt 0.000957455 0.00094219 1.5265e-05
53 Pubmed_A.txt 0.000954724 0.00093818 1.6544e-05
54 Pubmed_A.txt 0.000964625 0.000943574 2.1051e-05
55 Pubmed_A.txt 0.000946065 0.000935262 1.0803e-05
56 Pubmed_A.txt 0.00093887 0.000930981 7.889e-06
57 Pubmed_A.txt 0.000934107 0.000926916 7.191e-06
58 Pubmed_A.txt 0.000958174 0.000939951 1.8223e-05
59 Pubmed_A.txt 0.000944862 0.000931474 1.3388e-05
60 Pubmed_A.txt 0.000959492 0.000940849 1.8643e-05
61 Pubmed_A.txt 0.000945769 0.000935653 1.0116e-05
62 Pubmed_A.txt 0.000957405 0.000940079 1.7326e-05
63 Pubmed_A.txt 0.000939593 0.000930218 9.375e-06
64 Pubmed_A.txt 0.00103516 0.00101813 1.7028e-05
65 Pubmed_A.txt 0.00102792 0.00101373 1.4192e-05
66 Pubmed_A.txt 0.00104159 0.00102573 1.5867e-05
67 Pubmed_A.txt 0.00103154 0.0010185 1.3035e-05
68 Pubmed_A.txt 0.00102886 0.0010168 1.2066e-05
69 Pubmed_A.txt 0.00102076 0.00101187 8.894e-06
70 Pubmed_A.txt 0.00103038 0.00102099 9.392e-06
71 Pubmed_A.txt 0.00101926 0.0010127 6.556e-06
72 Pubmed_A.txt 0.000980559 0.000970672 9.887e-06
73 Pubmed_A.txt 0.000975395 0.000966036 9.359e-06
74 Pubmed_A.txt 0.000982881 0.000973759 9.122e-06
75 Pubmed_A.txt 0.000973594 0.000966062 7.532e-06
76 Pubmed_A.txt 0.000969232 0.000959459 9.773e-06
77 Pubmed_A.txt 0.000963422 0.000955399 8.023e-06
78 Pubmed_A.txt 0.000970029 0.000961696 8.333e-06
79 Pubmed_A.txt 0.00096461 0.000954434 1.0176e-05
80 Pubmed_A.txt 0.000848219 0.000829361 1.8858e-05
81 Pubmed_A.txt 0.000844835 0.000824087 2.0748e-05
82 Pubmed_A.txt 0.000848473 0.000835759 1.2714e-05
83 Pubmed_A.txt 0.000843945 0.000829014 1.4931e-05
84 Pubmed_A.txt 0.000856634 0.000841031 1.5603e-05
85 Pubmed_A.txt 0.000853075 0.000835966 1.7109e-05
86 Pubmed_A.txt 0.000858064 0.000840687 1.7377e-05
87 Pubmed_A.txt 0.000845058 0.000833398 1.166e-05
88 Pubmed_A.txt 0.000826634 0.000816702 9.932e-06
89 Pubmed_A.txt 0.00082405 0.000813197 1.0853e-05
90 Pubmed_A.txt 0.000830091 0.000821101 8.99e-06
91 Pubmed_A.txt 0.000826485 0.000815173 1.1312e-05
92 Pubmed_A.txt 0.000844449 0.000822285 2.2164e-05
93 Pubmed_A.txt 0.000844254 0.000818008 2.6246e-05
94 Pubmed_A.txt 0.000840881 0.00082116 1.9721e-05
95 Pubmed_A.txt 0.000830301 0.00081631 1.3991e-05
TACC:  Shutdown complete. Exiting. 
