TACC:  Starting up job 10024557 
TACC:  Starting parallel tasks... 
0 Reddit_feat_L1.txt 0.00148119 0.00126112 0.000220063
1 Reddit_feat_L1.txt 0.00157195 0.00135704 0.00021491
2 Reddit_feat_L1.txt 0.00162135 0.00138849 0.000232864
3 Reddit_feat_L1.txt 0.00158289 0.00136189 0.000220998
4 Reddit_feat_L1.txt 0.00147816 0.00125567 0.000222489
5 Reddit_feat_L1.txt 0.00153698 0.0013097 0.000227286
6 Reddit_feat_L1.txt 0.00156945 0.00133298 0.000236475
7 Reddit_feat_L1.txt 0.00162711 0.00137249 0.000254623
8 Reddit_feat_L1.txt 0.00156369 0.00133981 0.000223877
9 Reddit_feat_L1.txt 0.00160437 0.00135777 0.000246599
10 Reddit_feat_L1.txt 0.00164903 0.00142312 0.000225908
11 Reddit_feat_L1.txt 0.00169125 0.00143599 0.000255252
12 Reddit_feat_L1.txt 0.00159508 0.00137797 0.000217101
13 Reddit_feat_L1.txt 0.00164801 0.00138936 0.00025865
14 Reddit_feat_L1.txt 0.00166477 0.0014088 0.000255976
15 Reddit_feat_L1.txt 0.00167573 0.00142604 0.000249693
16 Reddit_feat_L1.txt 0.0016671 0.0013691 0.000297997
17 Reddit_feat_L1.txt 0.00165723 0.0013961 0.000261127
18 Reddit_feat_L1.txt 0.00166625 0.0014288 0.000237449
19 Reddit_feat_L1.txt 0.00164761 0.00141233 0.000235275
20 Reddit_feat_L1.txt 0.00167363 0.00144016 0.000233469
21 Reddit_feat_L1.txt 0.0016872 0.00145532 0.000231878
22 Reddit_feat_L1.txt 0.00159616 0.0013622 0.000233955
23 Reddit_feat_L1.txt 0.00170176 0.00146119 0.000240566
24 Reddit_feat_L1.txt 0.00162066 0.00136733 0.000253331
25 Reddit_feat_L1.txt 0.00176017 0.0014859 0.000274276
26 Reddit_feat_L1.txt 0.0016386 0.00137929 0.000259313
27 Reddit_feat_L1.txt 0.00163129 0.00136828 0.000263008
28 Reddit_feat_L1.txt 0.00156214 0.00131161 0.000250533
29 Reddit_feat_L1.txt 0.00173698 0.00147328 0.000263694
30 Reddit_feat_L1.txt 0.00159478 0.00132843 0.00026635
31 Reddit_feat_L1.txt 0.00163131 0.00138037 0.000250936
32 Reddit_feat_L1.txt 0.0014524 0.00118573 0.000266667
33 Reddit_feat_L1.txt 0.00153106 0.00123014 0.000300916
34 Reddit_feat_L1.txt 0.00151408 0.00124509 0.000268986
35 Reddit_feat_L1.txt 0.00149461 0.00125323 0.000241379
36 Reddit_feat_L1.txt 0.00165179 0.00141811 0.000233675
37 Reddit_feat_L1.txt 0.00156606 0.00132761 0.000238449
38 Reddit_feat_L1.txt 0.00162727 0.00139926 0.000228015
39 Reddit_feat_L1.txt 0.00158152 0.00130671 0.000274809
40 Reddit_feat_L1.txt 0.00169068 0.00140804 0.000282643
41 Reddit_feat_L1.txt 0.0015728 0.00131908 0.000253718
42 Reddit_feat_L1.txt 0.0015395 0.0012799 0.000259605
43 Reddit_feat_L1.txt 0.0015513 0.00130283 0.000248476
44 Reddit_feat_L1.txt 0.00154971 0.00129656 0.000253143
45 Reddit_feat_L1.txt 0.00157093 0.00131369 0.000257241
46 Reddit_feat_L1.txt 0.00166593 0.00140761 0.000258322
47 Reddit_feat_L1.txt 0.00165044 0.00139339 0.000257047
48 Reddit_feat_L1.txt 0.0015712 0.00129651 0.000274689
49 Reddit_feat_L1.txt 0.00154836 0.00132163 0.000226723
50 Reddit_feat_L1.txt 0.0016613 0.00136754 0.000293766
51 Reddit_feat_L1.txt 0.00162808 0.00139706 0.000231018
52 Reddit_feat_L1.txt 0.00174488 0.00148324 0.00026164
53 Reddit_feat_L1.txt 0.00160699 0.00137414 0.000232852
54 Reddit_feat_L1.txt 0.00161474 0.00138894 0.000225798
55 Reddit_feat_L1.txt 0.00177385 0.00152589 0.000247967
56 Reddit_feat_L1.txt 0.0016741 0.00137052 0.000303584
57 Reddit_feat_L1.txt 0.00164742 0.00136534 0.000282079
58 Reddit_feat_L1.txt 0.00171933 0.00141794 0.000301385
59 Reddit_feat_L1.txt 0.0016757 0.00139529 0.000280414
60 Reddit_feat_L1.txt 0.00168717 0.00142641 0.000260765
61 Reddit_feat_L1.txt 0.00165899 0.00139763 0.000261358
62 Reddit_feat_L1.txt 0.00167317 0.0013924 0.000280765
63 Reddit_feat_L1.txt 0.00169105 0.00140405 0.000287007
64 Reddit_feat_L1.txt 0.00158601 0.00135012 0.000235895
65 Reddit_feat_L1.txt 0.0015853 0.00134821 0.00023709
66 Reddit_feat_L1.txt 0.00166241 0.00140664 0.000255763
67 Reddit_feat_L1.txt 0.00172235 0.00143782 0.000284523
68 Reddit_feat_L1.txt 0.00167589 0.00137476 0.000301134
69 Reddit_feat_L1.txt 0.00176018 0.00147559 0.000284595
70 Reddit_feat_L1.txt 0.00168574 0.00140691 0.000278831
71 Reddit_feat_L1.txt 0.00172799 0.00144959 0.000278395
72 Reddit_feat_L1.txt 0.0017722 0.00148572 0.000286481
73 Reddit_feat_L1.txt 0.00179668 0.00151222 0.000284457
74 Reddit_feat_L1.txt 0.00177984 0.0014959 0.000283945
75 Reddit_feat_L1.txt 0.0018161 0.0014636 0.000352504
76 Reddit_feat_L1.txt 0.00181648 0.0015049 0.000311582
77 Reddit_feat_L1.txt 0.00182622 0.00150001 0.00032621
78 Reddit_feat_L1.txt 0.00179472 0.00142427 0.000370453
79 Reddit_feat_L1.txt 0.00184085 0.00156571 0.000275132
80 Reddit_feat_L1.txt 0.00151196 0.00127271 0.000239246
81 Reddit_feat_L1.txt 0.00157783 0.00134492 0.000232917
82 Reddit_feat_L1.txt 0.00155675 0.00129691 0.000259845
83 Reddit_feat_L1.txt 0.00160193 0.00135893 0.000242995
84 Reddit_feat_L1.txt 0.00158426 0.00133533 0.000248931
85 Reddit_feat_L1.txt 0.00159637 0.00132142 0.00027495
86 Reddit_feat_L1.txt 0.00177313 0.00145336 0.00031977
87 Reddit_feat_L1.txt 0.00177724 0.00147246 0.000304778
88 Reddit_feat_L1.txt 0.00162974 0.0013256 0.000304138
89 Reddit_feat_L1.txt 0.00165074 0.00134282 0.000307928
90 Reddit_feat_L1.txt 0.00172099 0.00145171 0.000269276
91 Reddit_feat_L1.txt 0.00162325 0.00138737 0.000235877
92 Reddit_feat_L1.txt 0.00166266 0.00136094 0.000301717
93 Reddit_feat_L1.txt 0.00177705 0.00149422 0.000282835
94 Reddit_feat_L1.txt 0.00170721 0.00141467 0.000292544
95 Reddit_feat_L1.txt 0.00176848 0.00146194 0.000306544
0 Reddit_A.txt 0.00988239 0.00881401 0.00106838
1 Reddit_A.txt 0.0107521 0.00879758 0.00195454
2 Reddit_A.txt 0.0120763 0.00876095 0.00331532
3 Reddit_A.txt 0.0145324 0.0087271 0.00580528
4 Reddit_A.txt 0.0130346 0.00866179 0.00437276
5 Reddit_A.txt 0.0183335 0.00863293 0.00970058
6 Reddit_A.txt 0.0153884 0.00859674 0.00679162
7 Reddit_A.txt 0.0162241 0.00856171 0.00766237
8 Reddit_A.txt 0.0137398 0.00846815 0.00527162
9 Reddit_A.txt 0.01975 0.00842425 0.0113258
10 Reddit_A.txt 0.0142431 0.00837126 0.00587188
11 Reddit_A.txt 0.0172808 0.00831295 0.0089679
12 Reddit_A.txt 0.0200298 0.00836928 0.0116605
13 Reddit_A.txt 0.0181201 0.00842047 0.00969966
14 Reddit_A.txt 0.0170111 0.00846519 0.00854587
15 Reddit_A.txt 0.0216568 0.00851548 0.0131413
16 Reddit_A.txt 0.0200903 0.00856403 0.0115262
17 Reddit_A.txt 0.020245 0.00861139 0.0116336
18 Reddit_A.txt 0.0186076 0.0086594 0.0099482
19 Reddit_A.txt 0.0203683 0.00872017 0.0116482
20 Reddit_A.txt 0.021766 0.00876497 0.0130011
21 Reddit_A.txt 0.0210843 0.00881652 0.0122678
22 Reddit_A.txt 0.028728 0.00886333 0.0198646
23 Reddit_A.txt 0.025774 0.0089123 0.0168617
24 Reddit_A.txt 0.0255494 0.00891207 0.0166374
25 Reddit_A.txt 0.0266014 0.00886379 0.0177376
26 Reddit_A.txt 0.0254768 0.00881962 0.0166572
27 Reddit_A.txt 0.0310212 0.00877828 0.0222429
28 Reddit_A.txt 0.0317841 0.00872376 0.0230604
29 Reddit_A.txt 0.0259453 0.00868337 0.017262
30 Reddit_A.txt 0.0325317 0.0086241 0.0239076
31 Reddit_A.txt 0.0319749 0.00857304 0.0234019
32 Reddit_A.txt 0.0299358 0.00852242 0.0214134
33 Reddit_A.txt 0.0337017 0.0084775 0.0252242
34 Reddit_A.txt 0.0306798 0.00842282 0.0222569
35 Reddit_A.txt 0.0341478 0.00837324 0.0257746
36 Reddit_A.txt 0.0352272 0.00833451 0.0268927
37 Reddit_A.txt 0.03667 0.0082831 0.0283869
38 Reddit_A.txt 0.0355661 0.0082322 0.0273339
39 Reddit_A.txt 0.0361975 0.00818359 0.0280139
40 Reddit_A.txt 0.0349241 0.00814196 0.0267821
41 Reddit_A.txt 0.0349654 0.0080843 0.0268811
42 Reddit_A.txt 0.0359313 0.0080323 0.027899
43 Reddit_A.txt 0.0382277 0.0079938 0.0302339
44 Reddit_A.txt 0.043945 0.00794477 0.0360003
45 Reddit_A.txt 0.0379755 0.00789615 0.0300793
46 Reddit_A.txt 0.0428449 0.00783921 0.0350057
47 Reddit_A.txt 0.0386393 0.00783338 0.0308059
48 Reddit_A.txt 0.049865 0.00785994 0.042005
49 Reddit_A.txt 0.0388405 0.00789819 0.0309423
50 Reddit_A.txt 0.0527295 0.00793459 0.0447949
51 Reddit_A.txt 0.0478532 0.00798323 0.03987
52 Reddit_A.txt 0.0519498 0.00802111 0.0439287
53 Reddit_A.txt 0.0495394 0.00806051 0.0414789
54 Reddit_A.txt 0.0481335 0.00810329 0.0400302
55 Reddit_A.txt 0.0540132 0.00815224 0.045861
56 Reddit_A.txt 0.048341 0.00819083 0.0401502
57 Reddit_A.txt 0.0516469 0.00823802 0.0434089
58 Reddit_A.txt 0.0523067 0.00827327 0.0440334
59 Reddit_A.txt 0.0540933 0.00831679 0.0457765
60 Reddit_A.txt 0.0482443 0.00835784 0.0398864
61 Reddit_A.txt 0.0658388 0.0083999 0.0574389
62 Reddit_A.txt 0.051407 0.00844453 0.0429625
63 Reddit_A.txt 0.0578509 0.00847433 0.0493765
64 Reddit_A.txt 0.0702269 0.00852319 0.0617037
65 Reddit_A.txt 0.0641795 0.00855836 0.0556212
66 Reddit_A.txt 0.0652888 0.00856263 0.0567262
67 Reddit_A.txt 0.0607241 0.00860189 0.0521223
68 Reddit_A.txt 0.05522 0.00864279 0.0465772
69 Reddit_A.txt 0.0623834 0.00863585 0.0537475
70 Reddit_A.txt 0.069978 0.00867073 0.0613073
71 Reddit_A.txt 0.0610951 0.00871588 0.0523793
72 Reddit_A.txt 0.0602056 0.00870943 0.0514962
73 Reddit_A.txt 0.0647453 0.00865888 0.0560864
74 Reddit_A.txt 0.0682388 0.00861181 0.059627
75 Reddit_A.txt 0.0628977 0.00857668 0.054321
76 Reddit_A.txt 0.0673101 0.00853675 0.0587733
77 Reddit_A.txt 0.0675489 0.00850139 0.0590475
78 Reddit_A.txt 0.0693869 0.00845705 0.0609298
79 Reddit_A.txt 0.0639408 0.00841956 0.0555212
80 Reddit_A.txt 0.0619392 0.00838266 0.0535565
81 Reddit_A.txt 0.0756492 0.00833725 0.067312
82 Reddit_A.txt 0.0694201 0.0083216 0.0610985
83 Reddit_A.txt 0.0843342 0.00837846 0.0759558
84 Reddit_A.txt 0.0722551 0.00844147 0.0638136
85 Reddit_A.txt 0.0789858 0.00847914 0.0705067
86 Reddit_A.txt 0.0780224 0.00854091 0.0694815
87 Reddit_A.txt 0.0682532 0.00857623 0.059677
88 Reddit_A.txt 0.0915891 0.00861778 0.0829713
89 Reddit_A.txt 0.0719575 0.00865799 0.0632995
90 Reddit_A.txt 0.0799138 0.00869571 0.0712181
91 Reddit_A.txt 0.0873752 0.0086983 0.0786769
92 Reddit_A.txt 0.0822259 0.00872375 0.0735022
93 Reddit_A.txt 0.0798046 0.00873109 0.0710735
94 Reddit_A.txt 0.266754 0.00873873 0.258015
95 Reddit_A.txt 0.0922331 0.00882391 0.0834092
TACC:  Shutdown complete. Exiting. 
