TACC:  Starting up job 10024557 
TACC:  Starting parallel tasks... 
0 Citeseer_feat_L1.txt 0.00164738 0.00161437 3.3009e-05
1 Citeseer_feat_L1.txt 0.00166455 0.001637 2.755e-05
2 Citeseer_feat_L1.txt 0.00165146 0.00162112 3.0337e-05
3 Citeseer_feat_L1.txt 0.00164919 0.00162123 2.7954e-05
4 Citeseer_feat_L1.txt 0.00166369 0.00163529 2.8406e-05
5 Citeseer_feat_L1.txt 0.00170931 0.001682 2.7305e-05
6 Citeseer_feat_L1.txt 0.0016647 0.00163037 3.4327e-05
7 Citeseer_feat_L1.txt 0.00169119 0.00166539 2.5805e-05
8 Citeseer_feat_L1.txt 0.00169309 0.00166567 2.7421e-05
9 Citeseer_feat_L1.txt 0.00168155 0.00165496 2.6586e-05
10 Citeseer_feat_L1.txt 0.00169136 0.00166269 2.8672e-05
11 Citeseer_feat_L1.txt 0.00170112 0.00167343 2.7688e-05
12 Citeseer_feat_L1.txt 0.00165221 0.00162522 2.6989e-05
13 Citeseer_feat_L1.txt 0.0016595 0.00163357 2.5935e-05
14 Citeseer_feat_L1.txt 0.00171634 0.00168673 2.9607e-05
15 Citeseer_feat_L1.txt 0.00169065 0.00166344 2.7204e-05
16 Citeseer_feat_L1.txt 0.00173303 0.00170689 2.6143e-05
17 Citeseer_feat_L1.txt 0.00183889 0.00181066 2.8233e-05
18 Citeseer_feat_L1.txt 0.00218576 0.00214457 4.1191e-05
19 Citeseer_feat_L1.txt 0.0017781 0.0017514 2.6703e-05
20 Citeseer_feat_L1.txt 0.00218399 0.00215521 2.8781e-05
21 Citeseer_feat_L1.txt 0.00177194 0.00174456 2.7381e-05
22 Citeseer_feat_L1.txt 0.00220008 0.00215457 4.5512e-05
23 Citeseer_feat_L1.txt 0.00173564 0.00170849 2.7157e-05
24 Citeseer_feat_L1.txt 0.00168364 0.00165586 2.778e-05
25 Citeseer_feat_L1.txt 0.00170899 0.00168352 2.5469e-05
26 Citeseer_feat_L1.txt 0.00168509 0.00165733 2.7763e-05
27 Citeseer_feat_L1.txt 0.00169328 0.00166604 2.7243e-05
28 Citeseer_feat_L1.txt 0.00172958 0.00170395 2.5634e-05
29 Citeseer_feat_L1.txt 0.0017203 0.00169096 2.9343e-05
30 Citeseer_feat_L1.txt 0.00173328 0.00170465 2.8636e-05
31 Citeseer_feat_L1.txt 0.00170851 0.00168032 2.8197e-05
32 Citeseer_feat_L1.txt 0.00158719 0.0015605 2.6693e-05
33 Citeseer_feat_L1.txt 0.00152667 0.00150136 2.5307e-05
34 Citeseer_feat_L1.txt 0.00155507 0.00152805 2.7011e-05
35 Citeseer_feat_L1.txt 0.00163124 0.00160545 2.579e-05
36 Citeseer_feat_L1.txt 0.00160763 0.00157995 2.7677e-05
37 Citeseer_feat_L1.txt 0.00161025 0.00157873 3.152e-05
38 Citeseer_feat_L1.txt 0.0016124 0.00158292 2.9474e-05
39 Citeseer_feat_L1.txt 0.00157813 0.00154929 2.8839e-05
40 Citeseer_feat_L1.txt 0.00160339 0.00157616 2.7236e-05
41 Citeseer_feat_L1.txt 0.00162824 0.0016016 2.6645e-05
42 Citeseer_feat_L1.txt 0.00155184 0.00152304 2.8806e-05
43 Citeseer_feat_L1.txt 0.00155279 0.00152341 2.9385e-05
44 Citeseer_feat_L1.txt 0.00155565 0.00152614 2.9516e-05
45 Citeseer_feat_L1.txt 0.00159792 0.00156963 2.8291e-05
46 Citeseer_feat_L1.txt 0.00163852 0.00160968 2.8842e-05
47 Citeseer_feat_L1.txt 0.00159414 0.0015665 2.7646e-05
48 Citeseer_feat_L1.txt 0.00168311 0.00165243 3.0681e-05
49 Citeseer_feat_L1.txt 0.00171612 0.00168847 2.7657e-05
50 Citeseer_feat_L1.txt 0.00167881 0.00165128 2.753e-05
51 Citeseer_feat_L1.txt 0.00171122 0.00168223 2.8992e-05
52 Citeseer_feat_L1.txt 0.00166219 0.00163542 2.677e-05
53 Citeseer_feat_L1.txt 0.0016004 0.00157392 2.6485e-05
54 Citeseer_feat_L1.txt 0.00166742 0.00163807 2.9352e-05
55 Citeseer_feat_L1.txt 0.00175846 0.00173115 2.7308e-05
56 Citeseer_feat_L1.txt 0.00165695 0.00162656 3.0389e-05
57 Citeseer_feat_L1.txt 0.00169144 0.00166504 2.6396e-05
58 Citeseer_feat_L1.txt 0.00176056 0.00173184 2.8723e-05
59 Citeseer_feat_L1.txt 0.0015966 0.00156885 2.7748e-05
60 Citeseer_feat_L1.txt 0.00161228 0.00158074 3.1538e-05
61 Citeseer_feat_L1.txt 0.00174511 0.00171627 2.884e-05
62 Citeseer_feat_L1.txt 0.00168794 0.00165863 2.9313e-05
63 Citeseer_feat_L1.txt 0.00163818 0.0016103 2.7878e-05
64 Citeseer_feat_L1.txt 0.00170064 0.0016724 2.8234e-05
65 Citeseer_feat_L1.txt 0.00177229 0.00174039 3.1899e-05
66 Citeseer_feat_L1.txt 0.00172107 0.0016918 2.9279e-05
67 Citeseer_feat_L1.txt 0.00167172 0.00164304 2.8681e-05
68 Citeseer_feat_L1.txt 0.00182035 0.00179138 2.8967e-05
69 Citeseer_feat_L1.txt 0.00175201 0.00172348 2.8532e-05
70 Citeseer_feat_L1.txt 0.00173643 0.00170746 2.8972e-05
71 Citeseer_feat_L1.txt 0.00181747 0.00178912 2.8356e-05
72 Citeseer_feat_L1.txt 0.00168293 0.00165461 2.8325e-05
73 Citeseer_feat_L1.txt 0.00166666 0.00164053 2.6134e-05
74 Citeseer_feat_L1.txt 0.00168678 0.00165796 2.8824e-05
75 Citeseer_feat_L1.txt 0.00164414 0.00161477 2.9371e-05
76 Citeseer_feat_L1.txt 0.00166428 0.00163576 2.8521e-05
77 Citeseer_feat_L1.txt 0.00163381 0.00160702 2.6787e-05
78 Citeseer_feat_L1.txt 0.00164201 0.001614 2.8012e-05
79 Citeseer_feat_L1.txt 0.0016618 0.00163442 2.7378e-05
80 Citeseer_feat_L1.txt 0.00158119 0.00155273 2.8463e-05
81 Citeseer_feat_L1.txt 0.00149962 0.00147351 2.6114e-05
82 Citeseer_feat_L1.txt 0.00153107 0.00150217 2.8892e-05
83 Citeseer_feat_L1.txt 0.00148473 0.00145694 2.7788e-05
84 Citeseer_feat_L1.txt 0.00148596 0.00145721 2.8751e-05
85 Citeseer_feat_L1.txt 0.00152463 0.00149575 2.8886e-05
86 Citeseer_feat_L1.txt 0.00149474 0.00146101 3.373e-05
87 Citeseer_feat_L1.txt 0.00161973 0.0015916 2.8131e-05
88 Citeseer_feat_L1.txt 0.00153652 0.00150979 2.6737e-05
89 Citeseer_feat_L1.txt 0.0015027 0.00147365 2.9054e-05
90 Citeseer_feat_L1.txt 0.00156839 0.00153651 3.1875e-05
91 Citeseer_feat_L1.txt 0.00163679 0.00161075 2.6041e-05
92 Citeseer_feat_L1.txt 0.00147748 0.00144887 2.8608e-05
93 Citeseer_feat_L1.txt 0.0014909 0.00146157 2.9329e-05
94 Citeseer_feat_L1.txt 0.00152445 0.00149532 2.9131e-05
95 Citeseer_feat_L1.txt 0.00154369 0.00145754 8.6156e-05
0 Citeseer_A.txt 0.000475644 0.000472704 2.94e-06
1 Citeseer_A.txt 0.00047272 0.000469915 2.805e-06
2 Citeseer_A.txt 0.000478248 0.000474882 3.366e-06
3 Citeseer_A.txt 0.000473704 0.000471732 1.972e-06
4 Citeseer_A.txt 0.000485716 0.000483132 2.584e-06
5 Citeseer_A.txt 0.000482296 0.000480592 1.704e-06
6 Citeseer_A.txt 0.000486724 0.00048408 2.644e-06
7 Citeseer_A.txt 0.000481465 0.000479812 1.653e-06
8 Citeseer_A.txt 0.000487334 0.000484953 2.381e-06
9 Citeseer_A.txt 0.000483978 0.000482287 1.691e-06
10 Citeseer_A.txt 0.000494113 0.000491589 2.524e-06
11 Citeseer_A.txt 0.00048971 0.00048795 1.76e-06
12 Citeseer_A.txt 0.000493156 0.00049099 2.166e-06
13 Citeseer_A.txt 0.000490437 0.000488256 2.181e-06
14 Citeseer_A.txt 0.000496813 0.000494469 2.344e-06
15 Citeseer_A.txt 0.000493175 0.000490907 2.268e-06
16 Citeseer_A.txt 0.000555189 0.000552963 2.226e-06
17 Citeseer_A.txt 0.000553032 0.000550747 2.285e-06
18 Citeseer_A.txt 0.000559416 0.000556791 2.625e-06
19 Citeseer_A.txt 0.000556284 0.000553689 2.595e-06
20 Citeseer_A.txt 0.000552929 0.000550485 2.444e-06
21 Citeseer_A.txt 0.000548959 0.000546995 1.964e-06
22 Citeseer_A.txt 0.00055864 0.000555733 2.907e-06
23 Citeseer_A.txt 0.000554587 0.000552982 1.605e-06
24 Citeseer_A.txt 0.000502896 0.000500018 2.878e-06
25 Citeseer_A.txt 0.000498892 0.000496596 2.296e-06
26 Citeseer_A.txt 0.000507727 0.000504437 3.29e-06
27 Citeseer_A.txt 0.000502564 0.000500942 1.622e-06
28 Citeseer_A.txt 0.000510156 0.000508033 2.123e-06
29 Citeseer_A.txt 0.000507658 0.000505261 2.397e-06
30 Citeseer_A.txt 0.000510636 0.000508385 2.251e-06
31 Citeseer_A.txt 0.000506201 0.000504219 1.982e-06
32 Citeseer_A.txt 0.000388201 0.000386193 2.008e-06
33 Citeseer_A.txt 0.000385969 0.000383744 2.225e-06
34 Citeseer_A.txt 0.00039717 0.000394625 2.545e-06
35 Citeseer_A.txt 0.000392991 0.000390572 2.419e-06
36 Citeseer_A.txt 0.000398482 0.00039569 2.792e-06
37 Citeseer_A.txt 0.000396396 0.000393814 2.582e-06
38 Citeseer_A.txt 0.000402165 0.000398553 3.612e-06
39 Citeseer_A.txt 0.00039887 0.000395262 3.608e-06
40 Citeseer_A.txt 0.000395153 0.000391839 3.314e-06
41 Citeseer_A.txt 0.000391424 0.000389419 2.005e-06
42 Citeseer_A.txt 0.000402127 0.000397935 4.192e-06
43 Citeseer_A.txt 0.000398069 0.00039386 4.209e-06
44 Citeseer_A.txt 0.000397333 0.000394437 2.896e-06
45 Citeseer_A.txt 0.000395603 0.000392308 3.295e-06
46 Citeseer_A.txt 0.000401796 0.000397096 4.7e-06
47 Citeseer_A.txt 0.000396516 0.00039347 3.046e-06
48 Citeseer_A.txt 0.000449693 0.000446663 3.03e-06
49 Citeseer_A.txt 0.000449095 0.000445233 3.862e-06
50 Citeseer_A.txt 0.000457143 0.000454145 2.998e-06
51 Citeseer_A.txt 0.000454414 0.000450637 3.777e-06
52 Citeseer_A.txt 0.000457015 0.000453752 3.263e-06
53 Citeseer_A.txt 0.000453937 0.000451126 2.811e-06
54 Citeseer_A.txt 0.000460694 0.000456472 4.222e-06
55 Citeseer_A.txt 0.000456345 0.000453165 3.18e-06
56 Citeseer_A.txt 0.000460026 0.000454114 5.912e-06
57 Citeseer_A.txt 0.000453022 0.000450548 2.474e-06
58 Citeseer_A.txt 0.000464701 0.000460015 4.686e-06
59 Citeseer_A.txt 0.000459026 0.000456104 2.922e-06
60 Citeseer_A.txt 0.000461495 0.00045756 3.935e-06
61 Citeseer_A.txt 0.000459714 0.000454913 4.801e-06
62 Citeseer_A.txt 0.000466014 0.000460578 5.436e-06
63 Citeseer_A.txt 0.000460303 0.000456937 3.366e-06
64 Citeseer_A.txt 0.000532113 0.000526578 5.535e-06
65 Citeseer_A.txt 0.00052834 0.000524695 3.645e-06
66 Citeseer_A.txt 0.000536677 0.000532451 4.226e-06
67 Citeseer_A.txt 0.000534197 0.000529416 4.781e-06
68 Citeseer_A.txt 0.000534195 0.00052677 7.425e-06
69 Citeseer_A.txt 0.000534763 0.000524401 1.0362e-05
70 Citeseer_A.txt 0.000533602 0.00052892 4.682e-06
71 Citeseer_A.txt 0.000529897 0.000525842 4.055e-06
72 Citeseer_A.txt 0.000479033 0.000475859 3.174e-06
73 Citeseer_A.txt 0.000478279 0.000472299 5.98e-06
74 Citeseer_A.txt 0.000489295 0.000483382 5.913e-06
75 Citeseer_A.txt 0.00048504 0.000480412 4.628e-06
76 Citeseer_A.txt 0.000486683 0.000478904 7.779e-06
77 Citeseer_A.txt 0.000480903 0.000476691 4.212e-06
78 Citeseer_A.txt 0.000490775 0.000485304 5.471e-06
79 Citeseer_A.txt 0.000488908 0.000482817 6.091e-06
80 Citeseer_A.txt 0.000372161 0.000365857 6.304e-06
81 Citeseer_A.txt 0.00036956 0.000364095 5.465e-06
82 Citeseer_A.txt 0.000379057 0.000371958 7.099e-06
83 Citeseer_A.txt 0.00037364 0.000369298 4.342e-06
84 Citeseer_A.txt 0.000378216 0.000373625 4.591e-06
85 Citeseer_A.txt 0.000374692 0.000371293 3.399e-06
86 Citeseer_A.txt 0.000382003 0.000376817 5.186e-06
87 Citeseer_A.txt 0.000377864 0.00037426 3.604e-06
88 Citeseer_A.txt 0.000369727 0.000365781 3.946e-06
89 Citeseer_A.txt 0.000369561 0.000364042 5.519e-06
90 Citeseer_A.txt 0.000371587 0.000367682 3.905e-06
91 Citeseer_A.txt 0.000368989 0.000365482 3.507e-06
92 Citeseer_A.txt 0.000370492 0.000367394 3.098e-06
93 Citeseer_A.txt 0.000370759 0.000365943 4.816e-06
94 Citeseer_A.txt 0.000375676 0.000372071 3.605e-06
95 Citeseer_A.txt 0.00038165 0.000369741 1.1909e-05
TACC:  Shutdown complete. Exiting. 
