TACC:  Starting up job 10024557 
TACC:  Starting parallel tasks... 
0 Reddit_feat_L2.txt 0.00365321 0.00187807 0.00177514
1 Reddit_feat_L2.txt 0.0026053 0.00115807 0.00144723
2 Reddit_feat_L2.txt 0.00354044 0.00184169 0.00169875
3 Reddit_feat_L2.txt 0.00335123 0.00124367 0.00210756
4 Reddit_feat_L2.txt 0.0036551 0.00200347 0.00165163
5 Reddit_feat_L2.txt 0.00597909 0.00114804 0.00483105
6 Reddit_feat_L2.txt 0.0036009 0.00187824 0.00172265
7 Reddit_feat_L2.txt 0.00287689 0.00125556 0.00162132
8 Reddit_feat_L2.txt 0.00276729 0.00200003 0.000767262
9 Reddit_feat_L2.txt 0.00203314 0.00116401 0.000869124
10 Reddit_feat_L2.txt 0.00267301 0.00191963 0.000753381
11 Reddit_feat_L2.txt 0.00261115 0.00118784 0.00142331
12 Reddit_feat_L2.txt 0.00443837 0.00207865 0.00235972
13 Reddit_feat_L2.txt 0.00205159 0.00119395 0.000857643
14 Reddit_feat_L2.txt 0.00263548 0.00188118 0.000754293
15 Reddit_feat_L2.txt 0.0018527 0.00122961 0.000623092
16 Reddit_feat_L2.txt 0.00256819 0.00189215 0.000676042
17 Reddit_feat_L2.txt 0.00205721 0.00121187 0.000845337
18 Reddit_feat_L2.txt 0.00244078 0.0017772 0.000663588
19 Reddit_feat_L2.txt 0.00184621 0.00130087 0.000545344
20 Reddit_feat_L2.txt 0.00269037 0.00196264 0.00072773
21 Reddit_feat_L2.txt 0.0018895 0.00122819 0.000661315
22 Reddit_feat_L2.txt 0.00259778 0.00173618 0.000861605
23 Reddit_feat_L2.txt 0.00202668 0.00129444 0.000732236
24 Reddit_feat_L2.txt 0.00270379 0.00189913 0.000804657
25 Reddit_feat_L2.txt 0.00209359 0.00133535 0.000758242
26 Reddit_feat_L2.txt 0.00232067 0.00179835 0.000522326
27 Reddit_feat_L2.txt 0.00197174 0.00153 0.000441732
28 Reddit_feat_L2.txt 0.00251583 0.00190368 0.000612151
29 Reddit_feat_L2.txt 0.00195353 0.00130959 0.000643938
30 Reddit_feat_L2.txt 0.00255149 0.00196208 0.000589415
31 Reddit_feat_L2.txt 0.00203343 0.00155569 0.000477747
32 Reddit_feat_L2.txt 0.00244863 0.00198676 0.000461874
33 Reddit_feat_L2.txt 0.00184637 0.00117356 0.000672808
34 Reddit_feat_L2.txt 0.00226789 0.00182592 0.000441963
35 Reddit_feat_L2.txt 0.00172168 0.00124226 0.000479421
36 Reddit_feat_L2.txt 0.00250744 0.0020133 0.000494137
37 Reddit_feat_L2.txt 0.00182419 0.00124552 0.000578669
38 Reddit_feat_L2.txt 0.002472 0.00184642 0.000625585
39 Reddit_feat_L2.txt 0.00190336 0.00127136 0.000631998
40 Reddit_feat_L2.txt 0.0023983 0.00203112 0.000367176
41 Reddit_feat_L2.txt 0.00161674 0.00115591 0.000460834
42 Reddit_feat_L2.txt 0.00230171 0.00187704 0.00042467
43 Reddit_feat_L2.txt 0.00183509 0.00132136 0.000513726
44 Reddit_feat_L2.txt 0.00272935 0.00200377 0.000725579
45 Reddit_feat_L2.txt 0.00169835 0.00116427 0.000534077
46 Reddit_feat_L2.txt 0.00223666 0.00185963 0.000377035
47 Reddit_feat_L2.txt 0.00198644 0.00125389 0.000732554
48 Reddit_feat_L2.txt 0.0024587 0.00195171 0.000506986
49 Reddit_feat_L2.txt 0.00184659 0.00125957 0.000587015
50 Reddit_feat_L2.txt 0.0021385 0.0017535 0.000385
51 Reddit_feat_L2.txt 0.00191352 0.00123762 0.000675908
52 Reddit_feat_L2.txt 0.00258209 0.00178479 0.000797295
53 Reddit_feat_L2.txt 0.00145727 0.0010503 0.000406974
54 Reddit_feat_L2.txt 0.00225806 0.00173181 0.000526255
55 Reddit_feat_L2.txt 0.00145085 0.0011274 0.000323445
56 Reddit_feat_L2.txt 0.00261192 0.00200388 0.000608041
57 Reddit_feat_L2.txt 0.00174424 0.00135361 0.000390628
58 Reddit_feat_L2.txt 0.00213303 0.00171404 0.000418991
59 Reddit_feat_L2.txt 0.00204381 0.00162563 0.000418182
60 Reddit_feat_L2.txt 0.00244271 0.00190689 0.000535821
61 Reddit_feat_L2.txt 0.00168496 0.00134634 0.000338617
62 Reddit_feat_L2.txt 0.00222972 0.0017794 0.000450324
63 Reddit_feat_L2.txt 0.00190967 0.00157771 0.000331958
64 Reddit_feat_L2.txt 0.00226101 0.00189908 0.00036193
65 Reddit_feat_L2.txt 0.00148428 0.00108873 0.000395548
66 Reddit_feat_L2.txt 0.00248746 0.00188727 0.000600187
67 Reddit_feat_L2.txt 0.00170179 0.00112906 0.000572729
68 Reddit_feat_L2.txt 0.00238911 0.00190321 0.000485899
69 Reddit_feat_L2.txt 0.00159955 0.00105251 0.000547042
70 Reddit_feat_L2.txt 0.00226068 0.00187364 0.000387039
71 Reddit_feat_L2.txt 0.0018402 0.0012581 0.000582102
72 Reddit_feat_L2.txt 0.00228678 0.00196646 0.000320324
73 Reddit_feat_L2.txt 0.00150477 0.00111981 0.000384953
74 Reddit_feat_L2.txt 0.0021316 0.00174624 0.000385364
75 Reddit_feat_L2.txt 0.00154177 0.00125359 0.000288175
76 Reddit_feat_L2.txt 0.00242351 0.00198787 0.000435638
77 Reddit_feat_L2.txt 0.0015145 0.00114376 0.000370736
78 Reddit_feat_L2.txt 0.00225223 0.00183173 0.0004205
79 Reddit_feat_L2.txt 0.0015741 0.0011417 0.000432399
80 Reddit_feat_L2.txt 0.00231382 0.0019522 0.000361618
81 Reddit_feat_L2.txt 0.0016094 0.00122979 0.000379611
82 Reddit_feat_L2.txt 0.00243398 0.00171162 0.000722359
83 Reddit_feat_L2.txt 0.00154991 0.00117935 0.000370559
84 Reddit_feat_L2.txt 0.00221186 0.00185161 0.000360249
85 Reddit_feat_L2.txt 0.00142031 0.00106344 0.000356866
86 Reddit_feat_L2.txt 0.00205097 0.00169576 0.000355214
87 Reddit_feat_L2.txt 0.00189791 0.00121582 0.000682086
88 Reddit_feat_L2.txt 0.00224317 0.00182586 0.000417313
89 Reddit_feat_L2.txt 0.00223412 0.00141106 0.000823059
90 Reddit_feat_L2.txt 0.0020766 0.00167515 0.000401448
91 Reddit_feat_L2.txt 0.00192783 0.001537 0.000390825
92 Reddit_feat_L2.txt 0.00216308 0.00182632 0.000336763
93 Reddit_feat_L2.txt 0.00165702 0.00125061 0.000406408
94 Reddit_feat_L2.txt 0.00217201 0.00183657 0.000335448
95 Reddit_feat_L2.txt 0.00185724 0.00152269 0.000334542
0 Reddit_A.txt 0.0239328 0.0210479 0.00288486
1 Reddit_A.txt 0.0284357 0.0211422 0.00729352
2 Reddit_A.txt 0.0290645 0.0211443 0.00792015
3 Reddit_A.txt 0.0351091 0.0210059 0.0141031
4 Reddit_A.txt 0.0314085 0.0208643 0.0105442
5 Reddit_A.txt 0.0446248 0.0207286 0.0238962
6 Reddit_A.txt 0.0369506 0.0205955 0.0163551
7 Reddit_A.txt 0.038645 0.0204389 0.0182061
8 Reddit_A.txt 0.0321112 0.0204633 0.0116479
9 Reddit_A.txt 0.0474069 0.0205943 0.0268126
10 Reddit_A.txt 0.0337037 0.020732 0.0129717
11 Reddit_A.txt 0.0416752 0.0208539 0.0208212
12 Reddit_A.txt 0.0496439 0.0209537 0.0286902
13 Reddit_A.txt 0.0430962 0.0210901 0.0220062
14 Reddit_A.txt 0.0408515 0.0211945 0.019657
15 Reddit_A.txt 0.0520204 0.0213321 0.0306883
16 Reddit_A.txt 0.0489862 0.0214344 0.0275518
17 Reddit_A.txt 0.0484686 0.0215337 0.0269349
18 Reddit_A.txt 0.0445399 0.0216473 0.0228926
19 Reddit_A.txt 0.0488894 0.0217653 0.0271241
20 Reddit_A.txt 0.0521279 0.0218808 0.030247
21 Reddit_A.txt 0.0501523 0.0220017 0.0281506
22 Reddit_A.txt 0.068338 0.0221125 0.0462256
23 Reddit_A.txt 0.0600773 0.0222326 0.0378447
24 Reddit_A.txt 0.0603453 0.0222242 0.0381211
25 Reddit_A.txt 0.0620418 0.0221098 0.039932
26 Reddit_A.txt 0.05945 0.0219939 0.0374561
27 Reddit_A.txt 0.0739818 0.0218821 0.0520997
28 Reddit_A.txt 0.0758859 0.0217618 0.0541241
29 Reddit_A.txt 0.0608282 0.0216446 0.0391836
30 Reddit_A.txt 0.0775364 0.0215185 0.0560179
31 Reddit_A.txt 0.0752266 0.0213986 0.053828
32 Reddit_A.txt 0.0703881 0.0212654 0.0491227
33 Reddit_A.txt 0.079953 0.0211346 0.0588184
34 Reddit_A.txt 0.0720343 0.0209928 0.0510415
35 Reddit_A.txt 0.0812271 0.0208678 0.0603593
36 Reddit_A.txt 0.0836034 0.0207296 0.0628739
37 Reddit_A.txt 0.0871771 0.0205904 0.0665867
38 Reddit_A.txt 0.0846213 0.0204725 0.0641487
39 Reddit_A.txt 0.0849876 0.0203414 0.0646462
40 Reddit_A.txt 0.0825589 0.0201895 0.0623693
41 Reddit_A.txt 0.0838234 0.0200637 0.0637597
42 Reddit_A.txt 0.0849324 0.0199332 0.0649991
43 Reddit_A.txt 0.0911016 0.0197878 0.0713138
44 Reddit_A.txt 0.104349 0.0196482 0.0847008
45 Reddit_A.txt 0.0898405 0.0195332 0.0703073
46 Reddit_A.txt 0.103642 0.0198129 0.0838289
47 Reddit_A.txt 0.0930169 0.0199683 0.0730486
48 Reddit_A.txt 0.122847 0.0201286 0.102718
49 Reddit_A.txt 0.0933372 0.0202394 0.0730978
50 Reddit_A.txt 0.128794 0.0203729 0.108421
51 Reddit_A.txt 0.117666 0.0204947 0.0971709
52 Reddit_A.txt 0.126124 0.0206085 0.105516
53 Reddit_A.txt 0.119778 0.0207406 0.0990371
54 Reddit_A.txt 0.117474 0.0208527 0.0966212
55 Reddit_A.txt 0.132292 0.0209819 0.11131
56 Reddit_A.txt 0.117676 0.0210851 0.0965912
57 Reddit_A.txt 0.127359 0.0211955 0.106164
58 Reddit_A.txt 0.128617 0.0211998 0.107418
59 Reddit_A.txt 0.13336 0.021185 0.112175
60 Reddit_A.txt 0.117032 0.0212389 0.0957929
61 Reddit_A.txt 0.163345 0.0213354 0.142009
62 Reddit_A.txt 0.124743 0.0214282 0.103315
63 Reddit_A.txt 0.141853 0.021533 0.12032
64 Reddit_A.txt 0.173762 0.0216316 0.152131
65 Reddit_A.txt 0.157457 0.0217002 0.135757
66 Reddit_A.txt 0.161288 0.0218152 0.139473
67 Reddit_A.txt 0.150441 0.0219319 0.128509
68 Reddit_A.txt 0.136044 0.0220554 0.113988
69 Reddit_A.txt 0.153572 0.0221779 0.131394
70 Reddit_A.txt 0.17511 0.0222962 0.152814
71 Reddit_A.txt 0.149789 0.022419 0.12737
72 Reddit_A.txt 0.147101 0.0224115 0.124689
73 Reddit_A.txt 0.159265 0.0222999 0.136965
74 Reddit_A.txt 0.167736 0.0221835 0.145552
75 Reddit_A.txt 0.153361 0.0220571 0.131304
76 Reddit_A.txt 0.163746 0.0219415 0.141805
77 Reddit_A.txt 0.166163 0.0218061 0.144357
78 Reddit_A.txt 0.169562 0.0216715 0.14789
79 Reddit_A.txt 0.15623 0.0215411 0.134689
80 Reddit_A.txt 0.1505 0.0214132 0.129087
81 Reddit_A.txt 0.187321 0.0212842 0.166037
82 Reddit_A.txt 0.169333 0.02115 0.148183
83 Reddit_A.txt 0.208907 0.0210066 0.1879
84 Reddit_A.txt 0.176495 0.020878 0.155616
85 Reddit_A.txt 0.195128 0.0207481 0.17438
86 Reddit_A.txt 0.190069 0.0206316 0.169438
87 Reddit_A.txt 0.165927 0.0205006 0.145426
88 Reddit_A.txt 0.225758 0.0203859 0.205372
89 Reddit_A.txt 0.175872 0.0202513 0.155621
90 Reddit_A.txt 0.1968 0.0202531 0.176547
91 Reddit_A.txt 0.210838 0.0203624 0.190476
92 Reddit_A.txt 0.20066 0.0205135 0.180146
93 Reddit_A.txt 0.19488 0.0205217 0.174358
94 Reddit_A.txt 0.6574 0.0205388 0.636861
95 Reddit_A.txt 0.233227 0.0208827 0.212344
TACC:  Shutdown complete. Exiting. 
